68
77.5
90.01
89.5
86
81.99
80
77
75
71.99
71
70.06
24.81
24.49
24.75
25.75
25
24
23.7
22.99
22.1
21.25
20.6
21.95
22.79
23
24.09
24.1
22.9
24
22.31
22.7
21.65
22.1
21.99
22
21.21
20.65
19.25
18.2
19.4
20.37
21.6
20.85
23
24.29
23.69
23.23
23.05
23
24.19
23.5
21.8
22.19
21
21
20.49
19.82
19.32
19.56
19.89
19.85
20
19.8
20.64
21.5
20.9
21
20.65
21
20.35
20.99
20.5
21.5
21.9
23
27.05
27.1
27.35
28.55
27
26.2
26.4
25.99
27
27.01
27
25.5
24.8
24.21
24.5
25.15
24.13
23
23.02
23.8
23.75
23.95
23.66
23.3
22.6
22.25
21.65
21.5
21.65
22.4
22.6
21.72
22.01
22.5
23.8
24.89
24
23.5
23.5
22.6
22.95
23
23.31
24
23.5
22.61
22.3
21.9
21.19
20.75
21.77
21.7
21.85
22.18
