18.7
19.1
19.29
19.7
20.2
20.1
19.6
20.4
20.3
19.9
20.4
20.2
20
21.04
20.99
21
21.35
22
20.84
20.8
20.25
20.55
20.8
20.85
20.85
21.15
21.9
22.1
23.5
23.18
22.8
22.93
22.6
22.35
23.39
22.6
22.8
23
23.3
23.7
24
24.19
23.7
23
22.96
22.8
22.37
22.2
22.3
22.78
22.8
23.3
23.44
22.7
23.7
23.2
22.75
22.29
21.75
21.4
21.4
21.69
22
22.1
21.95
21.88
22
21.74
21.48
21.8
21.4
21.1
21.93
22.3
23
22.99
22.72
23.43
23.25
22.9
23.77
23.39
23.39
22.92
22.67
22.6
22.09
21.3
21.08
20.59
21.6
20.97
21.6
21.2
20.4
20
19.35
20.7
20.8
20.4
19.3
19
20
20.25
20
20
19.62
19.7
19.7
18.4
17.9
17.7
18.9
19.1
19.38
19
18.9
19.1
20.09
19.9
20.1
20.8
20.4
21.3
21.2
20.4
21.1
20.45
20.5
20.75
20.6
19.9
20.3
20.25
20.94
21.7
21.2
21.87
22
22.2
21.83
22.09
21.94
21.95
22.2
22.1
22.6
22.7
23
22.6
21.81
22.85
22.15
21.8
22.4
22.85
22.6
22.5
22.6
22.1
21.4
21.3
21.4
22.29
22.24
22.7
23.05
23.55
24.35
24.51
24.5
24.11
24.2
23.7
23.87
23.45
23.6
24.15
23.8
23.3
22.35
22.2
22.75
23.7
23.9
24.3
24.5
