257.5
258.8
254.8
248
248
243
236
245.97
249
250.5
252
248
251
264
263
272
278
273
267.01
261.99
256.5
260
253.51
263.16
261.98
253.5
255.01
257
269.89
271.99
272
269
274.5
273
275.99
272.5
278.4
280
277
291
305
315
313
314
311
305.5
313
309.2
315
322
323
310
309.49
306
306.16
300
302.98
300.5
295
301.5
302
304
297
299.02
299.9
294.97
284.5
282
286
292.99
294
287.25
296
287
286.07
280
285.39
300
296.21
302.9
280.1
283.49
282
284.99
277.5
276
277.8
269.1
270
275
283.8
268
266
264
256.49
250
251
267
273.95
268.51
256
266.01
279.7
273
263.1
268
264.9
266
269.24
259
269
260.1
263.9
269.98
266
267
265
267.9
270
269.99
269
271.01
271
271.74
271
263
260
257.05
257.05
258
260.5
257.34
265
258.1
261.5
269.99
265.11
263
269.99
271
270
272.99
280.5
278.1
275
281.98
283
285
283.5
285.4
288.5
285.3
281.05
282.51
290.8
293.5
297.5
302.5
299.99
290
285.11
288.5
298.99
298.5
301.52
302
307
309.8
307.99
305
302.8
305
297.62
300.11
300
301
299
303
295.3
290.3
288.51
288.54
288.1
294
296
297.8
300.53
