47.6
47.95
46.78
47.18
47.78
46.57
46.16
46.5
47.3
48.5
50.1
48.75
48.99
50.2
49.91
50.39
50
51
51.7
52
52.5
51.5
50.9
51.9
52.6
52.7
52.1
52
53.65
53.04
52.5
52.75
52.85
51.6
52.5
51
50.03
49
49.8
50.6
51
51.36
50.91
51.3
51
51.1
51
49.9
51.3
52
52.4
50.6
51.3
51.99
51.8
50.5
49.7
51.52
53.99
52.8
53.8
53.6
53.6
52.5
52.99
51.71
52.05
51.9
51.9
52.4
51.16
51.57
52.4
52.1
51.23
51.4
51.4
52.02
52.39
49.71
49.81
50.1
50.42
50.54
50.5
50.5
49.94
50.37
47.72
47.54
48.6
46.12
45.82
46.3
44.77
44
41.82
42.51
43.7
43.8
42.5
42.41
44.27
48
46
46.19
45.01
46
45
43.9
43
44
44.1
43.9
43.76
44
43.4
44.25
44.19
44.24
43.81
44.95
46
45.25
46.1
44.75
44.51
44.52
45.98
46.2
45
43.67
43.5
43.9
45.4
47
45.69
45
45.31
45.29
45
45.4
46.56
46.39
47.2
47.85
48
49.69
49.01
49.06
49.55
50
49.01
48.84
49.4
51.9
50.81
51.01
50.92
49.7
47.85
47.49
47.8
48.21
48.6
48.79
48.1
49.12
49.73
49.2
49.72
49.56
49.26
48.5
49
48.62
48.69
48.84
47.31
48.98
49.01
48.85
48.99
48.05
48.69
48.55
48.01
