41.1
42
47.7
49.12
51.05
52.99
51.4
52
52.5
53
53.75
53.4
54.05
57.15
56.5
56.35
56
55.1
53.06
52.75
53.55
57.1
59.99
58
58.35
56.51
55.4
56.61
57.5
56.45
59.98
59.62
60.5
60
58
55
54
53.8
54.99
56.17
55.53
56.01
55
54.1
54.9
54
56.19
57.4
57.89
58.27
58.28
57.9
57.3
55.95
57.81
55.21
55.69
53.05
49.6
50.8
51.1
55.5
55.15
54.8
53
53.2
54.6
53
53
53.1
52
52.1
53.95
55.91
57.2
57.1
57.6
59.7
59.3
60.65
59.8
59.5
60.04
59.5
61.5
61.95
64.5
64.25
64.49
64
66.79
64.25
61
58.7
54
51.8
49.39
57
62
59.1
56.01
56.2
59.2
58.91
58
58.99
55.5
53.82
56
53
52.1
49.1
51.21
50.49
48.8
48.01
47.59
46.05
45.9
45.95
47.4
49.9
49.98
50.11
49.9
47.31
47.97
47
46.81
46.6
47.3
46.35
46.75
46.2
46.1
48.2
46.8
47.3
48.02
48.5
48.49
48.5
50
49.9
48.59
48.75
49.37
49.45
50.1
50.1
50
50.7
52.5
50
48.8
47.3
47.5
47.55
47.5
47.2
45.3
47
45.65
46.99
47.4
47.7
48
49.7
50.73
49.25
48.81
48.8
48.26
48.75
49
47.9
48.2
48.3
47.5
46.1
44
45.4
46.06
47.5
47.35
47.59
47.5
