56.4
57.95
59.6
59.2
61.3
60.89
60.99
61.8
61.51
61.91
62.3
62.08
61.14
64.11
63.7
62.82
63.99
66
65
65.25
67.2
68.59
67
64.8
65.7
64.11
65
67
68.49
68
67.15
68.3
71.8
70.7
71.99
70.7
69.8
68.99
68.7
70.9
69.89
70.25
67.7
66.5
65
63
64.6
67.2
68.57
69.2
69.15
69.4
69.22
67.5
70.2
68.9
69.35
67.4
66
65.79
65.47
64
66.65
67.8
68.49
68.21
67.15
65.2
64.3
63.45
63
63.64
64.6
65.75
65.2
64.7
64.9
66.5
65.2
65.8
68.49
69
69.94
71.88
73.66
73.85
72
69.8
70.34
67.01
67.7
66.51
65.3
64.05
61
60.41
59.7
62.8
65.4
64.45
61.4
60.5
63.9
64.4
62.4
60.8
57.94
56.8
57.1
54.6
52.64
52.65
57
56.8
58
60.3
59.01
60.1
60.01
58.25
58.1
61.8
63.1
65.7
65.2
63.6
63.6
62.97
62.61
64
62.2
60.6
59.55
58.15
58.2
62.99
62.66
62.49
65
66.05
66
65.7
66.5
66.55
64.5
64.41
63.5
65.41
64.9
63.73
63.75
64.5
63.1
62.01
64.94
66
66.39
65.8
64
64.2
63
62.9
61.7
64.24
64
64.4
64.51
66.8
66.76
65.8
64.31
64.2
63.22
65.99
67.1
66.2
66.89
67.11
66.48
66
64
63.2
63.5
64.12
64.29
65.2
65.1
