1.07
1.1
1.1
1.11
1.09
1.05
1.05
1.08
1.08
1.11
1.11
1.09
1.09
1.11
1.11
1.15
1.21
1.26
1.21
1.18
1.16
1.15
1.16
1.15
1.15
1.11
1.11
1.17
1.17
1.11
1.13
1.13
1.15
1.17
1.13
1.11
1.13
1.14
1.13
1.15
1.17
1.16
1.13
1.11
1.12
1.09
1.11
1.08
1.1
1.12
1.12
1.12
1.11
1.07
1.13
1.11
1.1
1.07
0.99
1.05
1.08
1.1
1.11
1.12
1.12
1.13
1.12
1.15
1.14
1.15
1.14
1.12
1.15
1.16
1.18
1.25
1.22
1.23
1.23
1.26
1.27
1.27
1.26
1.26
1.25
1.25
1.29
1.28
1.25
1.24
1.23
1.16
1.18
1.2
1.15
1.1
1.08
1.2
1.24
1.2
1.1
1.14
1.19
1.21
1.16
1.18
1.13
1.13
1.1
1.05
1.06
1.05
1.08
1.09
1.1
1.13
1.14
1.15
1.13
1.12
1.13
1.18
1.17
1.18
1.17
1.13
1.14
1.13
1.13
1.14
1.15
1.12
1.12
1.15
1.14
1.18
1.15
1.16
1.19
1.21
1.22
1.22
1.23
1.22
18.45
18.64
18.1
18.42
18.02
18
18.5
18.81
19
18.4
19.35
19.39
19.06
19.25
18.98
19
18.61
19.2
19.12
19
19.4
19.2
19.25
19.58
19.5
19.5
19.67
20.02
19.4
20.08
20.17
20
20.53
20.3
20
19.35
18.9
19.4
19.84
20.4
20.04
20.19
19.54
