52.99
54
55.25
53.5
53.5
53.6
52.6
54.5
54.6
54.25
54.9
55.26
54.15
55.21
57
58.6
61.45
64.29
65.6
70.2
72.31
72
67.82
66.91
66.02
63.55
64.71
65.5
66.5
63.01
63.31
66.8
71.1
72.6
74.79
72.4
71.9
71
70
73.5
74.9
75
71.5
69.2
71.8
68.86
71.84
71.9
75.01
75.5
73.51
73
73.7
72.5
73.3
71.8
72.28
75.79
73.5
76.1
77.8
80.25
82.7
82.1
80.8
82.2
80.6
78.4
76.7
78.5
76.7
76.11
80
79.2
77.01
76.5
77
78.88
76.8
79.5
81.2
83.19
85.2
87
87.7
85.1
82.8
80.24
78.9
77.9
81.1
77.9
77.1
76
70.21
70.9
69.3
76.3
79.87
80.25
74.3
75.5
77.6
78.8
75.41
76
73.74
73.7
74.2
70.21
70
68.2
74
72.6
70.5
72.17
70.71
71
71.7
70.9
73.49
77.8
77.65
78.98
79.5
79
81.1
79.05
79.5
79.85
77.6
74.5
74.11
72.5
72.93
76.75
73.8
72.45
72.08
72.68
72.6
75
75.49
75
72.7
73.4
74.19
74.9
73.95
74.3
73.33
72.45
71.5
71.5
73.4
74.2
73.99
72.35
71.53
69.6
66.01
66.6
67.25
67.3
66.8
66.79
67.22
68.45
71
70.5
69.2
68.6
66.34
68.4
67.8
66.39
65.59
65.3
64.25
63.01
63
62.19
61.39
64.2
64.5
65.31
65
