95.1
97.15
98.8
98.42
100.2
101.28
101
106.8
105.01
108.1
114.01
107
104.51
107
106.1
104
105.94
108
105.21
107.5
106.56
103.99
102.5
103.5
104
102.95
102.7
104
106.9
104.5
103.7
103.4
103.8
108.1
107.5
107.5
111.5
110.4
109
111
110.01
108.7
104.5
100
100.2
97.81
95.2
93.9
93.5
98.7
99.58
98.2
99
98.1
100.3
98.5
98.9
98
93.79
97
97.5
98.75
100.25
101.59
103
103.31
101.7
100.39
98.3
100.74
97.76
95.6
99
99.7
97.75
97.98
98
99
96.7
100.54
101.4
101
102.79
105.85
105
103.8
101.8
98
94.9
92
91.99
91
90
91
86.25
87.49
86.7
93
96.5
93.47
90.33
87.32
90.2
92
90.54
90.5
89.55
89.99
89.25
85.3
81.2
80
85
83
82.53
85
84
84
86.4
86.5
88.79
92.99
91.82
95.78
95.99
92.99
94.59
92.1
92.55
93.3
92.8
91.1
89.4
88.61
92.2
94.05
93.31
91.5
94.56
96.2
94.2
92.9
94.4
94.05
93.6
94.2
95.41
97.34
97
94.1
91.1
92
91
89.2
89.5
89.46
88.21
88
87
87
85.86
86.7
88
89
88.5
88.35
88.5
91.5
94.7
93.15
93
91
90.7
89.3
88
87.05
87.75
88.9
87.9
85.39
83.2
83.27
85.5
86.35
85.1
87.5
85.3
