73.95
76.99
81.4
85
83.5
81.1
80.75
80.89
81.1
82
86.45
85.6
86.5
86.3
85.8
85.39
86.3
88.8
91.8
90
90
90.44
22.3
23
23.01
22.5
21.79
20.65
19.9
19.85
19.81
19.9
21.06
20.15
19.32
18.6
18
19.05
20.05
20.85
20.7
20.8
20.15
19.1
19.15
18.7
18.98
19.05
20.05
20.61
21.01
21.18
20.92
21.04
22.15
21.05
21
21.3
20
20.8
21.22
20.26
19.75
20.35
19.8
20.4
20.74
20
19.74
19.54
19.1
18.8
18.95
18.9
19.2
18.86
18.99
19
18.62
18.3
19
18.6
17.85
18.3
18.9
19.9
19.8
19.19
19
18.76
19
18.31
18.5
18.02
17.5
16.8
16
17.89
18.19
17.7
17.51
17.25
18
17.9
17.25
17.4
17.3
18
17.8
16.97
17
17.7
17.42
17.8
17.6
17.19
17.51
17.7
17.55
17.41
17.01
17.84
17.7
18.55
18.35
17.4
17.43
18.24
17.61
17.45
17.75
17.35
17.75
17.73
18.28
19.1
18.74
18.79
19.6
20.3
20.3
19.7
20.17
20.45
20
19.98
19.37
19.85
19.6
19.6
19.5
20.1
19.51
19.5
20
20.15
19.8
19.9
20.06
19.6
19.5
20
20.45
20.9
20.79
20.5
20.89
21.55
22
21.9
21.81
22
21.9
21
20.4
20.7
21.48
21.95
21.4
20.86
20.5
20.65
21.75
21.7
21.45
21
21
