7.45
7.7
7.9
7.75
7.95
7.9
7.9
8.05
7.98
8.05
8.09
7.94
7.95
8.3
8.4
8.35
8.65
8.94
8.8
8.85
9
9.16
8.85
8.8
9
8.72
8.7
9
9.28
9.3
9.24
9.3
9.5
9.41
9.6
9.2
9.14
9.13
9.25
9.4
9.55
9.5
9.36
9.12
9.05
8.7
9.01
9.1
9.43
9.4
9.65
9.69
9.83
9.45
9.89
9.52
9.5
9.48
9.08
9.29
9.3
9.34
9.82
10
9.82
9.95
9.8
9.47
9.18
9.2
9.06
9.08
9.2
9.31
9.28
9.18
9.23
9.31
9.34
9.54
9.87
10.04
10.35
10.45
10.68
10.65
10.38
10.1
9.98
9.72
9.8
9.45
9.41
9.22
9.04
8.83
8.45
9
9.28
9.17
8.75
8.79
8.95
8.9
8.76
8.45
8.07
8.1
8.08
7.64
7.4
7.8
8.2
8.3
8.3
8.49
8.32
8.45
8.34
8.2
8.15
8.7
8.72
9
9
8.74
8.84
8.7
8.67
8.71
8.53
8.33
8.28
8.15
8.2
8.85
8.71
8.75
9.05
9.11
9.06
8.85
8.94
9
8.8
8.82
8.78
8.94
8.88
8.87
8.95
9
8.85
8.78
9.2
9.35
9.45
9.29
9.1
9.19
9
8.91
8.82
9.09
9.12
9.11
9.05
9.35
9.42
9.32
9.14
9.09
8.88
9.19
9.24
9.2
9.26
9.25
9.08
9.04
8.78
8.62
8.71
8.85
8.8
9.05
8.95
