6.2
6.35
6.54
6.75
7.02
7.05
6.88
7.04
7.1
7.09
7.44
7.34
7.27
7.56
7.5
7.44
7.65
8.15
8.12
8.2
8.2
7.81
7.5
7.4
7.33
7.41
7.64
7.85
7.85
7.75
7.87
8.11
8.09
7.97
7.85
7.93
7.99
8.13
8.24
8.6
8.42
8.31
8.34
8.1
7.95
7.94
7.95
7.99
8.15
8.38
8.46
8.59
8.66
8.48
8.6
8.15
8.09
8.2
7.95
8.04
7.95
8
8.08
8.01
7.8
7.99
8.05
7.82
7.47
7.6
7.49
7.47
7.44
7.49
7.74
7.71
7.87
8.02
8.17
8.05
8.37
8.32
8.4
7.89
7.66
7.39
7.39
7.14
7.05
6.7
6.77
6.45
6.23
6.29
5.95
5.92
5.92
6
6.2
5.9
5.55
5.51
5.82
6.32
6
6.15
5.85
6.15
6
5.7
5.31
5.42
5.47
5.54
5.25
5.5
5.51
5.59
5.7
5.63
5.63
6.05
5.99
6.32
6.39
6.17
6.21
6.11
6.21
5.97
6.03
5.9
5.67
5.8
5.76
6
5.89
5.67
5.66
5.61
5.51
5.54
5.45
5.35
5.26
5.42
5.44
5.52
5.5
5.53
5.47
5.4
5.32
5.36
5.56
6.03
5.91
5.89
5.86
5.88
5.71
5.7
5.66
5.65
5.9
6.09
6.16
6.26
6.32
6.26
6.1
6.1
6.43
6.55
6.61
6.46
6.41
6.36
6.27
6.04
6.12
6.1
5.95
6
6
6.05
5.99
