24.54;24.57;23.2;23.27;178146
25.1;25.5;24.03;24.38;268383
25.45;25.89;25.06;25.51;245559
24.45;24.99;24.13;24.8;209871
25.5;25.5;23.84;24.35;244882
25.4;25.98;25.1;25.3;187718
23.75;24.94;23.71;24.74;259096
23.95;24.67;23.12;23.35;258428
23.3;24.27;23.02;23.71;285677
24.1;24.1;22.52;23.35;337852
24.28;24.75;23.8;24.71;248680
23.83;24.46;23.65;24.34;130528
23.06;24.1;23.06;23.65;178791
24.26;24.26;23.21;23.21;222374
23.64;24.55;23.25;24.46;251411
23.59;24.17;22.73;23;242642
23.8;24.29;23.25;23.5;247188
23.9;24.09;23.66;23.81;185680
25.2;25.35;24.35;24.39;345241
25.03;25.24;24.71;24.88;159339
25.03;25.79;24.75;24.8;222413
24.69;25.18;24.51;24.55;182142
25.58;25.6;24.8;24.9;202460
25.7;26.56;25.56;25.87;339233
26;26.35;25.29;25.65;274141
27.1;27.29;26.06;26.3;308741
27.39;28.15;26.9;27.01;325491
27.05;28.15;26.9;27.8;330541
26.9;27.68;26.4;27.07;261657
26.79;27.23;26.08;26.6;233074
27.6;27.78;27;27.63;219640
27.92;27.92;27.2;27.4;162003
26.4;27.2;26.34;27;249707
25.89;26.96;25.53;26.72;293216
26.3;26.62;26.05;26.2;207569
25.78;26.08;25.23;25.55;247913
26.25;26.78;25.3;25.3;171164
26.52;27.3;26.52;26.8;221798
26.4;27.34;25.76;26;286734
25.02;26.25;24.9;25.95;273650
24.8;25.5;24.25;25.45;301482
26.37;26.62;25.65;25.9;384857
26;26.65;25.62;25.8;246758
25.67;26.89;24.93;26.26;325523
25.7;26.4;25.11;25.15;269428
27.07;27.2;26.17;26.37;343198
27.21;27.57;26.66;27.3;252086
27.55;27.65;26.82;27.28;303971
27.7;27.99;27.45;27.89;252602
27.19;27.96;26.93;27.86;302740
27.98;28.04;26.8;27.19;223581
28.3;28.57;27.27;27.62;272601
29.25;29.53;28.72;28.73;306403
29.1;30.22;28.77;29.25;281594
30.86;31.04;29.92;29.92;306337
30.35;30.83;29.97;30.55;244771
30.43;30.87;29.68;30.42;225761
30.37;31.05;30.11;30.85;230621
29.6;29.85;29.28;29.8;192612
28.78;28.92;28.36;28.85;170302
28.55;29.2;28.42;29.1;235358
29.4;29.4;27.95;28.1;261428
30.5;30.88;30.16;30.25;285073
30.4;30.63;29.93;30.4;238220
30.29;30.3;29.9;30.14;158522
29.97;30.42;29.86;29.9;192364
29.88;30.14;29.51;30.05;233327
30.84;30.9;30.22;30.5;256693
30.79;30.99;30.37;30.5;197822
30.5;31.32;30.32;30.6;252567
29.98;30.49;29.47;30.45;277576
30;30.25;29.78;30.14;216663
29.52;30.1;29.52;29.89;161541
28.8;29.18;28.54;29;206394
28.61;29.09;28.46;28.81;194462
29.27;29.27;28.72;28.82;181839
29.31;29.69;29.08;29.66;203258
28.69;29.05;28.52;28.98;194379
28.83;28.91;28.15;28.45;205501
29.74;29.91;29.08;29.2;229182
29.54;30.27;29.48;30.08;230199
31.63;31.63;30.15;30.28;383362
32.08;32.25;31.36;31.5;258019
32.55;33.04;32.29;32.38;342794
31.98;33.04;31.7;33;232680
33;33;32.2;32.99;195563
32.87;32.95;32.08;32.35;182808
32.35;33.41;32.18;33.36;231933
31.48;31.88;31.4;31.5;213301
31.74;31.84;31.31;31.43;174153
31.3;31.66;31.03;31.65;186234
32.71;32.71;31.16;31.4;281352
32.72;33.14;32.45;32.71;191668
33.15;33.65;32.9;32.9;242289
32.5;32.8;32.16;32.7;175212
32.87;33.25;32.59;32.8;148372
32.95;33.3;32.78;32.78;56514
33.74;33.74;32.62;32.7;211755
33.74;34.39;33.61;33.8;206874
34.65;34.7;33.92;34.1;213263
34.45;35.2;34.07;35;288776
35.24;35.4;34.9;35.25;211314
34.55;35.24;34.45;34.8;241862
33.15;34.34;32.85;34.3;284953
34.09;34.15;33.1;33.55;179692
33.98;34.87;33.8;34.85;204066
33.88;34.22;33.3;33.56;171984
33.51;34.05;33.34;33.89;160721
33.88;34.1;33.55;33.94;202044
33.95;34.33;33.88;34.15;170045
33.3;33.67;32.81;33.5;244952
32.55;33.7;32.46;33.7;167855
32.05;32.42;31.83;32.24;206940
31.76;32.26;31.73;32.15;140343
31.95;32.38;31.9;32.17;122295
30.86;31.75;30.61;31.7;200435
31.4;31.4;30.77;31;194683
31;31.87;30.95;31.7;172009
32.25;32.25;30.75;30.8;186766
32.25;32.55;31.91;32;166625
33.05;33.07;32.55;32.6;147041
32.45;33.32;32.34;33.19;183669
31.8;32.99;31.8;32.91;183631
31.24;31.44;31.01;31.4;162443
31.01;31.35;30.9;31.3;60107
30.04;30.39;29.65;30.29;200138
29.35;30.1;29.29;30.03;215233
29.11;29.65;28.5;28.99;217788
29.67;29.67;28.9;29.29;128495
29.79;29.92;28.95;29.9;130929
29.59;30.17;29.38;29.89;180591
30.76;30.92;29.95;30.15;207265
30.95;31.37;30.25;30.5;157152
31.5;31.62;30.87;30.95;152739
31.9;32.15;31.82;32;246543
31.82;32.35;31.62;32.25;192981
31.69;31.99;31.5;31.55;165202
32.4;32.67;31.6;31.9;239719
32.5;32.6;32.18;32.28;103293
32.45;32.66;31.96;32.55;114914
31.75;32.16;31.48;31.99;234436
30.9;31.5;30.8;31.5;179543
31.22;31.76;31.22;31.45;144572
31.47;31.72;31.13;31.22;140557
32.55;32.55;31.9;31.95;158841
32.12;32.79;32.02;32.36;166978
32.32;32.36;31.79;32.25;132885
31.9;32.68;31.77;32.43;151514
32;32.39;31.86;32.22;130086
32.1;32.15;31.8;31.9;106093
31.22;31.99;31.22;31.89;154056
31.89;31.93;31.31;31.34;175898
32.49;32.49;31.99;32.17;188013
32.35;32.59;32.08;32.5;174791
32;32;31.64;31.83;236700
32.32;32.49;32.15;32.2;157387
32.8;32.82;31.79;31.9;199505
33.05;33.19;32.76;32.9;139158
33.63;33.75;33.43;33.45;193504
33.4;34.2;33.2;33.75;233971
33.23;33.82;33.19;33.55;138693
33.17;33.47;32.95;33.2;148876
32.86;33.15;32.35;33.1;204900
32.55;32.94;32.17;32.88;217400
31.38;32.16;30.85;32.16;354343
31.6;32.07;31.4;31.75;241578
32.15;32.58;31.66;31.66;250819
32.19;32.68;32.02;32.47;182125
32.51;32.68;31.87;32.3;149243
32.88;33.1;32.61;32.99;134747
33;33.18;32.87;33.15;149364
33.34;33.37;32.85;32.91;162433
33.14;33.5;33.07;33.4;113410
33.24;33.33;32.66;32.9;137067
33.4;33.58;33.25;33.39;136935
34.35;34.38;33.46;33.53;284330
34.3;34.78;34.15;34.18;208561
34.65;34.65;34.24;34.24;115788
34.6;34.78;34.11;34.38;191479
34.83;35.08;34.74;34.89;169901
34.26;34.98;34.26;34.88;208410
33.8;34.56;33.75;34.4;165843
34.11;34.34;33.7;33.72;109736
34.89;34.94;34.18;34.25;121525
34.77;34.99;34.34;34.98;118738
35;35.19;34.61;35.06;192129
34.05;34.9;34.03;34.65;146240
34.16;34.28;33.55;33.78;193744
34.45;34.55;33.9;34.3;128348
34.49;34.97;34.32;34.87;136066
34.66;34.85;34.3;34.42;128286
35.45;35.5;34.75;35;181582
35.64;35.79;35.31;35.4;120542
35.82;35.95;35.65;35.9;99847
36.15;36.33;36;36.2;219903
36.6;36.6;36.01;36.05;194747
36.4;36.75;36.02;36.05;143177
37.36;37.49;36.5;36.6;227691
36.5;37.06;36.02;36.5;211460
36.7;37.7;36.51;36.51;186492
37;37.38;36.69;37;124747
36.5;37.56;36.45;37.35;158232
36.7;37.22;36.43;36.6;162314
35.95;37.09;35.95;36.91;166950
34.24;36.29;34.24;36.05;254393
36.06;36.12;34.83;35.28;176863
35.04;36.39;34.5;36;204041
35.55;35.93;34.48;34.75;136415
35.7;36.25;35.51;36.1;127094
36.4;36.4;35.62;35.69;135675
36.05;36.74;35.89;36.59;142201
37.08;37.08;36.55;36.7;146945
37.41;37.6;36.8;36.99;202832
37.6;38;37.51;37.8;223874
36.85;37.89;36.8;37.54;202831
37.13;37.5;36.85;37.07;167547
37.38;37.85;37.31;37.64;221690
38.4;38.48;37.27;37.48;352861
38.2;39.2;38.2;38.69;210175
38.5;38.9;37.91;37.91;217253
38.85;39.16;38.6;38.9;148668
39.15;39.15;38.38;38.76;161573
39.45;39.65;39;39.3;160117
38.45;39.09;38.45;38.95;107501
38.9;38.94;38.09;38.2;144646
38.8;39.18;38.73;38.91;164861
39.79;39.85;39.15;39.25;151009
39.41;40.09;39.41;39.75;149144
39.3;39.99;39.3;39.9;132290
38.4;39.82;38.2;39.2;189860
38.4;38.89;38.15;38.78;160397
37.59;38.2;37.5;38.19;180041
37.59;38.07;37.27;38;160762
37.76;38;37.45;37.81;168518
37.8;38.26;37.75;38.05;174964
37.9;38.1;37.85;38.02;130286
38;38.16;37.68;37.71;119334
37.86;38.45;37.85;38.11;171977
36.87;37.8;36.87;37.65;178340
36.58;37.2;36.47;37.09;164350
35.2;36.85;35.2;36.8;215438
36.34;36.34;35.6;35.73;152346
36.7;36.76;36.15;36.5;112127
36.75;37;36.63;36.91;92718
36.8;36.94;36.65;36.89;54641
36.69;36.69;36.35;36.57;141116
37.32;37.32;36.82;36.95;135080
37;37.43;36.8;37.38;217289
37.5;37.5;36.8;36.8;188849
37.15;37.45;37.07;37.27;112089
36.95;37.39;36.86;37.16;148665
36.83;37.34;36.62;37.21;158650
36.36;36.68;36.04;36.59;151566
36.3;36.74;35.84;36.56;236681
35.67;36.46;35.56;36.28;209653
35.75;36.1;35.51;35.57;213871
36.55;36.67;35.77;35.9;232783
36.38;36.65;36.24;36.45;172286
35.45;36.15;35.26;36.1;191924
34.33;35.7;34.29;35.58;249473
34.75;34.8;34.06;34.11;192675
33.9;34.34;33.65;34.29;207422
34.11;34.29;33.51;33.9;201951
34.61;34.69;33.87;34.6;139328
34.17;35.05;33.93;34.78;163621
34.3;34.49;33.9;34.29;164061
34.1;34.67;34.06;34.51;155264
34.04;34.18;33.73;34.05;163312
32.3;33.94;32.12;33.84;248226
31.52;32.27;30.72;31.8;298662
31.74;32.26;31.42;31.8;191178
32.24;32.68;32.1;32.2;183067
32.64;32.73;31.77;32.33;221162
33.36;33.47;32.73;32.89;245737
33.8;34.02;32.95;33;192764
34.25;34.5;34.03;34.39;167667
34.69;34.69;33.82;34.24;173075
34.35;34.65;34.16;34.42;120027
34.65;34.89;34.41;34.5;199360
34.19;34.65;34;34.41;170240
33.94;34.35;33.64;34.29;137338
34.38;34.5;33.26;33.48;187155
34.61;34.75;34.21;34.59;179608
34.93;35.05;34.42;34.82;170650
35.12;35.52;35.12;35.25;173939
35.15;35.82;35.05;35.28;200653
35.2;35.49;34.81;35.39;141505
35.81;35.92;35.4;35.69;283131
35.7;35.99;35.41;35.94;160546
36.5;36.85;35.46;35.5;688353
37;37.16;36.65;36.88;322809
37.05;37.47;36.81;36.93;196568
37.06;37.41;37.06;37.2;140530
36.77;37.23;36.47;36.76;201197
37.21;37.21;36.7;36.93;129788
37.15;37.48;36.93;37.43;103650
37.02;37.4;36.76;37.14;121496
36.23;37.09;36.16;37;245734
36.24;36.36;35.5;35.61;135853
35.82;36.42;35.71;36.38;173503
36.09;36.57;35.6;35.8;187946
35.2;36.43;35.2;36.33;180202
34.5;35.55;34.3;35.41;291083
34.9;35.2;34.12;34.74;195093
34.8;35.3;34.76;35.09;125168
35.39;35.39;34.51;34.6;169257
