39
40.7
41.35
40.6
41.5
41.44
40.45
40.8
40.67
41
41.2
40.82
39.8
41.5
41
41.65
43.38
45.6
46.6
47.64
48
48.72
46.2
46
46.4
44.8
45
44.6
43.95
42
43.3
45
46.2
46.99
47.7
47.7
48.1
48.5
49
50.41
52.25
52.6
51.2
50.19
49.8
49
48.88
49.1
50.2
51.7
51.5
51.85
51.29
49.4
50.3
50.4
50.44
50.13
48.37
49.2
48.6
48.6
49.89
51.4
51.99
52.1
51.19
52
51.8
52.6
35.32
36.08
36.36
36.52
35.89
35.84
36.05
36.31
35.3
36.06
37.2
35.5
34.8
34.15
35.1
35.9
35.9
35.48
35.5
34
33.4
32.5
31.55
31.6
30.5
30.79
29.56
31.59
33.3
33.06
31.37
32
32.95
33.4
32.3
31.79
30.2
31
30.5
29.14
28.6
28.4
29.5
29
28.61
29.75
29.81
29.95
30.01
30.05
30.8
32.34
32.55
33.3
33.55
32.55
32.6
32.2
32.37
33.34
33.35
31.8
31.51
30.99
30.77
33.07
32
31.21
31.98
32.46
32.2
33
34.1
34
33.52
34.54
34.8
34.7
34.5
35
34.15
33.68
33.05
33.09
33.07
33.34
33.5
33
33
32.21
30.83
30.76
31.6
31.58
31.52
31.22
30.95
32.49
32.75
32.59
31.81
31.27
30.15
30.28
30.41
30.05
29.8
30.3
29.6
29.15
28.89
28.81
28.35
29.05
29.3
29.68
29.24
