103
101.6
107.49
115.5
118
124.99
121.01
122.79
119.51
120
118.97
116
114.5
116
117.75
118
117.5
118.1
120.98
119.5
116.5
119.15
122.95
123.51
121.61
123.5
123.9
129.98
127.5
122.5
117.9
117
118.2
119.5
125
124
124.3
125
124
124.7
126.48
126.61
126.5
121
120.9
116.8
117.84
117.99
118.69
118.5
117.69
121.9
122.9
123.52
121.5
124
123.81
124
116.6
120.75
125
25.7
27.8
27.36
27.1
26.5
25.4
25.85
25.65
25.3
24.3
23.61
23.49
23.6
23.5
23
24.14
25.4
25.39
26.7
27
26.91
27.05
27.25
27.65
27.75
28.25
27.8
27.5
25.93
26.6
26.6
25.01
25.41
23.19
22.85
22.6
24
25
24.67
23.85
23
22.44
23
22.9
22.6
22.45
21.33
21.74
20.52
19
21.7
22.9
23.16
23.08
22.85
23.2
22.8
22.5
21.89
21.5
21.72
22.7
23.98
24.2
23.67
24
23.9
23.59
23
22.5
21.81
22
22
22.25
22.8
23
22.8
23.51
23.98
24
25.3
24.75
24.15
22.95
24.45
25.8
26.75
26.6
26.05
25.6
26
26
26.36
27.3
27.36
26.65
26.19
26.1
26.1
25.7
26.3
26.3
26.31
26.9
27.38
26.7
26.9
27.66
27.3
27.1
28
26.42
26.2
26.84
27.6
27.8
28.79
28.04
28.15
26.8
26.81
26.88
26.35
26.55
26.13
26.69
