65.5
62
63.8
61.25
60.55
58.5
61.5
61.43
60.6
60.2
61.5
59.16
58.92
61.6
60.9
59.9
60.7
65.6
67.6
68.1
67.8
65.3
66.8
64.6
66.48
63.67
63.82
64.7
67.6
65.75
65.25
67.47
68.01
70
69.75
70.01
72
71.5
70.07
69.15
65.41
66
63.53
61.8
61.7
58.7
54.8
57.1
58.2
62.2
61.2
61.3
63.35
62
62.5
59.5
60.1
58.3
57.06
57.11
55.9
58.05
58.3
59.93
61.1
62.3
61
62.95
60.5
59.3
69.15
70.4
70.85
72.35
76.5
74.29
74.98
79.39
76.9
78
76
76.5
81
81
82.8
82.8
81.46
78.9
78.8
76.5
76.11
72.3
68.47
70.49
70
72.01
70
70.99
71.05
71.25
69.5
70.61
75
76
73.8
69.5
69.1
72.5
72.5
68.65
67.6
66.5
70.8
73
74.85
78.3
76.25
76.12
73.95
74
72.86
75.5
77
76.89
77.1
78.35
76.51
72.8
72
70.6
70
65.51
63.34
62.6
63.92
68.4
65.4
63.8
66.49
68.48
68.95
68.99
69.5
69.22
67.9
67.6
71.5
70
71
69.8
68.2
68.5
66.5
68
69.9
72.9
72.81
71.42
68.52
70.45
70.31
69.7
70.7
72.6
72.5
73.89
74.01
74.55
75.5
74.65
72.8
73.02
72.49
74.9
77.5
78.18
79.88
75.7
77.01
77
74.1
77.3
79.28
79.27
77.07
75.5
75
