79.5
82.3
84
84
84
82.3
82.93
83.9
84.2
82.3
82.52
81.12
79.3
82.8
82.7
81.5
81.22
84.09
83.2
84.51
83.38
84
81.9
78.62
80.22
79.05
77.31
77.05
79.2
78.25
77.5
81
83.5
84
86.5
83.61
84.4
88.4
90
96
93
93.91
93.72
88.95
92.5
89
90
93.3
93.9
95.99
94.87
96
98.85
97.11
98.2
97.64
96.04
94
93
94.5
94.5
90.42
89.05
88.01
89
89.6
89.7
87.5
86.5
85.5
86
86.75
87
86.99
86.3
84.3
84.1
83.9
81
80.7
81
82.6
85
86.99
86.5
85.5
86.25
86
82.11
80
81.4
81
80
80.8
77.5
77.65
75.69
79
80.4
78.3
77.8
75.5
75.5
72.8
70.12
69.99
67.1
66.5
66.66
65.2
63
62.3
63.6
61.8
61.5
62.07
66.38
64.9
63.9
64
66.49
67
66.98
68.69
68
65.69
65
64.7
64.99
64.3
63.3
60.68
61.93
60.5
60
63.5
60.4
61.45
63.74
63.35
65.02
65.8
65.49
65
65
65.3
64.25
65.48
65.19
64.51
61.5
59.35
59.15
58.94
59.69
58.71
59.5
58.99
57.8
57.5
56.8
56.19
56.4
57
57.85
57.88
58
60.2
62.9
60.9
61.27
62.25
60.1
60
60.14
59.7
59.43
59.1
57.42
56
56.6
56.7
57.8
58
57.1
57.45
56.29
