2.64
2.82
2.77
2.81
2.91
2.96
3.19
3.26
3.25
3.35
3.4
3.18
2.91
3.18
3.25
3.2
3.31
3.33
24.7
24.2
23
23.02
24
24.7
24.8
24.95
25.2
24.99
25.99
25.55
25
24.7
26
27
27.99
28.9
29
28.4
28.3
29.45
29.08
28.12
28.5
27.49
27
25.64
25.95
24.95
24.48
25
25
25.75
25.75
25.69
26.98
26.15
26
25.8
24.8
25
24.75
25.9
26.99
27.74
28.65
27.79
27.6
26.49
26.4
25.15
24.93
24.65
25
24.1
25.35
24.8
24.59
23.6
22.39
22
23.18
24.3
24.2
25
26.1
27.11
27.05
26.2
27.5
26.5
25.4
24.9
24.5
24.4
22.4
21.48
19
18.8
20.45
19.6
18.2
19
21
21.4
21
21
19.9
19.97
19.49
18.15
16.5
15.5
17.15
17.45
17.1
18.19
18.7
19.15
19.4
19.35
19.25
20.15
20.7
21.9
22.1
22
21.49
21.3
20.5
19.99
19.9
19.59
19.6
19.45
18.84
19.85
19.25
18.5
18
18
18
17.62
17.49
16.99
16.36
16
15.99
16
16.2
16.85
18.15
18.8
18.5
18.2
18.9
20.5
21
21.4
21.35
20.9
19.6
19.89
20.9
21.19
21.3
21.02
22
23.7
24
24.3
23.2
23.2
22.9
23.5
24
24
23.8
24.2
23.5
23
22.15
21.59
21.9
22.99
22.84
23.45
23.45
