26.2
26.29
26.7
26.39
26.74
27.8
28.3
29.2
28.2
28.02
28.49
27.4
27.98
27.99
27.8
28.3
28.68
28.79
28.5
28.65
27.6
27.49
26.3
26.4
26.15
25.59
27.43
27.66
27.99
27.7
28.1
27.9
26.98
26.9
26.75
25.6
24.86
24.45
25.52
26.5
26.66
26.7
26.39
25.89
25.59
24.3
25.9
25.8
26.71
27.1
26.66
26.8
26.98
25.86
26.24
25.35
26.05
25
23.75
24.73
24
24.76
23.97
22.7
23.3
24.3
23.3
22.9
22.55
23.2
22.56
21.85
21.9
23.2
23.62
23.2
23.19
23.3
23.15
23
23.1
22.22
21.9
21.8
21.6
21.85
21.8
21.74
21.57
21
22.45
22.22
22.63
22.5
21.9
21.6
20.1
22.49
22
21.9
20.75
20.4
21.65
21.51
20.5
21
21
21.29
20.29
18.4
18.1
18
18.5
19
19.1
19.08
19.77
20.55
19.5
20.12
21.15
22.2
22.25
22
21.62
21.23
21.15
20.3
20.67
21.4
20.39
19.7
19.3
19
20.4
20.99
20.92
20.3
19.95
19.81
19.9
19.39
19.5
19.53
19.6
19.77
20.2
19.99
20.2
20.65
21.3
22.44
22.19
22
22.69
22.95
22.3
22.08
21.65
21
19.95
20.3
21.1
21.29
21.5
21
21.21
22.44
22
21.68
22.1
22.34
22.19
22.6
21.95
21.79
21.6
22.38
21.75
21.8
21.2
21
21.3
22.4
22.15
23
22.98
