69.8
69.71
72
75
78.9
78.97
79.81
83.8
79.9
79
79.9
78.01
75.89
81.5
82.98
82.3
84.6
89.98
88
85.79
84.99
82.99
81.2
83
83
82.75
83.69
83.95
84.65
87.5
88.3
89.05
93.3
94
93
92
93.5
92.5
91.4
91
91.4
91
90.51
86.5
83.98
81.29
83.31
86.3
89.5
90.5
92.2
91.5
94.99
93.5
96.5
99.3
98
96.5
93
93
94
91.51
92.5
94.5
93
92.5
89
89
85.55
84.5
87.51
89.8
91.88
90.99
89.9
88.21
88
88
85.8
86.9
88.8
87.79
86.99
86.8
89
87
85.5
85
82
80.5
81.45
79
80
81.1
79.4
78.9
78
82
86.8
83.5
81
80.65
81
81.05
79
78.8
76.4
74.9
76
74
70.49
68
69.5
67.8
68.5
70.9
73.5
73.1
71.8
73
72
75
78
81.25
83
79.09
82.95
80.65
80
80
78.1
75.64
74.5
76.9
78.5
81.7
81
80.5
81
80
80
80
80
77.89
80.29
84
83.5
84.9
85
84.5
84.29
83.7
82.9
84
84.4
86.5
84.9
84.7
84.03
83
81.5
81
85
84.01
85.5
92.5
95
93
92
91.5
92.2
94.2
91.69
90
90
89.8
90.9
88.7
88
85
84
85.45
84
84.75
87.5
88.49
88.29
