1.44
1.45
1.46
1.45
1.44
1.48
1.45
1.47
1.47
1.56
1.59
1.57
1.57
1.69
1.66
1.68
1.76
1.74
1.7
1.69
1.65
1.64
1.59
1.64
1.65
1.6
1.61
1.59
1.63
1.66
1.73
1.75
1.74
1.76
1.72
1.69
1.71
1.68
1.68
1.7
1.75
1.85
1.83
1.77
1.72
1.69
1.76
1.7
1.76
1.86
1.87
1.83
1.81
1.76
1.81
1.77
1.76
1.77
1.71
1.76
1.75
1.73
1.73
1.74
1.74
1.72
1.71
1.67
1.62
1.68
1.67
1.63
1.67
1.7
1.68
1.7
1.65
1.65
1.66
1.67
1.71
1.72
1.69
1.7
1.65
1.63
1.64
1.62
1.58
1.59
1.57
1.53
1.6
1.56
1.53
1.49
1.41
1.46
1.52
1.5
1.44
1.49
1.55
1.55
1.49
1.55
1.49
1.49
1.48
1.44
1.47
1.38
1.46
1.4
1.42
1.42
1.39
1.4
1.39
1.4
1.43
1.54
1.57
1.65
1.63
1.58
1.58
1.52
1.53
1.56
1.57
1.52
1.54
1.53
1.55
1.64
1.62
1.62
1.65
1.65
1.62
1.63
1.66
1.64
1.58
1.63
1.67
1.7
1.72
1.7
1.69
1.69
1.72
1.7
1.71
1.71
1.72
1.68
1.68
1.65
1.57
1.61
1.64
1.66
1.68
1.63
1.66
1.65
1.69
1.67
1.64
1.64
1.6
1.6
1.56
1.57
1.54
1.56
1.54
1.51
1.46
1.49
1.53
1.59
1.59
1.62
1.64
