4.09
4.28
4.38
4.36
4.38
4.38
4.3
4.29
4.18
4.21
4.27
4.28
4.27
4.4
4.3
4.25
4.3
4.42
4.32
4.37
4.31
4.31
4.25
4.33
4.26
4.25
4.3
4.3
4.3
4.17
4.18
4.37
4.65
4.51
4.47
4.4
4.56
4.71
5
5.12
4.88
4.93
4.93
4.86
4.82
4.76
4.76
4.64
4.8
4.9
4.92
4.86
4.82
4.7
4.72
4.7
4.69
4.83
4.8
4.8
4.8
4.78
4.91
4.95
4.91
4.72
4.7
4.65
4.53
4.63
4.55
4.45
4.69
5.1
5.06
5.11
5.12
5.35
5.3
5.35
5.53
5.7
5.85
5.87
5.87
6
5.84
5.55
5.37
5.44
5.32
5.02
4.8
5.03
5.11
5.05
4.75
5.15
5.25
5.1
4.85
4.95
5.17
5.2
4.95
5
5
4.9
4.89
4.6
4.7
4.51
4.61
4.6
4.6
4.69
4.66
4.71
4.67
4.65
4.73
5
5.07
5.1
5.14
4.98
4.89
4.89
4.8
4.94
4.85
4.61
4.53
4.45
4.61
4.77
4.71
4.67
4.78
4.71
4.66
4.79
4.83
4.72
4.63
4.68
4.67
4.77
4.79
4.69
4.67
4.59
4.55
4.5
4.62
4.6
4.46
4.48
4.4
4.41
4.35
4.39
4.4
4.43
4.39
4.38
4.26
4.3
4.42
4.61
4.6
4.68
4.56
4.56
4.6
4.49
4.53
4.56
4.48
4.5
4.4
4.47
4.55
4.57
4.54
4.58
4.62
