9.03
9.28
9.35
9.2
9.27
9
9.17
9.43
9.34
9.16
9.28
9.22
9.25
9.26
9.1
8.99
9.04
8.91
8.78
8.68
8.6
8.78
8.74
8.84
9.18
9.4
9.4
9.45
9.55
9.48
9.6
9.95
9.87
9.78
9.65
10
10.13
10.25
10.5
10.65
10.5
10.45
10.4
10.4
10.37
10.07
10.19
10.13
10.32
10.3
10.35
10.38
10.18
10.1
10.4
10.4
10.5
11.3
11.25
11.25
11.35
11.4
11.4
11.27
11.2
11.28
11.4
11.15
10.85
10.95
10.72
11.01
11.4
11.85
11.85
11.55
11.69
11.87
11.4
11.45
11.58
11.55
11.8
12.6
12.69
12.63
12.31
12.28
12.05
11.86
11.83
11.75
11.45
11.5
11
11.18
11.3
11.45
11.8
11.77
11.67
11.6
11.9
12
11.61
11.17
10.86
11.15
10.91
10.8
10.45
10.37
10.8
10.61
10.6
11.11
11.03
10.98
11
11.01
10.8
11.25
11.37
11.7
11.71
11.52
11.57
11.31
11.35
11.46
11.48
10.9
10.8
10.55
10.76
11
10.54
10.69
11
11.01
10.95
10.95
10.75
10.75
10.8
10.95
11.15
11
11.1
11
10.76
10.85
10.89
10.89
11.23
11.7
11.78
11.67
11.4
11.4
11.23
11.15
11.3
11.28
11.2
11.39
11.05
11.47
11.46
11.65
11.63
11.38
11.32
11.25
11.26
11.22
11.15
11
11.31
11.4
11.2
11.1
10.85
11.24
11.08
11.17
10.75
