154.9
159.5
160
157.4
155
154.8
156
162
172.9
176
182
177.5
174
182.99
178.01
177.5
179
185
189.02
184.3
184
179
172
175.5
173
168.2
165.8
170.5
172.8
168
164.6
167
169.3
171.5
170
169.7
169
167.48
171.1
174.23
174.5
173.21
172
167.3
166
169
169.1
168
169.39
169.9
169.5
171
172
174
174
174.5
172.1
177.8
173
179
183
191
199
197
196.3
195.5
197
199.5
194.8
195
191
193
201.2
203.5
200.5
200
199.9
203
199
204
208.99
206.2
204
208.48
217.51
219.02
216.99
210
207.5
205
205.5
204
204
204
199.9
200
199.97
207
208
205.92
202
203.2
213
212.94
207.5
202.6
198.98
194
198.1
186
181
174
184.5
184.5
184
184
183.02
187.5
191.1
195.5
190
202
202.5
207
206
203
210
205
205.9
204.9
201
200
196
198
199
211
207.5
208
214
214
213.5
215
218
217
212.5
215.25
216.5
225.9
224
227
231.3
227.1
227.9
229.5
224.01
222
230
230.75
231
229
220
221.3
222
231
232
232
235.02
245.8
256
246
243
240.55
240
242.11
243.7
243
242
247
247
245.5
241
240.5
247.5
256.99
253
247
259.98
