18.32
18.48
18.34
18.27
17.86
17.36
17.2
17.1
16.87
16.82
17
17.62
18.34
18.8
18.89
18.25
17.65
17.75
17.96
17.5
17.02
17.65
16.89
17.46
17.9
17.7
17.65
17.5
17.75
17.46
18.25
18.88
19.14
18.12
17.8
18.1
18.29
18.15
18.24
18.31
17.87
18.05
18
18
18
17.68
17.8
17.6
17.6
17.69
17.6
17.35
17.26
16.94
17
16.85
16.95
16.72
16.02
16
16.12
16.12
15.7
15.9
15.86
15.65
15.55
15.37
14.9
14.9
14.76
14.43
14.5
14.51
14.76
15.01
15.2
15.3
14.91
14.7
14.82
14.94
15.29
14.7
15.4
15.55
15.1
14.59
14.51
15
15.18
14.9
15.4
15.2
14.5
14.26
14.26
14.68
15.1
14.85
13.85
14.12
14.6
14.65
14
14.1
13.91
13.7
13.39
12.85
13.05
12.81
12.97
13.04
12.8
12.85
12.42
12.44
12.26
12.4
12.69
13.29
13.29
13.3
13.15
12.36
12.02
11.75
11.37
11.17
10.65
10.27
9.97
10.15
10.9
11.44
11.2
11.3
11.49
11.75
11.66
11.41
11.64
11.3
11.1
11.31
11.73
12
11.72
11.97
12.52
13
13.2
13.26
13.48
13.12
13.06
12.9
12.73
12.56
12.05
12.35
12.69
12.5
12.85
13.65
13.95
13.85
14.1
13.72
13.82
14
14.2
14.8
14.94
14.63
14.68
14.35
13.91
13.75
13.38
13.61
13.6
13.84
13.59
13.57
13.53
