10.17;10.17;9.76;9.99;19197
10.09;10.19;9.91;10.1;24659
10.1;10.18;9.92;10.1;37347
10;10.1;9.61;9.98;19544
10.1;10.1;9.69;9.89;19447
9.84;10.1;9.66;10.1;27229
8.98;9.7;8.98;9.7;27706
9.04;9.27;8.84;8.96;39689
8.26;9.12;8.21;8.96;49315
8.39;8.47;8.06;8.3;46666
8.35;8.54;8.2;8.5;29988
8.56;8.69;8.28;8.4;20377
8.13;8.67;8.13;8.56;18325
8.11;8.34;7.81;8.15;42426
7.85;8.32;7.81;8.22;22132
8.1;8.13;7.49;7.7;34319
8.9;8.9;7.93;8.14;74069
8.95;9.06;8.63;8.77;42777
9.08;9.15;8.73;9.08;68553
8.73;8.9;8.6;8.81;32796
8.8;8.85;8.51;8.6;13748
8.71;8.71;8.43;8.55;20880
8.7;8.78;8.4;8.66;26641
8.47;8.87;8.47;8.65;37947
8.94;8.95;8.22;8.5;42095
9.4;9.4;8.88;8.91;57055
9.35;9.49;9.16;9.2;77168
9.12;9.38;8.85;9.35;52443
8.5;9.23;8.46;9.02;34497
8.65;8.79;8.35;8.42;63694
8.76;8.85;8.65;8.79;31576
8.89;8.89;8.58;8.7;9448
8.5;8.62;8.34;8.62;24770
8.09;8.64;8.05;8.55;43643
8.1;8.3;7.96;8.22;20305
8.16;8.23;7.69;7.9;28113
8.21;8.42;7.9;8.05;35620
8.3;8.55;8.2;8.35;23317
8.17;8.2;7.9;8.01;27717
7.8;8.05;7.76;8;20316
8.1;8.22;7.8;7.86;30061
8.2;8.27;8.1;8.21;28956
7.85;8.16;7.79;8.09;34814
8.05;8.05;7.7;7.88;50394
8.2;8.22;7.9;7.9;30697
9.34;9.35;8.21;8.21;73026
8.9;9.24;8.8;9.09;30086
9.14;9.14;8.62;9;49898
9.12;9.19;8.81;9.17;22640
9.1;9.45;8.85;9.1;29292
9.57;9.57;8.95;9.02;36353
10.05;10.12;9.32;9.48;31952
9.5;10.19;9.5;10.15;28501
9.8;9.87;9.5;9.55;20644
10.2;10.2;9.92;9.92;21408
9.62;10.22;9.62;10.06;28807
9.87;9.98;9.62;9.7;21030
10.27;10.39;9.92;9.99;12405
9.97;10.18;9.81;10.1;12955
9.85;10.16;9.7;9.78;16698
9.88;10.1;9.74;9.95;25692
10.5;10.57;9.8;9.8;35095
11.21;11.5;10.83;10.95;46339
11.2;11.8;11;11.32;54264
11.5;11.57;10.9;11.08;25412
11.2;11.43;11.04;11.3;25931
11.4;11.62;11.16;11.2;27366
11.35;12.43;11.35;11.7;27982
11.69;11.83;11.47;11.49;24445
11.21;11.69;11.1;11.58;31995
10.85;11.2;10.74;11.2;52767
10.7;11.18;10.57;11.13;38051
10.95;10.97;10.5;10.7;15453
10.53;10.82;10.47;10.82;14618
10.79;10.86;10.51;10.63;15356
10.47;10.8;10.16;10.8;94462
11.18;11.18;10.47;10.52;58897
10.48;11;10.47;10.92;32845
10.88;10.9;10.25;10.4;21052
11.45;11.45;10.96;10.97;26768
11.33;11.64;10.64;11.64;26874
13;13;11.5;11.5;42639
12.42;12.92;12.4;12.9;33549
12.5;12.92;12.5;12.7;36384
12.5;12.81;12.1;12.7;24640
12.65;12.89;12.37;12.8;22814
12.79;12.79;12.23;12.4;20404
12.51;12.8;12.31;12.71;15335
12.35;12.47;11.92;12.1;19970
12.58;12.58;12.15;12.22;19749
11.9;12.55;11.9;12.55;22374
11.94;12.21;11.74;12.2;58910
11.9;12.19;11.9;12.19;43971
11.9;12.18;11.9;12.03;36858
11.25;11.86;11.18;11.85;35405
11.46;11.6;11.3;11.5;25391
11.4;11.58;11.35;11.49;10237
11.23;11.37;11.02;11.37;57902
11.38;11.64;11.18;11.3;69860
11.49;11.6;11.23;11.54;50065
11.52;11.66;11.25;11.62;72619
11.87;12.24;11.72;11.78;63089
12.2;12.23;11.82;11.9;55887
11.72;12.19;11.56;12.17;46182
12.63;12.63;11.64;11.8;48361
12.25;13;12.21;12.86;42949
12.52;12.55;11.98;12.22;21293
12.41;12.6;12.07;12.41;32217
12.7;12.77;12.48;12.6;40664
13;13.01;12.59;12.71;33151
12.8;13.2;12.5;12.8;64904
12.6;12.95;12.3;12.92;43164
12.41;12.74;12.24;12.35;27373
12.18;12.46;12.15;12.46;18114
12.21;12.55;12.16;12.29;19506
11.5;12.25;11.5;12.01;38922
11.79;11.87;11.5;11.55;26634
11.95;12.45;11.83;11.92;24087
12.4;12.44;11.88;11.98;22143
12.35;12.54;12.25;12.4;22473
12.23;12.6;12.23;12.46;24559
12.07;12.4;11.97;12.38;40776
11.89;12.25;11.88;12.16;49930
11.88;11.88;11.71;11.8;26020
11.9;12.11;11.81;11.9;16184
11.95;11.95;11.6;11.78;26560
11.7;11.92;11.66;11.8;40757
11.45;11.78;11.25;11.73;38977
11.18;11.33;11.1;11.3;32892
11;11.35;11;11.23;53302
10.94;11.19;10.78;11.09;46123
11.65;11.74;11.12;11.2;52303
11.7;11.79;11.32;11.55;44729
11.24;11.75;11.16;11.6;37273
11.5;11.58;11.3;11.49;30415
11.59;11.69;11.52;11.69;46267
11.36;11.53;11.28;11.5;51924
11.27;11.57;11.27;11.43;48984
11.22;11.47;11.15;11.33;37059
11.08;11.31;11.03;11.3;33584
11.02;11.21;10.95;11.1;43797
11.36;11.38;10.85;10.96;33279
11.67;11.97;11.48;11.48;63556
11.78;11.92;11.68;11.78;27395
12.51;12.54;11.95;11.95;76924
13.35;13.45;12.58;12.6;113675
13.31;13.63;12.9;13.3;50215
13.05;13.4;12.76;13.26;42182
13.5;13.5;12.97;13.18;34134
13.59;13.71;13.34;13.45;29657
13.15;13.49;13.1;13.49;35613
13.42;13.42;13.13;13.16;42990
13.58;13.59;13.2;13.4;28345
13.7;13.85;13.15;13.47;30621
13.2;13.24;12.85;13.21;34149
13.3;13.34;13.17;13.23;27778
13.49;13.55;13;13.15;30933
13.45;13.55;13.35;13.38;44760
13.6;13.68;13.4;13.52;23131
13.89;13.89;13.54;13.55;23522
13.47;14.1;13.42;13.95;46971
13.51;13.61;13.2;13.5;25239
13.3;13.65;13.18;13.62;28365
13.27;13.53;13.1;13.43;35103
13.62;13.67;13.01;13.13;22640
13.06;13.7;13.06;13.69;29643
12.57;13.08;12.57;13.01;27841
12.75;12.86;12.32;12.7;30764
13.18;13.19;12.58;12.83;42299
13.15;13.32;13.01;13.3;51949
12.95;13.23;12.82;13.15;43177
13.12;13.23;12.85;12.9;33359
13.12;13.2;12.96;13.12;14567
13.25;13.25;12.87;12.95;20477
13.25;13.35;13.1;13.32;17800
13.52;13.53;13.21;13.3;34647
12.97;13.25;12.74;12.89;102613
13.12;13.14;12.89;12.96;57259
13.15;13.18;12.92;13.1;30506
13.13;13.28;13.08;13.21;39583
13.15;13.2;13.03;13.18;27705
13.45;13.47;13.13;13.15;57557
13.54;13.65;13.38;13.44;43108
13.85;13.85;13.4;13.5;35175
13.89;13.98;13.57;13.79;57883
13.66;14.2;13.66;13.98;65514
13.28;13.76;13.28;13.55;41580
13.46;13.59;13.06;13.15;46114
13.48;13.56;13.2;13.25;25858
13.6;13.78;13.33;13.56;21382
13.51;13.68;13.34;13.5;22698
13.55;13.65;13.37;13.61;21131
13.56;13.65;13.4;13.48;25930
13.35;13.63;13.35;13.6;23207
13.36;13.53;13.27;13.53;53389
13.54;13.6;13.26;13.34;43066
13.39;13.49;13.31;13.35;32338
13.41;13.5;13.3;13.4;28504
13.05;13.3;12.88;13.25;36122
12.82;13.23;12.81;12.96;38429
12.61;12.99;12.45;12.95;57789
12.65;12.93;12.58;12.78;77473
12.93;12.93;12.55;12.78;65073
12.81;13.05;12.66;13.05;57978
12.25;12.88;12.15;12.75;61097
13.02;13.1;12.27;12.34;71484
12.99;13.14;12.53;13;69411
13.55;13.69;12.87;12.95;101545
14;14.05;13.57;13.6;72568
14.4;14.4;13.89;13.95;42387
14.36;14.5;13.8;14.4;53624
14.79;14.79;14.4;14.5;41340
14.3;14.85;14.21;14.78;37232
14.39;14.56;13.91;14.37;67036
14.27;14.52;14.03;14.21;37875
15.06;15.29;14.16;14.26;53033
15.45;15.45;14.88;15.13;42643
15.68;15.79;15.12;15.34;36677
15.43;15.67;15.03;15.55;62480
15.44;15.44;15.03;15.1;36776
15.61;15.72;15.3;15.5;42335
15.69;15.78;15.47;15.73;41082
16.45;16.57;15.73;15.8;49465
15.79;16.25;15.68;16.15;19634
15.89;15.94;15.27;15.79;22461
15.49;16.22;15.49;15.85;35716
15.59;15.78;15.44;15.69;102863
15.58;15.86;15.46;15.72;47900
15.3;15.73;15.15;15.65;70906
15.36;15.71;15.02;15.17;37980
15.25;15.55;15.22;15.45;58821
15.1;15.44;14.89;15.12;104157
14.89;15.4;14.87;15.12;30178
14.7;15.15;14.5;15;109990
15.3;15.5;14.86;14.9;45860
15.75;15.87;15.53;15.53;34342
15.69;16.03;15.6;15.65;34738
15.6;15.98;15.39;15.88;35664
15.79;15.79;15.26;15.41;48541
16.3;16.3;15.42;15.71;38612
15.22;16.36;15.22;16.3;40967
15.32;15.75;15.14;15.54;48942
15.45;15.65;15.18;15.55;15745
16;16;15.6;15.79;20057
16.05;16.1;15.68;16.1;9771
16.3;16.3;15.82;15.95;10619
17.05;17.05;16.33;16.54;23415
18.22;18.49;17.07;17.14;44822
17.57;18.59;17.41;18.09;43485
17.33;17.6;17.06;17.6;39709
17.5;17.66;17.13;17.25;20351
17.3;17.89;17.25;17.66;22079
16.99;17.07;16.75;17.05;32266
17;17.14;16.52;17.02;27863
16.11;16.34;15.9;16.17;120282
16.2;16.47;15.95;16.05;44848
16.14;16.25;16.07;16.2;19933
16.45;16.55;15.61;16;33555
16.1;16.56;16.06;16.21;28974
15.66;16.26;15.42;16.12;36312
14.99;15.61;14.81;15.32;39762
15.17;15.51;14.65;14.89;42574
15.1;15.45;15.01;15.07;41367
15.15;15.36;14.59;15.3;29459
15.1;15.33;14.81;15.2;40377
15.75;15.89;15;15.26;38401
16;16;15.6;15.89;21614
16.3;16.45;15.8;16.1;26429
15.5;16.28;15.04;16.14;27683
15.65;15.69;15.01;15.2;29614
15.15;15.95;15.12;15.65;42066
15;15.6;14.9;15.5;48574
15.06;15.29;14.93;15.15;28657
15.15;15.28;14.94;15.06;32399
15.6;15.6;14.98;15.11;17669
15.45;16.05;15.31;15.8;31160
15.5;15.65;15.15;15.49;29665
15.8;15.85;15.38;15.5;20583
15.77;15.91;15.59;15.91;27702
15.97;16.16;15.61;15.62;24542
15.75;16.29;15.48;16.1;22180
15.69;15.86;15.27;15.42;18077
16.12;16.12;15.35;15.62;23396
16.45;16.45;15.92;16.19;19069
16.46;16.68;16.21;16.62;20626
16.05;16.55;15.7;16.55;27919
15.94;16.04;15.6;16;14682
16.18;16.29;16.03;16.14;12517
16.89;16.9;16.03;16.25;33613
17.17;17.5;16.43;16.68;46617
16.89;17.3;16.81;17.2;29356
16.47;16.94;16.32;16.84;36748
16.66;16.73;16.32;16.63;30642
16.28;16.67;16.14;16.56;23393
16.29;16.54;16.18;16.18;20518
16.12;16.46;15.88;16.34;25281
16.1;16.35;15.83;16.16;21744
16.35;16.44;16.1;16.17;21102
16.3;16.34;16.01;16.19;14828
16.5;16.62;16.3;16.3;13149
16.32;16.65;16.2;16.32;15637
16.3;16.67;16.16;16.54;18290
16.15;16.44;15.92;16.31;17775
16.5;16.53;16.2;16.22;13930
16.45;16.64;16.34;16.64;20769
16.3;16.55;16.04;16.3;27733
