31.4
31.89
32
31.8
32
34.01
33.75
35
34
35.98
36.5
34.6
32.84
33.7
33.75
33.7
34.45
34.95
35
34.8
33
33
32.8
32.85
32.1
32
31.5
32.7
33.45
32.5
32.2
31.99
34.5
36.01
36.5
38.5
40
41.79
39.01
39.38
39.48
40
39.99
38.55
39.1
40
40.99
40.9
39.9
39.5
39.4
39
40.2
41
41.4
41
40
40.92
38.55
39
38
38.56
39.4
39.35
38.26
37.4
38.9
37.95
36.71
36.18
35.5
34
35
37
37.2
35.2
34.3
35.4
35.55
35.5
34.9
35.5
36.35
38.59
39.45
39.8
39.8
39
39
35.61
35.28
33.11
32.25
32
29.15
29.3
26.75
28.25
30
29.65
28.5
31
33
33.5
31.5
33.4
30
31.29
30.5
28.32
27
24.8
26.8
27.25
28.1
30.39
30.25
30.11
31
31.15
31.4
34
35.85
37.4
35.98
32.8
34.2
34.1
36.8
35.35
34.9
33.98
32.6
31
30.7
30.2
29.5
29
29.49
29.55
29.49
29.5
29.5
29.5
29.3
29.5
29.48
29.9
29.51
30.05
31.3
32.4
32
32.15
34
34.65
34.3
34.24
33.65
33.5
33.3
34.4
34.2
34.95
35.8
35.85
37.8
37.5
38.1
38.4
37
37.2
35.29
35.5
36.8
37.2
39
38.5
37.9
35.9
34.1
34
33.8
36.5
36.7
36.22
36.99
