900
895
911
923.99
936
927
928
945
948
945
945
933
922.5
942.9
918
902
915
919
922.99
910
909.9
913.5
887
860
880
868
879
890
904.69
888
895
913.5
913
927
931
935
935.5
912
901
908
905
915
919
906
906
899
905
890
892
939
939.99
930
930
908.1
915
908
898
919
890
930
923
931
964
985
979
985.15
980
974
950
948
950
970
984.99
997
1008
1005.04
1013
1013.99
973
960
980
976
977
984
1001
1003
999
983.01
985
950
955
925.01
936
945
916
953
938
975
961
945
915
930.01
962
982.51
950
922.99
915
900
882
850
806.5
804
830
835
846.5
857.99
860.5
849
843
840
854
890
900.01
939.99
943
920
907
910
895
900
885
888
868
862
863
883
872
871
886.1
898
885.5
879
883
871
875
894.01
895
900
884
888
893
887.99
885
883
903
912.1
934
928
937
928.51
920
924.5
935
947
962.99
955.5
963
981
970.02
971.5
951.3
957
953
957.01
968
970
970
977
974
974.01
940
970
977
989
980
990
985
