28.6
29.65
30.35
30.3
31.5
30.6
31
30.4
29.25
29.5
30
29.1
29.35
30
29.99
30.3
30.6
30.9
30.8
31.3
31.2
31.17
31.01
31.25
31
31.26
32.1
33.6
34.83
35.15
36.3
35.9
38.54
38.05
37.73
37.11
36.5
35.65
35.03
35.91
36.07
36.06
36
35.31
34.57
34.5
35.12
32.9
33.71
35
35.25
35
34.21
32.8
34.01
32.9
32.83
33.5
32.5
33.15
33.15
33.01
35.74
35.9
36.7
36.5
35.3
36.1
36.45
37
37.6
38.2
39
40.21
38.85
37
36.2
37.8
37.7
39.7
39.25
37.8
36.2
37.2
36.6
37.4
37
35.8
36.02
35
35.11
34.1
34.3
34.6
33.43
32.5
31.81
32.7
32.5
32.55
32.02
32.6
33
33.5
32
32.55
31.97
32
31.42
29.9
29.9
30
32.1
32
31
30.21
30.71
30
30.5
31.41
32
31.9
32.21
32.01
32.2
32.4
33
35
35
35.11
34.56
34.25
37.11
35.9
36.6
35.83
35.6
35.8
35.8
35.69
35.15
35.6
35.01
34.7
33.01
34.4
34.85
34.6
34.69
35.5
34.59
35
34.02
34
34.45
35
35
35.14
35
35.02
35
35.14
35.3
36.8
36.1
36.31
35.05
36.34
36.4
35.89
35
35.12
35.6
35.45
35.15
34.9
35.03
35.4
35.3
34.89
35
34.42
34
33.61
33.9
34
33.6
