31.8
32.97
33.36
33.25
32.7
32.9
32
32.56
33
32.55
32.9
33.21
33.7
34.5
34.2
34.1
33.05
33.3
33.01
33.2
33.2
33.8
32.01
33.14
32.81
32.35
32.75
32.14
32
32
32.58
33.25
34.99
36.5
35.29
37
36
33.15
34.5
35.6
35.88
34.9
36.11
36.3
36.25
36.38
35.79
36.1
35.88
35.85
36.6
37.4
38
38.3
38
37.5
37.48
39
38.45
38.7
39.2
38
36.1
37.2
37.11
36.89
36.99
38
37
37.3
37.79
37
37.05
37
37.19
35.03
35.02
35.35
34.89
36.25
36.28
36.5
36.78
36.8
38.65
37.73
37.1
39
39.05
39.4
38.7
38
37
35.51
34.49
34.81
34.71
35.5
36
35.2
34.6
34.1
34.91
34.94
34.15
35
35.29
34.75
34.5
33.71
33.95
33.61
34.75
34.9
34.87
34.59
34.77
34.7
34
34.11
34.3
34.15
34.1
34.2
35
34.9
35.5
35.5
34.01
34.9
33
31.85
31.83
31.85
31.99
32.98
32
32.65
31.77
32.65
32.21
32.6
32.2
32.41
32.02
32.4
33.9
34.5
35.3
36.68
37.4
36.35
36.5
36.75
36.87
37.01
38
37.8
37.69
37.1
36.2
35.78
35.52
35.5
36.32
37
38.4
38.2
38.2
38.79
38.7
38.99
38
38.39
38.99
39.02
39.19
39
38.29
38.69
39
37.6
37.45
38.99
38
38.21
38.4
