40.37
41.47
41.6
41.35
41.4
41.15
40.65
41.31
40.99
40.7
41.13
39.98
39.65
39.99
40.18
40.16
40.45
40.58
39.51
39.05
39
38.82
37.87
38.21
37.95
38.41
37.77
37.65
37.54
36.98
38
37.6
39.35
39.45
39.65
39.15
39.81
40.45
40.5
40.9
40.5
40.5
40.05
40.2
39.31
37.82
37.98
37.44
37.67
37.72
37.77
37.75
37.64
37.2
37.46
37.61
37.57
36.79
35.75
36.25
36.05
36.07
36.61
36.8
36.67
36.24
35.75
35.78
35.7
37.3
35.02
37
37.05
37.19
36.23
35.8
35.47
37.7
37.25
37.8
36.95
37.49
37.51
38.25
37.8
38.69
38.99
36.6
35.84
35
34.65
33.2
32
33
31.5
31.5
30.45
31.6
32
32
29.9
30.25
31.75
31.8
30.4
31
30.29
29.99
29.2
27.7
27.15
27.31
28.7
27.38
26.96
27.49
26.64
27
26.4
26.25
26.22
28
27.8
28.3
28.94
27.7
27.9
27.46
27.44
27.52
27.4
26.85
26.6
26.61
27
28.3
27.6
27.35
27.8
27.77
28.6
29.2
29
28.6
28.85
29
29
29.5
29.19
29.2
28.8
28.72
28.4
27.98
29
29.38
29.41
30.6
30.86
30
28.5
28.6
28.65
29.25
29
28.3
27.8
28.65
28.18
27.99
27.19
27.25
26.9
27.41
28.13
28.61
28.9
29.01
28.48
27.9
27
27.5
28
29.11
29.1
29.19
29.7
