75
79.21
83.9
89.25
90
90.75
89.9
92.99
94
94.1
93.39
91.5
89.1
90.5
90.9
90.5
91.49
92
96
94.5
94
94
90.5
89
93.5
94
98.55
101
99.5
96
94.5
100
101
107.5
112
111.99
110.9
117
117.15
118
113
110
109
103.5
110
107.6
105
107
106.98
107.1
108
110
115
117.61
118
116
117.99
120
117.9
118
118.01
118
119.7
124
120.02
119.7
118
119.98
116.99
118
116.99
118.2
117.99
114
113.98
114
114
114
115
119.5
127
128.5
128.6
130
127.6
125
127.8
121
123.49
127
122
118.4
117
116
107
107
103
106.89
115
119.99
113
118
119.8
125
119.97
118.1
114
110
110
106
100.99
96
101.53
104.25
106.75
104.61
107.5
110
108
105
104.99
109
116.45
129
123.7
117
119.9
120
120.05
121.2
120
113.57
111.49
107.5
108.15
110
112
110.11
109.1
111
112.99
118.55
122.5
126
117
119.51
124
125.19
120.8
126.5
126.01
124.3
125
124.5
125.5
131.2
129.51
127.9
125
123.05
122
122
123
125.5
127
126
127.59
130.05
132.51
129.5
125
128
126.49
127.91
134.05
132
132
132.5
128.15
127
124.21
119.4
120
125
124
125.9
126
