68
70.2
75.5
81
76.2
77.25
74.5
79.2
84.75
82
84.8
82.3
82
87.5
89.4
93.8
97.4
97.6
96.25
94.6
89.25
93
97
99.4
107
101.6
99.6
104
108.5
115
119
110.01
110
106
103.75
103
106.5
108.3
113.58
116
113.05
112.2
111.1
108.5
105.25
104.8
108
110
108.9
110
114.45
114.7
123.05
129.45
126.5
135
143.1
148
138
143
145.9
148.4
154.1
158.5
163.5
163
150.2
144
134.5
141.5
141
139.5
144
152.1
155
162.5
163.5
160.5
160
160.6
160
159.5
163
178.51
180.5
177
174.9
178
173.01
158
160
153.5
144.1
146.9
133
127
119.01
134
145.03
148.2
135.51
143.5
139
140
130
132.01
128.6
121
124.5
118.9
116.5
120
126.9
128
128
134
131
131.5
130
123.9
127.89
134
139.5
143.46
138.54
137
139.9
140
137.5
139
138
134.47
139.8
142.99
149.88
150.5
146.51
147
149
149.5
149
152
143
140.75
134.6
144
146.07
143.8
142
141.9
134.87
132.5
125.1
118.5
125.52
128
121
120.4
118
116.31
110
114
119.65
120
114.26
109.78
113
38.01
39.8
38.65
38
38
36.4
36.49
37.7
36.3
35.8
35
34.05
32.25
30.5
29.7
27.8
29.95
32.6
35.8
35.05
