67.7
70.6
72.3
71.68
72.7
72.49
72.01
74.2
73.9
74.9
76.3
76.5
74.8
77.89
77.4
77.67
81.7
83.47
84.02
87.51
87
87.3
84.3
82.9
82.4
80
79.4
81.35
84.15
81.48
81.15
82.7
88.7
88.2
86.95
90.2
87.8
84.8
87.6
91.24
90.5
90
87.25
84.4
82.05
79.8
81.4
82.05
83.5
84.85
86.01
86.4
85.8
83.3
84.2
83.3
82.55
80.85
78.7
79.5
78.2
77.51
79
79.4
80.11
80.11
79.16
77.2
75.62
75.32
75
74.95
76.49
79.45
81.95
81.1
80.4
81.25
80.5
79.6
79.7
80.1
80.5
81.05
82.06
81.59
81
80.2
79.39
77.5
77.2
76.99
75.2
75
74
73.8
72.19
74.5
74.53
74.5
71.32
70
72.5
72.1
70.2
68.09
65.01
63.9
63.9
60.6
57.6
59
62.06
61.5
62.05
63.9
62.94
63
63.1
62
61.59
67.01
67.7
70.36
70.5
69
69.2
68.4
67.9
68.41
67.06
64.7
64
62.95
62.41
67.75
66.7
67.1
69.5
70.59
70.9
70.8
72.88
72.8
72
72.5
72.2
73.95
72.2
71.69
69.9
70.55
70
69
71.8
72.3
72.99
71.41
70.51
70.25
69
68.49
67.55
69.98
69.71
70.1
69.51
71.9
72.3
70.89
69.69
70.25
69.85
72.8
73.3
72.3
72.95
73.5
72.39
71.9
70.2
70.21
71.58
71.8
72.48
72.3
71.99
