10.45
10.31
10.28
9.98
10.19
10.17
9.97
10.36
10.03
10.13
10.1
9.94
10
10.1
9.97
9.89
10.03
10.25
9.96
9.85
9.55
9.64
9.36
9.87
10.05
10.15
10.3
10.3
10.52
10.4
11.05
11
11.09
11
10.9
10.5
10.51
10.55
10.61
11.04
11.02
10.93
10.6
10.78
10.9
10.65
10.85
10.62
10.47
10.65
10.7
10.6
10.71
10.55
10.65
10.4
10.3
10.3
9.8
9.9
10
10.2
10.35
10.6
11.09
11.04
10.75
10.5
10.14
10.02
9.87
10.2
10.7
10.88
10.58
10.4
10.3
10.65
10.65
11
10.8
10.7
10.6
10.8
10.5
10.99
10.8
10.35
10.14
10.3
10.2
9.87
9.98
9.85
9.28
8.9
8.95
9.3
9.58
9.3
8.78
8.6
9.25
9.05
8.9
9.25
8.85
9.07
8.84
8.35
8.4
8.3
8.75
8.7
8.45
8.75
8.6
8.69
8.6
8.6
8.57
8.98
8.96
9.1
9.1
8.6
8.58
8.47
8.54
8.25
7.97
7.74
7.7
7.82
7.95
8.4
8.07
8.05
8.29
8.32
8.41
8.5
8.7
8.56
8.43
8.27
8.4
8.5
8.28
8.15
8.07
8.08
8.02
7.98
8.18
8.33
8.32
8.35
8.74
8.43
8.09
8.25
8.17
8.24
8.14
7.93
7.92
8.14
8.17
8.04
7.94
7.97
7.82
7.98
8.09
8.02
8
8.03
7.82
7.45
7.45
7.54
7.53
7.84
7.94
7.93
7.8
