84.05
87.6
88.6
89.21
89.07
88.89
89.5
91.82
92.2
92.51
94
93.55
92.2
94.93
93.9
92.83
95.18
96.21
96.6
96.45
97.8
97.3
94.01
92.4
92.73
90.5
89.1
89.7
87.15
85
85.88
87.8
86.65
86.9
85.81
87.41
87.88
89.5
90.4
89.6
89
88.89
87.28
82.98
82.5
79.9
81.45
82.8
83.95
85.79
84.77
84.9
86.36
85.2
86
86
88.1
88.75
89.06
91.45
93.86
93.51
94.1
93.35
94.09
93.89
93
93
91.41
91.5
91.2
92.06
94.9
94
93.55
96.28
96.14
94.6
92
92.5
96.19
95.24
95.61
96.6
97
98.4
98.05
97.7
96.2
92.5
90.36
88
85.7
86.5
42.69
42
43
45.2
46.39
45.8
44.3
44.04
44.79
44
43.15
42.15
40.2
39.9
39.9
38.41
37.1
37.86
39.6
38.67
38.4
40.5
41.19
41.69
42.25
41.15
42.09
43.69
44.08
45.13
45.2
44.16
43.9
43.72
43.95
44.14
43.68
42.8
42.76
41.3
41.38
43.72
41.96
41.2
42.1
43.12
42.51
42.75
44.01
43.3
43.4
44.17
44.71
45.64
44.9
44.44
43.52
42.95
42
41.3
40.86
41.5
41.5
41.45
41.21
40.48
38.9
39.41
39.51
40.6
40.57
40.49
39.82
41.3
41.79
42.19
41.35
40.88
39.15
39.2
39.9
39.31
39.09
39.59
38.7
37.64
38.39
37.9
37.44
38.44
39.59
40.08
40.32
