0.67128;0.5;0.670139;0.43937;-0.333358;0.379085;-0.254902;0.183007;0.176471;-0.320261;0.0784314;0.405229;0.69281;0.196078;0.928105;0.261438;-0.215686;-0.477124;-0.248366;-0.0196079;-0.281046;0.0915033;0.385621;0.281046;0.0130719;0.0457516;0.27451;-0.117647;-0.875817;0.911982;0.92561;0.914821;0.858785;0.85769;0.863711;0.829776;0.826492;0.847838;0.852764;0.845649;0.869184;0.908046;0.844007;0.851669;0.814997;0.770662;0.864806;0.80405;0.869732;0.845101;0.92173;0.848385;0.840723;0.82266;0.92775;0.789272;0.83908;0.791461;0.789819;0.798577;0.821018;0.844007;0.823207;0.917898;0.824302;+1;0;0;0;+1

0.761245;0.62069;0.621528;0.502362;-0.327993;0.183007;0.379085;-0.254902;0.183007;0.176471;-0.320261;0.0784314;0.405229;0.69281;0.196078;0.928105;0.261438;-0.215686;-0.477124;-0.248366;-0.0196079;-0.281046;0.0915033;0.385621;0.281046;0.0130719;0.0457516;0.27451;-0.117647;0.837024;0.911982;0.92561;0.845649;0.858785;0.85769;0.863711;0.829776;0.826492;0.847838;0.852764;0.845649;0.869184;0.908046;0.844007;0.851669;0.814997;0.770662;0.864806;0.80405;0.869732;0.845101;0.92173;0.848385;0.840723;0.82266;0.92775;0.789272;0.83908;0.791461;0.789819;0.798577;0.821018;0.844007;0.823207;0.917898;+1;0;0;0;+1

0.854671;0.731034;0.857639;0.615748;-0.701105;0.189542;0.183007;0.379085;-0.254902;0.183007;0.176471;-0.320261;0.0784314;0.405229;0.69281;0.196078;0.928105;0.261438;-0.215686;-0.477124;-0.248366;-0.0196079;-0.281046;0.0915033;0.385621;0.281046;0.0130719;0.0457516;0.27451;0.902896;0.837024;0.911982;0.856048;0.845649;0.858785;0.85769;0.863711;0.829776;0.826492;0.847838;0.852764;0.845649;0.869184;0.908046;0.844007;0.851669;0.814997;0.770662;0.864806;0.80405;0.869732;0.845101;0.92173;0.848385;0.840723;0.82266;0.92775;0.789272;0.83908;0.791461;0.789819;0.798577;0.821018;0.844007;0.823207;+1;0;0;0;-1

0.896194;0.67931;0.774306;0.722835;-0.581424;0.0915033;0.189542;0.183007;0.379085;-0.254902;0.183007;0.176471;-0.320261;0.0784314;0.405229;0.69281;0.196078;0.928105;0.261438;-0.215686;-0.477124;-0.248366;-0.0196079;-0.281046;0.0915033;0.385621;0.281046;0.0130719;0.0457516;0.936968;0.902896;0.837024;0.842912;0.856048;0.845649;0.858785;0.85769;0.863711;0.829776;0.826492;0.847838;0.852764;0.845649;0.869184;0.908046;0.844007;0.851669;0.814997;0.770662;0.864806;0.80405;0.869732;0.845101;0.92173;0.848385;0.840723;0.82266;0.92775;0.789272;0.83908;0.791461;0.789819;0.798577;0.821018;0.844007;-1;0;0;0;+1

0.875432;0.644827;0.777778;0.581102;-0.803802;-0.0261438;0.0915033;0.189542;0.183007;0.379085;-0.254902;0.183007;0.176471;-0.320261;0.0784314;0.405229;0.69281;0.196078;0.928105;0.261438;-0.215686;-0.477124;-0.248366;-0.0196079;-0.281046;0.0915033;0.385621;0.281046;0.0130719;0.917093;0.936968;0.902896;0.770662;0.842912;0.856048;0.845649;0.858785;0.85769;0.863711;0.829776;0.826492;0.847838;0.852764;0.845649;0.869184;0.908046;0.844007;0.851669;0.814997;0.770662;0.864806;0.80405;0.869732;0.845101;0.92173;0.848385;0.840723;0.82266;0.92775;0.789272;0.83908;0.791461;0.789819;0.798577;0.821018;-1;0;0;0;-1

0.795848;0.731034;0.8125;0.748032;-0.812851;-0.137255;-0.0261438;0.0915033;0.189542;0.183007;0.379085;-0.254902;0.183007;0.176471;-0.320261;0.0784314;0.405229;0.69281;0.196078;0.928105;0.261438;-0.215686;-0.477124;-0.248366;-0.0196079;-0.281046;0.0915033;0.385621;0.281046;0.914253;0.917093;0.936968;0.834154;0.770662;0.842912;0.856048;0.845649;0.858785;0.85769;0.863711;0.829776;0.826492;0.847838;0.852764;0.845649;0.869184;0.908046;0.844007;0.851669;0.814997;0.770662;0.864806;0.80405;0.869732;0.845101;0.92173;0.848385;0.840723;0.82266;0.92775;0.789272;0.83908;0.791461;0.789819;0.798577;+1;0;0;0;-1

0.816609;0.575862;0.59375;0.51811;-0.509432;0.0522876;-0.137255;-0.0261438;0.0915033;0.189542;0.183007;0.379085;-0.254902;0.183007;0.176471;-0.320261;0.0784314;0.405229;0.69281;0.196078;0.928105;0.261438;-0.215686;-0.477124;-0.248366;-0.0196079;-0.281046;0.0915033;0.385621;0.937535;0.914253;0.917093;0.866995;0.834154;0.770662;0.842912;0.856048;0.845649;0.858785;0.85769;0.863711;0.829776;0.826492;0.847838;0.852764;0.845649;0.869184;0.908046;0.844007;0.851669;0.814997;0.770662;0.864806;0.80405;0.869732;0.845101;0.92173;0.848385;0.840723;0.82266;0.92775;0.789272;0.83908;0.791461;0.789819;-1;0;0;0;-1

0.411765;0.462069;0.451389;0.486614;-0.12292;-0.751634;0.0522876;-0.137255;-0.0261438;0.0915033;0.189542;0.183007;0.379085;-0.254902;0.183007;0.176471;-0.320261;0.0784314;0.405229;0.69281;0.196078;0.928105;0.261438;-0.215686;-0.477124;-0.248366;-0.0196079;-0.281046;0.0915033;0.946621;0.937535;0.914253;0.847838;0.866995;0.834154;0.770662;0.842912;0.856048;0.845649;0.858785;0.85769;0.863711;0.829776;0.826492;0.847838;0.852764;0.845649;0.869184;0.908046;0.844007;0.851669;0.814997;0.770662;0.864806;0.80405;0.869732;0.845101;0.92173;0.848385;0.840723;0.82266;0.92775;0.789272;0.83908;0.791461;+1;0;0;0;+1

0.415225;0.306897;0.395833;0.28189;-0.676308;0.0196078;-0.751634;0.0522876;-0.137255;-0.0261438;0.0915033;0.189542;0.183007;0.379085;-0.254902;0.183007;0.176471;-0.320261;0.0784314;0.405229;0.69281;0.196078;0.928105;0.261438;-0.215686;-0.477124;-0.248366;-0.0196079;-0.281046;0.921068;0.946621;0.937535;0.845101;0.847838;0.866995;0.834154;0.770662;0.842912;0.856048;0.845649;0.858785;0.85769;0.863711;0.829776;0.826492;0.847838;0.852764;0.845649;0.869184;0.908046;0.844007;0.851669;0.814997;0.770662;0.864806;0.80405;0.869732;0.845101;0.92173;0.848385;0.840723;0.82266;0.92775;0.789272;0.83908;-1;0;0;0;+1

0.311419;0.324138;0.395833;0.313386;-0.0745878;-0.183007;0.0196078;-0.751634;0.0522876;-0.137255;-0.0261438;0.0915033;0.189542;0.183007;0.379085;-0.254902;0.183007;0.176471;-0.320261;0.0784314;0.405229;0.69281;0.196078;0.928105;0.261438;-0.215686;-0.477124;-0.248366;-0.0196079;0.8887;0.921068;0.946621;0.867542;0.845101;0.847838;0.866995;0.834154;0.770662;0.842912;0.856048;0.845649;0.858785;0.85769;0.863711;0.829776;0.826492;0.847838;0.852764;0.845649;0.869184;0.908046;0.844007;0.851669;0.814997;0.770662;0.864806;0.80405;0.869732;0.845101;0.92173;0.848385;0.840723;0.82266;0.92775;0.789272;+1;0;0;0;+1

0.425606;0.248276;0.253472;0.140158;-0.709832;0.228758;-0.183007;0.0196078;-0.751634;0.0522876;-0.137255;-0.0261438;0.0915033;0.189542;0.183007;0.379085;-0.254902;0.183007;0.176471;-0.320261;0.0784314;0.405229;0.69281;0.196078;0.928105;0.261438;-0.215686;-0.477124;-0.248366;0.911414;0.8887;0.921068;0.8763;0.867542;0.845101;0.847838;0.866995;0.834154;0.770662;0.842912;0.856048;0.845649;0.858785;0.85769;0.863711;0.829776;0.826492;0.847838;0.852764;0.845649;0.869184;0.908046;0.844007;0.851669;0.814997;0.770662;0.864806;0.80405;0.869732;0.845101;0.92173;0.848385;0.840723;0.82266;0.92775;-1;0;0;0;+1

0.415225;0.351724;0.5;0.36063;-0.591634;-0.00653596;0.228758;-0.183007;0.0196078;-0.751634;0.0522876;-0.137255;-0.0261438;0.0915033;0.189542;0.183007;0.379085;-0.254902;0.183007;0.176471;-0.320261;0.0784314;0.405229;0.69281;0.196078;0.928105;0.261438;-0.215686;-0.477124;0.891539;0.911414;0.8887;0.851669;0.8763;0.867542;0.845101;0.847838;0.866995;0.834154;0.770662;0.842912;0.856048;0.845649;0.858785;0.85769;0.863711;0.829776;0.826492;0.847838;0.852764;0.845649;0.869184;0.908046;0.844007;0.851669;0.814997;0.770662;0.864806;0.80405;0.869732;0.845101;0.92173;0.848385;0.840723;0.82266;-1;0;0;0;+1

0.3391;0.2;0.277778;0.303937;-0.134441;-0.130719;-0.00653596;0.228758;-0.183007;0.0196078;-0.751634;0.0522876;-0.137255;-0.0261438;0.0915033;0.189542;0.183007;0.379085;-0.254902;0.183007;0.176471;-0.320261;0.0784314;0.405229;0.69281;0.196078;0.928105;0.261438;-0.215686;0.871664;0.891539;0.911414;0.820471;0.851669;0.8763;0.867542;0.845101;0.847838;0.866995;0.834154;0.770662;0.842912;0.856048;0.845649;0.858785;0.85769;0.863711;0.829776;0.826492;0.847838;0.852764;0.845649;0.869184;0.908046;0.844007;0.851669;0.814997;0.770662;0.864806;0.80405;0.869732;0.845101;0.92173;0.848385;0.840723;-1;0;0;0;-1

0.297578;0.206896;0.319445;0.2;-0.551583;-0.0653595;-0.130719;-0.00653596;0.228758;-0.183007;0.0196078;-0.751634;0.0522876;-0.137255;-0.0261438;0.0915033;0.189542;0.183007;0.379085;-0.254902;0.183007;0.176471;-0.320261;0.0784314;0.405229;0.69281;0.196078;0.928105;0.261438;0.894378;0.871664;0.891539;0.842365;0.820471;0.851669;0.8763;0.867542;0.845101;0.847838;0.866995;0.834154;0.770662;0.842912;0.856048;0.845649;0.858785;0.85769;0.863711;0.829776;0.826492;0.847838;0.852764;0.845649;0.869184;0.908046;0.844007;0.851669;0.814997;0.770662;0.864806;0.80405;0.869732;0.845101;0.92173;0.848385;-1;0;0;0;-1

0.173011;0.048276;0.138889;0.114961;-0.451334;-0.222222;-0.0653595;-0.130719;-0.00653596;0.228758;-0.183007;0.0196078;-0.751634;0.0522876;-0.137255;-0.0261438;0.0915033;0.189542;0.183007;0.379085;-0.254902;0.183007;0.176471;-0.320261;0.0784314;0.405229;0.69281;0.196078;0.928105;0.935832;0.894378;0.871664;0.823207;0.842365;0.820471;0.851669;0.8763;0.867542;0.845101;0.847838;0.866995;0.834154;0.770662;0.842912;0.856048;0.845649;0.858785;0.85769;0.863711;0.829776;0.826492;0.847838;0.852764;0.845649;0.869184;0.908046;0.844007;0.851669;0.814997;0.770662;0.864806;0.80405;0.869732;0.845101;0.92173;-1;0;0;0;-1

0.0311422;0.0896549;0.0624998;0.140158;-0.628817;-0.254902;-0.222222;-0.0653595;-0.130719;-0.00653596;0.228758;-0.183007;0.0196078;-0.751634;0.0522876;-0.137255;-0.0261438;0.0915033;0.189542;0.183007;0.379085;-0.254902;0.183007;0.176471;-0.320261;0.0784314;0.405229;0.69281;0.196078;0.993754;0.935832;0.894378;0.80405;0.823207;0.842365;0.820471;0.851669;0.8763;0.867542;0.845101;0.847838;0.866995;0.834154;0.770662;0.842912;0.856048;0.845649;0.858785;0.85769;0.863711;0.829776;0.826492;0.847838;0.852764;0.845649;0.869184;0.908046;0.844007;0.851669;0.814997;0.770662;0.864806;0.80405;0.869732;0.845101;-1;0;0;0;-1

-0.00345996;-0.189655;-0.0937498;-0.190551;-0.477268;-0.0522876;-0.254902;-0.222222;-0.0653595;-0.130719;-0.00653596;0.228758;-0.183007;0.0196078;-0.751634;0.0522876;-0.137255;-0.0261438;0.0915033;0.189542;0.183007;0.379085;-0.254902;0.183007;0.176471;-0.320261;0.0784314;0.405229;0.69281;0.930153;0.993754;0.935832;0.825944;0.80405;0.823207;0.842365;0.820471;0.851669;0.8763;0.867542;0.845101;0.847838;0.866995;0.834154;0.770662;0.842912;0.856048;0.845649;0.858785;0.85769;0.863711;0.829776;0.826492;0.847838;0.852764;0.845649;0.869184;0.908046;0.844007;0.851669;0.814997;0.770662;0.864806;0.80405;0.869732;-1;0;0;0;-1

-0.224914;-0.1;-0.173611;-0.206299;-0.0657124;-0.405229;-0.0522876;-0.254902;-0.222222;-0.0653595;-0.130719;-0.00653596;0.228758;-0.183007;0.0196078;-0.751634;0.0522876;-0.137255;-0.0261438;0.0915033;0.189542;0.183007;0.379085;-0.254902;0.183007;0.176471;-0.320261;0.0784314;0.405229;0.973311;0.930153;0.993754;0.8659;0.825944;0.80405;0.823207;0.842365;0.820471;0.851669;0.8763;0.867542;0.845101;0.847838;0.866995;0.834154;0.770662;0.842912;0.856048;0.845649;0.858785;0.85769;0.863711;0.829776;0.826492;0.847838;0.852764;0.845649;0.869184;0.908046;0.844007;0.851669;0.814997;0.770662;0.864806;0.80405;-1;0;0;0;-1

-0.33218;-0.362069;-0.284722;-0.209449;-0.43472;-0.189543;-0.405229;-0.0522876;-0.254902;-0.222222;-0.0653595;-0.130719;-0.00653596;0.228758;-0.183007;0.0196078;-0.751634;0.0522876;-0.137255;-0.0261438;0.0915033;0.189542;0.183007;0.379085;-0.254902;0.183007;0.176471;-0.320261;0.0784314;0.948325;0.973311;0.930153;0.92173;0.8659;0.825944;0.80405;0.823207;0.842365;0.820471;0.851669;0.8763;0.867542;0.845101;0.847838;0.866995;0.834154;0.770662;0.842912;0.856048;0.845649;0.858785;0.85769;0.863711;0.829776;0.826492;0.847838;0.852764;0.845649;0.869184;0.908046;0.844007;0.851669;0.814997;0.770662;0.864806;+1;0;0;0;-1

-0.211073;-0.37931;-0.284722;-0.300787;-0.745284;0.24183;-0.189543;-0.405229;-0.0522876;-0.254902;-0.222222;-0.0653595;-0.130719;-0.00653596;0.228758;-0.183007;0.0196078;-0.751634;0.0522876;-0.137255;-0.0261438;0.0915033;0.189542;0.183007;0.379085;-0.254902;0.183007;0.176471;-0.320261;0.919932;0.948325;0.973311;0.860427;0.92173;0.8659;0.825944;0.80405;0.823207;0.842365;0.820471;0.851669;0.8763;0.867542;0.845101;0.847838;0.866995;0.834154;0.770662;0.842912;0.856048;0.845649;0.858785;0.85769;0.863711;0.829776;0.826492;0.847838;0.852764;0.845649;0.869184;0.908046;0.844007;0.851669;0.814997;0.770662;-1;0;0;0;+1

-0.304498;-0.448276;-0.267361;-0.332283;-0.876561;-0.163399;0.24183;-0.189543;-0.405229;-0.0522876;-0.254902;-0.222222;-0.0653595;-0.130719;-0.00653596;0.228758;-0.183007;0.0196078;-0.751634;0.0522876;-0.137255;-0.0261438;0.0915033;0.189542;0.183007;0.379085;-0.254902;0.183007;0.176471;0.885292;0.919932;0.948325;0.902025;0.860427;0.92173;0.8659;0.825944;0.80405;0.823207;0.842365;0.820471;0.851669;0.8763;0.867542;0.845101;0.847838;0.866995;0.834154;0.770662;0.842912;0.856048;0.845649;0.858785;0.85769;0.863711;0.829776;0.826492;0.847838;0.852764;0.845649;0.869184;0.908046;0.844007;0.851669;0.814997;-1;0;0;0;-1

-0.33218;-0.434482;-0.333333;-0.379527;-0.599174;-0.0392157;-0.163399;0.24183;-0.189543;-0.405229;-0.0522876;-0.254902;-0.222222;-0.0653595;-0.130719;-0.00653596;0.228758;-0.183007;0.0196078;-0.751634;0.0522876;-0.137255;-0.0261438;0.0915033;0.189542;0.183007;0.379085;-0.254902;0.183007;0.92845;0.885292;0.919932;0.877942;0.902025;0.860427;0.92173;0.8659;0.825944;0.80405;0.823207;0.842365;0.820471;0.851669;0.8763;0.867542;0.845101;0.847838;0.866995;0.834154;0.770662;0.842912;0.856048;0.845649;0.858785;0.85769;0.863711;0.829776;0.826492;0.847838;0.852764;0.845649;0.869184;0.908046;0.844007;0.851669;-1;0;0;0;-1

