10.005;10.198;9.901;9.93;5290
10.3;10.4;9.85;9.93;15430
10.4;10.4;10.2;10.2;5180
10.8;10.995;10.44;10.44;15880
11.3;11.4;10.5;10.85;47100
11.1;11.5;11.05;11.44;15810
10.85;11.199;10.8;11.199;6800
11.18;11.395;11;11;9770
11.39;11.4;11.2;11.4;12870
11.55;11.6;11.3;11.39;11200
11.475;11.5;11.111;11.5;5860
11.35;11.5;11.35;11.45;14100
11.299;11.299;10.6;11.109;10540
11.6;11.9;11.35;11.35;6400
11.901;12.103;11.6;11.6;10430
12.07;12.1;11.821;12;10550
12.3;12.543;12.1;12.1;8620
12.6;12.7;12;12.299;24630
12.51;12.75;12.4;12.7;8200
12.175;12.45;12.175;12.4;3050
11.989;12.2;11.82;12.2;7510
11.825;12.25;11.8;12.2;26790
11.799;12;11.55;11.601;27420
11.579;11.9;11.41;11.9;26610
11.5;11.69;11.3;11.69;16790
11.36;11.5;11.36;11.5;13870
11.599;11.65;11.36;11.4;14390
11.7;11.8;11.599;11.7;8450
12.35;12.4;11.88;11.9;10740
12.83;13.099;12.3;12.3;10030
13.39;13.4;12.89;12.89;27130
12.75;13.2;12.75;13.2;15800
12.66;12.95;12.6;12.95;6070
12;12.6;12;12.6;13810
12.2;12.27;11.9;12.15;7070
12.199;12.349;12.101;12.101;9040
12;12.7;12;12.201;12330
11.7;12;11.42;12;29230
11.65;11.99;11.6;11.9;20030
12.32;12.5;11.65;11.65;14670
12.5;12.65;12.35;12.4;5850
13.4;13.7;12.3;12.5;27370
13.098;14;12.85;13.55;8610
12.67;12.9;12.4;12.9;8520
12.8;12.958;11.9;12.43;12120
12.4;13.11;12.1;13;4530
12.35;12.75;12.01;12.5;14290
12.4;12.59;12.201;12.4;9700
12.39;12.59;12.25;12.3;7780
12.449;12.598;12.356;12.39;4110
13.3;13.3;12.449;12.6;15940
12.9;13.4;12.802;13.2;21390
13.2;13.35;12.979;13;10620
13.25;13.35;12.95;13.2;5080
13.701;13.944;13.1;13.1;11170
14.15;14.5;13.95;14.5;46680
13.99;14.24;13.855;14.15;17760
13.898;13.9;13.7;13.712;4410
13.7;14;13.7;13.7;6230
13.55;13.7;13.2;13.7;15560
13.65;14.002;13.65;13.7;11700
13.4;13.98;13.3;13.7;21390
13.4;13.6;13.21;13.5;16570
13.189;13.5;13;13.5;26660
13.2;13.3;12.999;13.1;20330
13.25;13.32;13.099;13.2;13950
13.2;13.25;13.101;13.25;17430
13.299;13.5;13.1;13.299;7480
13.261;13.39;13.2;13.3;8510
13.148;13.38;13.005;13.26;4610
13.3;13.501;13.1;13.1;7020
13.295;13.4;13.2;13.3;1800
13.3;13.45;13.2;13.295;11730
13.125;13.25;13.05;13.25;4710
13.1;13.38;12.891;13.05;20710
13;13.05;12.849;13.05;13460
12.905;13.1;12.8;13;18730
13.5;13.5;12.9;12.9;50060
13.4;13.699;13.3;13.4;17530
13.201;13.448;13.15;13.448;10720
13.35;13.4;13.15;13.15;34720
14.25;14.39;13.35;13.35;31360
15;15.3;14.25;14.25;56630
15.55;15.601;15.07;15.2;32020
15.5;16.2;15.251;15.7;11410
15.35;15.8;15.252;15.6;15430
15.998;16.3;15.361;15.49;33650
16.51;16.7;16.1;16.3;25000
15.75;16.3;15.425;16.3;28830
15;15.4;14.8;15.28;26260
15.3;15.8;14.881;15.442;19710
15.1;15.25;14.8;15.197;18320
15.15;15.4;14.81;15.4;6050
15.05;15.5;14.82;15.15;38630
14.599;14.61;13.9;14.61;81160
14.485;14.739;13.999;14.6;41650
13.885;14.15;13.001;14.101;44460
14.41;14.54;13.8;14.05;21700
14.7;14.939;14.311;14.7;28530
14.999;15.2;14.749;15;10850
14.8;14.999;14.215;14.95;25330
14.75;15.3;14.3;14.65;112020
15.2;15.5;14.7;14.7;40770
15.6;15.701;15.301;15.301;12010
15.15;15.556;14.901;15.51;9400
14.999;15.341;14.661;15;10140
14.71;15.1;14.698;14.76;6500
13.8;14.5;13.64;14.5;16200
14.5;14.5;14;14;7070
13.78;14.5;13.56;14.5;10060
13.9;14;13.41;14;8110
13.4;14.011;12.801;13.9;14180
13.6;13.9;13.33;13.7;8190
12.901;13.8;12.81;13.8;13400
13.5;13.5;12.79;13.05;18330
14.1;14.3;13.3;13.35;33180
14;14.25;13.7;14.25;15090
14.1;14.629;13.8;13.9;9090
14.17;14.3;14;14.09;9360
13.999;14.288;13.951;14.288;8510
14;14.1;13.5;14.1;19080
14.475;14.475;13.6;14.099;26370
14.69;14.725;14.4;14.55;8200
15.249;15.249;14.852;15.125;4480
15.25;15.25;14.81;15.239;5090
14.6;15.05;14.21;15.04;14380
14.909;15.2;14.6;14.799;11920
14.6;14.999;14.401;14.999;5330
14.649;14.75;14.4;14.55;13180
14.397;14.599;14.22;14.401;16240
14.25;14.5;13.97;14.38;8030
13.986;14.199;13.571;14;8110
13.93;14.3;13.52;14;5480
13.8;14;13.551;13.8;5270
13.6;13.85;13.462;13.85;11380
13.95;14.389;13.421;13.605;9980
13.9;14.05;13.6;14.05;8820
13.9;14;13.75;14;7260
14.5;14.5;14;14;8750
14.5;14.669;14.3;14.58;9700
14.7;14.7;14.38;14.5;22900
14.999;15.19;14.737;14.737;30680
14.78;15.199;14.78;15.199;7370
14.78;14.801;14.6;14.78;11240
14.83;14.969;14.5;14.65;8920
14.751;15.04;14.71;14.899;13160
14.81;14.97;14.6;14.849;30650
14.65;15;14.5;14.995;8630
14.65;14.75;14.5;14.5;4690
14.799;15.09;14.599;14.65;13390
14.7;15;14.7;14.95;6630
15.8;16;14.7;14.7;35590
16.225;16.7;15.45;15.89;22700
15.949;16.5;15.915;15.95;10950
16.81;16.969;16;16.1;25760
17.81;18.04;16.95;16.951;62330
17.6;18.29;17.18;17.85;16150
17.71;17.71;17.3;17.4;15550
17.44;18;17.44;17.6;36510
16.864;17.599;16.864;17.599;49200
16.6;17;16.5;16.7;18470
16.55;16.75;16.23;16.75;28210
17.15;17.15;16.45;16.499;30870
17.9;17.9;16.95;16.95;18930
17.9;18.199;17.8;17.948;27460
18.15;18.385;17.15;17.9;28980
17.999;18.97;17.999;18.02;73220
17.41;18.15;17.366;18;90280
18.05;18.101;17.379;17.5;16190
17.39;17.99;17.3;17.949;22330
17.4;17.87;17.2;17.2;15688
17.65;18;17.4;17.4;6627
17.4;17.85;16.8;17.85;8710
17.75;17.94;17.07;17.3;11544
17.88;17.93;17.65;17.7;17695
17.55;17.99;17.19;17.94;16667
17.75;17.8;17.5;17.55;7172
18.1;18.1;17.56;17.75;5722
17.6;18.08;17.31;18.07;16311
16.86;17.8;16.51;17.7;21796
16.2;17.08;15.8;17.07;36380
16.2;16.33;15.58;16.3;39428
16.2;16.4;16.1;16.2;10091
16.75;16.98;16.35;16.44;32727
17;17.18;16.5;17;7941
17;17.18;16.69;16.9;7181
16.9;17;16.45;16.81;10939
17.5;17.63;17.07;17.19;13653
17.3;17.51;17.1;17.48;19306
17.3;17.59;16.82;17.4;35964
17.23;17.64;17.2;17.64;30028
17.15;17.18;16.67;17.18;13327
17.84;17.84;16.85;16.95;16053
17.59;17.9;17.4;17.85;12097
16.8;17.4;16.75;17.4;12514
17.04;17.28;16.81;17.2;28255
17.5;17.51;16.5;17.05;28808
17.35;17.49;17.05;17.15;10311
17.49;17.61;17.1;17.39;20177
17.66;17.8;17.17;17.5;9225
17.46;17.75;17.25;17.5;6949
17.48;17.68;17.17;17.22;5774
17.54;17.75;17.3;17.48;13487
18.35;18.35;17.35;17.5;14870
18.65;18.95;18.25;18.37;29391
18.55;18.72;17.9;18.72;15461
18.3;18.4;17.9;18.4;10585
18.7;18.83;18.08;18.3;18085
18.93;19.41;18.75;18.85;34795
19.4;19.5;18.73;19.05;14296
19.98;20.2;19.02;19.42;47093
19.59;19.96;19.55;19.7;34144
19.6;19.75;19.11;19.52;16142
20;20.65;19.55;19.89;27192
19.75;20.2;19.27;20;9844
20.3;20.35;19.3;19.89;17910
20.55;21;20.3;20.74;40463
20.25;20.79;19.6;20.79;26778
20;20.21;19.69;20.21;12906
19.65;20.2;19.6;20;19937
19.5;19.98;19.4;19.98;31278
19.89;20.03;19.81;19.85;14666
19.67;19.95;19.41;19.95;7997
19.25;19.71;18.91;19.67;15749
18.95;19.35;18.82;19.1;12076
19.1;19.58;19.07;19.29;18754
19.15;19.4;18.8;19.21;12126
18.95;19.45;18.51;19.4;13887
19.55;19.59;18.7;18.95;14369
19.7;19.95;19.6;19.66;17138
19.75;19.97;19.47;19.9;13459
19.85;20;19.59;19.94;11839
19.65;19.87;19.4;19.7;11586
19.8;19.9;19.55;19.8;8648
20;20.21;19.65;19.8;33934
20;20.15;19.8;20.01;20315
20.1;20.22;20;20.09;27360
20.5;20.7;20.11;20.4;20788
20.43;20.59;20.35;20.5;14409
20.79;20.79;20.15;20.29;16646
20.49;20.98;20.21;20.8;13253
20.68;20.71;20.33;20.33;24436
20.6;20.78;20.12;20.69;5339
21;21.4;20.75;20.8;8518
21.75;22;21.18;21.18;28223
22.17;22.49;21.57;21.79;19011
22.4;22.55;22.15;22.29;11303
22.55;22.98;22.1;22.35;18150
22.01;22.5;21.52;22.4;21211
21.95;23;20.84;21.95;30090
21.97;22;21.45;21.7;17362
21.7;22.3;20.7;21.97;22733
21.1;21.48;20.61;21;22257
21.75;21.97;21;21.02;28440
21.95;22.07;21.5;21.75;10024
21.99;22.49;21.82;22;6271
21.85;22.16;21.55;22.09;5479
21.99;22.4;21.77;21.9;16221
21.9;22.66;21.62;22.09;16976
22.55;22.68;21.75;21.75;21081
22.77;22.9;22.25;22.58;20523
23.4;23.74;22.41;22.6;24603
23.8;24.25;23.35;23.5;33003
23.1;23.85;22.79;23.8;27513
22.9;23.4;22.4;23.4;13695
23;23.4;22.76;23;19400
23;23.45;22.55;23.39;22135
23.25;23.94;23.05;23.3;16462
23.1;23.69;22.64;23.59;23008
23;23.8;22.91;23.1;15257
23;23.4;22.82;23.27;12927
23.4;23.67;22.9;23.2;21721
24;24;23;23.01;39083
24.6;25.35;24.1;24.1;33493
24.4;24.9;24.26;24.6;17813
24.87;24.9;24.2;24.62;23318
25.19;25.3;24.5;24.9;28251
25.85;26.07;24.8;25.11;11399
25.9;25.91;25.01;25.8;16781
27;27.04;25;25.89;28806
27.3;28;26.62;26.88;25503
26.35;27.3;26.04;27.3;37636
26.34;26.87;26.01;26.38;26464
24.4;25.62;23.5;24.8;51866
24.35;25.5;24.1;25.5;47019
25;25.14;23.2;23.35;40812
23.5;25;23.5;24.85;40298
22.6;23.48;22.49;23;22312
24.15;24.42;23.35;23.64;19038
23.51;24;23.51;24;15363
24.05;24.49;24;24.21;18706
25.3;25.64;24.38;24.45;52373
25.1;25.58;24.52;25.49;23053
24.24;25.1;23.8;24.95;20285
24.2;24.66;23.2;23.8;24346
23.95;24.7;23.95;24.2;17367
23.36;24.3;23.36;24.3;10629
23.7;24.05;23.6;23.88;13607
23.99;24.06;23.85;23.9;13773
24.94;25.1;23.92;24.29;42605
25.25;25.5;25.03;25.25;33996
25.39;25.81;24.75;25.24;20980
25;25.68;24.84;25.45;12240
24.31;25.05;24.31;25.05;13030
23.94;24.32;23.71;24.32;11549
24.3;24.45;23.95;24.17;14432
24.98;25;24.11;24.35;17684
24.9;25.05;24.51;25.01;8653
25.25;25.4;24.99;25.15;14317
25.5;25.6;25.1;25.34;13212
25.54;25.66;25.25;25.45;9342
25.78;25.99;25.65;25.7;10911
25.69;25.87;25.56;25.75;15847
25.4;25.8;24.68;25.55;10370
25.2;25.29;24.75;25.29;10273
25.1;25.43;24.88;25.26;12088
25.29;25.54;25.11;25.3;14401
25.24;25.54;25;25.31;17952
24.85;25.44;24.81;25.2;24055
24.55;24.7;24.24;24.7;31028
25.76;26.29;24.89;24.89;54710
25.87;26.19;25.52;25.76;23496
25.76;26;25.3;25.98;15545
25.8;26.1;25.76;25.76;14098
25.35;25.95;25.2;25.95;12087
24.61;24.95;24.36;24.95;40136
23.72;24.92;23.72;24.87;29961
24.55;24.77;24.08;24.09;31499
24.4;25;24.21;25;18991
24.7;24.79;24.5;24.72;18543
25.2;25.35;24.37;24.75;15187
25.1;25.2;24.72;25;11920
25.35;25.44;24.81;25.11;22673
24.5;25.28;24.3;25.28;22550
25;25.15;24.4;24.8;26099
25;25.1;24.65;25;11570
25.2;25.55;24.6;24.82;22456
25.64;25.64;24.9;25.4;23276
25.41;25.72;25.3;25.49;12786
25.11;25.65;24.99;25.48;15395
25.02;25.34;24.81;25.22;13297
25.02;25.21;24.7;25;18391
24.73;25.38;24.7;25.15;17407
24.16;24.85;24.01;24.8;13726
24.85;24.94;24.37;24.37;7571
24.81;25.05;24.67;24.9;4235
24.6;25.24;24.3;24.98;18517
24.8;24.83;24.01;24.27;16532
24.78;24.95;24.26;24.9;12387
24.65;24.88;24.52;24.52;20092
24.5;24.58;24.3;24.5;18851
24.85;24.95;24.11;24.54;14444
24.23;24.69;23.91;24.43;19849
24;24.27;23.26;23.69;33800
24.09;24.35;23.76;24.2;15341
23.6;24;23.36;24;20549
24.25;24.6;23.34;23.78;30533
24.5;24.75;24.21;24.35;31279
25.33;25.5;24.6;24.65;34824
25.62;25.74;25.22;25.4;23723
25.43;25.74;25.32;25.58;14154
25.3;25.58;24.81;25.58;28966
25.19;25.65;24.83;25.3;19125
24.98;25.35;24.75;25.35;10769
24.93;25.04;24.5;24.99;16905
24.71;25.17;24.71;24.98;96126
25;25;24.31;24.5;19419
25.82;25.95;25;25.09;47944
26.4;26.5;25.75;25.99;30475
26.85;27.71;26.35;26.4;29616
27.02;27.27;26.4;27.05;15853
27;27.46;26.47;27;16167
27.11;27.2;26.61;26.99;17161
27.55;27.7;26.75;27;16445
27.05;28;26.82;27.65;31153
26.9;27.3;26.35;27.05;24217
27.1;27.38;26.55;26.95;18304
26.9;27.1;26.56;27.1;13318
26.74;26.9;26.61;26.74;16787
27.6;27.6;26.68;26.7;15592
28;28;27;27.2;13508
28.8;29.12;28.06;28.06;26890
28.7;29.05;27.49;29.05;15815
28.56;29;28.3;28.5;12171
27.7;28.56;27.5;28.54;17366
27.67;28.11;26.66;27.85;17427
26.69;27;26.05;27;22839
25.4;27;25.4;26.1;19423
25.51;26;25.4;25.95;26229
25.6;26.16;25.2;25.88;84143
26;26.05;25.1;25.35;14405
25.22;26.4;25.2;26.2;16002
24.4;25.6;23.1;25.4;16865
24.5;24.85;23.1;24.5;19562
25.85;26.1;24.43;24.79;13997
27.05;27.4;26.12;26.2;15717
25.69;26.65;25.59;25.8;26548
24.88;25.1;24.3;25.01;21781
23.99;25.4;23.99;25.32;18425
23.85;24.52;23.22;24.25;22264
22.9;24.59;22.51;23.4;36519
22.99;22.99;20.51;21.8;48467
22.8;23.8;21.7;23.8;69616
23.3;23.49;22.8;23.49;27030
22.8;23.9;22.78;23.3;19351
22.77;23.27;22.5;23.15;51270
22.5;23.14;21.8;23.05;43781
23.6;23.6;22.12;22.25;43292
23.6;23.89;23.15;23.71;16898
22.85;23.55;22.4;23.37;24656
22.81;23.1;22.4;22.98;30706
22.4;23.05;21.95;22.64;37848
22.7;23.11;22.16;22.84;49443
22.8;23.11;22.56;23;11555
23;23.14;22.6;22.9;22311
22.7;22.9;22.35;22.59;14410
22.39;22.95;21.99;22.7;29398
21.35;21.9;21.05;21.8;36832
22.6;22.6;21.5;21.65;23312
23;23;22.2;22.5;25620
23.64;23.85;22.91;22.96;26770
22.9;23.97;22.66;22.99;23430
22.82;23.15;22.6;22.83;16477
24;24.89;22.92;23.02;45871
24.95;25.3;24.37;24.37;52375
25;25.55;24.81;25.1;33180
25.7;25.7;25.06;25.06;33611
25.6;25.9;24.98;25.65;20642
25.5;25.5;25.05;25.37;28848
25.5;25.85;25.36;25.6;26554
26.19;26.19;25.21;25.64;33760
26.1;26.17;25.3;25.99;24122
26.51;26.85;25.31;25.31;23533
26;26.55;25.1;26.55;25602
25.15;25.77;24.92;25.77;19822
26.25;26.25;25.05;25.39;21252
26.99;26.99;26.23;26.46;26807
26.52;26.94;26.51;26.9;15794
27.35;27.35;26.16;26.89;23717
26.6;27.3;26.6;27.3;35829
25.66;27;25.32;26.99;14365
25.79;26.19;25.18;25.91;24564
26.03;26.19;25.21;25.4;18034
26.85;26.98;25.91;26;30078
27.1;28.03;26.06;26.57;21012
26.8;27.18;26.5;27.1;19199
27.3;27.3;26.01;26.38;16903
27.45;27.89;26.75;27.5;20783
27.85;28;26.7;27.06;18589
27.21;27.91;26.93;27.91;25999
27.59;28.3;27.1;27.5;24072
27.78;28.39;27.35;27.99;23310
26.8;27.78;26.7;27.55;26418
27.5;27.85;26.75;27.09;17819
26.4;27.05;26.21;26.85;25679
25.8;26.13;25.26;26.13;29950
25.65;26.19;25.65;26.15;20438
24.8;25.85;24.21;25.8;54251
23.38;25.2;23.1;25.2;55286
23.9;24.25;22.01;23.45;61698
22.9;24.1;22.71;23.31;22557
23.46;23.7;22.4;23.2;34401
24.5;24.59;23.31;23.61;30465
23.89;24.67;23.65;24.23;27585
22.2;24;22.2;23.8;32243
22.49;22.49;20.9;21.8;31635
22.94;22.99;21.84;22.38;16239
21.9;23;21.84;23;20894
21.6;22;21.05;22;23549
21.5;21.87;20.58;21.11;39468
21.7;22.2;21.55;21.9;44607
22.7;22.79;21.55;21.79;36047
23.46;23.95;23.03;23.06;29867
22.93;23.78;22.7;23.61;13209
23.5;23.68;22.4;22.75;18217
24;24.38;23.65;23.65;29386
24.09;24.27;23.7;24.12;24818
23.7;24.1;23.1;24.1;23988
23.25;23.83;23.02;23.8;24383
22.8;23.48;22.6;23.31;22632
22.3;23.62;22.06;22.9;27652
21.4;22.01;21.11;22.01;40647
21.2;21.55;20.76;21.55;28715
20.2;21.13;19.71;20.9;27926
21.7;21.81;20.3;20.55;33848
22.3;22.5;21.01;21.64;31293
21.49;22.62;21.45;22.35;20669
21.75;22.3;21.5;21.9;13260
21.68;22;21.56;22;10260
22.2;22.2;21.5;21.89;14017
23.04;23.5;21.8;22.2;30111
23.29;23.7;22.7;22.89;22510
22.95;23.21;22.46;23.15;19909
22.6;23.29;21.39;23;26148
22.5;22.75;21.67;22.61;27931
22.9;23.4;22.22;22.9;25008
22.58;22.99;21.8;22.7;28358
22.2;22.5;22;22.3;20756
21.7;22.01;21.44;21.86;17802
21.15;22.1;21;21.69;17026
20.3;21.15;20.3;20.9;20240
19.4;20.35;19.12;20;29177
19.19;20.14;18.64;19.73;28049
19.85;20.07;19.07;19.35;21133
19.29;19.47;18.14;18.49;24101
19.8;20.51;18.67;19.2;35347
18.5;19.4;17.92;19.4;49744
18.89;19.25;18.32;19.2;56104
18.9;18.97;18.15;18.5;38631
19.49;19.54;18.99;19.31;38735
19.1;19.4;18.75;19.15;26401
19;19.15;18.25;18.63;29549
19.45;19.75;18.98;19.3;18458
19.45;19.68;18.92;18.92;28671
19.3;19.55;18.9;19.24;30109
19.5;19.59;19.12;19.5;17501
19.74;19.94;19.33;19.73;26295
20.75;21.47;19.88;19.88;63632
21.5;21.9;20.18;20.86;44908
20.41;21.95;20.34;21.68;35079
20.4;20.75;19.81;20.24;10924
20.95;21.11;20.71;20.71;10680
20.69;21.35;20.69;21.22;16542
21.4;21.5;20.14;20.26;18259
22.1;22.35;21.67;21.7;23521
22.45;22.45;21.7;22.1;18887
21.69;22.4;21.5;22.3;17749
21.06;21.69;21.01;21.69;28600
20.45;21.2;20.35;20.88;19752
19.84;20.8;19.84;20.66;24966
19;19.59;18.8;19.59;53754
19.5;19.69;18.94;19.08;51167
19.15;19.63;18.98;19.59;48599
19;19.48;18.8;19.4;36528
18.36;18.98;18.12;18.94;37233
17.85;18.23;17.55;18.15;61210
17;18;16.87;17.95;39384
17.4;17.5;16.21;17.5;78108
18.29;18.29;17.54;17.59;104795
18.7;18.7;17.61;17.8;46692
18.88;19.1;17.55;18.77;52593
18.95;18.95;17.98;17.99;26018
19.85;19.9;18.8;19.11;49757
19;19.96;18.81;19.74;18590
18.17;18.77;17.95;18.75;23749
18.45;18.5;18.01;18.33;18434
18.16;18.9;18.12;18.69;31288
18.21;18.5;18.05;18.5;16524
18.24;18.45;18.03;18.2;30717
18.2;18.35;17.6;18.2;15547
17.7;18.19;17.5;18.15;37041
18.25;18.35;17.85;18.1;56962
18.49;18.65;18.2;18.4;72680
18.59;18.9;18.25;18.3;22389
18.9;18.94;18.35;18.7;17187
19.6;19.72;18.7;18.95;32261
19.8;20.06;19.2;19.28;33779
19.9;19.99;19.4;19.7;52980
19.6;20.37;19.6;19.84;20440
18.9;19.6;18.86;19.47;17717
18.6;18.88;18.3;18.85;15680
18.65;19.14;18.34;18.83;12470
19.11;19.3;18.33;19;53375
18.55;19.15;18.5;18.76;22108
18.78;18.83;18.5;18.77;13891
19.07;19.18;18.51;18.7;37662
19.6;19.7;18.72;18.72;36149
20.15;20.22;19.4;19.59;26869
20.42;20.55;19.6;20.48;30305
20.37;20.42;20;20.4;33191
20.17;20.43;19.95;20;15296
21.7;22.1;20.05;20.2;43003
22.76;24.17;22.3;22.4;69478
23.19;23.39;22.48;22.9;37053
22.74;23.32;22.26;23.23;22847
22.59;22.95;21.85;22.8;21548
23.4;23.59;22.24;22.4;37833
23.05;23.37;22.8;23;32166
23.5;23.5;22.8;23.1;20427
24.05;24.15;23.59;24;44965
23.9;24.38;23.85;23.9;28920
23.9;24.1;23.3;23.86;19222
23.41;24.07;23.2;23.9;21095
23.5;23.6;22.86;23.34;22050
23.08;23.37;22.9;23.3;15454
23;23.3;22.5;23.12;13786
22.98;22.98;22.13;22.4;13165
22.33;22.85;22.21;22.72;12293
22.64;22.65;21.91;22.29;25920
23.4;23.75;22.4;22.75;33190
23.7;24.38;23.29;23.41;36092
24.23;24.23;23.06;24.01;21322
