50.45;50.45;49.76;50;51224
48.7;50.4;48.01;50.16;99493
47.65;48.75;47.4;48.5;105301
46.19;47.99;45.1;47.2;124320
46.59;47.14;45.8;46.5;97201
45.52;46.39;44.61;45.97;129418
45.25;45.26;44.3;44.51;104972
45.21;46.43;44.76;44.9;119204
45.15;45.61;44.8;45.3;106040
44.89;45.85;44.89;45.61;69786
44.2;44.66;44;44.53;87945
44.06;44.5;43.6;44.25;111494
43.35;44.75;43.2;44.48;126271
45.18;45.18;43.55;43.73;93541
45.25;45.79;44.83;45.5;76389
46.7;46.8;45.12;45.3;88946
47.1;47.21;46.05;46.9;83799
46.5;46.61;46.04;46.21;58954
45.27;46.5;45.27;46.5;44538
46.31;46.5;45.11;45.5;84272
46.87;46.87;45.72;46.1;91637
46.74;47.26;46.57;47.19;72722
47.3;47.45;46.45;46.79;79034
47;47.6;46.87;47.19;58702
46.26;47.38;45.95;47.37;108925
44.91;46.35;44.66;46.35;145380
45.6;45.7;44.36;44.75;97143
44.8;45.9;44.68;45.6;101769
44.25;45;44.07;45;118672
45.06;45.06;44.01;44.2;109157
44.75;45.74;44.46;45.5;157433
44.24;45.28;44.15;44.71;90392
44.33;44.49;43.81;44.24;51852
44.3;44.3;43.6;43.99;62837
45.05;45.2;44.45;44.7;87470
45.43;45.88;45.29;45.3;101066
45.61;45.99;45.45;45.91;74334
42.6;44.25;42.5;43.7;139849
42.88;43.5;42.52;43;115924
42.35;42.65;40.9;42.15;151091
41.06;42.3;41.02;41.98;120123
40.17;40.65;39.71;40.06;98921
41.7;41.94;41.1;41.47;87655
41.25;42.4;41.2;41.89;117737
42.35;42.5;41.9;42.05;80722
42.51;43;42;42.7;73241
41.9;42.4;41.83;42.1;60178
41.23;42.09;41.1;41.55;109791
41.35;41.5;40.25;41;97337
40.95;41.49;40.7;41.22;92319
40.22;41.58;40.22;40.89;76297
41.1;41.24;40.57;40.6;69322
42.07;42.07;41.13;41.2;81889
43.3;43.4;42.1;42.1;114047
43.9;44.45;43.61;43.61;93865
44.08;44.49;43.65;44.15;59735
44.6;44.72;43.83;44.35;72120
44.16;44.69;44.02;44.52;56332
44;44.77;44;44.29;90115
46.1;46.49;44.5;44.5;221467
46.14;46.8;45.6;46.31;133530
46.02;46.24;45.7;45.99;62912
45.42;46.15;45.22;46;106515
46;46.18;44.98;45.4;108093
46.2;46.47;45.71;45.84;62616
46.06;46.85;46.06;46.5;101636
46.75;46.75;45.8;46.08;89085
46.09;47.19;45.8;46.86;85547
46.7;46.94;45.85;45.95;86282
47.71;48.01;46.86;47;133329
48.65;48.79;48.01;48.01;117571
47.75;49;47.51;48.75;94697
47.28;47.99;47.25;47.5;102318
46.55;46.83;46.3;46.51;91046
47;47.4;46.35;47.3;99877
46.63;47.1;46.53;47.1;52109
46.52;46.75;45.87;46.7;71356
47.5;47.94;46.49;46.95;91080
46.44;47.9;46.44;47.8;82832
46.1;46.29;45.58;46.1;83519
45.2;46.6;45.2;46.4;67553
45.61;45.8;45.26;45.8;89876
46.2;46.46;45.71;45.86;90226
46.02;46.85;45.81;46.55;79548
45.02;45.9;45;45.9;76645
45.1;45.5;44.15;44.88;125433
45.19;45.5;44.7;45.3;106441
44.36;45.5;44.28;45.3;107595
45.23;45.8;44.61;44.8;82510
45.35;45.61;44.55;44.55;100598
45.12;45.55;44.9;45.38;81881
46;46.19;44.93;45.2;99228
46.05;46.6;45.71;46.17;117162
46.5;46.6;45.86;46.36;101151
46.95;47.28;46.17;46.64;133768
46.9;47.12;46.6;46.93;70307
47.2;47.7;46.95;47.1;121468
46.11;47.79;45.8;47.16;119399
46.7;46.87;46.2;46.55;58849
46.85;47.11;46.6;46.71;28938
46.05;47.16;46;47;81272
46.7;46.7;45.1;45.3;91085
45.94;46.98;45.94;46.8;79140
47.1;47.17;46.26;46.5;77736
47.68;47.8;46.5;46.65;107405
47.99;48.29;47.5;47.58;102981
46.91;47.78;46.91;47.7;74357
47.4;47.7;46.25;46.3;76106
48;48.2;47.3;47.7;99875
48.12;48.75;47.6;47.89;133978
49.18;49.5;48.3;48.49;155200
50;50.18;49.3;49.48;159024
50.75;51;50.25;50.6;150375
50.96;51.19;50.65;50.99;126746
51.64;51.95;50.68;50.79;73163
50.79;52.1;50.79;51.89;122333
51.3;51.6;50.8;51;72541
51.31;51.5;50.9;51.31;61257
51.2;51.6;50.3;51.28;91875
50.71;51.5;50.65;51.28;58876
51.21;51.28;50.3;50.5;75398
51.2;51.78;51.05;51.3;66547
51.64;52.05;51.01;51.49;69057
52.8;52.8;51.61;51.8;64059
53.7;53.78;52.9;52.9;70314
53.95;54.4;53.53;53.75;41493
54.24;54.38;53.73;53.73;81868
54.74;54.84;54.36;54.36;63931
53.85;54.98;53.61;54.75;94246
54.27;54.48;53.6;53.98;69688
55.5;55.65;54.35;54.65;82392
55.84;56.49;55;55.25;95775
55.31;55.84;54.8;55.84;89244
56.3;56.31;55;55.1;77103
56.16;56.48;55.73;55.8;64190
56.97;57.14;56.6;56.8;47786
56.58;57;56;57;46251
57.5;57.5;56.2;56.76;54929
54.27;57.1;53.5;56.8;105523
55.05;55.35;52.7;54.94;121974
52.5;54.29;51.15;53.75;132788
51.06;53.49;51.06;52;87940
53.39;53.48;51.42;51.61;88012
52.71;54.75;52.71;54.33;89867
52.38;52.83;51.26;52.29;113410
52.75;53.2;52.2;53.02;46971
50.5;52.8;50.2;52.7;87441
50.54;50.95;48.8;50.95;93883
50.75;51.39;49.85;50.5;98544
52.65;52.86;51.1;51.39;100823
50.6;51.69;50.51;51;109805
49.5;50.4;49.01;49.35;109980
49.91;51.11;49.36;50.5;81847
49.44;51.2;49.44;51.1;137549
48.44;50.62;48.02;49;192764
47;47.29;43.62;46.7;206876
46.4;48.5;45.52;48.5;139653
46.27;46.79;45.6;46.68;123690
46.17;46.55;45.44;46.45;111525
48.74;49.11;46.75;47.01;110513
48.9;49.65;48.01;49.2;106880
49.75;49.93;48.31;48.7;81917
49.56;50.32;49.12;49.5;47010
48.55;49.3;48.25;48.99;77878
49.6;49.69;48.75;49.01;67047
50.29;50.9;49.04;49.46;101349
52.2;52.55;51.11;51.11;123969
52.44;52.86;52.12;52.2;38368
53.72;54.39;52.15;52.44;101300
53.49;53.82;52.82;52.85;85866
54.08;54.95;53.88;54.4;80039
52.8;53.45;52.16;53.15;101454
54.3;54.68;53.12;53.72;104287
54.71;55.65;53.75;54.2;102400
55.35;55.65;55;55.11;78621
54.3;55.6;53.9;54.9;78748
54.49;54.61;53.37;54;89994
56.85;57.25;54.76;55;110654
56.71;58.22;56.37;57.9;134271
56.8;57.25;56.15;57;73515
58.5;58.5;57.41;57.84;92091
60;60;58.6;58.93;95431
59.11;59.6;58.74;59.49;121123
59.85;60.1;58.45;59.51;93228
60.35;60.5;59.54;60.5;91601
59.2;60.46;58.67;59.85;90657
60.35;60.45;59.05;59.08;107896
60.71;61.08;59.45;60.01;110240
58.7;60.97;58.7;60.11;98034
59.2;59.91;57.3;59.01;100456
61.65;62;60.01;60.4;108917
61.84;62.09;60.7;60.97;104947
63.14;63.25;62.25;62.35;102943
65.15;65.39;62.55;62.8;148800
64.74;66.9;63.49;66.49;115798
67.1;67.36;65.9;66.05;169285
66.51;68.1;66.47;66.49;116190
67.54;67.93;65.35;67.55;134529
67;67.42;65.85;66.21;102511
63;67.3;63;67.1;110761
62.61;63.25;60.6;61.1;115546
64.49;64.73;63.27;63.74;74077
67.2;67.48;63.6;63.6;131747
68.1;68.35;66.63;67.4;148694
71.1;71.25;69.22;69.9;94335
72.83;74;71.52;71.52;160321
70.02;73.5;69.66;72.29;145667
72.02;73.7;70.3;71.1;114453
71.45;72.05;69.94;71;116224
68.1;70.35;67.9;70;151894
70;70.39;68.75;70;107904
70.25;71.9;69.2;69.5;135197
80.2;84;73;73.7;431240
81.65;90.89;77.16;90;326852
76.34;80.46;75.72;77.75;207512
77.7;78.39;73.23;76.89;185377
79.13;81.19;78.5;78.5;162724
78.8;79.46;77;77.4;136187
77.3;78.59;76.7;78.59;128719
75.85;79.5;75.51;77.85;142442
76.15;76.98;75.24;75.98;51330
76.5;77.51;76;76.71;69451
74.88;77.85;74.75;77;101578
74;75;71.91;73;105525
73.89;75.99;73.2;75.2;127096
73.4;75.2;72.53;74.7;144218
71.9;74.5;71.9;74;121100
73.2;73.62;71.5;72.75;76988
74.5;75;72.11;72.69;79650
78.5;78.78;75.8;76.15;136501
80.65;80.65;78.64;78.64;113920
80.05;84.52;79.99;83;121904
79.7;80.94;78.1;80.94;65655
80.9;82.69;79.7;80.1;132948
84.99;85.89;80.75;81.35;210571
82.3;84.99;81.96;82.5;119020
81.2;84.5;81.2;83.5;98229
76.95;80.5;76.95;79.95;157830
78.8;79.55;76.72;79.01;133949
81.33;81.33;78.8;79.35;106396
82.4;83.85;81;81.7;117204
85.03;86.48;84.5;86.1;92093
87.3;87.3;85.31;86.6;87947
86.34;87.89;85.47;87.5;77015
88.4;88.4;85.87;86.2;131696
87;87.74;85.91;86.99;81645
85.6;87.25;85.59;86.7;73721
81.4;86.35;80.9;85.65;128722
79.01;81.7;78.62;81.46;103956
83.35;84.61;80.25;80.3;110524
84.92;84.92;82.25;83.1;122215
84.1;85.47;82.36;84.98;117700
81.56;84.28;81.56;83.21;79570
81.09;82.4;80.39;82.11;74737
77.52;80.38;77.2;80;122695
74.6;77.7;73.15;76.25;170418
70.85;75.6;70.51;74.59;169068
71.8;73.15;69.15;72.39;132268
66.47;68.1;66.2;67.7;135483
72.96;73.21;67.3;68.5;198676
71.71;72.1;68.71;71.44;139718
76.74;76.95;73.15;74.5;135287
80.87;80.87;75.01;75.02;142858
80.8;82.4;79.61;81.65;119627
82.63;82.63;79.55;79.8;87325
80.4;80.5;78.31;80.1;170810
81.7;82.5;79.8;82.45;102845
78.8;79.68;78.4;78.95;71781
81.25;82.1;78.35;78.72;131511
81.8;82.7;80.95;81.3;115621
83.17;83.87;82.08;82.59;99337
83.34;85.13;83.2;84.4;139275
84.56;84.95;83.21;83.8;123093
83.53;85.62;83.35;85.3;89267
82.8;83.43;81.98;82.84;68013
84.95;84.96;83.51;84.3;82441
85.3;86.4;84.81;85.52;110150
85.5;85.99;84.31;84.31;123577
84.01;86.3;83.95;86.3;98956
84.3;84.92;82.46;84.8;75308
84.25;84.39;83.05;84;62457
84.4;85.48;82.89;83.75;137494
85.7;86.33;83.6;84;141159
86.15;86.45;85.25;85.99;67706
81.45;85.5;81.45;84.99;110546
80.9;82.7;79.3;81.8;123100
78.65;80.5;77.81;79.83;146250
80.6;81.17;78.91;79.61;114782
79.01;81.45;79.01;80.5;104063
78.16;79.5;77.3;78.11;111804
76.7;78.89;76.58;78.17;85155
79.71;79.78;77.11;78.84;88774
79.32;80.5;78.89;79.9;78734
78.28;78.5;76.5;78;125439
76.74;79.1;76;79;113346
73.83;75.02;72.66;74.1;165908
74.95;75.55;73.81;75.02;111187
69.4;75.62;69.4;74.89;180141
69.4;69.8;67.5;68.69;114950
70;71.82;69.35;69.9;109007
73.7;74;70.6;71.5;122653
74.9;75.53;72.66;74.2;97988
73.11;75.83;72.7;75.24;63003
72.61;74.02;72.25;73.3;79612
73.99;74.49;72.2;73.6;81206
