37.32;37.32;36.82;36.95;135080
37;37.43;36.8;37.38;217289
37.5;37.5;36.8;36.8;188849
37.15;37.45;37.07;37.27;112089
36.95;37.39;36.86;37.16;148665
36.83;37.34;36.62;37.21;158650
36.36;36.68;36.04;36.59;151566
36.3;36.74;35.84;36.56;236681
35.67;36.46;35.56;36.28;209653
35.75;36.1;35.51;35.57;213871
36.55;36.67;35.77;35.9;232783
36.38;36.65;36.24;36.45;172286
35.45;36.15;35.26;36.1;191924
34.33;35.7;34.29;35.58;249473
34.75;34.8;34.06;34.11;192675
33.9;34.34;33.65;34.29;207422
34.11;34.29;33.51;33.9;201951
34.61;34.69;33.87;34.6;139328
34.17;35.05;33.93;34.78;163621
34.3;34.49;33.9;34.29;164061
34.1;34.67;34.06;34.51;155264
34.04;34.18;33.73;34.05;163312
32.3;33.94;32.12;33.84;248226
31.52;32.27;30.72;31.8;298662
31.74;32.26;31.42;31.8;191178
32.24;32.68;32.1;32.2;183067
32.64;32.73;31.77;32.33;221162
33.36;33.47;32.73;32.89;245737
33.8;34.02;32.95;33;192764
34.25;34.5;34.03;34.39;167667
34.69;34.69;33.82;34.24;173075
34.35;34.65;34.16;34.42;120027
34.65;34.89;34.41;34.5;199360
34.19;34.65;34;34.41;170240
33.94;34.35;33.64;34.29;137338
34.38;34.5;33.26;33.48;187155
34.61;34.75;34.21;34.59;179608
34.93;35.05;34.42;34.82;170650
35.12;35.52;35.12;35.25;173939
35.15;35.82;35.05;35.28;200653
35.2;35.49;34.81;35.39;141505
35.81;35.92;35.4;35.69;283131
35.7;35.99;35.41;35.94;160546
36.5;36.85;35.46;35.5;688353
37;37.16;36.65;36.88;322809
37.05;37.47;36.81;36.93;196568
37.06;37.41;37.06;37.2;140530
36.77;37.23;36.47;36.76;201197
37.21;37.21;36.7;36.93;129788
37.15;37.48;36.93;37.43;103650
37.02;37.4;36.76;37.14;121496
36.23;37.09;36.16;37;245734
36.24;36.36;35.5;35.61;135853
35.82;36.42;35.71;36.38;173503
36.09;36.57;35.6;35.8;187946
35.2;36.43;35.2;36.33;180202
34.5;35.55;34.3;35.41;291083
34.9;35.2;34.12;34.74;195093
34.8;35.3;34.76;35.09;125168
35.39;35.39;34.51;34.6;169257
35.75;35.9;35.55;35.66;138764
36.01;36.25;35.82;35.95;123128
36.08;36.41;35.83;35.92;135662
35.8;36.24;35.59;35.94;154431
35.81;35.9;35.46;35.58;136914
35.23;36.09;35.23;35.8;173839
34.39;35.43;34.28;35.25;302868
34.19;34.59;33.9;34.47;199728
34.25;34.49;34.05;34.3;178488
33.6;34.45;33.54;34.28;438461
32.95;33.58;32.72;33.5;493713
33.55;33.55;32.51;32.6;243638
34.3;34.3;33.8;33.8;223878
33.86;34.04;33.41;33.9;201792
34;34;33.54;33.57;124333
33.31;34.18;33.31;34.1;140587
32.1;33.1;32.1;33.07;237288
32.39;33;31.9;32.32;177152
33.02;33.1;32.52;32.84;121514
32.8;33.2;32.56;32.81;167243
31.5;32.63;31.46;32.55;293012
30.44;31.27;29.91;31.2;395528
30.21;30.81;29.76;30;298160
29.81;30.78;28.3;30.09;323984
29.75;30.31;29.14;29.99;251776
30.15;31.1;30.15;31;215196
29.62;30.28;29.6;29.82;176939
29.9;30;29.67;29.95;160968
30;30.41;29.95;30.2;164473
30.09;30.1;29.31;29.79;247734
29.85;30.39;29.56;30.2;267566
29.22;30.14;29.17;30.12;182177
28.55;29.47;28.55;28.91;254592
27.43;28.1;27.43;28;260893
27.58;28.05;27.13;27.48;291431
27.15;27.78;27.1;27.4;153113
26.55;26.72;26;26.3;248689
27.05;27.42;26.63;27.02;207263
27.81;27.92;27.4;27.5;186789
28.2;28.2;27.66;27.86;205296
29.6;29.6;28.21;28.21;146004
28.65;29.69;28.48;29;313232
29.1;29.35;28.64;28.64;141795
29.25;29.68;28.75;28.87;153832
29.52;30.08;29.33;29.45;166739
29.66;30.03;29.44;29.76;162806
29.55;30.38;29.55;29.9;204653
29.9;30.25;29.76;30;180598
29.62;29.82;29.42;29.69;118641
29.05;29.94;29.02;29.9;154673
29;29.24;28.73;29.1;127606
29.65;29.8;28.8;28.85;246994
29.52;29.85;29.32;29.7;157287
29.49;29.66;29.25;29.5;125460
29.4;29.97;29.38;29.71;241448
29.11;29.62;29.01;29.39;198920
28.5;29.33;28.36;29.2;244132
27.49;28.45;27.49;28.45;222611
27.91;28.05;27.31;27.35;108837
27.42;28.06;27.34;27.92;74876
26.83;27.1;26.71;27;166914
26.86;27.5;26.82;26.96;183413
26.45;27.21;26.31;27.11;189411
26.77;26.99;26.52;26.72;102007
26.54;27.05;26.54;26.78;70251
27.05;27.3;26.76;27;160824
27.4;27.52;26.78;27.05;167980
27.58;27.64;27.21;27.48;107251
27.23;27.74;27.18;27.62;94852
27.3;27.49;27.07;27.4;128600
27.3;27.4;26.93;27.05;111708
27.11;27.3;26.87;27.3;80009
26.84;27.09;26.71;27.04;99287
26.95;27.06;26.68;26.85;127276
27.65;27.82;26.71;26.77;161805
27.5;28.05;27.39;27.83;119324
27.98;28.28;27.68;27.84;135141
27.79;28.05;27.59;27.99;129966
27.9;28.04;27.7;27.79;77444
27.98;28.16;27.86;28;104574
27.8;28.05;27.73;27.95;115624
27.74;27.95;27.63;27.84;104566
27.85;27.93;27.45;27.66;131485
28.44;28.56;27.95;27.97;179374
29.08;29.53;28.2;28.4;242615
29.34;29.54;29.06;29.36;210948
29.43;29.48;29.1;29.27;112124
29.09;29.45;28.94;29.2;113235
28.83;29.35;28.8;29.35;105652
28.41;28.62;28.18;28.62;165599
27.5;28.16;27.5;28.04;174363
27.53;27.86;27.2;27.38;137900
27.66;27.82;27.5;27.65;125477
27.61;27.8;27.59;27.61;154130
28.3;28.55;27.76;27.76;157348
27.68;28.35;27.61;28.29;207934
26.78;27.39;26.71;26.91;267909
26.78;27.08;26.56;26.75;174132
26.66;27.19;26.66;26.92;106068
26.14;26.85;26.14;26.5;160351
26.08;26.29;25.5;26.07;223643
25.7;26.7;25.7;26.7;225605
26.56;26.59;25.62;25.95;151058
25.45;26.43;25.45;26.35;228978
26.06;26.06;25.52;25.52;163212
27.03;27.19;26.15;26.3;200491
27.6;28.15;26.74;26.89;271134
28.8;28.92;28.05;28.3;466020
29.09;29.29;28.63;29.18;199042
27.83;28.48;27.79;28.31;328249
27.6;28.14;27.19;28.05;203628
27.52;27.94;27.41;27.5;168283
28.3;28.32;27.55;27.75;246903
26.85;28.57;26.85;28.19;398812
26.45;26.6;25.75;26;412605
26.36;26.68;26.05;26.11;205646
26.44;26.54;26.1;26.13;181685
27.1;27.43;26.2;26.42;270622
26.35;27.25;26.35;27.12;289140
25.98;26.43;25.82;26.09;440990
26.8;27.46;25.92;25.92;559816
26.3;27.09;26.3;27.05;867716
26.5;26.69;26.05;26.34;586856
26.7;26.89;26.45;26.76;350196
27.5;27.5;26.54;26.6;786136
27.29;27.95;27.22;27.65;360200
27.5;27.7;27.31;27.58;227618
27.38;27.85;27.35;27.48;254548
26.98;27.6;26.76;27.59;428537
25.86;26.89;25.59;26.8;690758
25.3;26.05;24.64;26.05;596903
26;26;24.88;25.21;329955
25.85;26.21;25.78;26.1;145839
25.71;26.09;25.58;26.02;304934
26.44;26.44;25.44;25.66;407774
26.29;26.64;26.18;26.53;269751
26.4;26.5;25.97;26.15;284009
25.28;26.12;25.28;25.94;321053
24.99;25.63;24.99;25.47;311558
24.16;25.23;24.1;25.05;450033
24.21;24.71;23.9;24.46;290510
24.57;24.79;24.35;24.45;218790
25.85;26.25;24.45;24.52;470160
26.19;27.05;25.24;25.7;570294
26.26;26.84;25.87;26.49;371726
25.85;26.59;25.85;26.59;319910
26.49;26.67;25.93;26.05;222588
27;27.11;26.5;26.7;364935
27.5;27.64;27.21;27.35;326399
27.25;27.65;27.25;27.42;170036
27.53;27.58;27.1;27.11;251410
27.12;27.77;27.12;27.62;214105
27.13;27.25;26.87;27.11;214883
26.72;27.11;26.65;27.07;275239
25.85;26.39;25.82;26.24;418179
25.4;25.91;25.13;25.85;325374
25.45;25.69;25.28;25.49;170208
25.9;26.09;25.71;25.85;248636
25.7;25.75;25.42;25.7;166932
25.06;25.67;24.95;25.64;195556
24.65;24.93;24.52;24.69;277880
25.24;25.37;24.75;24.9;241190
24.85;25.35;24.85;25.35;90396
24.6;24.83;24.43;24.66;171879
24.7;24.94;24.46;24.55;189068
24.59;25.1;24.51;24.69;290624
25.26;25.34;24.97;25.03;225631
25.4;25.69;25.3;25.45;192876
25.7;25.7;25.23;25.45;160868
25.86;26.04;25.71;25.76;179966
25.35;26.29;25.35;26.2;275733
25;25.5;25;25.38;219018
25.4;25.5;25.09;25.17;215747
25.7;25.74;25.45;25.6;142268
25.91;26.09;25.88;25.89;171556
25.83;26.04;25.72;25.83;158026
25.37;25.71;25.37;25.59;237379
25.35;25.65;25.26;25.5;158370
25.94;25.94;25.04;25.23;182834
25.57;26.06;25.57;25.94;322326
25.77;25.93;25.71;25.84;162929
25.72;25.72;25.47;25.56;119815
25.75;25.87;25.56;25.64;124798
26.05;26.09;25.52;25.56;121857
26.66;26.71;26.21;26.3;217868
26.97;27.17;26.78;26.78;204815
27.29;27.44;27.09;27.29;299371
27;27.58;26.91;27.5;229443
26.9;27.06;26.4;27.01;312445
27.22;27.35;26.58;26.68;249206
27.11;27.46;27.01;27.2;244946
26.73;27.18;26.73;27.02;175449
26.98;27.02;26.58;26.65;145425
27.15;27.4;27.07;27.1;233935
27.9;27.98;27.32;27.38;397174
27.31;28.12;27.31;28;323941
27.55;27.71;27.25;27.27;204847
27.45;27.77;27.36;27.42;194476
27.72;27.76;27.4;27.65;225586
27.3;27.95;27.25;27.8;227933
27.27;27.52;26.96;27.15;216808
27.05;27.51;27.05;27.41;183720
27;27.25;26.81;27.08;112227
26.83;27.33;26.71;27.09;216916
26.87;27.15;26.71;26.95;188361
26.67;27.08;26.25;27.05;283357
27.09;27.25;26.66;26.86;345482
27.64;27.72;27.11;27.3;289539
27.8;27.98;27.5;27.6;334653
28.03;28.12;27.7;27.76;279126
27.62;28.22;27.56;28.04;279235
27.22;27.87;27.11;27.8;242860
26.96;27.34;26.82;27.03;316420
26.18;26.97;26.11;26.86;329442
26.27;26.74;26.16;26.2;188734
26.4;26.7;26.3;26.45;197334
26.75;26.91;26.24;26.41;184410
26.97;27.32;26.63;26.67;282208
27.31;27.45;27.07;27.2;246414
27.25;27.44;27.04;27.4;192884
27.37;27.44;27.11;27.16;168489
27.4;27.65;27.25;27.47;223458
27.77;27.95;27.45;27.46;366938
28.71;28.9;27.8;27.91;627942
28.37;29.26;28.36;29.05;506910
28.6;28.75;28.15;28.41;274041
28.58;28.68;28.16;28.44;291454
28.29;28.79;28.19;28.5;267521
28.9;28.96;28.17;28.3;260044
28.96;28.97;28.6;28.92;174163
29.08;29.17;28.72;29;210892
28.55;28.87;28.52;28.83;159760
28.12;28.43;27.88;28.4;228529
28.17;28.4;27.67;27.95;208716
28.28;28.42;27.87;28;136862
28.04;28.17;27.45;27.45;226229
27.78;28.41;27.61;28.16;337801
28.08;28.2;27.88;28.14;166551
27.9;28.22;27.82;28.2;221497
28.13;28.35;27.98;28.16;288190
28.33;28.54;28.02;28.05;238395
28.62;28.68;28.23;28.3;205596
28.43;28.78;28.35;28.66;123754
28.64;28.79;28.41;28.5;164536
28.35;28.8;28.35;28.56;115370
28.35;28.6;28.26;28.4;121560
28.37;28.55;28.3;28.52;139490
28.51;28.65;28.38;28.41;140465
