27;27.58;26.91;27.5;229443
26.9;27.06;26.4;27.01;312445
27.22;27.35;26.58;26.68;249206
27.11;27.46;27.01;27.2;244946
26.73;27.18;26.73;27.02;175449
26.98;27.02;26.58;26.65;145425
27.15;27.4;27.07;27.1;233935
27.9;27.98;27.32;27.38;397174
27.31;28.12;27.31;28;323941
27.55;27.71;27.25;27.27;204847
27.45;27.77;27.36;27.42;194476
27.72;27.76;27.4;27.65;225586
27.3;27.95;27.25;27.8;227933
27.27;27.52;26.96;27.15;216808
27.05;27.51;27.05;27.41;183720
27;27.25;26.81;27.08;112227
26.83;27.33;26.71;27.09;216916
26.87;27.15;26.71;26.95;188361
26.67;27.08;26.25;27.05;283357
27.09;27.25;26.66;26.86;345482
27.64;27.72;27.11;27.3;289539
27.8;27.98;27.5;27.6;334653
28.03;28.12;27.7;27.76;279126
27.62;28.22;27.56;28.04;279235
27.22;27.87;27.11;27.8;242860
26.96;27.34;26.82;27.03;316420
26.18;26.97;26.11;26.86;329442
26.27;26.74;26.16;26.2;188734
26.4;26.7;26.3;26.45;197334
26.75;26.91;26.24;26.41;184410
26.97;27.32;26.63;26.67;282208
27.31;27.45;27.07;27.2;246414
27.25;27.44;27.04;27.4;192884
27.37;27.44;27.11;27.16;168489
27.4;27.65;27.25;27.47;223458
27.77;27.95;27.45;27.46;366938
28.71;28.9;27.8;27.91;627942
28.37;29.26;28.36;29.05;506910
28.6;28.75;28.15;28.41;274041
28.58;28.68;28.16;28.44;291454
28.29;28.79;28.19;28.5;267521
28.9;28.96;28.17;28.3;260044
28.96;28.97;28.6;28.92;174163
29.08;29.17;28.72;29;210892
28.55;28.87;28.52;28.83;159760
28.12;28.43;27.88;28.4;228529
28.17;28.4;27.67;27.95;208716
28.28;28.42;27.87;28;136862
28.04;28.17;27.45;27.45;226229
27.78;28.41;27.61;28.16;337801
28.08;28.2;27.88;28.14;166551
27.9;28.22;27.82;28.2;221497
28.13;28.35;27.98;28.16;288190
28.33;28.54;28.02;28.05;238395
28.62;28.68;28.23;28.3;205596
28.43;28.78;28.35;28.66;123754
28.64;28.79;28.41;28.5;164536
28.35;28.8;28.35;28.56;115370
28.35;28.6;28.26;28.4;121560
28.37;28.55;28.3;28.52;139490
28.51;28.65;28.38;28.41;140465
28.74;28.74;28.52;28.62;153864
28.61;28.85;28.56;28.8;137148
28.37;28.57;28.24;28.55;198726
28.17;28.42;28.07;28.35;147672
28;28.25;27.72;28.13;219384
28.01;28.14;27.78;28.05;176282
27.49;27.99;27.42;27.99;196948
26.65;27.4;26.56;27.32;337440
26.15;26.8;26.05;26.8;302724
25.98;26.43;25.93;26.1;277915
26.53;26.56;26.05;26.08;281275
25.49;26.31;25.48;26.31;363344
25.73;26.02;25.57;25.75;195304
26.29;26.29;25.9;26.21;237735
26.18;26.43;26.02;26.31;129932
26.2;26.33;25.95;26.2;121680
25.74;26.22;25.69;26.22;170240
25.45;25.66;25.26;25.65;240431
25.6;25.67;25.27;25.34;160433
25.73;25.89;25.5;25.71;210207
25.45;25.78;25.43;25.7;179803
25.32;25.63;25.2;25.59;256884
24.47;25.34;24.24;25.19;312539
24.21;24.89;24.14;24.8;232808
24.6;24.69;24.2;24.24;186945
24.68;24.86;24.51;24.72;127022
24.01;24.58;24.01;24.55;223341
23.68;23.92;23.43;23.6;236629
23.52;23.85;23.48;23.77;202898
23.94;24.29;23.33;23.43;302132
24.4;24.47;23.75;23.99;203877
24.1;24.68;24.1;24.47;188941
23.64;24.39;23.64;24.25;178845
23.99;24.15;23.48;23.66;142812
23.6;23.7;23.41;23.5;150129
23.85;24.08;23.74;23.86;128694
23.9;24.21;23.65;23.83;125277
24.2;24.2;23.76;24;170950
24.29;24.44;24.14;24.32;138521
24.08;24.32;24.05;24.32;36203
24.09;24.35;23.88;24.3;164225
24;24.14;23.83;24;180370
23.95;24.07;23.73;24.07;158736
23.78;24.16;23.67;23.78;155074
23.2;23.93;23.15;23.87;222517
23;23.37;22.94;23.36;235131
23.2;23.45;22.85;22.95;218505
23.7;23.94;23.09;23.24;246992
23.72;23.84;23.54;23.78;176718
23.33;23.82;23.26;23.77;122118
23.6;23.69;23.42;23.42;135965
23.3;23.55;23.15;23.29;207525
23.29;23.75;23.09;23.29;203382
23.24;23.48;23.19;23.47;147583
23.1;23.44;23.06;23.2;192381
23.24;23.3;23.04;23.2;135981
23.26;23.67;23.17;23.2;188529
22.87;23.21;22.85;23.17;162746
23.08;23.19;22.87;23;151300
23.45;23.45;23.1;23.17;159561
23.38;23.54;23.2;23.5;144881
23.72;23.72;23.5;23.59;162704
23.75;23.89;23.47;23.65;183665
23.8;23.85;23.71;23.72;57812
23.56;23.98;23.51;23.8;130923
23.51;23.65;23.29;23.45;132090
23.63;23.79;23.55;23.7;154900
23.44;23.63;23.4;23.5;136684
23.15;23.32;23.06;23.2;167274
23.12;23.3;22.93;23.02;119358
23.39;23.44;23.13;23.29;158752
22.95;23.36;22.86;23.27;173394
22.99;23.11;22.86;23;158833
22.76;23;22.53;22.81;192031
22.65;22.97;22.56;22.87;171920
22.38;22.81;22.38;22.75;191597
23;23.11;22.43;22.48;191914
22.97;23.27;22.85;23.02;135622
23.5;23.6;23.05;23.09;268398
23.66;23.92;23.48;23.59;255062
23.59;23.78;23.41;23.59;223416
23.5;23.74;23.44;23.69;173459
23.5;23.54;23.17;23.18;138607
23.5;23.75;23.42;23.66;153385
23.17;23.63;23.09;23.49;147241
22.29;23.08;22.25;23.05;256896
20.65;21.99;20.65;21.9;433043
20.18;20.98;19.73;20.62;405217
18.65;19.48;18.37;19.22;408929
19.15;19.67;18.62;18.83;458616
19.73;19.85;18.81;19.01;387046
20.21;20.47;19.42;19.95;389029
20.3;20.52;20.09;20.23;333046
20.99;20.99;20.47;20.5;220248
20.76;20.84;20.48;20.77;197084
20.87;20.96;20.54;20.8;189240
20.3;20.37;19.77;20.35;260048
19.7;20.35;19.7;19.93;239046
19.65;20.27;19.64;20.1;173085
20.16;20.3;19.51;19.8;219933
20.23;20.35;19.99;20.12;185330
19.86;20.29;19.78;20.15;194417
19.9;20.07;19.58;19.71;178079
20.49;20.63;20.17;20.18;164946
20.55;20.73;20.3;20.38;171258
20.8;20.87;20.43;20.76;296365
21.04;21.14;20.85;21.12;218463
20.37;20.76;20.03;20.66;259202
20.03;20.1;19.85;19.9;95707
20.47;20.54;19.68;19.73;218969
20.66;20.88;20.57;20.75;162329
20.15;20.6;20.07;20.5;199727
20.34;20.34;19.72;19.8;168700
20.32;20.45;20.15;20.4;151031
20.52;20.82;20.18;20.35;198613
20.55;20.78;20.47;20.7;132087
20.65;20.67;20.4;20.55;132039
20.8;20.82;20.32;20.33;203357
20.6;21.08;20.58;20.78;150879
20.6;21.06;20.55;20.75;196033
19.5;20.17;19.3;20.02;317487
19.16;19.73;19.12;19.51;180730
19.78;19.78;18.97;19.35;176884
19.55;20.1;19.52;20.09;155865
19.35;19.7;19.33;19.58;158577
19.4;19.58;19.23;19.48;153695
19.1;19.38;18.93;19.18;205837
18.41;19.07;18.41;18.96;288005
18.55;18.55;17.9;18.25;302891
18.21;18.75;18.05;18.4;207486
18.85;19.09;18.35;18.49;274206
18.3;19.07;18.21;19.07;217015
18.91;18.98;18.35;18.5;178045
19.16;19.21;18.55;18.7;298778
19.39;19.54;18.98;19.4;272014
19.64;19.7;19.31;19.55;210370
19.3;19.7;18.98;19.45;229401
19.45;19.53;19.01;19.2;224155
19.23;19.49;19.07;19.44;164571
18.82;19.18;18.62;19.18;174324
19.27;19.38;18.93;18.96;188380
19.78;19.89;19.24;19.4;218820
19.93;20.13;19.54;19.65;219198
20.08;20.25;19.86;20.15;158602
20.94;21.24;20.55;20.67;391891
21.58;21.58;20.78;20.85;308893
21.32;21.98;21.26;21.65;312241
21.13;21.25;20.4;20.4;280484
21.92;21.97;21.32;21.56;242213
22.1;22.18;21.71;21.73;192537
22.68;22.78;21.97;22.05;255948
22.41;22.94;22.32;22.8;223350
21.46;22.19;21.44;22.01;280205
21.51;21.9;21.51;21.75;155873
21.96;22.15;21.79;21.89;167639
21.92;22.05;21.63;21.86;129788
22.11;22.22;21.72;21.96;210536
21.52;22.12;21.49;21.96;226503
21.75;21.87;21.47;21.7;202003
21.8;21.85;21.31;21.41;331852
21.68;21.98;21.62;21.74;199481
21.57;21.68;21.44;21.49;169342
21.67;21.8;21.53;21.74;102956
21.01;21.65;21.01;21.48;199440
21.5;21.68;21.36;21.51;151031
21.41;21.89;21.32;21.52;218421
22.05;22.22;21.68;21.8;297615
22.52;22.53;22.13;22.33;223974
22.53;22.73;22.35;22.62;176235
22.97;23.12;22.64;22.74;191581
23.32;23.36;22.82;22.82;172905
23.29;23.47;23.01;23.34;187703
22.52;23.45;22.37;23.35;256065
23.02;23.15;22.6;22.71;177019
22.42;22.85;22.18;22.76;160373
22.42;22.8;22.37;22.59;233322
21.82;22.45;21.82;22.35;329811
21.51;22.3;21.47;22.05;250033
21.3;21.71;21.3;21.6;213658
21.12;21.62;21.12;21.37;193644
22.1;22.1;21.31;21.4;249669
21.92;21.99;21.52;21.9;187596
22.15;22.3;21.92;22.08;141568
22.22;22.39;22.17;22.27;93594
22.17;22.34;22.17;22.3;28729
22.2;22.32;22.14;22.17;93493
21.43;22.24;21.42;22.24;159491
21.49;21.59;21;21.59;219933
21.73;22.12;21.26;21.51;204824
22.41;22.41;21.81;21.83;230892
22.57;22.58;21.98;22.18;190268
22.31;22.61;22.15;22.39;195899
22.33;22.58;22.25;22.47;140468
22.63;22.63;22.28;22.44;150620
22.9;23.02;22.79;22.94;212424
22.91;23;22.65;22.89;199573
23.08;23.27;22.78;22.99;289127
23.05;23.1;22.85;22.95;272330
23.65;23.7;23.02;23.05;302247
23.8;24.13;23.7;23.97;271585
24.37;24.46;23.82;23.82;259053
24.21;24.54;24.21;24.4;230226
24.22;24.22;23.88;24.1;167570
25.13;25.49;24.04;24.09;366858
25.4;25.78;24.95;25.05;373213
24.92;25.89;24.92;25.73;307301
24.67;25.15;24.62;25.08;178210
24.57;24.63;24.35;24.43;171073
24.57;24.94;24.33;24.75;293389
24.95;25.17;24.63;24.7;245470
24.53;25.22;24.45;24.88;268635
24.61;24.93;24.37;24.47;204223
24.86;24.86;24.4;24.49;145637
25.6;25.64;24.72;24.72;296655
25.43;25.88;25.3;25.65;249101
25.5;25.74;25.17;25.48;238417
23.5;24.55;23.5;24.24;887496
24.36;24.54;23.62;23.8;469444
23.21;24.36;23.1;24.36;425875
23.1;23.59;22.71;23.49;403303
23.88;23.93;22.83;22.95;369452
24.05;24.15;23.65;24.1;244132
23.89;24.13;23.74;23.92;173204
23.92;24.09;23.67;23.68;211286
24.48;24.59;24.11;24.15;238589
24.35;24.92;24.29;24.65;303537
24.33;24.69;24.33;24.51;236123
24.31;24.64;24.24;24.5;238211
24.88;24.88;24.46;24.51;188180
25.3;25.3;24.86;24.94;201822
24.59;25.24;24.45;25.15;228487
23.75;24.13;23.59;24.1;253314
23.98;24.15;23.76;24.05;165097
24.09;24.45;23.91;24.42;139424
23.71;24.25;23.71;24.1;150274
23.43;23.76;23.36;23.55;140085
24.43;24.43;23.48;23.65;273536
24.83;25.08;24.28;24.4;349394
24.22;24.99;24.17;24.68;269506
24.35;24.45;23.62;24.25;388840
24.51;24.67;24.02;24.27;379539
24.27;24.31;23.97;24.01;176884
24.11;24.4;24.07;24.21;125550
23.8;24.05;23.7;23.99;165990
23.7;24.1;23.67;23.93;162733
24.21;24.28;23.86;23.94;148420
23.8;24.29;23.8;24.21;207742
23.39;23.8;23.21;23.79;198673
23.32;23.4;22.93;23.21;236393
23.35;23.54;23.11;23.5;178211
