-0.383094;-0.304885;-0.324254;-0.210313;0.189296;-0.345612;0.846154;0.670639;0.339112;-0.0769231;-0.557963;-0.261105;-0.0964247;0.770314;0.0877573;-0.72481;0.269772;-0.035753;0.193933;0.193933;0.369447;0.0812567;0.547129;0.0942578;-0.588299;-1;-0.575298;0.386782;0.261105;-0.107259;0.791983;0.185265;-0.150596;-0.629469;-0.111593;-0.328277;0.553629;-0.0205851;-0.0769231;0.176598;-0.226436;-0.410618;-0.245937;-0.144095;1;-0.0205851;-0.323944;-0.0848709;-0.318573;-0.761378;0.579336;-0.330873;0.183272;0.0159901;-0.589176;-0.114391;0.252153;0.505535;0.530135;-0.232472;0.0897909;0.0971709;0.148831;0.682657;0.325953;-1;0;0;+1;0

-0.502998;-0.432608;-0.425094;-0.339513;-0.302727;-0.323944;-0.345612;0.846154;0.670639;0.339112;-0.0769231;-0.557963;-0.261105;-0.0964247;0.770314;0.0877573;-0.72481;0.269772;-0.035753;0.193933;0.193933;0.369447;0.0812567;0.547129;0.0942578;-0.588299;-1;-0.575298;0.386782;0.261105;-0.107259;0.791983;0.185265;-0.150596;-0.629469;-0.111593;-0.328277;0.553629;-0.0205851;-0.0769231;0.176598;-0.226436;-0.410618;-0.245937;-0.144095;1;-0.0205851;-0.503075;-0.0848709;-0.318573;-0.761378;0.579336;-0.330873;0.183272;0.0159901;-0.589176;-0.114391;0.252153;0.505535;0.530135;-0.232472;0.0897909;0.0971709;0.148831;0.682657;-1;0;0;+1;0

-0.682854;-0.630371;-0.616923;-0.472769;-0.310338;-0.540628;-0.323944;-0.345612;0.846154;0.670639;0.339112;-0.0769231;-0.557963;-0.261105;-0.0964247;0.770314;0.0877573;-0.72481;0.269772;-0.035753;0.193933;0.193933;0.369447;0.0812567;0.547129;0.0942578;-0.588299;-1;-0.575298;0.386782;0.261105;-0.107259;0.791983;0.185265;-0.150596;-0.629469;-0.111593;-0.328277;0.553629;-0.0205851;-0.0769231;0.176598;-0.226436;-0.410618;-0.245937;-0.144095;1;-0.158672;-0.503075;-0.0848709;-0.318573;-0.761378;0.579336;-0.330873;0.183272;0.0159901;-0.589176;-0.114391;0.252153;0.505535;0.530135;-0.232472;0.0897909;0.0971709;0.148831;+1;0;0;+1;0

-0.676858;-0.649206;-0.630832;-0.507532;-0.517588;0.131094;-0.540628;-0.323944;-0.345612;0.846154;0.670639;0.339112;-0.0769231;-0.557963;-0.261105;-0.0964247;0.770314;0.0877573;-0.72481;0.269772;-0.035753;0.193933;0.193933;0.369447;0.0812567;0.547129;0.0942578;-0.588299;-1;-0.575298;0.386782;0.261105;-0.107259;0.791983;0.185265;-0.150596;-0.629469;-0.111593;-0.328277;0.553629;-0.0205851;-0.0769231;0.176598;-0.226436;-0.410618;-0.245937;-0.144095;1;-0.158672;-0.503075;-0.0848709;-0.318573;-0.761378;0.579336;-0.330873;0.183272;0.0159901;-0.589176;-0.114391;0.252153;0.505535;0.530135;-0.232472;0.0897909;0.0971709;+1;0;0;-1;0

-0.58693;-0.624485;-0.561866;-0.507532;0.168708;0.434453;0.131094;-0.540628;-0.323944;-0.345612;0.846154;0.670639;0.339112;-0.0769231;-0.557963;-0.261105;-0.0964247;0.770314;0.0877573;-0.72481;0.269772;-0.035753;0.193933;0.193933;0.369447;0.0812567;0.547129;0.0942578;-0.588299;-1;-0.575298;0.386782;0.261105;-0.107259;0.791983;0.185265;-0.150596;-0.629469;-0.111593;-0.328277;0.553629;-0.0205851;-0.0769231;0.176598;-0.226436;-0.410618;-0.245937;-0.298893;1;-0.158672;-0.503075;-0.0848709;-0.318573;-0.761378;0.579336;-0.330873;0.183272;0.0159901;-0.589176;-0.114391;0.252153;0.505535;0.530135;-0.232472;0.0897909;-1;0;0;-1;0

-0.709832;-0.636257;-0.637206;-0.507532;0.247548;-0.334778;0.434453;0.131094;-0.540628;-0.323944;-0.345612;0.846154;0.670639;0.339112;-0.0769231;-0.557963;-0.261105;-0.0964247;0.770314;0.0877573;-0.72481;0.269772;-0.035753;0.193933;0.193933;0.369447;0.0812567;0.547129;0.0942578;-0.588299;-1;-0.575298;0.386782;0.261105;-0.107259;0.791983;0.185265;-0.150596;-0.629469;-0.111593;-0.328277;0.553629;-0.0205851;-0.0769231;0.176598;-0.226436;-0.410618;-0.414514;-0.298893;1;-0.158672;-0.503075;-0.0848709;-0.318573;-0.761378;0.579336;-0.330873;0.183272;0.0159901;-0.589176;-0.114391;0.252153;0.505535;0.530135;-0.232472;-1;0;0;-1;0

-0.755396;-0.801059;-0.712547;-0.669757;-0.417378;-0.0552546;-0.334778;0.434453;0.131094;-0.540628;-0.323944;-0.345612;0.846154;0.670639;0.339112;-0.0769231;-0.557963;-0.261105;-0.0964247;0.770314;0.0877573;-0.72481;0.269772;-0.035753;0.193933;0.193933;0.369447;0.0812567;0.547129;0.0942578;-0.588299;-1;-0.575298;0.386782;0.261105;-0.107259;0.791983;0.185265;-0.150596;-0.629469;-0.111593;-0.328277;0.553629;-0.0205851;-0.0769231;0.176598;-0.226436;-0.601476;-0.414514;-0.298893;1;-0.158672;-0.503075;-0.0848709;-0.318573;-0.761378;0.579336;-0.330873;0.183272;0.0159901;-0.589176;-0.114391;0.252153;0.505535;0.530135;-1;0;0;-1;0

-0.884892;-0.789288;-0.827876;-0.6292;0.399912;-0.358613;-0.0552546;-0.334778;0.434453;0.131094;-0.540628;-0.323944;-0.345612;0.846154;0.670639;0.339112;-0.0769231;-0.557963;-0.261105;-0.0964247;0.770314;0.0877573;-0.72481;0.269772;-0.035753;0.193933;0.193933;0.369447;0.0812567;0.547129;0.0942578;-0.588299;-1;-0.575298;0.386782;0.261105;-0.107259;0.791983;0.185265;-0.150596;-0.629469;-0.111593;-0.328277;0.553629;-0.0205851;-0.0769231;0.176598;-0.392374;-0.601476;-0.414514;-0.298893;1;-0.158672;-0.503075;-0.0848709;-0.318573;-0.761378;0.579336;-0.330873;0.183272;0.0159901;-0.589176;-0.114391;0.252153;0.505535;-1;0;0;-1;0

-0.964029;-0.973514;-0.88641;-0.850521;-0.000683027;-0.176598;-0.358613;-0.0552546;-0.334778;0.434453;0.131094;-0.540628;-0.323944;-0.345612;0.846154;0.670639;0.339112;-0.0769231;-0.557963;-0.261105;-0.0964247;0.770314;0.0877573;-0.72481;0.269772;-0.035753;0.193933;0.193933;0.369447;0.0812567;0.547129;0.0942578;-0.588299;-1;-0.575298;0.386782;0.261105;-0.107259;0.791983;0.185265;-0.150596;-0.629469;-0.111593;-0.328277;0.553629;-0.0205851;-0.0769231;0.0651906;-0.392374;-0.601476;-0.414514;-0.298893;1;-0.158672;-0.503075;-0.0848709;-0.318573;-0.761378;0.579336;-0.330873;0.183272;0.0159901;-0.589176;-0.114391;0.252153;+1;0;0;-1;0

-0.856714;-0.902295;-0.920023;-0.921205;0.398058;0.497291;-0.176598;-0.358613;-0.0552546;-0.334778;0.434453;0.131094;-0.540628;-0.323944;-0.345612;0.846154;0.670639;0.339112;-0.0769231;-0.557963;-0.261105;-0.0964247;0.770314;0.0877573;-0.72481;0.269772;-0.035753;0.193933;0.193933;0.369447;0.0812567;0.547129;0.0942578;-0.588299;-1;-0.575298;0.386782;0.261105;-0.107259;0.791983;0.185265;-0.150596;-0.629469;-0.111593;-0.328277;0.553629;-0.0205851;-0.222632;0.0651906;-0.392374;-0.601476;-0.414514;-0.298893;1;-0.158672;-0.503075;-0.0848709;-0.318573;-0.761378;0.579336;-0.330873;0.183272;0.0159901;-0.589176;-0.114391;+1;0;0;-1;0

-0.809353;-0.84226;-0.767603;-0.709734;-0.505684;0.280607;0.497291;-0.176598;-0.358613;-0.0552546;-0.334778;0.434453;0.131094;-0.540628;-0.323944;-0.345612;0.846154;0.670639;0.339112;-0.0769231;-0.557963;-0.261105;-0.0964247;0.770314;0.0877573;-0.72481;0.269772;-0.035753;0.193933;0.193933;0.369447;0.0812567;0.547129;0.0942578;-0.588299;-1;-0.575298;0.386782;0.261105;-0.107259;0.791983;0.185265;-0.150596;-0.629469;-0.111593;-0.328277;0.553629;-0.158672;-0.222632;0.0651906;-0.392374;-0.601476;-0.414514;-0.298893;1;-0.158672;-0.503075;-0.0848709;-0.318573;-0.761378;0.579336;-0.330873;0.183272;0.0159901;-0.589176;-1;0;0;-1;0

-0.931655;-0.901118;-0.848739;-0.76825;-0.623506;-0.332611;0.280607;0.497291;-0.176598;-0.358613;-0.0552546;-0.334778;0.434453;0.131094;-0.540628;-0.323944;-0.345612;0.846154;0.670639;0.339112;-0.0769231;-0.557963;-0.261105;-0.0964247;0.770314;0.0877573;-0.72481;0.269772;-0.035753;0.193933;0.193933;0.369447;0.0812567;0.547129;0.0942578;-0.588299;-1;-0.575298;0.386782;0.261105;-0.107259;0.791983;0.185265;-0.150596;-0.629469;-0.111593;-0.328277;0.493235;-0.158672;-0.222632;0.0651906;-0.392374;-0.601476;-0.414514;-0.298893;1;-0.158672;-0.503075;-0.0848709;-0.318573;-0.761378;0.579336;-0.330873;0.183272;0.0159901;-1;0;0;-1;0

-1;-0.945262;-0.958853;-0.818076;-0.427965;-0.137595;-0.332611;0.280607;0.497291;-0.176598;-0.358613;-0.0552546;-0.334778;0.434453;0.131094;-0.540628;-0.323944;-0.345612;0.846154;0.670639;0.339112;-0.0769231;-0.557963;-0.261105;-0.0964247;0.770314;0.0877573;-0.72481;0.269772;-0.035753;0.193933;0.193933;0.369447;0.0812567;0.547129;0.0942578;-0.588299;-1;-0.575298;0.386782;0.261105;-0.107259;0.791983;0.185265;-0.150596;-0.629469;-0.111593;-0.507995;0.493235;-0.158672;-0.222632;0.0651906;-0.392374;-0.601476;-0.414514;-0.298893;1;-0.158672;-0.503075;-0.0848709;-0.318573;-0.761378;0.579336;-0.330873;0.183272;+1;0;0;-1;0

-0.997002;-1;-1;-1;-0.0814266;0.12026;-0.137595;-0.332611;0.280607;0.497291;-0.176598;-0.358613;-0.0552546;-0.334778;0.434453;0.131094;-0.540628;-0.323944;-0.345612;0.846154;0.670639;0.339112;-0.0769231;-0.557963;-0.261105;-0.0964247;0.770314;0.0877573;-0.72481;0.269772;-0.035753;0.193933;0.193933;0.369447;0.0812567;0.547129;0.0942578;-0.588299;-1;-0.575298;0.386782;0.261105;-0.107259;0.791983;0.185265;-0.150596;-0.629469;-0.261993;-0.507995;0.493235;-0.158672;-0.222632;0.0651906;-0.392374;-0.601476;-0.414514;-0.298893;1;-0.158672;-0.503075;-0.0848709;-0.318573;-0.761378;0.579336;-0.330873;+1;0;0;-1;0

-0.832734;-0.892289;-0.823819;-0.826188;0.0659121;0.703142;0.12026;-0.137595;-0.332611;0.280607;0.497291;-0.176598;-0.358613;-0.0552546;-0.334778;0.434453;0.131094;-0.540628;-0.323944;-0.345612;0.846154;0.670639;0.339112;-0.0769231;-0.557963;-0.261105;-0.0964247;0.770314;0.0877573;-0.72481;0.269772;-0.035753;0.193933;0.193933;0.369447;0.0812567;0.547129;0.0942578;-0.588299;-1;-0.575298;0.386782;0.261105;-0.107259;0.791983;0.185265;-0.150596;-0.849939;-0.261993;-0.507995;0.493235;-0.158672;-0.222632;0.0651906;-0.392374;-0.601476;-0.414514;-0.298893;1;-0.158672;-0.503075;-0.0848709;-0.318573;-0.761378;0.579336;+1;0;0;-1;0

-0.760791;-0.796939;-0.727036;-0.738702;-0.276138;0.369447;0.703142;0.12026;-0.137595;-0.332611;0.280607;0.497291;-0.176598;-0.358613;-0.0552546;-0.334778;0.434453;0.131094;-0.540628;-0.323944;-0.345612;0.846154;0.670639;0.339112;-0.0769231;-0.557963;-0.261105;-0.0964247;0.770314;0.0877573;-0.72481;0.269772;-0.035753;0.193933;0.193933;0.369447;0.0812567;0.547129;0.0942578;-0.588299;-1;-0.575298;0.386782;0.261105;-0.107259;0.791983;0.185265;-0.306273;-0.849939;-0.261993;-0.507995;0.493235;-0.158672;-0.222632;0.0651906;-0.392374;-0.601476;-0.414514;-0.298893;1;-0.158672;-0.503075;-0.0848709;-0.318573;-0.761378;+1;0;0;-1;0

-0.731415;-0.739258;-0.694002;-0.643685;0.109284;0.215601;0.369447;0.703142;0.12026;-0.137595;-0.332611;0.280607;0.497291;-0.176598;-0.358613;-0.0552546;-0.334778;0.434453;0.131094;-0.540628;-0.323944;-0.345612;0.846154;0.670639;0.339112;-0.0769231;-0.557963;-0.261105;-0.0964247;0.770314;0.0877573;-0.72481;0.269772;-0.035753;0.193933;0.193933;0.369447;0.0812567;0.547129;0.0942578;-0.588299;-1;-0.575298;0.386782;0.261105;-0.107259;0.791983;0.0750307;-0.306273;-0.849939;-0.261993;-0.507995;0.493235;-0.158672;-0.222632;0.0651906;-0.392374;-0.601476;-0.414514;-0.298893;1;-0.158672;-0.503075;-0.0848709;-0.318573;-1;0;0;+1;0

-0.856115;-0.783402;-0.752535;-0.646582;-0.638923;-0.341278;0.215601;0.369447;0.703142;0.12026;-0.137595;-0.332611;0.280607;0.497291;-0.176598;-0.358613;-0.0552546;-0.334778;0.434453;0.131094;-0.540628;-0.323944;-0.345612;0.846154;0.670639;0.339112;-0.0769231;-0.557963;-0.261105;-0.0964247;0.770314;0.0877573;-0.72481;0.269772;-0.035753;0.193933;0.193933;0.369447;0.0812567;0.547129;0.0942578;-0.588299;-1;-0.575298;0.386782;0.261105;-0.107259;0.763838;0.0750307;-0.306273;-0.849939;-0.261993;-0.507995;0.493235;-0.158672;-0.222632;0.0651906;-0.392374;-0.601476;-0.414514;-0.298893;1;-0.158672;-0.503075;-0.0848709;+1;0;0;+1;0

-0.820743;-0.860506;-0.799478;-0.808807;-0.582134;0.23727;-0.341278;0.215601;0.369447;0.703142;0.12026;-0.137595;-0.332611;0.280607;0.497291;-0.176598;-0.358613;-0.0552546;-0.334778;0.434453;0.131094;-0.540628;-0.323944;-0.345612;0.846154;0.670639;0.339112;-0.0769231;-0.557963;-0.261105;-0.0964247;0.770314;0.0877573;-0.72481;0.269772;-0.035753;0.193933;0.193933;0.369447;0.0812567;0.547129;0.0942578;-0.588299;-1;-0.575298;0.386782;0.261105;-0.257073;0.763838;0.0750307;-0.306273;-0.849939;-0.261993;-0.507995;0.493235;-0.158672;-0.222632;0.0651906;-0.392374;-0.601476;-0.414514;-0.298893;1;-0.158672;-0.503075;+1;0;0;-1;0

-0.730815;-0.787522;-0.706172;-0.690035;-0.463873;0.434453;0.23727;-0.341278;0.215601;0.369447;0.703142;0.12026;-0.137595;-0.332611;0.280607;0.497291;-0.176598;-0.358613;-0.0552546;-0.334778;0.434453;0.131094;-0.540628;-0.323944;-0.345612;0.846154;0.670639;0.339112;-0.0769231;-0.557963;-0.261105;-0.0964247;0.770314;0.0877573;-0.72481;0.269772;-0.035753;0.193933;0.193933;0.369447;0.0812567;0.547129;0.0942578;-0.588299;-1;-0.575298;0.386782;0.161132;-0.257073;0.763838;0.0750307;-0.306273;-0.849939;-0.261993;-0.507995;0.493235;-0.158672;-0.222632;0.0651906;-0.392374;-0.601476;-0.414514;-0.298893;1;-0.158672;+1;0;0;-1;0

-0.64988;-0.703944;-0.614604;-0.588644;-0.407035;0.40195;0.434453;0.23727;-0.341278;0.215601;0.369447;0.703142;0.12026;-0.137595;-0.332611;0.280607;0.497291;-0.176598;-0.358613;-0.0552546;-0.334778;0.434453;0.131094;-0.540628;-0.323944;-0.345612;0.846154;0.670639;0.339112;-0.0769231;-0.557963;-0.261105;-0.0964247;0.770314;0.0877573;-0.72481;0.269772;-0.035753;0.193933;0.193933;0.369447;0.0812567;0.547129;0.0942578;-0.588299;-1;-0.575298;0.303813;0.161132;-0.257073;0.763838;0.0750307;-0.306273;-0.849939;-0.261993;-0.507995;0.493235;-0.158672;-0.222632;0.0651906;-0.392374;-0.601476;-0.414514;-0.298893;1;-1;0;0;-1;0

-0.670863;-0.662743;-0.573457;-0.536501;-0.442894;0.0335861;0.40195;0.434453;0.23727;-0.341278;0.215601;0.369447;0.703142;0.12026;-0.137595;-0.332611;0.280607;0.497291;-0.176598;-0.358613;-0.0552546;-0.334778;0.434453;0.131094;-0.540628;-0.323944;-0.345612;0.846154;0.670639;0.339112;-0.0769231;-0.557963;-0.261105;-0.0964247;0.770314;0.0877573;-0.72481;0.269772;-0.035753;0.193933;0.193933;0.369447;0.0812567;0.547129;0.0942578;-0.588299;-1;-0.788438;0.303813;0.161132;-0.257073;0.763838;0.0750307;-0.306273;-0.849939;-0.261993;-0.507995;0.493235;-0.158672;-0.222632;0.0651906;-0.392374;-0.601476;-0.414514;-0.298893;-1;0;0;-1;0

