40.15;40.15;38.91;39.25;0.00;0.00;0.00;0.00;0.00;0.00;0.00;0.00;0.00;0.00;0.00;0.00;0.00;0.00;0.00;0.00;0.00;0.00;0.00;0.00;0.00;0.00;0.00;0.00;0.00;0.00;0.00;0.00;0.00;0.00;0.00;0.00;0.00;0.00;0.00;0.00;0.00;0.00;0.00;0.00;0.00;0.00;0.00;0.00;0.00;0.00;0.00;0.00;0.00;0.00;0.00;0.00;0.00;0.00;0.00;0.00;0.00;0.00;0.00;0.00;0.00;0.00;0.00;0.00;0.00;0.00;0.00;0.00;0.00;0.00;0.00;0.00;0.00;0.00;0.00;0.00;0.00;0.00;0.00;0.00;+1;0;0;0;0;1

43.15;43.15;40.1;40.15;3.00;0.00;0.00;0.00;0.00;0.00;0.00;0.00;0.00;0.00;0.00;0.00;0.00;0.00;0.00;0.00;0.00;0.00;0.00;0.00;0.00;0.00;0.00;0.00;0.00;0.00;0.00;0.00;0.00;0.00;0.00;0.00;0.00;0.00;0.00;0.00;0.00;0.00;0.00;0.00;0.00;0.00;0.00;0.00;0.00;0.00;0.00;0.00;0.00;0.00;0.00;0.00;0.00;0.00;0.00;0.00;0.00;0.00;0.00;0.00;0.00;0.00;0.00;0.00;0.00;0.00;0.00;0.00;0.00;0.00;0.00;0.00;0.00;0.00;0.00;0.00;0.00;0.00;0.00;0.00;+1;0;0;0;0;0

43.19;43.7;42.51;43;0.04;3.00;0.00;0.00;0.00;0.00;0.00;0.00;0.00;0.00;0.00;0.00;0.00;0.00;0.00;0.00;0.00;0.00;0.00;0.00;0.00;0.00;0.00;0.00;0.00;0.00;0.00;0.00;0.00;0.00;0.00;0.00;0.00;0.00;0.00;0.00;0.00;0.00;0.00;0.00;0.00;0.00;0.00;0.00;0.00;0.00;0.00;0.00;0.00;0.00;0.00;0.00;0.00;0.00;0.00;0.00;0.00;0.00;0.00;0.00;0.00;0.00;0.00;0.00;0.00;0.00;0.00;0.00;0.00;0.00;0.00;0.00;0.00;0.00;0.00;0.00;0.00;0.00;0.00;0.00;-1;0;0;0;0;1

42.99;43.6;42.7;42.8;-0.20;0.04;3.00;0.00;0.00;0.00;0.00;0.00;0.00;0.00;0.00;0.00;0.00;0.00;0.00;0.00;0.00;0.00;0.00;0.00;0.00;0.00;0.00;0.00;0.00;0.00;0.00;0.00;0.00;0.00;0.00;0.00;0.00;0.00;0.00;0.00;0.00;0.00;0.00;0.00;0.00;0.00;0.00;0.00;0.00;0.00;0.00;0.00;0.00;0.00;0.00;0.00;0.00;0.00;0.00;0.00;0.00;0.00;0.00;0.00;0.00;0.00;0.00;0.00;0.00;0.00;0.00;0.00;0.00;0.00;0.00;0.00;0.00;0.00;0.00;0.00;0.00;0.00;0.00;0.00;-1;0;0;0;0;1

42.2;43.4;41.62;43.4;-0.79;-0.20;0.04;3.00;0.00;0.00;0.00;0.00;0.00;0.00;0.00;0.00;0.00;0.00;0.00;0.00;0.00;0.00;0.00;0.00;0.00;0.00;0.00;0.00;0.00;0.00;0.00;0.00;0.00;0.00;0.00;0.00;0.00;0.00;0.00;0.00;0.00;0.00;0.00;0.00;0.00;0.00;0.00;0.00;0.00;0.00;0.00;0.00;0.00;0.00;0.00;0.00;0.00;0.00;0.00;0.00;0.00;0.00;0.00;0.00;0.00;0.00;0.00;0.00;0.00;0.00;0.00;0.00;0.00;0.00;0.00;0.00;0.00;0.00;0.00;0.00;0.00;0.00;0.00;0.00;-1;0;0;0;0;1

42.01;42.8;41.69;41.77;-0.19;-0.79;-0.20;0.04;3.00;0.00;0.00;0.00;0.00;0.00;0.00;0.00;0.00;0.00;0.00;0.00;0.00;0.00;0.00;0.00;0.00;0.00;0.00;0.00;0.00;0.00;0.00;0.00;0.00;0.00;0.00;0.00;0.00;0.00;0.00;0.00;0.00;0.00;0.00;0.00;0.00;0.00;0.00;0.00;0.00;0.00;0.00;0.00;0.00;0.00;0.00;0.00;0.00;0.00;0.00;0.00;0.00;0.00;0.00;0.00;0.00;0.00;0.00;0.00;0.00;0.00;0.00;0.00;0.00;0.00;0.00;0.00;0.00;0.00;0.00;0.00;0.00;0.00;0.00;0.00;-1;0;0;0;0;1

41.71;42.2;40.85;42.01;-0.30;-0.19;-0.79;-0.20;0.04;3.00;0.00;0.00;0.00;0.00;0.00;0.00;0.00;0.00;0.00;0.00;0.00;0.00;0.00;0.00;0.00;0.00;0.00;0.00;0.00;0.00;0.00;0.00;0.00;0.00;0.00;0.00;0.00;0.00;0.00;0.00;0.00;0.00;0.00;0.00;0.00;0.00;0.00;0.00;0.00;0.00;0.00;0.00;0.00;0.00;0.00;0.00;0.00;0.00;0.00;0.00;0.00;0.00;0.00;0.00;0.00;0.00;0.00;0.00;0.00;0.00;0.00;0.00;0.00;0.00;0.00;0.00;0.00;0.00;0.00;0.00;0.00;0.00;0.00;0.00;+1;0;0;0;0;1

43;43;41.71;42;1.29;-0.30;-0.19;-0.79;-0.20;0.04;3.00;0.00;0.00;0.00;0.00;0.00;0.00;0.00;0.00;0.00;0.00;0.00;0.00;0.00;0.00;0.00;0.00;0.00;0.00;0.00;0.00;0.00;0.00;0.00;0.00;0.00;0.00;0.00;0.00;0.00;0.00;0.00;0.00;0.00;0.00;0.00;0.00;0.00;0.00;0.00;0.00;0.00;0.00;0.00;0.00;0.00;0.00;0.00;0.00;0.00;0.00;0.00;0.00;0.00;0.00;0.00;0.00;0.00;0.00;0.00;0.00;0.00;0.00;0.00;0.00;0.00;0.00;0.00;0.00;0.00;0.00;0.00;0.00;0.00;-1;0;0;0;0;1

42.02;43.5;41.85;42.8;-0.98;1.29;-0.30;-0.19;-0.79;-0.20;0.04;3.00;0.00;0.00;0.00;0.00;0.00;0.00;0.00;0.00;0.00;0.00;0.00;0.00;0.00;0.00;0.00;0.00;0.00;0.00;0.00;0.00;0.00;0.00;0.00;0.00;0.00;0.00;0.00;0.00;0.00;0.00;0.00;0.00;0.00;0.00;0.00;0.00;0.00;0.00;0.00;0.00;0.00;0.00;0.00;0.00;0.00;0.00;0.00;0.00;0.00;0.00;0.00;0.00;0.00;0.00;0.00;0.00;0.00;0.00;0.00;0.00;0.00;0.00;0.00;0.00;0.00;0.00;0.00;0.00;0.00;0.00;0.00;0.00;+1;0;0;0;0;1

43.1;43.2;41.7;42.02;1.08;-0.98;1.29;-0.30;-0.19;-0.79;-0.20;0.04;3.00;0.00;0.00;0.00;0.00;0.00;0.00;0.00;0.00;0.00;0.00;0.00;0.00;0.00;0.00;0.00;0.00;0.00;0.00;0.00;0.00;0.00;0.00;0.00;0.00;0.00;0.00;0.00;0.00;0.00;0.00;0.00;0.00;0.00;0.00;0.00;0.00;0.00;0.00;0.00;0.00;0.00;0.00;0.00;0.00;0.00;0.00;0.00;0.00;0.00;0.00;0.00;0.00;0.00;0.00;0.00;0.00;0.00;0.00;0.00;0.00;0.00;0.00;0.00;0.00;0.00;0.00;0.00;0.00;0.00;0.00;0.00;+1;0;0;0;0;1

44.25;44.45;42.8;42.8;1.15;1.08;-0.98;1.29;-0.30;-0.19;-0.79;-0.20;0.04;3.00;0.00;0.00;0.00;0.00;0.00;0.00;0.00;0.00;0.00;0.00;0.00;0.00;0.00;0.00;0.00;0.00;0.00;0.00;0.00;0.00;0.00;0.00;0.00;0.00;0.00;0.00;0.00;0.00;0.00;0.00;0.00;0.00;0.00;0.00;0.00;0.00;0.00;0.00;0.00;0.00;0.00;0.00;0.00;0.00;0.00;0.00;0.00;0.00;0.00;0.00;0.00;0.00;0.00;0.00;0.00;0.00;0.00;0.00;0.00;0.00;0.00;0.00;0.00;0.00;0.00;0.00;0.00;0.00;0.00;0.00;-1;0;0;0;0;1

44;45.99;43.18;43.8;-0.25;1.15;1.08;-0.98;1.29;-0.30;-0.19;-0.79;-0.20;0.04;3.00;0.00;0.00;0.00;0.00;0.00;0.00;0.00;0.00;0.00;0.00;0.00;0.00;0.00;0.00;0.00;0.00;0.00;0.00;0.00;0.00;0.00;0.00;0.00;0.00;0.00;0.00;0.00;0.00;0.00;0.00;0.00;0.00;0.00;0.00;0.00;0.00;0.00;0.00;0.00;0.00;0.00;0.00;0.00;0.00;0.00;0.00;0.00;0.00;0.00;0.00;0.00;0.00;0.00;0.00;0.00;0.00;0.00;0.00;0.00;0.00;0.00;0.00;0.00;0.00;0.00;0.00;0.00;0.00;0.00;-1;0;0;0;0;1

43.75;43.95;42.51;43;-0.25;-0.25;1.15;1.08;-0.98;1.29;-0.30;-0.19;-0.79;-0.20;0.04;3.00;0.00;0.00;0.00;0.00;0.00;0.00;0.00;0.00;0.00;0.00;0.00;0.00;0.00;0.00;0.00;0.00;0.00;0.00;0.00;0.00;0.00;0.00;0.00;0.00;0.00;0.00;0.00;0.00;0.00;0.00;0.00;0.00;0.00;0.00;0.00;0.00;0.00;0.00;0.00;0.00;0.00;0.00;0.00;0.00;0.00;0.00;0.00;0.00;0.00;0.00;0.00;0.00;0.00;0.00;0.00;0.00;0.00;0.00;0.00;0.00;0.00;0.00;0.00;0.00;0.00;0.00;0.00;0.00;+1;0;0;0;0;1

45.1;45.48;43.9;44;1.35;-0.25;-0.25;1.15;1.08;-0.98;1.29;-0.30;-0.19;-0.79;-0.20;0.04;3.00;0.00;0.00;0.00;0.00;0.00;0.00;0.00;0.00;0.00;0.00;0.00;0.00;0.00;0.00;0.00;0.00;0.00;0.00;0.00;0.00;0.00;0.00;0.00;0.00;0.00;0.00;0.00;0.00;0.00;0.00;0.00;0.00;0.00;0.00;0.00;0.00;0.00;0.00;0.00;0.00;0.00;0.00;0.00;0.00;0.00;0.00;0.00;0.00;0.00;0.00;0.00;0.00;0.00;0.00;0.00;0.00;0.00;0.00;0.00;0.00;0.00;0.00;0.00;0.00;0.00;0.00;0.00;+1;0;0;0;0;1

45.5;45.5;43.27;45.1;0.40;1.35;-0.25;-0.25;1.15;1.08;-0.98;1.29;-0.30;-0.19;-0.79;-0.20;0.04;3.00;0.00;0.00;0.00;0.00;0.00;0.00;0.00;0.00;0.00;0.00;0.00;0.00;0.00;0.00;0.00;0.00;0.00;0.00;0.00;0.00;0.00;0.00;0.00;0.00;0.00;0.00;0.00;0.00;0.00;0.00;0.00;0.00;0.00;0.00;0.00;0.00;0.00;0.00;0.00;0.00;0.00;0.00;0.00;0.00;0.00;0.00;0.00;0.00;0.00;0.00;0.00;0.00;0.00;0.00;0.00;0.00;0.00;0.00;0.00;0.00;0.00;0.00;0.00;0.00;0.00;0.00;-1;0;0;0;0;1

44.6;45.1;43.51;45.1;-0.90;0.40;1.35;-0.25;-0.25;1.15;1.08;-0.98;1.29;-0.30;-0.19;-0.79;-0.20;0.04;3.00;0.00;0.00;0.00;0.00;0.00;0.00;0.00;0.00;0.00;0.00;0.00;0.00;0.00;0.00;0.00;0.00;0.00;0.00;0.00;0.00;0.00;0.00;0.00;0.00;0.00;0.00;0.00;0.00;0.00;0.00;0.00;0.00;0.00;0.00;0.00;0.00;0.00;0.00;0.00;0.00;0.00;0.00;0.00;0.00;0.00;0.00;0.00;0.00;0.00;0.00;0.00;0.00;0.00;0.00;0.00;0.00;0.00;0.00;0.00;0.00;0.00;0.00;0.00;0.00;0.00;+1;0;0;0;0;1

45.31;45.5;44.87;45;0.71;-0.90;0.40;1.35;-0.25;-0.25;1.15;1.08;-0.98;1.29;-0.30;-0.19;-0.79;-0.20;0.04;3.00;0.00;0.00;0.00;0.00;0.00;0.00;0.00;0.00;0.00;0.00;0.00;0.00;0.00;0.00;0.00;0.00;0.00;0.00;0.00;0.00;0.00;0.00;0.00;0.00;0.00;0.00;0.00;0.00;0.00;0.00;0.00;0.00;0.00;0.00;0.00;0.00;0.00;0.00;0.00;0.00;0.00;0.00;0.00;0.00;0.00;0.00;0.00;0.00;0.00;0.00;0.00;0.00;0.00;0.00;0.00;0.00;0.00;0.00;0.00;0.00;0.00;0.00;0.00;0.00;+1;0;0;0;0;1

45.7;45.79;44.92;45.31;0.39;0.71;-0.90;0.40;1.35;-0.25;-0.25;1.15;1.08;-0.98;1.29;-0.30;-0.19;-0.79;-0.20;0.04;3.00;0.00;0.00;0.00;0.00;0.00;0.00;0.00;0.00;0.00;0.00;0.00;0.00;0.00;0.00;0.00;0.00;0.00;0.00;0.00;0.00;0.00;0.00;0.00;0.00;0.00;0.00;0.00;0.00;0.00;0.00;0.00;0.00;0.00;0.00;0.00;0.00;0.00;0.00;0.00;0.00;0.00;0.00;0.00;0.00;0.00;0.00;0.00;0.00;0.00;0.00;0.00;0.00;0.00;0.00;0.00;0.00;0.00;0.00;0.00;0.00;0.00;0.00;0.00;-1;0;0;0;0;1

43.85;46.2;43.51;45.9;-1.85;0.39;0.71;-0.90;0.40;1.35;-0.25;-0.25;1.15;1.08;-0.98;1.29;-0.30;-0.19;-0.79;-0.20;0.04;3.00;0.00;0.00;0.00;0.00;0.00;0.00;0.00;0.00;0.00;0.00;0.00;0.00;0.00;0.00;0.00;0.00;0.00;0.00;0.00;0.00;0.00;0.00;0.00;0.00;0.00;0.00;0.00;0.00;0.00;0.00;0.00;0.00;0.00;0.00;0.00;0.00;0.00;0.00;0.00;0.00;0.00;0.00;0.00;0.00;0.00;0.00;0.00;0.00;0.00;0.00;0.00;0.00;0.00;0.00;0.00;0.00;0.00;0.00;0.00;0.00;0.00;0.00;-1;0;0;0;0;1

43.3;44.05;42.56;44;-0.55;-1.85;0.39;0.71;-0.90;0.40;1.35;-0.25;-0.25;1.15;1.08;-0.98;1.29;-0.30;-0.19;-0.79;-0.20;0.04;3.00;0.00;0.00;0.00;0.00;0.00;0.00;0.00;0.00;0.00;0.00;0.00;0.00;0.00;0.00;0.00;0.00;0.00;0.00;0.00;0.00;0.00;0.00;0.00;0.00;0.00;0.00;0.00;0.00;0.00;0.00;0.00;0.00;0.00;0.00;0.00;0.00;0.00;0.00;0.00;0.00;0.00;0.00;0.00;0.00;0.00;0.00;0.00;0.00;0.00;0.00;0.00;0.00;0.00;0.00;0.00;0.00;0.00;0.00;0.00;0.00;0.00;-1;0;0;0;0;1

42;43.55;40.42;43.3;-1.30;-0.55;-1.85;0.39;0.71;-0.90;0.40;1.35;-0.25;-0.25;1.15;1.08;-0.98;1.29;-0.30;-0.19;-0.79;-0.20;0.04;3.00;0.00;0.00;0.00;0.00;0.00;0.00;0.00;0.00;0.00;0.00;0.00;0.00;0.00;0.00;0.00;0.00;0.00;0.00;0.00;0.00;0.00;0.00;0.00;0.00;0.00;0.00;0.00;0.00;0.00;0.00;0.00;0.00;0.00;0.00;0.00;0.00;0.00;0.00;0.00;0.00;0.00;0.00;0.00;0.00;0.00;0.00;0.00;0.00;0.00;0.00;0.00;0.00;0.00;0.00;0.00;0.00;0.00;0.00;0.00;0.00;+1;0;0;0;0;1

42.5;42.5;40.67;41.98;0.50;-1.30;-0.55;-1.85;0.39;0.71;-0.90;0.40;1.35;-0.25;-0.25;1.15;1.08;-0.98;1.29;-0.30;-0.19;-0.79;-0.20;0.04;3.00;0.00;0.00;0.00;0.00;0.00;0.00;0.00;0.00;0.00;0.00;0.00;0.00;0.00;0.00;0.00;0.00;0.00;0.00;0.00;0.00;0.00;0.00;0.00;0.00;0.00;0.00;0.00;0.00;0.00;0.00;0.00;0.00;0.00;0.00;0.00;0.00;0.00;0.00;0.00;0.00;0.00;0.00;0.00;0.00;0.00;0.00;0.00;0.00;0.00;0.00;0.00;0.00;0.00;0.00;0.00;0.00;0.00;0.00;0.00;-1;0;0;0;0;1

40.65;42.84;40.65;42.5;-1.85;0.50;-1.30;-0.55;-1.85;0.39;0.71;-0.90;0.40;1.35;-0.25;-0.25;1.15;1.08;-0.98;1.29;-0.30;-0.19;-0.79;-0.20;0.04;3.00;0.00;0.00;0.00;0.00;0.00;0.00;0.00;0.00;0.00;0.00;0.00;0.00;0.00;0.00;0.00;0.00;0.00;0.00;0.00;0.00;0.00;0.00;0.00;0.00;0.00;0.00;0.00;0.00;0.00;0.00;0.00;0.00;0.00;0.00;0.00;0.00;0.00;0.00;0.00;0.00;0.00;0.00;0.00;0.00;0.00;0.00;0.00;0.00;0.00;0.00;0.00;0.00;0.00;0.00;0.00;0.00;0.00;0.00;+1;0;0;0;0;1

41.22;41.7;40.3;41.05;0.57;-1.85;0.50;-1.30;-0.55;-1.85;0.39;0.71;-0.90;0.40;1.35;-0.25;-0.25;1.15;1.08;-0.98;1.29;-0.30;-0.19;-0.79;-0.20;0.04;3.00;0.00;0.00;0.00;0.00;0.00;0.00;0.00;0.00;0.00;0.00;0.00;0.00;0.00;0.00;0.00;0.00;0.00;0.00;0.00;0.00;0.00;0.00;0.00;0.00;0.00;0.00;0.00;0.00;0.00;0.00;0.00;0.00;0.00;0.00;0.00;0.00;0.00;0.00;0.00;0.00;0.00;0.00;0.00;0.00;0.00;0.00;0.00;0.00;0.00;0.00;0.00;0.00;0.00;0.00;0.00;0.00;0.00;-1;0;0;0;0;1

40.53;42;40.52;41.2;-0.69;0.57;-1.85;0.50;-1.30;-0.55;-1.85;0.39;0.71;-0.90;0.40;1.35;-0.25;-0.25;1.15;1.08;-0.98;1.29;-0.30;-0.19;-0.79;-0.20;0.04;3.00;0.00;0.00;0.00;0.00;0.00;0.00;0.00;0.00;0.00;0.00;0.00;0.00;0.00;0.00;0.00;0.00;0.00;0.00;0.00;0.00;0.00;0.00;0.00;0.00;0.00;0.00;0.00;0.00;0.00;0.00;0.00;0.00;0.00;0.00;0.00;0.00;0.00;0.00;0.00;0.00;0.00;0.00;0.00;0.00;0.00;0.00;0.00;0.00;0.00;0.00;0.00;0.00;0.00;0.00;0.00;0.00;+1;0;0;0;0;1

40.8;40.95;39.65;40.52;0.27;-0.69;0.57;-1.85;0.50;-1.30;-0.55;-1.85;0.39;0.71;-0.90;0.40;1.35;-0.25;-0.25;1.15;1.08;-0.98;1.29;-0.30;-0.19;-0.79;-0.20;0.04;3.00;0.00;0.00;0.00;0.00;0.00;0.00;0.00;0.00;0.00;0.00;0.00;0.00;0.00;0.00;0.00;0.00;0.00;0.00;0.00;0.00;0.00;0.00;0.00;0.00;0.00;0.00;0.00;0.00;0.00;0.00;0.00;0.00;0.00;0.00;0.00;0.00;0.00;0.00;0.00;0.00;0.00;0.00;0.00;0.00;0.00;0.00;0.00;0.00;0.00;0.00;0.00;0.00;0.00;0.00;0.00;-1;0;0;0;0;1

40.2;41.55;39.7;40.79;-0.60;0.27;-0.69;0.57;-1.85;0.50;-1.30;-0.55;-1.85;0.39;0.71;-0.90;0.40;1.35;-0.25;-0.25;1.15;1.08;-0.98;1.29;-0.30;-0.19;-0.79;-0.20;0.04;3.00;0.00;0.00;0.00;0.00;0.00;0.00;0.00;0.00;0.00;0.00;0.00;0.00;0.00;0.00;0.00;0.00;0.00;0.00;0.00;0.00;0.00;0.00;0.00;0.00;0.00;0.00;0.00;0.00;0.00;0.00;0.00;0.00;0.00;0.00;0.00;0.00;0.00;0.00;0.00;0.00;0.00;0.00;0.00;0.00;0.00;0.00;0.00;0.00;0.00;0.00;0.00;0.00;0.00;0.00;+1;0;0;0;0;1

40.7;41.41;39.9;40.45;0.50;-0.60;0.27;-0.69;0.57;-1.85;0.50;-1.30;-0.55;-1.85;0.39;0.71;-0.90;0.40;1.35;-0.25;-0.25;1.15;1.08;-0.98;1.29;-0.30;-0.19;-0.79;-0.20;0.04;3.00;0.00;0.00;0.00;0.00;0.00;0.00;0.00;0.00;0.00;0.00;0.00;0.00;0.00;0.00;0.00;0.00;0.00;0.00;0.00;0.00;0.00;0.00;0.00;0.00;0.00;0.00;0.00;0.00;0.00;0.00;0.00;0.00;0.00;0.00;0.00;0.00;0.00;0.00;0.00;0.00;0.00;0.00;0.00;0.00;0.00;0.00;0.00;0.00;0.00;0.00;0.00;0.00;0.00;+1;0;0;0;0;1

42.8;42.8;41.23;41.26;2.10;0.50;-0.60;0.27;-0.69;0.57;-1.85;0.50;-1.30;-0.55;-1.85;0.39;0.71;-0.90;0.40;1.35;-0.25;-0.25;1.15;1.08;-0.98;1.29;-0.30;-0.19;-0.79;-0.20;0.04;3.00;0.00;0.00;0.00;0.00;0.00;0.00;0.00;0.00;0.00;0.00;0.00;0.00;0.00;0.00;0.00;0.00;0.00;0.00;0.00;0.00;0.00;0.00;0.00;0.00;0.00;0.00;0.00;0.00;0.00;0.00;0.00;0.00;0.00;0.00;0.00;0.00;0.00;0.00;0.00;0.00;0.00;0.00;0.00;0.00;0.00;0.00;0.00;0.00;0.00;0.00;0.00;0.00;-1;0;0;0;0;1

42.01;43.2;42.01;42.4;-0.79;2.10;0.50;-0.60;0.27;-0.69;0.57;-1.85;0.50;-1.30;-0.55;-1.85;0.39;0.71;-0.90;0.40;1.35;-0.25;-0.25;1.15;1.08;-0.98;1.29;-0.30;-0.19;-0.79;-0.20;0.04;3.00;0.00;0.00;0.00;0.00;0.00;0.00;0.00;0.00;0.00;0.00;0.00;0.00;0.00;0.00;0.00;0.00;0.00;0.00;0.00;0.00;0.00;0.00;0.00;0.00;0.00;0.00;0.00;0.00;0.00;0.00;0.00;0.00;0.00;0.00;0.00;0.00;0.00;0.00;0.00;0.00;0.00;0.00;0.00;0.00;0.00;0.00;0.00;0.00;0.00;0.00;0.00;+1;0;0;0;0;1

44.2;44.52;41.87;42.22;2.19;-0.79;2.10;0.50;-0.60;0.27;-0.69;0.57;-1.85;0.50;-1.30;-0.55;-1.85;0.39;0.71;-0.90;0.40;1.35;-0.25;-0.25;1.15;1.08;-0.98;1.29;-0.30;-0.19;-0.79;-0.20;0.04;3.00;0.00;0.00;0.00;0.00;0.00;0.00;0.00;0.00;0.00;0.00;0.00;0.00;0.00;0.00;0.00;0.00;0.00;0.00;0.00;0.00;0.00;0.00;0.00;0.00;0.00;0.00;0.00;0.00;0.00;0.00;0.00;0.00;0.00;0.00;0.00;0.00;0.00;0.00;0.00;0.00;0.00;0.00;0.00;0.00;0.00;0.00;0.00;0.00;0.00;0.00;+1;0;0;0;0;1

45.2;45.9;42.9;43.66;1.00;2.19;-0.79;2.10;0.50;-0.60;0.27;-0.69;0.57;-1.85;0.50;-1.30;-0.55;-1.85;0.39;0.71;-0.90;0.40;1.35;-0.25;-0.25;1.15;1.08;-0.98;1.29;-0.30;-0.19;-0.79;-0.20;0.04;3.00;0.00;0.00;0.00;0.00;0.00;0.00;0.00;0.00;0.00;0.00;0.00;0.00;0.00;0.00;0.00;0.00;0.00;0.00;0.00;0.00;0.00;0.00;0.00;0.00;0.00;0.00;0.00;0.00;0.00;0.00;0.00;0.00;0.00;0.00;0.00;0.00;0.00;0.00;0.00;0.00;0.00;0.00;0.00;0.00;0.00;0.00;0.00;0.00;0.00;+1;0;0;0;0;1

47.7;47.9;44.89;45.21;2.50;1.00;2.19;-0.79;2.10;0.50;-0.60;0.27;-0.69;0.57;-1.85;0.50;-1.30;-0.55;-1.85;0.39;0.71;-0.90;0.40;1.35;-0.25;-0.25;1.15;1.08;-0.98;1.29;-0.30;-0.19;-0.79;-0.20;0.04;3.00;0.00;0.00;0.00;0.00;0.00;0.00;0.00;0.00;0.00;0.00;0.00;0.00;0.00;0.00;0.00;0.00;0.00;0.00;0.00;0.00;0.00;0.00;0.00;0.00;0.00;0.00;0.00;0.00;0.00;0.00;0.00;0.00;0.00;0.00;0.00;0.00;0.00;0.00;0.00;0.00;0.00;0.00;0.00;0.00;0.00;0.00;0.00;0.00;+1;0;0;0;0;0

48.4;48.9;47.3;47.98;0.70;2.50;1.00;2.19;-0.79;2.10;0.50;-0.60;0.27;-0.69;0.57;-1.85;0.50;-1.30;-0.55;-1.85;0.39;0.71;-0.90;0.40;1.35;-0.25;-0.25;1.15;1.08;-0.98;1.29;-0.30;-0.19;-0.79;-0.20;0.04;3.00;0.00;0.00;0.00;0.00;0.00;0.00;0.00;0.00;0.00;0.00;0.00;0.00;0.00;0.00;0.00;0.00;0.00;0.00;0.00;0.00;0.00;0.00;0.00;0.00;0.00;0.00;0.00;0.00;0.00;0.00;0.00;0.00;0.00;0.00;0.00;0.00;0.00;0.00;0.00;0.00;0.00;0.00;0.00;0.00;0.00;0.00;0.00;+1;0;0;0;0;1

49.5;49.8;47.3;48.02;1.10;0.70;2.50;1.00;2.19;-0.79;2.10;0.50;-0.60;0.27;-0.69;0.57;-1.85;0.50;-1.30;-0.55;-1.85;0.39;0.71;-0.90;0.40;1.35;-0.25;-0.25;1.15;1.08;-0.98;1.29;-0.30;-0.19;-0.79;-0.20;0.04;3.00;0.00;0.00;0.00;0.00;0.00;0.00;0.00;0.00;0.00;0.00;0.00;0.00;0.00;0.00;0.00;0.00;0.00;0.00;0.00;0.00;0.00;0.00;0.00;0.00;0.00;0.00;0.00;0.00;0.00;0.00;0.00;0.00;0.00;0.00;0.00;0.00;0.00;0.00;0.00;0.00;0.00;0.00;0.00;0.00;0.00;0.00;-1;0;0;0;0;1

47;49.7;47;49.59;-2.50;1.10;0.70;2.50;1.00;2.19;-0.79;2.10;0.50;-0.60;0.27;-0.69;0.57;-1.85;0.50;-1.30;-0.55;-1.85;0.39;0.71;-0.90;0.40;1.35;-0.25;-0.25;1.15;1.08;-0.98;1.29;-0.30;-0.19;-0.79;-0.20;0.04;3.00;0.00;0.00;0.00;0.00;0.00;0.00;0.00;0.00;0.00;0.00;0.00;0.00;0.00;0.00;0.00;0.00;0.00;0.00;0.00;0.00;0.00;0.00;0.00;0.00;0.00;0.00;0.00;0.00;0.00;0.00;0.00;0.00;0.00;0.00;0.00;0.00;0.00;0.00;0.00;0.00;0.00;0.00;0.00;0.00;0.00;+1;0;0;0;0;0

48.7;49.45;46.21;47;1.70;-2.50;1.10;0.70;2.50;1.00;2.19;-0.79;2.10;0.50;-0.60;0.27;-0.69;0.57;-1.85;0.50;-1.30;-0.55;-1.85;0.39;0.71;-0.90;0.40;1.35;-0.25;-0.25;1.15;1.08;-0.98;1.29;-0.30;-0.19;-0.79;-0.20;0.04;3.00;0.00;0.00;0.00;0.00;0.00;0.00;0.00;0.00;0.00;0.00;0.00;0.00;0.00;0.00;0.00;0.00;0.00;0.00;0.00;0.00;0.00;0.00;0.00;0.00;0.00;0.00;0.00;0.00;0.00;0.00;0.00;0.00;0.00;0.00;0.00;0.00;0.00;0.00;0.00;0.00;0.00;0.00;0.00;0.00;-1;0;0;0;0;1

48.2;49;48;48.7;-0.50;1.70;-2.50;1.10;0.70;2.50;1.00;2.19;-0.79;2.10;0.50;-0.60;0.27;-0.69;0.57;-1.85;0.50;-1.30;-0.55;-1.85;0.39;0.71;-0.90;0.40;1.35;-0.25;-0.25;1.15;1.08;-0.98;1.29;-0.30;-0.19;-0.79;-0.20;0.04;3.00;0.00;0.00;0.00;0.00;0.00;0.00;0.00;0.00;0.00;0.00;0.00;0.00;0.00;0.00;0.00;0.00;0.00;0.00;0.00;0.00;0.00;0.00;0.00;0.00;0.00;0.00;0.00;0.00;0.00;0.00;0.00;0.00;0.00;0.00;0.00;0.00;0.00;0.00;0.00;0.00;0.00;0.00;0.00;-1;0;0;0;0;1

46.65;48.11;46;48.11;-1.55;-0.50;1.70;-2.50;1.10;0.70;2.50;1.00;2.19;-0.79;2.10;0.50;-0.60;0.27;-0.69;0.57;-1.85;0.50;-1.30;-0.55;-1.85;0.39;0.71;-0.90;0.40;1.35;-0.25;-0.25;1.15;1.08;-0.98;1.29;-0.30;-0.19;-0.79;-0.20;0.04;3.00;0.00;0.00;0.00;0.00;0.00;0.00;0.00;0.00;0.00;0.00;0.00;0.00;0.00;0.00;0.00;0.00;0.00;0.00;0.00;0.00;0.00;0.00;0.00;0.00;0.00;0.00;0.00;0.00;0.00;0.00;0.00;0.00;0.00;0.00;0.00;0.00;0.00;0.00;0.00;0.00;0.00;0.00;+1;0;0;0;0;1

47.7;47.88;46;46.65;1.05;-1.55;-0.50;1.70;-2.50;1.10;0.70;2.50;1.00;2.19;-0.79;2.10;0.50;-0.60;0.27;-0.69;0.57;-1.85;0.50;-1.30;-0.55;-1.85;0.39;0.71;-0.90;0.40;1.35;-0.25;-0.25;1.15;1.08;-0.98;1.29;-0.30;-0.19;-0.79;-0.20;0.04;3.00;0.00;0.00;0.00;0.00;0.00;0.00;0.00;0.00;0.00;0.00;0.00;0.00;0.00;0.00;0.00;0.00;0.00;0.00;0.00;0.00;0.00;0.00;0.00;0.00;0.00;0.00;0.00;0.00;0.00;0.00;0.00;0.00;0.00;0.00;0.00;0.00;0.00;0.00;0.00;0.00;0.00;-1;0;0;0;0;1

46.5;47.69;46.15;47.55;-1.20;1.05;-1.55;-0.50;1.70;-2.50;1.10;0.70;2.50;1.00;2.19;-0.79;2.10;0.50;-0.60;0.27;-0.69;0.57;-1.85;0.50;-1.30;-0.55;-1.85;0.39;0.71;-0.90;0.40;1.35;-0.25;-0.25;1.15;1.08;-0.98;1.29;-0.30;-0.19;-0.79;-0.20;0.04;3.00;0.00;0.00;0.00;0.00;0.00;0.00;0.00;0.00;0.00;0.00;0.00;0.00;0.00;0.00;0.00;0.00;0.00;0.00;0.00;0.00;0.00;0.00;0.00;0.00;0.00;0.00;0.00;0.00;0.00;0.00;0.00;0.00;0.00;0.00;0.00;0.00;0.00;0.00;0.00;0.00;-1;0;0;0;0;1

46.4;46.87;46.08;46.3;-0.10;-1.20;1.05;-1.55;-0.50;1.70;-2.50;1.10;0.70;2.50;1.00;2.19;-0.79;2.10;0.50;-0.60;0.27;-0.69;0.57;-1.85;0.50;-1.30;-0.55;-1.85;0.39;0.71;-0.90;0.40;1.35;-0.25;-0.25;1.15;1.08;-0.98;1.29;-0.30;-0.19;-0.79;-0.20;0.04;3.00;0.00;0.00;0.00;0.00;0.00;0.00;0.00;0.00;0.00;0.00;0.00;0.00;0.00;0.00;0.00;0.00;0.00;0.00;0.00;0.00;0.00;0.00;0.00;0.00;0.00;0.00;0.00;0.00;0.00;0.00;0.00;0.00;0.00;0.00;0.00;0.00;0.00;0.00;0.00;-1;0;0;0;0;1

45.1;46.7;44.9;46.41;-1.30;-0.10;-1.20;1.05;-1.55;-0.50;1.70;-2.50;1.10;0.70;2.50;1.00;2.19;-0.79;2.10;0.50;-0.60;0.27;-0.69;0.57;-1.85;0.50;-1.30;-0.55;-1.85;0.39;0.71;-0.90;0.40;1.35;-0.25;-0.25;1.15;1.08;-0.98;1.29;-0.30;-0.19;-0.79;-0.20;0.04;3.00;0.00;0.00;0.00;0.00;0.00;0.00;0.00;0.00;0.00;0.00;0.00;0.00;0.00;0.00;0.00;0.00;0.00;0.00;0.00;0.00;0.00;0.00;0.00;0.00;0.00;0.00;0.00;0.00;0.00;0.00;0.00;0.00;0.00;0.00;0.00;0.00;0.00;0.00;-1;0;0;0;0;1

44.2;45.45;43.53;44.8;-0.90;-1.30;-0.10;-1.20;1.05;-1.55;-0.50;1.70;-2.50;1.10;0.70;2.50;1.00;2.19;-0.79;2.10;0.50;-0.60;0.27;-0.69;0.57;-1.85;0.50;-1.30;-0.55;-1.85;0.39;0.71;-0.90;0.40;1.35;-0.25;-0.25;1.15;1.08;-0.98;1.29;-0.30;-0.19;-0.79;-0.20;0.04;3.00;0.00;0.00;0.00;0.00;0.00;0.00;0.00;0.00;0.00;0.00;0.00;0.00;0.00;0.00;0.00;0.00;0.00;0.00;0.00;0.00;0.00;0.00;0.00;0.00;0.00;0.00;0.00;0.00;0.00;0.00;0.00;0.00;0.00;0.00;0.00;0.00;0.00;-1;0;0;0;0;1

43.5;44;42.2;43.79;-0.70;-0.90;-1.30;-0.10;-1.20;1.05;-1.55;-0.50;1.70;-2.50;1.10;0.70;2.50;1.00;2.19;-0.79;2.10;0.50;-0.60;0.27;-0.69;0.57;-1.85;0.50;-1.30;-0.55;-1.85;0.39;0.71;-0.90;0.40;1.35;-0.25;-0.25;1.15;1.08;-0.98;1.29;-0.30;-0.19;-0.79;-0.20;0.04;3.00;0.00;0.00;0.00;0.00;0.00;0.00;0.00;0.00;0.00;0.00;0.00;0.00;0.00;0.00;0.00;0.00;0.00;0.00;0.00;0.00;0.00;0.00;0.00;0.00;0.00;0.00;0.00;0.00;0.00;0.00;0.00;0.00;0.00;0.00;0.00;0.00;-1;0;0;0;0;1

43;44.4;41.66;44;-0.50;-0.70;-0.90;-1.30;-0.10;-1.20;1.05;-1.55;-0.50;1.70;-2.50;1.10;0.70;2.50;1.00;2.19;-0.79;2.10;0.50;-0.60;0.27;-0.69;0.57;-1.85;0.50;-1.30;-0.55;-1.85;0.39;0.71;-0.90;0.40;1.35;-0.25;-0.25;1.15;1.08;-0.98;1.29;-0.30;-0.19;-0.79;-0.20;0.04;3.00;0.00;0.00;0.00;0.00;0.00;0.00;0.00;0.00;0.00;0.00;0.00;0.00;0.00;0.00;0.00;0.00;0.00;0.00;0.00;0.00;0.00;0.00;0.00;0.00;0.00;0.00;0.00;0.00;0.00;0.00;0.00;0.00;0.00;0.00;0.00;+1;0;0;0;0;1

45.1;45.53;42.71;43;2.10;-0.50;-0.70;-0.90;-1.30;-0.10;-1.20;1.05;-1.55;-0.50;1.70;-2.50;1.10;0.70;2.50;1.00;2.19;-0.79;2.10;0.50;-0.60;0.27;-0.69;0.57;-1.85;0.50;-1.30;-0.55;-1.85;0.39;0.71;-0.90;0.40;1.35;-0.25;-0.25;1.15;1.08;-0.98;1.29;-0.30;-0.19;-0.79;-0.20;0.04;3.00;0.00;0.00;0.00;0.00;0.00;0.00;0.00;0.00;0.00;0.00;0.00;0.00;0.00;0.00;0.00;0.00;0.00;0.00;0.00;0.00;0.00;0.00;0.00;0.00;0.00;0.00;0.00;0.00;0.00;0.00;0.00;0.00;0.00;0.00;-1;0;0;0;0;1

44.2;45.9;43.8;44.61;-0.90;2.10;-0.50;-0.70;-0.90;-1.30;-0.10;-1.20;1.05;-1.55;-0.50;1.70;-2.50;1.10;0.70;2.50;1.00;2.19;-0.79;2.10;0.50;-0.60;0.27;-0.69;0.57;-1.85;0.50;-1.30;-0.55;-1.85;0.39;0.71;-0.90;0.40;1.35;-0.25;-0.25;1.15;1.08;-0.98;1.29;-0.30;-0.19;-0.79;-0.20;0.04;3.00;0.00;0.00;0.00;0.00;0.00;0.00;0.00;0.00;0.00;0.00;0.00;0.00;0.00;0.00;0.00;0.00;0.00;0.00;0.00;0.00;0.00;0.00;0.00;0.00;0.00;0.00;0.00;0.00;0.00;0.00;0.00;0.00;0.00;+1;0;0;0;0;1

47.2;47.2;43.6;44;3.00;-0.90;2.10;-0.50;-0.70;-0.90;-1.30;-0.10;-1.20;1.05;-1.55;-0.50;1.70;-2.50;1.10;0.70;2.50;1.00;2.19;-0.79;2.10;0.50;-0.60;0.27;-0.69;0.57;-1.85;0.50;-1.30;-0.55;-1.85;0.39;0.71;-0.90;0.40;1.35;-0.25;-0.25;1.15;1.08;-0.98;1.29;-0.30;-0.19;-0.79;-0.20;0.04;3.00;0.00;0.00;0.00;0.00;0.00;0.00;0.00;0.00;0.00;0.00;0.00;0.00;0.00;0.00;0.00;0.00;0.00;0.00;0.00;0.00;0.00;0.00;0.00;0.00;0.00;0.00;0.00;0.00;0.00;0.00;0.00;0.00;+1;0;0;0;0;0

47.65;48.48;46.6;46.9;0.45;3.00;-0.90;2.10;-0.50;-0.70;-0.90;-1.30;-0.10;-1.20;1.05;-1.55;-0.50;1.70;-2.50;1.10;0.70;2.50;1.00;2.19;-0.79;2.10;0.50;-0.60;0.27;-0.69;0.57;-1.85;0.50;-1.30;-0.55;-1.85;0.39;0.71;-0.90;0.40;1.35;-0.25;-0.25;1.15;1.08;-0.98;1.29;-0.30;-0.19;-0.79;-0.20;0.04;3.00;0.00;0.00;0.00;0.00;0.00;0.00;0.00;0.00;0.00;0.00;0.00;0.00;0.00;0.00;0.00;0.00;0.00;0.00;0.00;0.00;0.00;0.00;0.00;0.00;0.00;0.00;0.00;0.00;0.00;0.00;0.00;+1;0;0;0;0;1

48.5;48.5;47.27;48.19;0.85;0.45;3.00;-0.90;2.10;-0.50;-0.70;-0.90;-1.30;-0.10;-1.20;1.05;-1.55;-0.50;1.70;-2.50;1.10;0.70;2.50;1.00;2.19;-0.79;2.10;0.50;-0.60;0.27;-0.69;0.57;-1.85;0.50;-1.30;-0.55;-1.85;0.39;0.71;-0.90;0.40;1.35;-0.25;-0.25;1.15;1.08;-0.98;1.29;-0.30;-0.19;-0.79;-0.20;0.04;3.00;0.00;0.00;0.00;0.00;0.00;0.00;0.00;0.00;0.00;0.00;0.00;0.00;0.00;0.00;0.00;0.00;0.00;0.00;0.00;0.00;0.00;0.00;0.00;0.00;0.00;0.00;0.00;0.00;0.00;0.00;+1;0;0;0;0;1

49.25;49.52;47.9;47.9;0.75;0.85;0.45;3.00;-0.90;2.10;-0.50;-0.70;-0.90;-1.30;-0.10;-1.20;1.05;-1.55;-0.50;1.70;-2.50;1.10;0.70;2.50;1.00;2.19;-0.79;2.10;0.50;-0.60;0.27;-0.69;0.57;-1.85;0.50;-1.30;-0.55;-1.85;0.39;0.71;-0.90;0.40;1.35;-0.25;-0.25;1.15;1.08;-0.98;1.29;-0.30;-0.19;-0.79;-0.20;0.04;3.00;0.00;0.00;0.00;0.00;0.00;0.00;0.00;0.00;0.00;0.00;0.00;0.00;0.00;0.00;0.00;0.00;0.00;0.00;0.00;0.00;0.00;0.00;0.00;0.00;0.00;0.00;0.00;0.00;0.00;+1;0;0;0;0;1

50.4;50.7;49.35;49.39;1.15;0.75;0.85;0.45;3.00;-0.90;2.10;-0.50;-0.70;-0.90;-1.30;-0.10;-1.20;1.05;-1.55;-0.50;1.70;-2.50;1.10;0.70;2.50;1.00;2.19;-0.79;2.10;0.50;-0.60;0.27;-0.69;0.57;-1.85;0.50;-1.30;-0.55;-1.85;0.39;0.71;-0.90;0.40;1.35;-0.25;-0.25;1.15;1.08;-0.98;1.29;-0.30;-0.19;-0.79;-0.20;0.04;3.00;0.00;0.00;0.00;0.00;0.00;0.00;0.00;0.00;0.00;0.00;0.00;0.00;0.00;0.00;0.00;0.00;0.00;0.00;0.00;0.00;0.00;0.00;0.00;0.00;0.00;0.00;0.00;0.00;+1;0;0;0;0;1

50.41;51.8;49.8;50;0.01;1.15;0.75;0.85;0.45;3.00;-0.90;2.10;-0.50;-0.70;-0.90;-1.30;-0.10;-1.20;1.05;-1.55;-0.50;1.70;-2.50;1.10;0.70;2.50;1.00;2.19;-0.79;2.10;0.50;-0.60;0.27;-0.69;0.57;-1.85;0.50;-1.30;-0.55;-1.85;0.39;0.71;-0.90;0.40;1.35;-0.25;-0.25;1.15;1.08;-0.98;1.29;-0.30;-0.19;-0.79;-0.20;0.04;3.00;0.00;0.00;0.00;0.00;0.00;0.00;0.00;0.00;0.00;0.00;0.00;0.00;0.00;0.00;0.00;0.00;0.00;0.00;0.00;0.00;0.00;0.00;0.00;0.00;0.00;0.00;0.00;+1;0;0;0;0;1

52.5;52.7;49.6;50.06;2.09;0.01;1.15;0.75;0.85;0.45;3.00;-0.90;2.10;-0.50;-0.70;-0.90;-1.30;-0.10;-1.20;1.05;-1.55;-0.50;1.70;-2.50;1.10;0.70;2.50;1.00;2.19;-0.79;2.10;0.50;-0.60;0.27;-0.69;0.57;-1.85;0.50;-1.30;-0.55;-1.85;0.39;0.71;-0.90;0.40;1.35;-0.25;-0.25;1.15;1.08;-0.98;1.29;-0.30;-0.19;-0.79;-0.20;0.04;3.00;0.00;0.00;0.00;0.00;0.00;0.00;0.00;0.00;0.00;0.00;0.00;0.00;0.00;0.00;0.00;0.00;0.00;0.00;0.00;0.00;0.00;0.00;0.00;0.00;0.00;0.00;-1;0;0;0;0;1

50.88;54.19;50.4;51.71;-1.62;2.09;0.01;1.15;0.75;0.85;0.45;3.00;-0.90;2.10;-0.50;-0.70;-0.90;-1.30;-0.10;-1.20;1.05;-1.55;-0.50;1.70;-2.50;1.10;0.70;2.50;1.00;2.19;-0.79;2.10;0.50;-0.60;0.27;-0.69;0.57;-1.85;0.50;-1.30;-0.55;-1.85;0.39;0.71;-0.90;0.40;1.35;-0.25;-0.25;1.15;1.08;-0.98;1.29;-0.30;-0.19;-0.79;-0.20;0.04;3.00;0.00;0.00;0.00;0.00;0.00;0.00;0.00;0.00;0.00;0.00;0.00;0.00;0.00;0.00;0.00;0.00;0.00;0.00;0.00;0.00;0.00;0.00;0.00;0.00;0.00;-1;0;0;0;0;1

49.65;51.5;48.2;51.2;-1.23;-1.62;2.09;0.01;1.15;0.75;0.85;0.45;3.00;-0.90;2.10;-0.50;-0.70;-0.90;-1.30;-0.10;-1.20;1.05;-1.55;-0.50;1.70;-2.50;1.10;0.70;2.50;1.00;2.19;-0.79;2.10;0.50;-0.60;0.27;-0.69;0.57;-1.85;0.50;-1.30;-0.55;-1.85;0.39;0.71;-0.90;0.40;1.35;-0.25;-0.25;1.15;1.08;-0.98;1.29;-0.30;-0.19;-0.79;-0.20;0.04;3.00;0.00;0.00;0.00;0.00;0.00;0.00;0.00;0.00;0.00;0.00;0.00;0.00;0.00;0.00;0.00;0.00;0.00;0.00;0.00;0.00;0.00;0.00;0.00;0.00;-1;0;0;0;0;1

48.1;49.49;47.5;49.49;-1.55;-1.23;-1.62;2.09;0.01;1.15;0.75;0.85;0.45;3.00;-0.90;2.10;-0.50;-0.70;-0.90;-1.30;-0.10;-1.20;1.05;-1.55;-0.50;1.70;-2.50;1.10;0.70;2.50;1.00;2.19;-0.79;2.10;0.50;-0.60;0.27;-0.69;0.57;-1.85;0.50;-1.30;-0.55;-1.85;0.39;0.71;-0.90;0.40;1.35;-0.25;-0.25;1.15;1.08;-0.98;1.29;-0.30;-0.19;-0.79;-0.20;0.04;3.00;0.00;0.00;0.00;0.00;0.00;0.00;0.00;0.00;0.00;0.00;0.00;0.00;0.00;0.00;0.00;0.00;0.00;0.00;0.00;0.00;0.00;0.00;0.00;-1;0;0;0;0;1

45.03;48.45;45.03;47.5;-3.07;-1.55;-1.23;-1.62;2.09;0.01;1.15;0.75;0.85;0.45;3.00;-0.90;2.10;-0.50;-0.70;-0.90;-1.30;-0.10;-1.20;1.05;-1.55;-0.50;1.70;-2.50;1.10;0.70;2.50;1.00;2.19;-0.79;2.10;0.50;-0.60;0.27;-0.69;0.57;-1.85;0.50;-1.30;-0.55;-1.85;0.39;0.71;-0.90;0.40;1.35;-0.25;-0.25;1.15;1.08;-0.98;1.29;-0.30;-0.19;-0.79;-0.20;0.04;3.00;0.00;0.00;0.00;0.00;0.00;0.00;0.00;0.00;0.00;0.00;0.00;0.00;0.00;0.00;0.00;0.00;0.00;0.00;0.00;0.00;0.00;0.00;+1;0;0;0;0;0

48.1;48.2;45.5;45.5;3.07;-3.07;-1.55;-1.23;-1.62;2.09;0.01;1.15;0.75;0.85;0.45;3.00;-0.90;2.10;-0.50;-0.70;-0.90;-1.30;-0.10;-1.20;1.05;-1.55;-0.50;1.70;-2.50;1.10;0.70;2.50;1.00;2.19;-0.79;2.10;0.50;-0.60;0.27;-0.69;0.57;-1.85;0.50;-1.30;-0.55;-1.85;0.39;0.71;-0.90;0.40;1.35;-0.25;-0.25;1.15;1.08;-0.98;1.29;-0.30;-0.19;-0.79;-0.20;0.04;3.00;0.00;0.00;0.00;0.00;0.00;0.00;0.00;0.00;0.00;0.00;0.00;0.00;0.00;0.00;0.00;0.00;0.00;0.00;0.00;0.00;0.00;-1;0;0;0;0;0

47.95;48.8;46.75;48.49;-0.15;3.07;-3.07;-1.55;-1.23;-1.62;2.09;0.01;1.15;0.75;0.85;0.45;3.00;-0.90;2.10;-0.50;-0.70;-0.90;-1.30;-0.10;-1.20;1.05;-1.55;-0.50;1.70;-2.50;1.10;0.70;2.50;1.00;2.19;-0.79;2.10;0.50;-0.60;0.27;-0.69;0.57;-1.85;0.50;-1.30;-0.55;-1.85;0.39;0.71;-0.90;0.40;1.35;-0.25;-0.25;1.15;1.08;-0.98;1.29;-0.30;-0.19;-0.79;-0.20;0.04;3.00;0.00;0.00;0.00;0.00;0.00;0.00;0.00;0.00;0.00;0.00;0.00;0.00;0.00;0.00;0.00;0.00;0.00;0.00;0.00;0.00;-1;0;0;0;0;1

47.95;48.6;47.4;47.95;0.00;-0.15;3.07;-3.07;-1.55;-1.23;-1.62;2.09;0.01;1.15;0.75;0.85;0.45;3.00;-0.90;2.10;-0.50;-0.70;-0.90;-1.30;-0.10;-1.20;1.05;-1.55;-0.50;1.70;-2.50;1.10;0.70;2.50;1.00;2.19;-0.79;2.10;0.50;-0.60;0.27;-0.69;0.57;-1.85;0.50;-1.30;-0.55;-1.85;0.39;0.71;-0.90;0.40;1.35;-0.25;-0.25;1.15;1.08;-0.98;1.29;-0.30;-0.19;-0.79;-0.20;0.04;3.00;0.00;0.00;0.00;0.00;0.00;0.00;0.00;0.00;0.00;0.00;0.00;0.00;0.00;0.00;0.00;0.00;0.00;0.00;0.00;+1;0;0;0;0;1

48.95;49.1;48.2;48.21;1.00;0.00;-0.15;3.07;-3.07;-1.55;-1.23;-1.62;2.09;0.01;1.15;0.75;0.85;0.45;3.00;-0.90;2.10;-0.50;-0.70;-0.90;-1.30;-0.10;-1.20;1.05;-1.55;-0.50;1.70;-2.50;1.10;0.70;2.50;1.00;2.19;-0.79;2.10;0.50;-0.60;0.27;-0.69;0.57;-1.85;0.50;-1.30;-0.55;-1.85;0.39;0.71;-0.90;0.40;1.35;-0.25;-0.25;1.15;1.08;-0.98;1.29;-0.30;-0.19;-0.79;-0.20;0.04;3.00;0.00;0.00;0.00;0.00;0.00;0.00;0.00;0.00;0.00;0.00;0.00;0.00;0.00;0.00;0.00;0.00;0.00;0.00;+1;0;0;0;0;1

49.25;49.6;49;49.43;0.30;1.00;0.00;-0.15;3.07;-3.07;-1.55;-1.23;-1.62;2.09;0.01;1.15;0.75;0.85;0.45;3.00;-0.90;2.10;-0.50;-0.70;-0.90;-1.30;-0.10;-1.20;1.05;-1.55;-0.50;1.70;-2.50;1.10;0.70;2.50;1.00;2.19;-0.79;2.10;0.50;-0.60;0.27;-0.69;0.57;-1.85;0.50;-1.30;-0.55;-1.85;0.39;0.71;-0.90;0.40;1.35;-0.25;-0.25;1.15;1.08;-0.98;1.29;-0.30;-0.19;-0.79;-0.20;0.04;3.00;0.00;0.00;0.00;0.00;0.00;0.00;0.00;0.00;0.00;0.00;0.00;0.00;0.00;0.00;0.00;0.00;0.00;+1;0;0;0;0;1

51.4;51.8;48.85;49;2.15;0.30;1.00;0.00;-0.15;3.07;-3.07;-1.55;-1.23;-1.62;2.09;0.01;1.15;0.75;0.85;0.45;3.00;-0.90;2.10;-0.50;-0.70;-0.90;-1.30;-0.10;-1.20;1.05;-1.55;-0.50;1.70;-2.50;1.10;0.70;2.50;1.00;2.19;-0.79;2.10;0.50;-0.60;0.27;-0.69;0.57;-1.85;0.50;-1.30;-0.55;-1.85;0.39;0.71;-0.90;0.40;1.35;-0.25;-0.25;1.15;1.08;-0.98;1.29;-0.30;-0.19;-0.79;-0.20;0.04;3.00;0.00;0.00;0.00;0.00;0.00;0.00;0.00;0.00;0.00;0.00;0.00;0.00;0.00;0.00;0.00;0.00;+1;0;0;0;0;1

55;55.2;51.3;51.7;3.60;2.15;0.30;1.00;0.00;-0.15;3.07;-3.07;-1.55;-1.23;-1.62;2.09;0.01;1.15;0.75;0.85;0.45;3.00;-0.90;2.10;-0.50;-0.70;-0.90;-1.30;-0.10;-1.20;1.05;-1.55;-0.50;1.70;-2.50;1.10;0.70;2.50;1.00;2.19;-0.79;2.10;0.50;-0.60;0.27;-0.69;0.57;-1.85;0.50;-1.30;-0.55;-1.85;0.39;0.71;-0.90;0.40;1.35;-0.25;-0.25;1.15;1.08;-0.98;1.29;-0.30;-0.19;-0.79;-0.20;0.04;3.00;0.00;0.00;0.00;0.00;0.00;0.00;0.00;0.00;0.00;0.00;0.00;0.00;0.00;0.00;0.00;-1;0;0;0;0;0

54.5;55.95;52.75;54.9;-0.50;3.60;2.15;0.30;1.00;0.00;-0.15;3.07;-3.07;-1.55;-1.23;-1.62;2.09;0.01;1.15;0.75;0.85;0.45;3.00;-0.90;2.10;-0.50;-0.70;-0.90;-1.30;-0.10;-1.20;1.05;-1.55;-0.50;1.70;-2.50;1.10;0.70;2.50;1.00;2.19;-0.79;2.10;0.50;-0.60;0.27;-0.69;0.57;-1.85;0.50;-1.30;-0.55;-1.85;0.39;0.71;-0.90;0.40;1.35;-0.25;-0.25;1.15;1.08;-0.98;1.29;-0.30;-0.19;-0.79;-0.20;0.04;3.00;0.00;0.00;0.00;0.00;0.00;0.00;0.00;0.00;0.00;0.00;0.00;0.00;0.00;0.00;-1;0;0;0;0;1

51.62;54;51.55;54;-2.88;-0.50;3.60;2.15;0.30;1.00;0.00;-0.15;3.07;-3.07;-1.55;-1.23;-1.62;2.09;0.01;1.15;0.75;0.85;0.45;3.00;-0.90;2.10;-0.50;-0.70;-0.90;-1.30;-0.10;-1.20;1.05;-1.55;-0.50;1.70;-2.50;1.10;0.70;2.50;1.00;2.19;-0.79;2.10;0.50;-0.60;0.27;-0.69;0.57;-1.85;0.50;-1.30;-0.55;-1.85;0.39;0.71;-0.90;0.40;1.35;-0.25;-0.25;1.15;1.08;-0.98;1.29;-0.30;-0.19;-0.79;-0.20;0.04;3.00;0.00;0.00;0.00;0.00;0.00;0.00;0.00;0.00;0.00;0.00;0.00;0.00;0.00;-1;0;0;0;0;0

51.35;52.5;50;52.46;-0.27;-2.88;-0.50;3.60;2.15;0.30;1.00;0.00;-0.15;3.07;-3.07;-1.55;-1.23;-1.62;2.09;0.01;1.15;0.75;0.85;0.45;3.00;-0.90;2.10;-0.50;-0.70;-0.90;-1.30;-0.10;-1.20;1.05;-1.55;-0.50;1.70;-2.50;1.10;0.70;2.50;1.00;2.19;-0.79;2.10;0.50;-0.60;0.27;-0.69;0.57;-1.85;0.50;-1.30;-0.55;-1.85;0.39;0.71;-0.90;0.40;1.35;-0.25;-0.25;1.15;1.08;-0.98;1.29;-0.30;-0.19;-0.79;-0.20;0.04;3.00;0.00;0.00;0.00;0.00;0.00;0.00;0.00;0.00;0.00;0.00;0.00;0.00;+1;0;0;0;0;1

54;54;51.4;51.4;2.65;-0.27;-2.88;-0.50;3.60;2.15;0.30;1.00;0.00;-0.15;3.07;-3.07;-1.55;-1.23;-1.62;2.09;0.01;1.15;0.75;0.85;0.45;3.00;-0.90;2.10;-0.50;-0.70;-0.90;-1.30;-0.10;-1.20;1.05;-1.55;-0.50;1.70;-2.50;1.10;0.70;2.50;1.00;2.19;-0.79;2.10;0.50;-0.60;0.27;-0.69;0.57;-1.85;0.50;-1.30;-0.55;-1.85;0.39;0.71;-0.90;0.40;1.35;-0.25;-0.25;1.15;1.08;-0.98;1.29;-0.30;-0.19;-0.79;-0.20;0.04;3.00;0.00;0.00;0.00;0.00;0.00;0.00;0.00;0.00;0.00;0.00;0.00;-1;0;0;0;0;1

52.12;54;52.1;54;-1.88;2.65;-0.27;-2.88;-0.50;3.60;2.15;0.30;1.00;0.00;-0.15;3.07;-3.07;-1.55;-1.23;-1.62;2.09;0.01;1.15;0.75;0.85;0.45;3.00;-0.90;2.10;-0.50;-0.70;-0.90;-1.30;-0.10;-1.20;1.05;-1.55;-0.50;1.70;-2.50;1.10;0.70;2.50;1.00;2.19;-0.79;2.10;0.50;-0.60;0.27;-0.69;0.57;-1.85;0.50;-1.30;-0.55;-1.85;0.39;0.71;-0.90;0.40;1.35;-0.25;-0.25;1.15;1.08;-0.98;1.29;-0.30;-0.19;-0.79;-0.20;0.04;3.00;0.00;0.00;0.00;0.00;0.00;0.00;0.00;0.00;0.00;0.00;-1;0;0;0;0;1

50.7;53;50;53;-1.42;-1.88;2.65;-0.27;-2.88;-0.50;3.60;2.15;0.30;1.00;0.00;-0.15;3.07;-3.07;-1.55;-1.23;-1.62;2.09;0.01;1.15;0.75;0.85;0.45;3.00;-0.90;2.10;-0.50;-0.70;-0.90;-1.30;-0.10;-1.20;1.05;-1.55;-0.50;1.70;-2.50;1.10;0.70;2.50;1.00;2.19;-0.79;2.10;0.50;-0.60;0.27;-0.69;0.57;-1.85;0.50;-1.30;-0.55;-1.85;0.39;0.71;-0.90;0.40;1.35;-0.25;-0.25;1.15;1.08;-0.98;1.29;-0.30;-0.19;-0.79;-0.20;0.04;3.00;0.00;0.00;0.00;0.00;0.00;0.00;0.00;0.00;0.00;+1;0;0;0;0;1

52.49;52.49;51;51.5;1.79;-1.42;-1.88;2.65;-0.27;-2.88;-0.50;3.60;2.15;0.30;1.00;0.00;-0.15;3.07;-3.07;-1.55;-1.23;-1.62;2.09;0.01;1.15;0.75;0.85;0.45;3.00;-0.90;2.10;-0.50;-0.70;-0.90;-1.30;-0.10;-1.20;1.05;-1.55;-0.50;1.70;-2.50;1.10;0.70;2.50;1.00;2.19;-0.79;2.10;0.50;-0.60;0.27;-0.69;0.57;-1.85;0.50;-1.30;-0.55;-1.85;0.39;0.71;-0.90;0.40;1.35;-0.25;-0.25;1.15;1.08;-0.98;1.29;-0.30;-0.19;-0.79;-0.20;0.04;3.00;0.00;0.00;0.00;0.00;0.00;0.00;0.00;0.00;+1;0;0;0;0;1

53.35;53.35;51.35;52.6;0.86;1.79;-1.42;-1.88;2.65;-0.27;-2.88;-0.50;3.60;2.15;0.30;1.00;0.00;-0.15;3.07;-3.07;-1.55;-1.23;-1.62;2.09;0.01;1.15;0.75;0.85;0.45;3.00;-0.90;2.10;-0.50;-0.70;-0.90;-1.30;-0.10;-1.20;1.05;-1.55;-0.50;1.70;-2.50;1.10;0.70;2.50;1.00;2.19;-0.79;2.10;0.50;-0.60;0.27;-0.69;0.57;-1.85;0.50;-1.30;-0.55;-1.85;0.39;0.71;-0.90;0.40;1.35;-0.25;-0.25;1.15;1.08;-0.98;1.29;-0.30;-0.19;-0.79;-0.20;0.04;3.00;0.00;0.00;0.00;0.00;0.00;0.00;0.00;-1;0;0;0;0;1

53;53.6;51.11;53;-0.35;0.86;1.79;-1.42;-1.88;2.65;-0.27;-2.88;-0.50;3.60;2.15;0.30;1.00;0.00;-0.15;3.07;-3.07;-1.55;-1.23;-1.62;2.09;0.01;1.15;0.75;0.85;0.45;3.00;-0.90;2.10;-0.50;-0.70;-0.90;-1.30;-0.10;-1.20;1.05;-1.55;-0.50;1.70;-2.50;1.10;0.70;2.50;1.00;2.19;-0.79;2.10;0.50;-0.60;0.27;-0.69;0.57;-1.85;0.50;-1.30;-0.55;-1.85;0.39;0.71;-0.90;0.40;1.35;-0.25;-0.25;1.15;1.08;-0.98;1.29;-0.30;-0.19;-0.79;-0.20;0.04;3.00;0.00;0.00;0.00;0.00;0.00;0.00;+1;0;0;0;0;1

53.29;53.3;51.99;52.4;0.29;-0.35;0.86;1.79;-1.42;-1.88;2.65;-0.27;-2.88;-0.50;3.60;2.15;0.30;1.00;0.00;-0.15;3.07;-3.07;-1.55;-1.23;-1.62;2.09;0.01;1.15;0.75;0.85;0.45;3.00;-0.90;2.10;-0.50;-0.70;-0.90;-1.30;-0.10;-1.20;1.05;-1.55;-0.50;1.70;-2.50;1.10;0.70;2.50;1.00;2.19;-0.79;2.10;0.50;-0.60;0.27;-0.69;0.57;-1.85;0.50;-1.30;-0.55;-1.85;0.39;0.71;-0.90;0.40;1.35;-0.25;-0.25;1.15;1.08;-0.98;1.29;-0.30;-0.19;-0.79;-0.20;0.04;3.00;0.00;0.00;0.00;0.00;0.00;+1;0;0;0;0;1

54.5;54.5;53.1;53.29;1.21;0.29;-0.35;0.86;1.79;-1.42;-1.88;2.65;-0.27;-2.88;-0.50;3.60;2.15;0.30;1.00;0.00;-0.15;3.07;-3.07;-1.55;-1.23;-1.62;2.09;0.01;1.15;0.75;0.85;0.45;3.00;-0.90;2.10;-0.50;-0.70;-0.90;-1.30;-0.10;-1.20;1.05;-1.55;-0.50;1.70;-2.50;1.10;0.70;2.50;1.00;2.19;-0.79;2.10;0.50;-0.60;0.27;-0.69;0.57;-1.85;0.50;-1.30;-0.55;-1.85;0.39;0.71;-0.90;0.40;1.35;-0.25;-0.25;1.15;1.08;-0.98;1.29;-0.30;-0.19;-0.79;-0.20;0.04;3.00;0.00;0.00;0.00;0.00;+1;0;0;0;0;1

56.59;56.59;54.4;54.41;2.09;1.21;0.29;-0.35;0.86;1.79;-1.42;-1.88;2.65;-0.27;-2.88;-0.50;3.60;2.15;0.30;1.00;0.00;-0.15;3.07;-3.07;-1.55;-1.23;-1.62;2.09;0.01;1.15;0.75;0.85;0.45;3.00;-0.90;2.10;-0.50;-0.70;-0.90;-1.30;-0.10;-1.20;1.05;-1.55;-0.50;1.70;-2.50;1.10;0.70;2.50;1.00;2.19;-0.79;2.10;0.50;-0.60;0.27;-0.69;0.57;-1.85;0.50;-1.30;-0.55;-1.85;0.39;0.71;-0.90;0.40;1.35;-0.25;-0.25;1.15;1.08;-0.98;1.29;-0.30;-0.19;-0.79;-0.20;0.04;3.00;0.00;0.00;0.00;-1;0;0;0;0;1

52.55;54.36;52.55;53;-4.04;2.09;1.21;0.29;-0.35;0.86;1.79;-1.42;-1.88;2.65;-0.27;-2.88;-0.50;3.60;2.15;0.30;1.00;0.00;-0.15;3.07;-3.07;-1.55;-1.23;-1.62;2.09;0.01;1.15;0.75;0.85;0.45;3.00;-0.90;2.10;-0.50;-0.70;-0.90;-1.30;-0.10;-1.20;1.05;-1.55;-0.50;1.70;-2.50;1.10;0.70;2.50;1.00;2.19;-0.79;2.10;0.50;-0.60;0.27;-0.69;0.57;-1.85;0.50;-1.30;-0.55;-1.85;0.39;0.71;-0.90;0.40;1.35;-0.25;-0.25;1.15;1.08;-0.98;1.29;-0.30;-0.19;-0.79;-0.20;0.04;3.00;0.00;0.00;+1;0;0;0;0;0

54.8;56;51.8;52.56;2.25;-4.04;2.09;1.21;0.29;-0.35;0.86;1.79;-1.42;-1.88;2.65;-0.27;-2.88;-0.50;3.60;2.15;0.30;1.00;0.00;-0.15;3.07;-3.07;-1.55;-1.23;-1.62;2.09;0.01;1.15;0.75;0.85;0.45;3.00;-0.90;2.10;-0.50;-0.70;-0.90;-1.30;-0.10;-1.20;1.05;-1.55;-0.50;1.70;-2.50;1.10;0.70;2.50;1.00;2.19;-0.79;2.10;0.50;-0.60;0.27;-0.69;0.57;-1.85;0.50;-1.30;-0.55;-1.85;0.39;0.71;-0.90;0.40;1.35;-0.25;-0.25;1.15;1.08;-0.98;1.29;-0.30;-0.19;-0.79;-0.20;0.04;3.00;0.00;-1;0;0;0;0;1

53.95;54.8;53.35;53.35;-0.85;2.25;-4.04;2.09;1.21;0.29;-0.35;0.86;1.79;-1.42;-1.88;2.65;-0.27;-2.88;-0.50;3.60;2.15;0.30;1.00;0.00;-0.15;3.07;-3.07;-1.55;-1.23;-1.62;2.09;0.01;1.15;0.75;0.85;0.45;3.00;-0.90;2.10;-0.50;-0.70;-0.90;-1.30;-0.10;-1.20;1.05;-1.55;-0.50;1.70;-2.50;1.10;0.70;2.50;1.00;2.19;-0.79;2.10;0.50;-0.60;0.27;-0.69;0.57;-1.85;0.50;-1.30;-0.55;-1.85;0.39;0.71;-0.90;0.40;1.35;-0.25;-0.25;1.15;1.08;-0.98;1.29;-0.30;-0.19;-0.79;-0.20;0.04;3.00;-1;0;0;0;0;1

51.95;53.8;51.81;53.6;-2.00;-0.85;2.25;-4.04;2.09;1.21;0.29;-0.35;0.86;1.79;-1.42;-1.88;2.65;-0.27;-2.88;-0.50;3.60;2.15;0.30;1.00;0.00;-0.15;3.07;-3.07;-1.55;-1.23;-1.62;2.09;0.01;1.15;0.75;0.85;0.45;3.00;-0.90;2.10;-0.50;-0.70;-0.90;-1.30;-0.10;-1.20;1.05;-1.55;-0.50;1.70;-2.50;1.10;0.70;2.50;1.00;2.19;-0.79;2.10;0.50;-0.60;0.27;-0.69;0.57;-1.85;0.50;-1.30;-0.55;-1.85;0.39;0.71;-0.90;0.40;1.35;-0.25;-0.25;1.15;1.08;-0.98;1.29;-0.30;-0.19;-0.79;-0.20;0.04;-1;0;0;0;0;1

51.1;52.69;50.8;52.15;-0.85;-2.00;-0.85;2.25;-4.04;2.09;1.21;0.29;-0.35;0.86;1.79;-1.42;-1.88;2.65;-0.27;-2.88;-0.50;3.60;2.15;0.30;1.00;0.00;-0.15;3.07;-3.07;-1.55;-1.23;-1.62;2.09;0.01;1.15;0.75;0.85;0.45;3.00;-0.90;2.10;-0.50;-0.70;-0.90;-1.30;-0.10;-1.20;1.05;-1.55;-0.50;1.70;-2.50;1.10;0.70;2.50;1.00;2.19;-0.79;2.10;0.50;-0.60;0.27;-0.69;0.57;-1.85;0.50;-1.30;-0.55;-1.85;0.39;0.71;-0.90;0.40;1.35;-0.25;-0.25;1.15;1.08;-0.98;1.29;-0.30;-0.19;-0.79;-0.20;+1;0;0;0;0;1

52.5;52.67;51.1;51.1;1.40;-0.85;-2.00;-0.85;2.25;-4.04;2.09;1.21;0.29;-0.35;0.86;1.79;-1.42;-1.88;2.65;-0.27;-2.88;-0.50;3.60;2.15;0.30;1.00;0.00;-0.15;3.07;-3.07;-1.55;-1.23;-1.62;2.09;0.01;1.15;0.75;0.85;0.45;3.00;-0.90;2.10;-0.50;-0.70;-0.90;-1.30;-0.10;-1.20;1.05;-1.55;-0.50;1.70;-2.50;1.10;0.70;2.50;1.00;2.19;-0.79;2.10;0.50;-0.60;0.27;-0.69;0.57;-1.85;0.50;-1.30;-0.55;-1.85;0.39;0.71;-0.90;0.40;1.35;-0.25;-0.25;1.15;1.08;-0.98;1.29;-0.30;-0.19;-0.79;-1;0;0;0;0;1

51.57;53;51.5;52.5;-0.93;1.40;-0.85;-2.00;-0.85;2.25;-4.04;2.09;1.21;0.29;-0.35;0.86;1.79;-1.42;-1.88;2.65;-0.27;-2.88;-0.50;3.60;2.15;0.30;1.00;0.00;-0.15;3.07;-3.07;-1.55;-1.23;-1.62;2.09;0.01;1.15;0.75;0.85;0.45;3.00;-0.90;2.10;-0.50;-0.70;-0.90;-1.30;-0.10;-1.20;1.05;-1.55;-0.50;1.70;-2.50;1.10;0.70;2.50;1.00;2.19;-0.79;2.10;0.50;-0.60;0.27;-0.69;0.57;-1.85;0.50;-1.30;-0.55;-1.85;0.39;0.71;-0.90;0.40;1.35;-0.25;-0.25;1.15;1.08;-0.98;1.29;-0.30;-0.19;-1;0;0;0;0;1

51;52.3;51;51.57;-0.57;-0.93;1.40;-0.85;-2.00;-0.85;2.25;-4.04;2.09;1.21;0.29;-0.35;0.86;1.79;-1.42;-1.88;2.65;-0.27;-2.88;-0.50;3.60;2.15;0.30;1.00;0.00;-0.15;3.07;-3.07;-1.55;-1.23;-1.62;2.09;0.01;1.15;0.75;0.85;0.45;3.00;-0.90;2.10;-0.50;-0.70;-0.90;-1.30;-0.10;-1.20;1.05;-1.55;-0.50;1.70;-2.50;1.10;0.70;2.50;1.00;2.19;-0.79;2.10;0.50;-0.60;0.27;-0.69;0.57;-1.85;0.50;-1.30;-0.55;-1.85;0.39;0.71;-0.90;0.40;1.35;-0.25;-0.25;1.15;1.08;-0.98;1.29;-0.30;+1;0;0;0;0;1

51.15;51.89;50.8;51;0.15;-0.57;-0.93;1.40;-0.85;-2.00;-0.85;2.25;-4.04;2.09;1.21;0.29;-0.35;0.86;1.79;-1.42;-1.88;2.65;-0.27;-2.88;-0.50;3.60;2.15;0.30;1.00;0.00;-0.15;3.07;-3.07;-1.55;-1.23;-1.62;2.09;0.01;1.15;0.75;0.85;0.45;3.00;-0.90;2.10;-0.50;-0.70;-0.90;-1.30;-0.10;-1.20;1.05;-1.55;-0.50;1.70;-2.50;1.10;0.70;2.50;1.00;2.19;-0.79;2.10;0.50;-0.60;0.27;-0.69;0.57;-1.85;0.50;-1.30;-0.55;-1.85;0.39;0.71;-0.90;0.40;1.35;-0.25;-0.25;1.15;1.08;-0.98;1.29;-1;0;0;0;0;1

49;51.7;48.6;51.52;-2.15;0.15;-0.57;-0.93;1.40;-0.85;-2.00;-0.85;2.25;-4.04;2.09;1.21;0.29;-0.35;0.86;1.79;-1.42;-1.88;2.65;-0.27;-2.88;-0.50;3.60;2.15;0.30;1.00;0.00;-0.15;3.07;-3.07;-1.55;-1.23;-1.62;2.09;0.01;1.15;0.75;0.85;0.45;3.00;-0.90;2.10;-0.50;-0.70;-0.90;-1.30;-0.10;-1.20;1.05;-1.55;-0.50;1.70;-2.50;1.10;0.70;2.50;1.00;2.19;-0.79;2.10;0.50;-0.60;0.27;-0.69;0.57;-1.85;0.50;-1.30;-0.55;-1.85;0.39;0.71;-0.90;0.40;1.35;-0.25;-0.25;1.15;1.08;-0.98;-1;0;0;0;0;1

48.5;49.5;48;48.92;-0.50;-2.15;0.15;-0.57;-0.93;1.40;-0.85;-2.00;-0.85;2.25;-4.04;2.09;1.21;0.29;-0.35;0.86;1.79;-1.42;-1.88;2.65;-0.27;-2.88;-0.50;3.60;2.15;0.30;1.00;0.00;-0.15;3.07;-3.07;-1.55;-1.23;-1.62;2.09;0.01;1.15;0.75;0.85;0.45;3.00;-0.90;2.10;-0.50;-0.70;-0.90;-1.30;-0.10;-1.20;1.05;-1.55;-0.50;1.70;-2.50;1.10;0.70;2.50;1.00;2.19;-0.79;2.10;0.50;-0.60;0.27;-0.69;0.57;-1.85;0.50;-1.30;-0.55;-1.85;0.39;0.71;-0.90;0.40;1.35;-0.25;-0.25;1.15;1.08;-1;0;0;0;0;1

47.9;48.2;46.16;47.7;-0.60;-0.50;-2.15;0.15;-0.57;-0.93;1.40;-0.85;-2.00;-0.85;2.25;-4.04;2.09;1.21;0.29;-0.35;0.86;1.79;-1.42;-1.88;2.65;-0.27;-2.88;-0.50;3.60;2.15;0.30;1.00;0.00;-0.15;3.07;-3.07;-1.55;-1.23;-1.62;2.09;0.01;1.15;0.75;0.85;0.45;3.00;-0.90;2.10;-0.50;-0.70;-0.90;-1.30;-0.10;-1.20;1.05;-1.55;-0.50;1.70;-2.50;1.10;0.70;2.50;1.00;2.19;-0.79;2.10;0.50;-0.60;0.27;-0.69;0.57;-1.85;0.50;-1.30;-0.55;-1.85;0.39;0.71;-0.90;0.40;1.35;-0.25;-0.25;1.15;+1;0;0;0;0;1

49;49.34;47.86;48.85;1.10;-0.60;-0.50;-2.15;0.15;-0.57;-0.93;1.40;-0.85;-2.00;-0.85;2.25;-4.04;2.09;1.21;0.29;-0.35;0.86;1.79;-1.42;-1.88;2.65;-0.27;-2.88;-0.50;3.60;2.15;0.30;1.00;0.00;-0.15;3.07;-3.07;-1.55;-1.23;-1.62;2.09;0.01;1.15;0.75;0.85;0.45;3.00;-0.90;2.10;-0.50;-0.70;-0.90;-1.30;-0.10;-1.20;1.05;-1.55;-0.50;1.70;-2.50;1.10;0.70;2.50;1.00;2.19;-0.79;2.10;0.50;-0.60;0.27;-0.69;0.57;-1.85;0.50;-1.30;-0.55;-1.85;0.39;0.71;-0.90;0.40;1.35;-0.25;-0.25;-1;0;0;0;0;1

46.5;48.7;46.5;48.7;-2.50;1.10;-0.60;-0.50;-2.15;0.15;-0.57;-0.93;1.40;-0.85;-2.00;-0.85;2.25;-4.04;2.09;1.21;0.29;-0.35;0.86;1.79;-1.42;-1.88;2.65;-0.27;-2.88;-0.50;3.60;2.15;0.30;1.00;0.00;-0.15;3.07;-3.07;-1.55;-1.23;-1.62;2.09;0.01;1.15;0.75;0.85;0.45;3.00;-0.90;2.10;-0.50;-0.70;-0.90;-1.30;-0.10;-1.20;1.05;-1.55;-0.50;1.70;-2.50;1.10;0.70;2.50;1.00;2.19;-0.79;2.10;0.50;-0.60;0.27;-0.69;0.57;-1.85;0.50;-1.30;-0.55;-1.85;0.39;0.71;-0.90;0.40;1.35;-0.25;-1;0;0;0;0;0

46.3;48.7;45.6;46.7;-0.20;-2.50;1.10;-0.60;-0.50;-2.15;0.15;-0.57;-0.93;1.40;-0.85;-2.00;-0.85;2.25;-4.04;2.09;1.21;0.29;-0.35;0.86;1.79;-1.42;-1.88;2.65;-0.27;-2.88;-0.50;3.60;2.15;0.30;1.00;0.00;-0.15;3.07;-3.07;-1.55;-1.23;-1.62;2.09;0.01;1.15;0.75;0.85;0.45;3.00;-0.90;2.10;-0.50;-0.70;-0.90;-1.30;-0.10;-1.20;1.05;-1.55;-0.50;1.70;-2.50;1.10;0.70;2.50;1.00;2.19;-0.79;2.10;0.50;-0.60;0.27;-0.69;0.57;-1.85;0.50;-1.30;-0.55;-1.85;0.39;0.71;-0.90;0.40;1.35;-1;0;0;0;0;1

44.59;47.5;44.4;47.5;-1.71;-0.20;-2.50;1.10;-0.60;-0.50;-2.15;0.15;-0.57;-0.93;1.40;-0.85;-2.00;-0.85;2.25;-4.04;2.09;1.21;0.29;-0.35;0.86;1.79;-1.42;-1.88;2.65;-0.27;-2.88;-0.50;3.60;2.15;0.30;1.00;0.00;-0.15;3.07;-3.07;-1.55;-1.23;-1.62;2.09;0.01;1.15;0.75;0.85;0.45;3.00;-0.90;2.10;-0.50;-0.70;-0.90;-1.30;-0.10;-1.20;1.05;-1.55;-0.50;1.70;-2.50;1.10;0.70;2.50;1.00;2.19;-0.79;2.10;0.50;-0.60;0.27;-0.69;0.57;-1.85;0.50;-1.30;-0.55;-1.85;0.39;0.71;-0.90;0.40;-1;0;0;0;0;1

41.17;43.76;40.52;43.5;-3.42;-1.71;-0.20;-2.50;1.10;-0.60;-0.50;-2.15;0.15;-0.57;-0.93;1.40;-0.85;-2.00;-0.85;2.25;-4.04;2.09;1.21;0.29;-0.35;0.86;1.79;-1.42;-1.88;2.65;-0.27;-2.88;-0.50;3.60;2.15;0.30;1.00;0.00;-0.15;3.07;-3.07;-1.55;-1.23;-1.62;2.09;0.01;1.15;0.75;0.85;0.45;3.00;-0.90;2.10;-0.50;-0.70;-0.90;-1.30;-0.10;-1.20;1.05;-1.55;-0.50;1.70;-2.50;1.10;0.70;2.50;1.00;2.19;-0.79;2.10;0.50;-0.60;0.27;-0.69;0.57;-1.85;0.50;-1.30;-0.55;-1.85;0.39;0.71;-0.90;-1;0;0;0;0;0

40.9;42.79;40.31;42;-0.27;-3.42;-1.71;-0.20;-2.50;1.10;-0.60;-0.50;-2.15;0.15;-0.57;-0.93;1.40;-0.85;-2.00;-0.85;2.25;-4.04;2.09;1.21;0.29;-0.35;0.86;1.79;-1.42;-1.88;2.65;-0.27;-2.88;-0.50;3.60;2.15;0.30;1.00;0.00;-0.15;3.07;-3.07;-1.55;-1.23;-1.62;2.09;0.01;1.15;0.75;0.85;0.45;3.00;-0.90;2.10;-0.50;-0.70;-0.90;-1.30;-0.10;-1.20;1.05;-1.55;-0.50;1.70;-2.50;1.10;0.70;2.50;1.00;2.19;-0.79;2.10;0.50;-0.60;0.27;-0.69;0.57;-1.85;0.50;-1.30;-0.55;-1.85;0.39;0.71;-1;0;0;0;0;1

39.5;41.3;38.4;40.81;-1.40;-0.27;-3.42;-1.71;-0.20;-2.50;1.10;-0.60;-0.50;-2.15;0.15;-0.57;-0.93;1.40;-0.85;-2.00;-0.85;2.25;-4.04;2.09;1.21;0.29;-0.35;0.86;1.79;-1.42;-1.88;2.65;-0.27;-2.88;-0.50;3.60;2.15;0.30;1.00;0.00;-0.15;3.07;-3.07;-1.55;-1.23;-1.62;2.09;0.01;1.15;0.75;0.85;0.45;3.00;-0.90;2.10;-0.50;-0.70;-0.90;-1.30;-0.10;-1.20;1.05;-1.55;-0.50;1.70;-2.50;1.10;0.70;2.50;1.00;2.19;-0.79;2.10;0.50;-0.60;0.27;-0.69;0.57;-1.85;0.50;-1.30;-0.55;-1.85;0.39;+1;0;0;0;0;1

43;43;39.5;39.95;3.50;-1.40;-0.27;-3.42;-1.71;-0.20;-2.50;1.10;-0.60;-0.50;-2.15;0.15;-0.57;-0.93;1.40;-0.85;-2.00;-0.85;2.25;-4.04;2.09;1.21;0.29;-0.35;0.86;1.79;-1.42;-1.88;2.65;-0.27;-2.88;-0.50;3.60;2.15;0.30;1.00;0.00;-0.15;3.07;-3.07;-1.55;-1.23;-1.62;2.09;0.01;1.15;0.75;0.85;0.45;3.00;-0.90;2.10;-0.50;-0.70;-0.90;-1.30;-0.10;-1.20;1.05;-1.55;-0.50;1.70;-2.50;1.10;0.70;2.50;1.00;2.19;-0.79;2.10;0.50;-0.60;0.27;-0.69;0.57;-1.85;0.50;-1.30;-0.55;-1.85;+1;0;0;0;0;0

45.45;45.45;43.5;44;2.45;3.50;-1.40;-0.27;-3.42;-1.71;-0.20;-2.50;1.10;-0.60;-0.50;-2.15;0.15;-0.57;-0.93;1.40;-0.85;-2.00;-0.85;2.25;-4.04;2.09;1.21;0.29;-0.35;0.86;1.79;-1.42;-1.88;2.65;-0.27;-2.88;-0.50;3.60;2.15;0.30;1.00;0.00;-0.15;3.07;-3.07;-1.55;-1.23;-1.62;2.09;0.01;1.15;0.75;0.85;0.45;3.00;-0.90;2.10;-0.50;-0.70;-0.90;-1.30;-0.10;-1.20;1.05;-1.55;-0.50;1.70;-2.50;1.10;0.70;2.50;1.00;2.19;-0.79;2.10;0.50;-0.60;0.27;-0.69;0.57;-1.85;0.50;-1.30;-0.55;-1;0;0;0;0;0

43.96;46.15;43;45.1;-1.49;2.45;3.50;-1.40;-0.27;-3.42;-1.71;-0.20;-2.50;1.10;-0.60;-0.50;-2.15;0.15;-0.57;-0.93;1.40;-0.85;-2.00;-0.85;2.25;-4.04;2.09;1.21;0.29;-0.35;0.86;1.79;-1.42;-1.88;2.65;-0.27;-2.88;-0.50;3.60;2.15;0.30;1.00;0.00;-0.15;3.07;-3.07;-1.55;-1.23;-1.62;2.09;0.01;1.15;0.75;0.85;0.45;3.00;-0.90;2.10;-0.50;-0.70;-0.90;-1.30;-0.10;-1.20;1.05;-1.55;-0.50;1.70;-2.50;1.10;0.70;2.50;1.00;2.19;-0.79;2.10;0.50;-0.60;0.27;-0.69;0.57;-1.85;0.50;-1.30;-1;0;0;0;0;1

41;44;41;43.01;-2.96;-1.49;2.45;3.50;-1.40;-0.27;-3.42;-1.71;-0.20;-2.50;1.10;-0.60;-0.50;-2.15;0.15;-0.57;-0.93;1.40;-0.85;-2.00;-0.85;2.25;-4.04;2.09;1.21;0.29;-0.35;0.86;1.79;-1.42;-1.88;2.65;-0.27;-2.88;-0.50;3.60;2.15;0.30;1.00;0.00;-0.15;3.07;-3.07;-1.55;-1.23;-1.62;2.09;0.01;1.15;0.75;0.85;0.45;3.00;-0.90;2.10;-0.50;-0.70;-0.90;-1.30;-0.10;-1.20;1.05;-1.55;-0.50;1.70;-2.50;1.10;0.70;2.50;1.00;2.19;-0.79;2.10;0.50;-0.60;0.27;-0.69;0.57;-1.85;0.50;-1;0;0;0;0;0

40.8;43.8;40.8;42;-0.20;-2.96;-1.49;2.45;3.50;-1.40;-0.27;-3.42;-1.71;-0.20;-2.50;1.10;-0.60;-0.50;-2.15;0.15;-0.57;-0.93;1.40;-0.85;-2.00;-0.85;2.25;-4.04;2.09;1.21;0.29;-0.35;0.86;1.79;-1.42;-1.88;2.65;-0.27;-2.88;-0.50;3.60;2.15;0.30;1.00;0.00;-0.15;3.07;-3.07;-1.55;-1.23;-1.62;2.09;0.01;1.15;0.75;0.85;0.45;3.00;-0.90;2.10;-0.50;-0.70;-0.90;-1.30;-0.10;-1.20;1.05;-1.55;-0.50;1.70;-2.50;1.10;0.70;2.50;1.00;2.19;-0.79;2.10;0.50;-0.60;0.27;-0.69;0.57;-1.85;+1;0;0;0;0;1

43.81;43.81;41;41.78;3.01;-0.20;-2.96;-1.49;2.45;3.50;-1.40;-0.27;-3.42;-1.71;-0.20;-2.50;1.10;-0.60;-0.50;-2.15;0.15;-0.57;-0.93;1.40;-0.85;-2.00;-0.85;2.25;-4.04;2.09;1.21;0.29;-0.35;0.86;1.79;-1.42;-1.88;2.65;-0.27;-2.88;-0.50;3.60;2.15;0.30;1.00;0.00;-0.15;3.07;-3.07;-1.55;-1.23;-1.62;2.09;0.01;1.15;0.75;0.85;0.45;3.00;-0.90;2.10;-0.50;-0.70;-0.90;-1.30;-0.10;-1.20;1.05;-1.55;-0.50;1.70;-2.50;1.10;0.70;2.50;1.00;2.19;-0.79;2.10;0.50;-0.60;0.27;-0.69;0.57;-1;0;0;0;0;0

43.4;45.4;42.39;44.51;-0.41;3.01;-0.20;-2.96;-1.49;2.45;3.50;-1.40;-0.27;-3.42;-1.71;-0.20;-2.50;1.10;-0.60;-0.50;-2.15;0.15;-0.57;-0.93;1.40;-0.85;-2.00;-0.85;2.25;-4.04;2.09;1.21;0.29;-0.35;0.86;1.79;-1.42;-1.88;2.65;-0.27;-2.88;-0.50;3.60;2.15;0.30;1.00;0.00;-0.15;3.07;-3.07;-1.55;-1.23;-1.62;2.09;0.01;1.15;0.75;0.85;0.45;3.00;-0.90;2.10;-0.50;-0.70;-0.90;-1.30;-0.10;-1.20;1.05;-1.55;-0.50;1.70;-2.50;1.10;0.70;2.50;1.00;2.19;-0.79;2.10;0.50;-0.60;0.27;-0.69;-1;0;0;0;0;1

42.15;43.8;42.1;43.25;-1.25;-0.41;3.01;-0.20;-2.96;-1.49;2.45;3.50;-1.40;-0.27;-3.42;-1.71;-0.20;-2.50;1.10;-0.60;-0.50;-2.15;0.15;-0.57;-0.93;1.40;-0.85;-2.00;-0.85;2.25;-4.04;2.09;1.21;0.29;-0.35;0.86;1.79;-1.42;-1.88;2.65;-0.27;-2.88;-0.50;3.60;2.15;0.30;1.00;0.00;-0.15;3.07;-3.07;-1.55;-1.23;-1.62;2.09;0.01;1.15;0.75;0.85;0.45;3.00;-0.90;2.10;-0.50;-0.70;-0.90;-1.30;-0.10;-1.20;1.05;-1.55;-0.50;1.70;-2.50;1.10;0.70;2.50;1.00;2.19;-0.79;2.10;0.50;-0.60;0.27;+1;0;0;0;0;1

44.49;44.49;41.02;41.7;2.34;-1.25;-0.41;3.01;-0.20;-2.96;-1.49;2.45;3.50;-1.40;-0.27;-3.42;-1.71;-0.20;-2.50;1.10;-0.60;-0.50;-2.15;0.15;-0.57;-0.93;1.40;-0.85;-2.00;-0.85;2.25;-4.04;2.09;1.21;0.29;-0.35;0.86;1.79;-1.42;-1.88;2.65;-0.27;-2.88;-0.50;3.60;2.15;0.30;1.00;0.00;-0.15;3.07;-3.07;-1.55;-1.23;-1.62;2.09;0.01;1.15;0.75;0.85;0.45;3.00;-0.90;2.10;-0.50;-0.70;-0.90;-1.30;-0.10;-1.20;1.05;-1.55;-0.50;1.70;-2.50;1.10;0.70;2.50;1.00;2.19;-0.79;2.10;0.50;-0.60;-1;0;0;0;0;0

43;46.69;43;44.52;-1.49;2.34;-1.25;-0.41;3.01;-0.20;-2.96;-1.49;2.45;3.50;-1.40;-0.27;-3.42;-1.71;-0.20;-2.50;1.10;-0.60;-0.50;-2.15;0.15;-0.57;-0.93;1.40;-0.85;-2.00;-0.85;2.25;-4.04;2.09;1.21;0.29;-0.35;0.86;1.79;-1.42;-1.88;2.65;-0.27;-2.88;-0.50;3.60;2.15;0.30;1.00;0.00;-0.15;3.07;-3.07;-1.55;-1.23;-1.62;2.09;0.01;1.15;0.75;0.85;0.45;3.00;-0.90;2.10;-0.50;-0.70;-0.90;-1.30;-0.10;-1.20;1.05;-1.55;-0.50;1.70;-2.50;1.10;0.70;2.50;1.00;2.19;-0.79;2.10;0.50;+1;0;0;0;0;1

45;45;42.34;42.8;2.00;-1.49;2.34;-1.25;-0.41;3.01;-0.20;-2.96;-1.49;2.45;3.50;-1.40;-0.27;-3.42;-1.71;-0.20;-2.50;1.10;-0.60;-0.50;-2.15;0.15;-0.57;-0.93;1.40;-0.85;-2.00;-0.85;2.25;-4.04;2.09;1.21;0.29;-0.35;0.86;1.79;-1.42;-1.88;2.65;-0.27;-2.88;-0.50;3.60;2.15;0.30;1.00;0.00;-0.15;3.07;-3.07;-1.55;-1.23;-1.62;2.09;0.01;1.15;0.75;0.85;0.45;3.00;-0.90;2.10;-0.50;-0.70;-0.90;-1.30;-0.10;-1.20;1.05;-1.55;-0.50;1.70;-2.50;1.10;0.70;2.50;1.00;2.19;-0.79;2.10;-1;0;0;0;0;1

44.2;46.4;44;46.08;-0.80;2.00;-1.49;2.34;-1.25;-0.41;3.01;-0.20;-2.96;-1.49;2.45;3.50;-1.40;-0.27;-3.42;-1.71;-0.20;-2.50;1.10;-0.60;-0.50;-2.15;0.15;-0.57;-0.93;1.40;-0.85;-2.00;-0.85;2.25;-4.04;2.09;1.21;0.29;-0.35;0.86;1.79;-1.42;-1.88;2.65;-0.27;-2.88;-0.50;3.60;2.15;0.30;1.00;0.00;-0.15;3.07;-3.07;-1.55;-1.23;-1.62;2.09;0.01;1.15;0.75;0.85;0.45;3.00;-0.90;2.10;-0.50;-0.70;-0.90;-1.30;-0.10;-1.20;1.05;-1.55;-0.50;1.70;-2.50;1.10;0.70;2.50;1.00;2.19;-0.79;-1;0;0;0;0;1

41.55;44.97;41.19;44.5;-2.65;-0.80;2.00;-1.49;2.34;-1.25;-0.41;3.01;-0.20;-2.96;-1.49;2.45;3.50;-1.40;-0.27;-3.42;-1.71;-0.20;-2.50;1.10;-0.60;-0.50;-2.15;0.15;-0.57;-0.93;1.40;-0.85;-2.00;-0.85;2.25;-4.04;2.09;1.21;0.29;-0.35;0.86;1.79;-1.42;-1.88;2.65;-0.27;-2.88;-0.50;3.60;2.15;0.30;1.00;0.00;-0.15;3.07;-3.07;-1.55;-1.23;-1.62;2.09;0.01;1.15;0.75;0.85;0.45;3.00;-0.90;2.10;-0.50;-0.70;-0.90;-1.30;-0.10;-1.20;1.05;-1.55;-0.50;1.70;-2.50;1.10;0.70;2.50;1.00;2.19;-1;0;0;0;0;0

40.4;41.61;39.51;41.19;-1.15;-2.65;-0.80;2.00;-1.49;2.34;-1.25;-0.41;3.01;-0.20;-2.96;-1.49;2.45;3.50;-1.40;-0.27;-3.42;-1.71;-0.20;-2.50;1.10;-0.60;-0.50;-2.15;0.15;-0.57;-0.93;1.40;-0.85;-2.00;-0.85;2.25;-4.04;2.09;1.21;0.29;-0.35;0.86;1.79;-1.42;-1.88;2.65;-0.27;-2.88;-0.50;3.60;2.15;0.30;1.00;0.00;-0.15;3.07;-3.07;-1.55;-1.23;-1.62;2.09;0.01;1.15;0.75;0.85;0.45;3.00;-0.90;2.10;-0.50;-0.70;-0.90;-1.30;-0.10;-1.20;1.05;-1.55;-0.50;1.70;-2.50;1.10;0.70;2.50;1.00;-1;0;0;0;0;1

39.2;41.98;37.6;41.5;-1.20;-1.15;-2.65;-0.80;2.00;-1.49;2.34;-1.25;-0.41;3.01;-0.20;-2.96;-1.49;2.45;3.50;-1.40;-0.27;-3.42;-1.71;-0.20;-2.50;1.10;-0.60;-0.50;-2.15;0.15;-0.57;-0.93;1.40;-0.85;-2.00;-0.85;2.25;-4.04;2.09;1.21;0.29;-0.35;0.86;1.79;-1.42;-1.88;2.65;-0.27;-2.88;-0.50;3.60;2.15;0.30;1.00;0.00;-0.15;3.07;-3.07;-1.55;-1.23;-1.62;2.09;0.01;1.15;0.75;0.85;0.45;3.00;-0.90;2.10;-0.50;-0.70;-0.90;-1.30;-0.10;-1.20;1.05;-1.55;-0.50;1.70;-2.50;1.10;0.70;2.50;+1;0;0;0;0;1

40.01;41.05;39;41;0.81;-1.20;-1.15;-2.65;-0.80;2.00;-1.49;2.34;-1.25;-0.41;3.01;-0.20;-2.96;-1.49;2.45;3.50;-1.40;-0.27;-3.42;-1.71;-0.20;-2.50;1.10;-0.60;-0.50;-2.15;0.15;-0.57;-0.93;1.40;-0.85;-2.00;-0.85;2.25;-4.04;2.09;1.21;0.29;-0.35;0.86;1.79;-1.42;-1.88;2.65;-0.27;-2.88;-0.50;3.60;2.15;0.30;1.00;0.00;-0.15;3.07;-3.07;-1.55;-1.23;-1.62;2.09;0.01;1.15;0.75;0.85;0.45;3.00;-0.90;2.10;-0.50;-0.70;-0.90;-1.30;-0.10;-1.20;1.05;-1.55;-0.50;1.70;-2.50;1.10;0.70;-1;0;0;0;0;1

39.5;40.77;38.6;40.77;-0.51;0.81;-1.20;-1.15;-2.65;-0.80;2.00;-1.49;2.34;-1.25;-0.41;3.01;-0.20;-2.96;-1.49;2.45;3.50;-1.40;-0.27;-3.42;-1.71;-0.20;-2.50;1.10;-0.60;-0.50;-2.15;0.15;-0.57;-0.93;1.40;-0.85;-2.00;-0.85;2.25;-4.04;2.09;1.21;0.29;-0.35;0.86;1.79;-1.42;-1.88;2.65;-0.27;-2.88;-0.50;3.60;2.15;0.30;1.00;0.00;-0.15;3.07;-3.07;-1.55;-1.23;-1.62;2.09;0.01;1.15;0.75;0.85;0.45;3.00;-0.90;2.10;-0.50;-0.70;-0.90;-1.30;-0.10;-1.20;1.05;-1.55;-0.50;1.70;-2.50;1.10;-1;0;0;0;0;1

39.35;39.85;38.55;39.81;-0.15;-0.51;0.81;-1.20;-1.15;-2.65;-0.80;2.00;-1.49;2.34;-1.25;-0.41;3.01;-0.20;-2.96;-1.49;2.45;3.50;-1.40;-0.27;-3.42;-1.71;-0.20;-2.50;1.10;-0.60;-0.50;-2.15;0.15;-0.57;-0.93;1.40;-0.85;-2.00;-0.85;2.25;-4.04;2.09;1.21;0.29;-0.35;0.86;1.79;-1.42;-1.88;2.65;-0.27;-2.88;-0.50;3.60;2.15;0.30;1.00;0.00;-0.15;3.07;-3.07;-1.55;-1.23;-1.62;2.09;0.01;1.15;0.75;0.85;0.45;3.00;-0.90;2.10;-0.50;-0.70;-0.90;-1.30;-0.10;-1.20;1.05;-1.55;-0.50;1.70;-2.50;+1;0;0;0;0;1

40;40;38.55;38.75;0.65;-0.15;-0.51;0.81;-1.20;-1.15;-2.65;-0.80;2.00;-1.49;2.34;-1.25;-0.41;3.01;-0.20;-2.96;-1.49;2.45;3.50;-1.40;-0.27;-3.42;-1.71;-0.20;-2.50;1.10;-0.60;-0.50;-2.15;0.15;-0.57;-0.93;1.40;-0.85;-2.00;-0.85;2.25;-4.04;2.09;1.21;0.29;-0.35;0.86;1.79;-1.42;-1.88;2.65;-0.27;-2.88;-0.50;3.60;2.15;0.30;1.00;0.00;-0.15;3.07;-3.07;-1.55;-1.23;-1.62;2.09;0.01;1.15;0.75;0.85;0.45;3.00;-0.90;2.10;-0.50;-0.70;-0.90;-1.30;-0.10;-1.20;1.05;-1.55;-0.50;1.70;-1;0;0;0;0;1

39.5;40.15;39.3;40.15;-0.50;0.65;-0.15;-0.51;0.81;-1.20;-1.15;-2.65;-0.80;2.00;-1.49;2.34;-1.25;-0.41;3.01;-0.20;-2.96;-1.49;2.45;3.50;-1.40;-0.27;-3.42;-1.71;-0.20;-2.50;1.10;-0.60;-0.50;-2.15;0.15;-0.57;-0.93;1.40;-0.85;-2.00;-0.85;2.25;-4.04;2.09;1.21;0.29;-0.35;0.86;1.79;-1.42;-1.88;2.65;-0.27;-2.88;-0.50;3.60;2.15;0.30;1.00;0.00;-0.15;3.07;-3.07;-1.55;-1.23;-1.62;2.09;0.01;1.15;0.75;0.85;0.45;3.00;-0.90;2.10;-0.50;-0.70;-0.90;-1.30;-0.10;-1.20;1.05;-1.55;-0.50;-1;0;0;0;0;1

39.4;39.7;38.8;39.01;-0.10;-0.50;0.65;-0.15;-0.51;0.81;-1.20;-1.15;-2.65;-0.80;2.00;-1.49;2.34;-1.25;-0.41;3.01;-0.20;-2.96;-1.49;2.45;3.50;-1.40;-0.27;-3.42;-1.71;-0.20;-2.50;1.10;-0.60;-0.50;-2.15;0.15;-0.57;-0.93;1.40;-0.85;-2.00;-0.85;2.25;-4.04;2.09;1.21;0.29;-0.35;0.86;1.79;-1.42;-1.88;2.65;-0.27;-2.88;-0.50;3.60;2.15;0.30;1.00;0.00;-0.15;3.07;-3.07;-1.55;-1.23;-1.62;2.09;0.01;1.15;0.75;0.85;0.45;3.00;-0.90;2.10;-0.50;-0.70;-0.90;-1.30;-0.10;-1.20;1.05;-1.55;-1;0;0;0;0;1

38.5;39.6;38.5;39.4;-0.90;-0.10;-0.50;0.65;-0.15;-0.51;0.81;-1.20;-1.15;-2.65;-0.80;2.00;-1.49;2.34;-1.25;-0.41;3.01;-0.20;-2.96;-1.49;2.45;3.50;-1.40;-0.27;-3.42;-1.71;-0.20;-2.50;1.10;-0.60;-0.50;-2.15;0.15;-0.57;-0.93;1.40;-0.85;-2.00;-0.85;2.25;-4.04;2.09;1.21;0.29;-0.35;0.86;1.79;-1.42;-1.88;2.65;-0.27;-2.88;-0.50;3.60;2.15;0.30;1.00;0.00;-0.15;3.07;-3.07;-1.55;-1.23;-1.62;2.09;0.01;1.15;0.75;0.85;0.45;3.00;-0.90;2.10;-0.50;-0.70;-0.90;-1.30;-0.10;-1.20;1.05;+1;0;0;0;0;1

40.44;40.68;38.8;38.8;1.94;-0.90;-0.10;-0.50;0.65;-0.15;-0.51;0.81;-1.20;-1.15;-2.65;-0.80;2.00;-1.49;2.34;-1.25;-0.41;3.01;-0.20;-2.96;-1.49;2.45;3.50;-1.40;-0.27;-3.42;-1.71;-0.20;-2.50;1.10;-0.60;-0.50;-2.15;0.15;-0.57;-0.93;1.40;-0.85;-2.00;-0.85;2.25;-4.04;2.09;1.21;0.29;-0.35;0.86;1.79;-1.42;-1.88;2.65;-0.27;-2.88;-0.50;3.60;2.15;0.30;1.00;0.00;-0.15;3.07;-3.07;-1.55;-1.23;-1.62;2.09;0.01;1.15;0.75;0.85;0.45;3.00;-0.90;2.10;-0.50;-0.70;-0.90;-1.30;-0.10;-1.20;+1;0;0;0;0;1

42.1;42.2;40.6;40.68;1.66;1.94;-0.90;-0.10;-0.50;0.65;-0.15;-0.51;0.81;-1.20;-1.15;-2.65;-0.80;2.00;-1.49;2.34;-1.25;-0.41;3.01;-0.20;-2.96;-1.49;2.45;3.50;-1.40;-0.27;-3.42;-1.71;-0.20;-2.50;1.10;-0.60;-0.50;-2.15;0.15;-0.57;-0.93;1.40;-0.85;-2.00;-0.85;2.25;-4.04;2.09;1.21;0.29;-0.35;0.86;1.79;-1.42;-1.88;2.65;-0.27;-2.88;-0.50;3.60;2.15;0.30;1.00;0.00;-0.15;3.07;-3.07;-1.55;-1.23;-1.62;2.09;0.01;1.15;0.75;0.85;0.45;3.00;-0.90;2.10;-0.50;-0.70;-0.90;-1.30;-0.10;+1;0;0;0;0;1

45.2;45.39;42.1;42.1;3.10;1.66;1.94;-0.90;-0.10;-0.50;0.65;-0.15;-0.51;0.81;-1.20;-1.15;-2.65;-0.80;2.00;-1.49;2.34;-1.25;-0.41;3.01;-0.20;-2.96;-1.49;2.45;3.50;-1.40;-0.27;-3.42;-1.71;-0.20;-2.50;1.10;-0.60;-0.50;-2.15;0.15;-0.57;-0.93;1.40;-0.85;-2.00;-0.85;2.25;-4.04;2.09;1.21;0.29;-0.35;0.86;1.79;-1.42;-1.88;2.65;-0.27;-2.88;-0.50;3.60;2.15;0.30;1.00;0.00;-0.15;3.07;-3.07;-1.55;-1.23;-1.62;2.09;0.01;1.15;0.75;0.85;0.45;3.00;-0.90;2.10;-0.50;-0.70;-0.90;-1.30;-1;0;0;0;0;0

44.9;45.7;43.54;45.48;-0.30;3.10;1.66;1.94;-0.90;-0.10;-0.50;0.65;-0.15;-0.51;0.81;-1.20;-1.15;-2.65;-0.80;2.00;-1.49;2.34;-1.25;-0.41;3.01;-0.20;-2.96;-1.49;2.45;3.50;-1.40;-0.27;-3.42;-1.71;-0.20;-2.50;1.10;-0.60;-0.50;-2.15;0.15;-0.57;-0.93;1.40;-0.85;-2.00;-0.85;2.25;-4.04;2.09;1.21;0.29;-0.35;0.86;1.79;-1.42;-1.88;2.65;-0.27;-2.88;-0.50;3.60;2.15;0.30;1.00;0.00;-0.15;3.07;-3.07;-1.55;-1.23;-1.62;2.09;0.01;1.15;0.75;0.85;0.45;3.00;-0.90;2.10;-0.50;-0.70;-0.90;+1;0;0;0;0;1

46;46;44;44;1.10;-0.30;3.10;1.66;1.94;-0.90;-0.10;-0.50;0.65;-0.15;-0.51;0.81;-1.20;-1.15;-2.65;-0.80;2.00;-1.49;2.34;-1.25;-0.41;3.01;-0.20;-2.96;-1.49;2.45;3.50;-1.40;-0.27;-3.42;-1.71;-0.20;-2.50;1.10;-0.60;-0.50;-2.15;0.15;-0.57;-0.93;1.40;-0.85;-2.00;-0.85;2.25;-4.04;2.09;1.21;0.29;-0.35;0.86;1.79;-1.42;-1.88;2.65;-0.27;-2.88;-0.50;3.60;2.15;0.30;1.00;0.00;-0.15;3.07;-3.07;-1.55;-1.23;-1.62;2.09;0.01;1.15;0.75;0.85;0.45;3.00;-0.90;2.10;-0.50;-0.70;-1;0;0;0;0;1

45.2;46.49;44.6;45.7;-0.80;1.10;-0.30;3.10;1.66;1.94;-0.90;-0.10;-0.50;0.65;-0.15;-0.51;0.81;-1.20;-1.15;-2.65;-0.80;2.00;-1.49;2.34;-1.25;-0.41;3.01;-0.20;-2.96;-1.49;2.45;3.50;-1.40;-0.27;-3.42;-1.71;-0.20;-2.50;1.10;-0.60;-0.50;-2.15;0.15;-0.57;-0.93;1.40;-0.85;-2.00;-0.85;2.25;-4.04;2.09;1.21;0.29;-0.35;0.86;1.79;-1.42;-1.88;2.65;-0.27;-2.88;-0.50;3.60;2.15;0.30;1.00;0.00;-0.15;3.07;-3.07;-1.55;-1.23;-1.62;2.09;0.01;1.15;0.75;0.85;0.45;3.00;-0.90;2.10;-0.50;-1;0;0;0;0;1

43.23;44.54;43.01;44.54;-1.97;-0.80;1.10;-0.30;3.10;1.66;1.94;-0.90;-0.10;-0.50;0.65;-0.15;-0.51;0.81;-1.20;-1.15;-2.65;-0.80;2.00;-1.49;2.34;-1.25;-0.41;3.01;-0.20;-2.96;-1.49;2.45;3.50;-1.40;-0.27;-3.42;-1.71;-0.20;-2.50;1.10;-0.60;-0.50;-2.15;0.15;-0.57;-0.93;1.40;-0.85;-2.00;-0.85;2.25;-4.04;2.09;1.21;0.29;-0.35;0.86;1.79;-1.42;-1.88;2.65;-0.27;-2.88;-0.50;3.60;2.15;0.30;1.00;0.00;-0.15;3.07;-3.07;-1.55;-1.23;-1.62;2.09;0.01;1.15;0.75;0.85;0.45;3.00;-0.90;2.10;+1;0;0;0;0;1

44;44.6;43.37;43.8;0.77;-1.97;-0.80;1.10;-0.30;3.10;1.66;1.94;-0.90;-0.10;-0.50;0.65;-0.15;-0.51;0.81;-1.20;-1.15;-2.65;-0.80;2.00;-1.49;2.34;-1.25;-0.41;3.01;-0.20;-2.96;-1.49;2.45;3.50;-1.40;-0.27;-3.42;-1.71;-0.20;-2.50;1.10;-0.60;-0.50;-2.15;0.15;-0.57;-0.93;1.40;-0.85;-2.00;-0.85;2.25;-4.04;2.09;1.21;0.29;-0.35;0.86;1.79;-1.42;-1.88;2.65;-0.27;-2.88;-0.50;3.60;2.15;0.30;1.00;0.00;-0.15;3.07;-3.07;-1.55;-1.23;-1.62;2.09;0.01;1.15;0.75;0.85;0.45;3.00;-0.90;-1;0;0;0;0;1

42.9;44.65;42.05;44.3;-1.10;0.77;-1.97;-0.80;1.10;-0.30;3.10;1.66;1.94;-0.90;-0.10;-0.50;0.65;-0.15;-0.51;0.81;-1.20;-1.15;-2.65;-0.80;2.00;-1.49;2.34;-1.25;-0.41;3.01;-0.20;-2.96;-1.49;2.45;3.50;-1.40;-0.27;-3.42;-1.71;-0.20;-2.50;1.10;-0.60;-0.50;-2.15;0.15;-0.57;-0.93;1.40;-0.85;-2.00;-0.85;2.25;-4.04;2.09;1.21;0.29;-0.35;0.86;1.79;-1.42;-1.88;2.65;-0.27;-2.88;-0.50;3.60;2.15;0.30;1.00;0.00;-0.15;3.07;-3.07;-1.55;-1.23;-1.62;2.09;0.01;1.15;0.75;0.85;0.45;3.00;+1;0;0;0;0;1

43.35;43.4;42.2;42.89;0.45;-1.10;0.77;-1.97;-0.80;1.10;-0.30;3.10;1.66;1.94;-0.90;-0.10;-0.50;0.65;-0.15;-0.51;0.81;-1.20;-1.15;-2.65;-0.80;2.00;-1.49;2.34;-1.25;-0.41;3.01;-0.20;-2.96;-1.49;2.45;3.50;-1.40;-0.27;-3.42;-1.71;-0.20;-2.50;1.10;-0.60;-0.50;-2.15;0.15;-0.57;-0.93;1.40;-0.85;-2.00;-0.85;2.25;-4.04;2.09;1.21;0.29;-0.35;0.86;1.79;-1.42;-1.88;2.65;-0.27;-2.88;-0.50;3.60;2.15;0.30;1.00;0.00;-0.15;3.07;-3.07;-1.55;-1.23;-1.62;2.09;0.01;1.15;0.75;0.85;0.45;+1;0;0;0;0;1

44.51;44.6;42.11;43.15;1.16;0.45;-1.10;0.77;-1.97;-0.80;1.10;-0.30;3.10;1.66;1.94;-0.90;-0.10;-0.50;0.65;-0.15;-0.51;0.81;-1.20;-1.15;-2.65;-0.80;2.00;-1.49;2.34;-1.25;-0.41;3.01;-0.20;-2.96;-1.49;2.45;3.50;-1.40;-0.27;-3.42;-1.71;-0.20;-2.50;1.10;-0.60;-0.50;-2.15;0.15;-0.57;-0.93;1.40;-0.85;-2.00;-0.85;2.25;-4.04;2.09;1.21;0.29;-0.35;0.86;1.79;-1.42;-1.88;2.65;-0.27;-2.88;-0.50;3.60;2.15;0.30;1.00;0.00;-0.15;3.07;-3.07;-1.55;-1.23;-1.62;2.09;0.01;1.15;0.75;0.85;-1;0;0;0;0;1

44.2;45.45;44.11;44.4;-0.31;1.16;0.45;-1.10;0.77;-1.97;-0.80;1.10;-0.30;3.10;1.66;1.94;-0.90;-0.10;-0.50;0.65;-0.15;-0.51;0.81;-1.20;-1.15;-2.65;-0.80;2.00;-1.49;2.34;-1.25;-0.41;3.01;-0.20;-2.96;-1.49;2.45;3.50;-1.40;-0.27;-3.42;-1.71;-0.20;-2.50;1.10;-0.60;-0.50;-2.15;0.15;-0.57;-0.93;1.40;-0.85;-2.00;-0.85;2.25;-4.04;2.09;1.21;0.29;-0.35;0.86;1.79;-1.42;-1.88;2.65;-0.27;-2.88;-0.50;3.60;2.15;0.30;1.00;0.00;-0.15;3.07;-3.07;-1.55;-1.23;-1.62;2.09;0.01;1.15;0.75;-1;0;0;0;0;1

42.3;43.75;41.86;43.7;-1.90;-0.31;1.16;0.45;-1.10;0.77;-1.97;-0.80;1.10;-0.30;3.10;1.66;1.94;-0.90;-0.10;-0.50;0.65;-0.15;-0.51;0.81;-1.20;-1.15;-2.65;-0.80;2.00;-1.49;2.34;-1.25;-0.41;3.01;-0.20;-2.96;-1.49;2.45;3.50;-1.40;-0.27;-3.42;-1.71;-0.20;-2.50;1.10;-0.60;-0.50;-2.15;0.15;-0.57;-0.93;1.40;-0.85;-2.00;-0.85;2.25;-4.04;2.09;1.21;0.29;-0.35;0.86;1.79;-1.42;-1.88;2.65;-0.27;-2.88;-0.50;3.60;2.15;0.30;1.00;0.00;-0.15;3.07;-3.07;-1.55;-1.23;-1.62;2.09;0.01;1.15;+1;0;0;0;0;1

43.15;43.25;42;42.52;0.85;-1.90;-0.31;1.16;0.45;-1.10;0.77;-1.97;-0.80;1.10;-0.30;3.10;1.66;1.94;-0.90;-0.10;-0.50;0.65;-0.15;-0.51;0.81;-1.20;-1.15;-2.65;-0.80;2.00;-1.49;2.34;-1.25;-0.41;3.01;-0.20;-2.96;-1.49;2.45;3.50;-1.40;-0.27;-3.42;-1.71;-0.20;-2.50;1.10;-0.60;-0.50;-2.15;0.15;-0.57;-0.93;1.40;-0.85;-2.00;-0.85;2.25;-4.04;2.09;1.21;0.29;-0.35;0.86;1.79;-1.42;-1.88;2.65;-0.27;-2.88;-0.50;3.60;2.15;0.30;1.00;0.00;-0.15;3.07;-3.07;-1.55;-1.23;-1.62;2.09;0.01;-1;0;0;0;0;1

42.25;43.8;42;42.5;-0.90;0.85;-1.90;-0.31;1.16;0.45;-1.10;0.77;-1.97;-0.80;1.10;-0.30;3.10;1.66;1.94;-0.90;-0.10;-0.50;0.65;-0.15;-0.51;0.81;-1.20;-1.15;-2.65;-0.80;2.00;-1.49;2.34;-1.25;-0.41;3.01;-0.20;-2.96;-1.49;2.45;3.50;-1.40;-0.27;-3.42;-1.71;-0.20;-2.50;1.10;-0.60;-0.50;-2.15;0.15;-0.57;-0.93;1.40;-0.85;-2.00;-0.85;2.25;-4.04;2.09;1.21;0.29;-0.35;0.86;1.79;-1.42;-1.88;2.65;-0.27;-2.88;-0.50;3.60;2.15;0.30;1.00;0.00;-0.15;3.07;-3.07;-1.55;-1.23;-1.62;2.09;-1;0;0;0;0;1

42;43.05;41.1;42.2;-0.25;-0.90;0.85;-1.90;-0.31;1.16;0.45;-1.10;0.77;-1.97;-0.80;1.10;-0.30;3.10;1.66;1.94;-0.90;-0.10;-0.50;0.65;-0.15;-0.51;0.81;-1.20;-1.15;-2.65;-0.80;2.00;-1.49;2.34;-1.25;-0.41;3.01;-0.20;-2.96;-1.49;2.45;3.50;-1.40;-0.27;-3.42;-1.71;-0.20;-2.50;1.10;-0.60;-0.50;-2.15;0.15;-0.57;-0.93;1.40;-0.85;-2.00;-0.85;2.25;-4.04;2.09;1.21;0.29;-0.35;0.86;1.79;-1.42;-1.88;2.65;-0.27;-2.88;-0.50;3.60;2.15;0.30;1.00;0.00;-0.15;3.07;-3.07;-1.55;-1.23;-1.62;+1;0;0;0;0;1

43.67;44.1;41.58;41.9;1.67;-0.25;-0.90;0.85;-1.90;-0.31;1.16;0.45;-1.10;0.77;-1.97;-0.80;1.10;-0.30;3.10;1.66;1.94;-0.90;-0.10;-0.50;0.65;-0.15;-0.51;0.81;-1.20;-1.15;-2.65;-0.80;2.00;-1.49;2.34;-1.25;-0.41;3.01;-0.20;-2.96;-1.49;2.45;3.50;-1.40;-0.27;-3.42;-1.71;-0.20;-2.50;1.10;-0.60;-0.50;-2.15;0.15;-0.57;-0.93;1.40;-0.85;-2.00;-0.85;2.25;-4.04;2.09;1.21;0.29;-0.35;0.86;1.79;-1.42;-1.88;2.65;-0.27;-2.88;-0.50;3.60;2.15;0.30;1.00;0.00;-0.15;3.07;-3.07;-1.55;-1.23;-1;0;0;0;0;1

43.39;44.2;43.05;43.98;-0.28;1.67;-0.25;-0.90;0.85;-1.90;-0.31;1.16;0.45;-1.10;0.77;-1.97;-0.80;1.10;-0.30;3.10;1.66;1.94;-0.90;-0.10;-0.50;0.65;-0.15;-0.51;0.81;-1.20;-1.15;-2.65;-0.80;2.00;-1.49;2.34;-1.25;-0.41;3.01;-0.20;-2.96;-1.49;2.45;3.50;-1.40;-0.27;-3.42;-1.71;-0.20;-2.50;1.10;-0.60;-0.50;-2.15;0.15;-0.57;-0.93;1.40;-0.85;-2.00;-0.85;2.25;-4.04;2.09;1.21;0.29;-0.35;0.86;1.79;-1.42;-1.88;2.65;-0.27;-2.88;-0.50;3.60;2.15;0.30;1.00;0.00;-0.15;3.07;-3.07;-1.55;+1;0;0;0;0;1

43.5;43.75;42.5;43.4;0.11;-0.28;1.67;-0.25;-0.90;0.85;-1.90;-0.31;1.16;0.45;-1.10;0.77;-1.97;-0.80;1.10;-0.30;3.10;1.66;1.94;-0.90;-0.10;-0.50;0.65;-0.15;-0.51;0.81;-1.20;-1.15;-2.65;-0.80;2.00;-1.49;2.34;-1.25;-0.41;3.01;-0.20;-2.96;-1.49;2.45;3.50;-1.40;-0.27;-3.42;-1.71;-0.20;-2.50;1.10;-0.60;-0.50;-2.15;0.15;-0.57;-0.93;1.40;-0.85;-2.00;-0.85;2.25;-4.04;2.09;1.21;0.29;-0.35;0.86;1.79;-1.42;-1.88;2.65;-0.27;-2.88;-0.50;3.60;2.15;0.30;1.00;0.00;-0.15;3.07;-3.07;+1;0;0;0;0;1

43.59;43.9;43.31;43.5;0.09;0.11;-0.28;1.67;-0.25;-0.90;0.85;-1.90;-0.31;1.16;0.45;-1.10;0.77;-1.97;-0.80;1.10;-0.30;3.10;1.66;1.94;-0.90;-0.10;-0.50;0.65;-0.15;-0.51;0.81;-1.20;-1.15;-2.65;-0.80;2.00;-1.49;2.34;-1.25;-0.41;3.01;-0.20;-2.96;-1.49;2.45;3.50;-1.40;-0.27;-3.42;-1.71;-0.20;-2.50;1.10;-0.60;-0.50;-2.15;0.15;-0.57;-0.93;1.40;-0.85;-2.00;-0.85;2.25;-4.04;2.09;1.21;0.29;-0.35;0.86;1.79;-1.42;-1.88;2.65;-0.27;-2.88;-0.50;3.60;2.15;0.30;1.00;0.00;-0.15;3.07;+1;0;0;0;0;1

45.2;45.2;43.4;43.4;1.61;0.09;0.11;-0.28;1.67;-0.25;-0.90;0.85;-1.90;-0.31;1.16;0.45;-1.10;0.77;-1.97;-0.80;1.10;-0.30;3.10;1.66;1.94;-0.90;-0.10;-0.50;0.65;-0.15;-0.51;0.81;-1.20;-1.15;-2.65;-0.80;2.00;-1.49;2.34;-1.25;-0.41;3.01;-0.20;-2.96;-1.49;2.45;3.50;-1.40;-0.27;-3.42;-1.71;-0.20;-2.50;1.10;-0.60;-0.50;-2.15;0.15;-0.57;-0.93;1.40;-0.85;-2.00;-0.85;2.25;-4.04;2.09;1.21;0.29;-0.35;0.86;1.79;-1.42;-1.88;2.65;-0.27;-2.88;-0.50;3.60;2.15;0.30;1.00;0.00;-0.15;-1;0;0;0;0;1

44.95;45.4;44.15;44.41;-0.25;1.61;0.09;0.11;-0.28;1.67;-0.25;-0.90;0.85;-1.90;-0.31;1.16;0.45;-1.10;0.77;-1.97;-0.80;1.10;-0.30;3.10;1.66;1.94;-0.90;-0.10;-0.50;0.65;-0.15;-0.51;0.81;-1.20;-1.15;-2.65;-0.80;2.00;-1.49;2.34;-1.25;-0.41;3.01;-0.20;-2.96;-1.49;2.45;3.50;-1.40;-0.27;-3.42;-1.71;-0.20;-2.50;1.10;-0.60;-0.50;-2.15;0.15;-0.57;-0.93;1.40;-0.85;-2.00;-0.85;2.25;-4.04;2.09;1.21;0.29;-0.35;0.86;1.79;-1.42;-1.88;2.65;-0.27;-2.88;-0.50;3.60;2.15;0.30;1.00;0.00;-1;0;0;0;0;1

44.9;45.46;44.2;45.05;-0.05;-0.25;1.61;0.09;0.11;-0.28;1.67;-0.25;-0.90;0.85;-1.90;-0.31;1.16;0.45;-1.10;0.77;-1.97;-0.80;1.10;-0.30;3.10;1.66;1.94;-0.90;-0.10;-0.50;0.65;-0.15;-0.51;0.81;-1.20;-1.15;-2.65;-0.80;2.00;-1.49;2.34;-1.25;-0.41;3.01;-0.20;-2.96;-1.49;2.45;3.50;-1.40;-0.27;-3.42;-1.71;-0.20;-2.50;1.10;-0.60;-0.50;-2.15;0.15;-0.57;-0.93;1.40;-0.85;-2.00;-0.85;2.25;-4.04;2.09;1.21;0.29;-0.35;0.86;1.79;-1.42;-1.88;2.65;-0.27;-2.88;-0.50;3.60;2.15;0.30;1.00;-1;0;0;0;0;1

44.65;45.89;44.41;45.16;-0.25;-0.05;-0.25;1.61;0.09;0.11;-0.28;1.67;-0.25;-0.90;0.85;-1.90;-0.31;1.16;0.45;-1.10;0.77;-1.97;-0.80;1.10;-0.30;3.10;1.66;1.94;-0.90;-0.10;-0.50;0.65;-0.15;-0.51;0.81;-1.20;-1.15;-2.65;-0.80;2.00;-1.49;2.34;-1.25;-0.41;3.01;-0.20;-2.96;-1.49;2.45;3.50;-1.40;-0.27;-3.42;-1.71;-0.20;-2.50;1.10;-0.60;-0.50;-2.15;0.15;-0.57;-0.93;1.40;-0.85;-2.00;-0.85;2.25;-4.04;2.09;1.21;0.29;-0.35;0.86;1.79;-1.42;-1.88;2.65;-0.27;-2.88;-0.50;3.60;2.15;0.30;-1;0;0;0;0;1

43.6;44.7;43.2;44.42;-1.05;-0.25;-0.05;-0.25;1.61;0.09;0.11;-0.28;1.67;-0.25;-0.90;0.85;-1.90;-0.31;1.16;0.45;-1.10;0.77;-1.97;-0.80;1.10;-0.30;3.10;1.66;1.94;-0.90;-0.10;-0.50;0.65;-0.15;-0.51;0.81;-1.20;-1.15;-2.65;-0.80;2.00;-1.49;2.34;-1.25;-0.41;3.01;-0.20;-2.96;-1.49;2.45;3.50;-1.40;-0.27;-3.42;-1.71;-0.20;-2.50;1.10;-0.60;-0.50;-2.15;0.15;-0.57;-0.93;1.40;-0.85;-2.00;-0.85;2.25;-4.04;2.09;1.21;0.29;-0.35;0.86;1.79;-1.42;-1.88;2.65;-0.27;-2.88;-0.50;3.60;2.15;-1;0;0;0;0;1

43;43.68;42.6;43.51;-0.60;-1.05;-0.25;-0.05;-0.25;1.61;0.09;0.11;-0.28;1.67;-0.25;-0.90;0.85;-1.90;-0.31;1.16;0.45;-1.10;0.77;-1.97;-0.80;1.10;-0.30;3.10;1.66;1.94;-0.90;-0.10;-0.50;0.65;-0.15;-0.51;0.81;-1.20;-1.15;-2.65;-0.80;2.00;-1.49;2.34;-1.25;-0.41;3.01;-0.20;-2.96;-1.49;2.45;3.50;-1.40;-0.27;-3.42;-1.71;-0.20;-2.50;1.10;-0.60;-0.50;-2.15;0.15;-0.57;-0.93;1.40;-0.85;-2.00;-0.85;2.25;-4.04;2.09;1.21;0.29;-0.35;0.86;1.79;-1.42;-1.88;2.65;-0.27;-2.88;-0.50;3.60;+1;0;0;0;0;1

43.32;43.98;42.8;43.3;0.32;-0.60;-1.05;-0.25;-0.05;-0.25;1.61;0.09;0.11;-0.28;1.67;-0.25;-0.90;0.85;-1.90;-0.31;1.16;0.45;-1.10;0.77;-1.97;-0.80;1.10;-0.30;3.10;1.66;1.94;-0.90;-0.10;-0.50;0.65;-0.15;-0.51;0.81;-1.20;-1.15;-2.65;-0.80;2.00;-1.49;2.34;-1.25;-0.41;3.01;-0.20;-2.96;-1.49;2.45;3.50;-1.40;-0.27;-3.42;-1.71;-0.20;-2.50;1.10;-0.60;-0.50;-2.15;0.15;-0.57;-0.93;1.40;-0.85;-2.00;-0.85;2.25;-4.04;2.09;1.21;0.29;-0.35;0.86;1.79;-1.42;-1.88;2.65;-0.27;-2.88;-0.50;-1;0;0;0;0;1

43;44.05;42.6;42.9;-0.32;0.32;-0.60;-1.05;-0.25;-0.05;-0.25;1.61;0.09;0.11;-0.28;1.67;-0.25;-0.90;0.85;-1.90;-0.31;1.16;0.45;-1.10;0.77;-1.97;-0.80;1.10;-0.30;3.10;1.66;1.94;-0.90;-0.10;-0.50;0.65;-0.15;-0.51;0.81;-1.20;-1.15;-2.65;-0.80;2.00;-1.49;2.34;-1.25;-0.41;3.01;-0.20;-2.96;-1.49;2.45;3.50;-1.40;-0.27;-3.42;-1.71;-0.20;-2.50;1.10;-0.60;-0.50;-2.15;0.15;-0.57;-0.93;1.40;-0.85;-2.00;-0.85;2.25;-4.04;2.09;1.21;0.29;-0.35;0.86;1.79;-1.42;-1.88;2.65;-0.27;-2.88;+1;0;0;0;0;1

43.65;44.25;43.26;43.65;0.65;-0.32;0.32;-0.60;-1.05;-0.25;-0.05;-0.25;1.61;0.09;0.11;-0.28;1.67;-0.25;-0.90;0.85;-1.90;-0.31;1.16;0.45;-1.10;0.77;-1.97;-0.80;1.10;-0.30;3.10;1.66;1.94;-0.90;-0.10;-0.50;0.65;-0.15;-0.51;0.81;-1.20;-1.15;-2.65;-0.80;2.00;-1.49;2.34;-1.25;-0.41;3.01;-0.20;-2.96;-1.49;2.45;3.50;-1.40;-0.27;-3.42;-1.71;-0.20;-2.50;1.10;-0.60;-0.50;-2.15;0.15;-0.57;-0.93;1.40;-0.85;-2.00;-0.85;2.25;-4.04;2.09;1.21;0.29;-0.35;0.86;1.79;-1.42;-1.88;2.65;-0.27;+1;0;0;0;0;1

44.9;44.9;43.25;43.3;1.25;0.65;-0.32;0.32;-0.60;-1.05;-0.25;-0.05;-0.25;1.61;0.09;0.11;-0.28;1.67;-0.25;-0.90;0.85;-1.90;-0.31;1.16;0.45;-1.10;0.77;-1.97;-0.80;1.10;-0.30;3.10;1.66;1.94;-0.90;-0.10;-0.50;0.65;-0.15;-0.51;0.81;-1.20;-1.15;-2.65;-0.80;2.00;-1.49;2.34;-1.25;-0.41;3.01;-0.20;-2.96;-1.49;2.45;3.50;-1.40;-0.27;-3.42;-1.71;-0.20;-2.50;1.10;-0.60;-0.50;-2.15;0.15;-0.57;-0.93;1.40;-0.85;-2.00;-0.85;2.25;-4.04;2.09;1.21;0.29;-0.35;0.86;1.79;-1.42;-1.88;2.65;+1;0;0;0;0;1

45.6;46.09;44.9;44.9;0.70;1.25;0.65;-0.32;0.32;-0.60;-1.05;-0.25;-0.05;-0.25;1.61;0.09;0.11;-0.28;1.67;-0.25;-0.90;0.85;-1.90;-0.31;1.16;0.45;-1.10;0.77;-1.97;-0.80;1.10;-0.30;3.10;1.66;1.94;-0.90;-0.10;-0.50;0.65;-0.15;-0.51;0.81;-1.20;-1.15;-2.65;-0.80;2.00;-1.49;2.34;-1.25;-0.41;3.01;-0.20;-2.96;-1.49;2.45;3.50;-1.40;-0.27;-3.42;-1.71;-0.20;-2.50;1.10;-0.60;-0.50;-2.15;0.15;-0.57;-0.93;1.40;-0.85;-2.00;-0.85;2.25;-4.04;2.09;1.21;0.29;-0.35;0.86;1.79;-1.42;-1.88;+1;0;0;0;0;1

46;47.09;45.5;45.5;0.40;0.70;1.25;0.65;-0.32;0.32;-0.60;-1.05;-0.25;-0.05;-0.25;1.61;0.09;0.11;-0.28;1.67;-0.25;-0.90;0.85;-1.90;-0.31;1.16;0.45;-1.10;0.77;-1.97;-0.80;1.10;-0.30;3.10;1.66;1.94;-0.90;-0.10;-0.50;0.65;-0.15;-0.51;0.81;-1.20;-1.15;-2.65;-0.80;2.00;-1.49;2.34;-1.25;-0.41;3.01;-0.20;-2.96;-1.49;2.45;3.50;-1.40;-0.27;-3.42;-1.71;-0.20;-2.50;1.10;-0.60;-0.50;-2.15;0.15;-0.57;-0.93;1.40;-0.85;-2.00;-0.85;2.25;-4.04;2.09;1.21;0.29;-0.35;0.86;1.79;-1.42;+1;0;0;0;0;1

49.2;49.21;45.5;45.5;3.20;0.40;0.70;1.25;0.65;-0.32;0.32;-0.60;-1.05;-0.25;-0.05;-0.25;1.61;0.09;0.11;-0.28;1.67;-0.25;-0.90;0.85;-1.90;-0.31;1.16;0.45;-1.10;0.77;-1.97;-0.80;1.10;-0.30;3.10;1.66;1.94;-0.90;-0.10;-0.50;0.65;-0.15;-0.51;0.81;-1.20;-1.15;-2.65;-0.80;2.00;-1.49;2.34;-1.25;-0.41;3.01;-0.20;-2.96;-1.49;2.45;3.50;-1.40;-0.27;-3.42;-1.71;-0.20;-2.50;1.10;-0.60;-0.50;-2.15;0.15;-0.57;-0.93;1.40;-0.85;-2.00;-0.85;2.25;-4.04;2.09;1.21;0.29;-0.35;0.86;1.79;-1;0;0;0;0;0

46.7;49.1;46.49;48.3;-2.50;3.20;0.40;0.70;1.25;0.65;-0.32;0.32;-0.60;-1.05;-0.25;-0.05;-0.25;1.61;0.09;0.11;-0.28;1.67;-0.25;-0.90;0.85;-1.90;-0.31;1.16;0.45;-1.10;0.77;-1.97;-0.80;1.10;-0.30;3.10;1.66;1.94;-0.90;-0.10;-0.50;0.65;-0.15;-0.51;0.81;-1.20;-1.15;-2.65;-0.80;2.00;-1.49;2.34;-1.25;-0.41;3.01;-0.20;-2.96;-1.49;2.45;3.50;-1.40;-0.27;-3.42;-1.71;-0.20;-2.50;1.10;-0.60;-0.50;-2.15;0.15;-0.57;-0.93;1.40;-0.85;-2.00;-0.85;2.25;-4.04;2.09;1.21;0.29;-0.35;0.86;+1;0;0;0;0;0

46.89;47.98;46.6;47;0.19;-2.50;3.20;0.40;0.70;1.25;0.65;-0.32;0.32;-0.60;-1.05;-0.25;-0.05;-0.25;1.61;0.09;0.11;-0.28;1.67;-0.25;-0.90;0.85;-1.90;-0.31;1.16;0.45;-1.10;0.77;-1.97;-0.80;1.10;-0.30;3.10;1.66;1.94;-0.90;-0.10;-0.50;0.65;-0.15;-0.51;0.81;-1.20;-1.15;-2.65;-0.80;2.00;-1.49;2.34;-1.25;-0.41;3.01;-0.20;-2.96;-1.49;2.45;3.50;-1.40;-0.27;-3.42;-1.71;-0.20;-2.50;1.10;-0.60;-0.50;-2.15;0.15;-0.57;-0.93;1.40;-0.85;-2.00;-0.85;2.25;-4.04;2.09;1.21;0.29;-0.35;+1;0;0;0;0;1

47.7;47.8;46.45;47.25;0.81;0.19;-2.50;3.20;0.40;0.70;1.25;0.65;-0.32;0.32;-0.60;-1.05;-0.25;-0.05;-0.25;1.61;0.09;0.11;-0.28;1.67;-0.25;-0.90;0.85;-1.90;-0.31;1.16;0.45;-1.10;0.77;-1.97;-0.80;1.10;-0.30;3.10;1.66;1.94;-0.90;-0.10;-0.50;0.65;-0.15;-0.51;0.81;-1.20;-1.15;-2.65;-0.80;2.00;-1.49;2.34;-1.25;-0.41;3.01;-0.20;-2.96;-1.49;2.45;3.50;-1.40;-0.27;-3.42;-1.71;-0.20;-2.50;1.10;-0.60;-0.50;-2.15;0.15;-0.57;-0.93;1.40;-0.85;-2.00;-0.85;2.25;-4.04;2.09;1.21;0.29;+1;0;0;0;0;1

47.98;48.48;46.51;47.7;0.28;0.81;0.19;-2.50;3.20;0.40;0.70;1.25;0.65;-0.32;0.32;-0.60;-1.05;-0.25;-0.05;-0.25;1.61;0.09;0.11;-0.28;1.67;-0.25;-0.90;0.85;-1.90;-0.31;1.16;0.45;-1.10;0.77;-1.97;-0.80;1.10;-0.30;3.10;1.66;1.94;-0.90;-0.10;-0.50;0.65;-0.15;-0.51;0.81;-1.20;-1.15;-2.65;-0.80;2.00;-1.49;2.34;-1.25;-0.41;3.01;-0.20;-2.96;-1.49;2.45;3.50;-1.40;-0.27;-3.42;-1.71;-0.20;-2.50;1.10;-0.60;-0.50;-2.15;0.15;-0.57;-0.93;1.40;-0.85;-2.00;-0.85;2.25;-4.04;2.09;1.21;+1;0;0;0;0;1

48;48.55;47.2;47.5;0.02;0.28;0.81;0.19;-2.50;3.20;0.40;0.70;1.25;0.65;-0.32;0.32;-0.60;-1.05;-0.25;-0.05;-0.25;1.61;0.09;0.11;-0.28;1.67;-0.25;-0.90;0.85;-1.90;-0.31;1.16;0.45;-1.10;0.77;-1.97;-0.80;1.10;-0.30;3.10;1.66;1.94;-0.90;-0.10;-0.50;0.65;-0.15;-0.51;0.81;-1.20;-1.15;-2.65;-0.80;2.00;-1.49;2.34;-1.25;-0.41;3.01;-0.20;-2.96;-1.49;2.45;3.50;-1.40;-0.27;-3.42;-1.71;-0.20;-2.50;1.10;-0.60;-0.50;-2.15;0.15;-0.57;-0.93;1.40;-0.85;-2.00;-0.85;2.25;-4.04;2.09;-1;0;0;0;0;1

47.5;47.95;46.82;47.7;-0.50;0.02;0.28;0.81;0.19;-2.50;3.20;0.40;0.70;1.25;0.65;-0.32;0.32;-0.60;-1.05;-0.25;-0.05;-0.25;1.61;0.09;0.11;-0.28;1.67;-0.25;-0.90;0.85;-1.90;-0.31;1.16;0.45;-1.10;0.77;-1.97;-0.80;1.10;-0.30;3.10;1.66;1.94;-0.90;-0.10;-0.50;0.65;-0.15;-0.51;0.81;-1.20;-1.15;-2.65;-0.80;2.00;-1.49;2.34;-1.25;-0.41;3.01;-0.20;-2.96;-1.49;2.45;3.50;-1.40;-0.27;-3.42;-1.71;-0.20;-2.50;1.10;-0.60;-0.50;-2.15;0.15;-0.57;-0.93;1.40;-0.85;-2.00;-0.85;2.25;-4.04;-1;0;0;0;0;1

46.69;47;45.9;47;-0.81;-0.50;0.02;0.28;0.81;0.19;-2.50;3.20;0.40;0.70;1.25;0.65;-0.32;0.32;-0.60;-1.05;-0.25;-0.05;-0.25;1.61;0.09;0.11;-0.28;1.67;-0.25;-0.90;0.85;-1.90;-0.31;1.16;0.45;-1.10;0.77;-1.97;-0.80;1.10;-0.30;3.10;1.66;1.94;-0.90;-0.10;-0.50;0.65;-0.15;-0.51;0.81;-1.20;-1.15;-2.65;-0.80;2.00;-1.49;2.34;-1.25;-0.41;3.01;-0.20;-2.96;-1.49;2.45;3.50;-1.40;-0.27;-3.42;-1.71;-0.20;-2.50;1.10;-0.60;-0.50;-2.15;0.15;-0.57;-0.93;1.40;-0.85;-2.00;-0.85;2.25;-1;0;0;0;0;1

45.04;46.7;44.75;46.5;-1.65;-0.81;-0.50;0.02;0.28;0.81;0.19;-2.50;3.20;0.40;0.70;1.25;0.65;-0.32;0.32;-0.60;-1.05;-0.25;-0.05;-0.25;1.61;0.09;0.11;-0.28;1.67;-0.25;-0.90;0.85;-1.90;-0.31;1.16;0.45;-1.10;0.77;-1.97;-0.80;1.10;-0.30;3.10;1.66;1.94;-0.90;-0.10;-0.50;0.65;-0.15;-0.51;0.81;-1.20;-1.15;-2.65;-0.80;2.00;-1.49;2.34;-1.25;-0.41;3.01;-0.20;-2.96;-1.49;2.45;3.50;-1.40;-0.27;-3.42;-1.71;-0.20;-2.50;1.10;-0.60;-0.50;-2.15;0.15;-0.57;-0.93;1.40;-0.85;-2.00;-0.85;-1;0;0;0;0;1

42.61;45.1;42.61;44.9;-2.43;-1.65;-0.81;-0.50;0.02;0.28;0.81;0.19;-2.50;3.20;0.40;0.70;1.25;0.65;-0.32;0.32;-0.60;-1.05;-0.25;-0.05;-0.25;1.61;0.09;0.11;-0.28;1.67;-0.25;-0.90;0.85;-1.90;-0.31;1.16;0.45;-1.10;0.77;-1.97;-0.80;1.10;-0.30;3.10;1.66;1.94;-0.90;-0.10;-0.50;0.65;-0.15;-0.51;0.81;-1.20;-1.15;-2.65;-0.80;2.00;-1.49;2.34;-1.25;-0.41;3.01;-0.20;-2.96;-1.49;2.45;3.50;-1.40;-0.27;-3.42;-1.71;-0.20;-2.50;1.10;-0.60;-0.50;-2.15;0.15;-0.57;-0.93;1.40;-0.85;-2.00;+1;0;0;0;0;0

43.95;44.15;42.4;43;1.34;-2.43;-1.65;-0.81;-0.50;0.02;0.28;0.81;0.19;-2.50;3.20;0.40;0.70;1.25;0.65;-0.32;0.32;-0.60;-1.05;-0.25;-0.05;-0.25;1.61;0.09;0.11;-0.28;1.67;-0.25;-0.90;0.85;-1.90;-0.31;1.16;0.45;-1.10;0.77;-1.97;-0.80;1.10;-0.30;3.10;1.66;1.94;-0.90;-0.10;-0.50;0.65;-0.15;-0.51;0.81;-1.20;-1.15;-2.65;-0.80;2.00;-1.49;2.34;-1.25;-0.41;3.01;-0.20;-2.96;-1.49;2.45;3.50;-1.40;-0.27;-3.42;-1.71;-0.20;-2.50;1.10;-0.60;-0.50;-2.15;0.15;-0.57;-0.93;1.40;-0.85;-1;0;0;0;0;1

43.69;44.48;43.4;44;-0.26;1.34;-2.43;-1.65;-0.81;-0.50;0.02;0.28;0.81;0.19;-2.50;3.20;0.40;0.70;1.25;0.65;-0.32;0.32;-0.60;-1.05;-0.25;-0.05;-0.25;1.61;0.09;0.11;-0.28;1.67;-0.25;-0.90;0.85;-1.90;-0.31;1.16;0.45;-1.10;0.77;-1.97;-0.80;1.10;-0.30;3.10;1.66;1.94;-0.90;-0.10;-0.50;0.65;-0.15;-0.51;0.81;-1.20;-1.15;-2.65;-0.80;2.00;-1.49;2.34;-1.25;-0.41;3.01;-0.20;-2.96;-1.49;2.45;3.50;-1.40;-0.27;-3.42;-1.71;-0.20;-2.50;1.10;-0.60;-0.50;-2.15;0.15;-0.57;-0.93;1.40;-1;0;0;0;0;1

43.5;43.91;43.3;43.62;-0.19;-0.26;1.34;-2.43;-1.65;-0.81;-0.50;0.02;0.28;0.81;0.19;-2.50;3.20;0.40;0.70;1.25;0.65;-0.32;0.32;-0.60;-1.05;-0.25;-0.05;-0.25;1.61;0.09;0.11;-0.28;1.67;-0.25;-0.90;0.85;-1.90;-0.31;1.16;0.45;-1.10;0.77;-1.97;-0.80;1.10;-0.30;3.10;1.66;1.94;-0.90;-0.10;-0.50;0.65;-0.15;-0.51;0.81;-1.20;-1.15;-2.65;-0.80;2.00;-1.49;2.34;-1.25;-0.41;3.01;-0.20;-2.96;-1.49;2.45;3.50;-1.40;-0.27;-3.42;-1.71;-0.20;-2.50;1.10;-0.60;-0.50;-2.15;0.15;-0.57;-0.93;+1;0;0;0;0;1

43.52;44.2;42.72;44;0.02;-0.19;-0.26;1.34;-2.43;-1.65;-0.81;-0.50;0.02;0.28;0.81;0.19;-2.50;3.20;0.40;0.70;1.25;0.65;-0.32;0.32;-0.60;-1.05;-0.25;-0.05;-0.25;1.61;0.09;0.11;-0.28;1.67;-0.25;-0.90;0.85;-1.90;-0.31;1.16;0.45;-1.10;0.77;-1.97;-0.80;1.10;-0.30;3.10;1.66;1.94;-0.90;-0.10;-0.50;0.65;-0.15;-0.51;0.81;-1.20;-1.15;-2.65;-0.80;2.00;-1.49;2.34;-1.25;-0.41;3.01;-0.20;-2.96;-1.49;2.45;3.50;-1.40;-0.27;-3.42;-1.71;-0.20;-2.50;1.10;-0.60;-0.50;-2.15;0.15;-0.57;-1;0;0;0;0;1

42.45;43.8;42.2;43.5;-1.07;0.02;-0.19;-0.26;1.34;-2.43;-1.65;-0.81;-0.50;0.02;0.28;0.81;0.19;-2.50;3.20;0.40;0.70;1.25;0.65;-0.32;0.32;-0.60;-1.05;-0.25;-0.05;-0.25;1.61;0.09;0.11;-0.28;1.67;-0.25;-0.90;0.85;-1.90;-0.31;1.16;0.45;-1.10;0.77;-1.97;-0.80;1.10;-0.30;3.10;1.66;1.94;-0.90;-0.10;-0.50;0.65;-0.15;-0.51;0.81;-1.20;-1.15;-2.65;-0.80;2.00;-1.49;2.34;-1.25;-0.41;3.01;-0.20;-2.96;-1.49;2.45;3.50;-1.40;-0.27;-3.42;-1.71;-0.20;-2.50;1.10;-0.60;-0.50;-2.15;0.15;+1;0;0;0;0;1

42.8;43.6;41.7;42.9;0.35;-1.07;0.02;-0.19;-0.26;1.34;-2.43;-1.65;-0.81;-0.50;0.02;0.28;0.81;0.19;-2.50;3.20;0.40;0.70;1.25;0.65;-0.32;0.32;-0.60;-1.05;-0.25;-0.05;-0.25;1.61;0.09;0.11;-0.28;1.67;-0.25;-0.90;0.85;-1.90;-0.31;1.16;0.45;-1.10;0.77;-1.97;-0.80;1.10;-0.30;3.10;1.66;1.94;-0.90;-0.10;-0.50;0.65;-0.15;-0.51;0.81;-1.20;-1.15;-2.65;-0.80;2.00;-1.49;2.34;-1.25;-0.41;3.01;-0.20;-2.96;-1.49;2.45;3.50;-1.40;-0.27;-3.42;-1.71;-0.20;-2.50;1.10;-0.60;-0.50;-2.15;+1;0;0;0;0;1

43.95;44;42.8;42.81;1.15;0.35;-1.07;0.02;-0.19;-0.26;1.34;-2.43;-1.65;-0.81;-0.50;0.02;0.28;0.81;0.19;-2.50;3.20;0.40;0.70;1.25;0.65;-0.32;0.32;-0.60;-1.05;-0.25;-0.05;-0.25;1.61;0.09;0.11;-0.28;1.67;-0.25;-0.90;0.85;-1.90;-0.31;1.16;0.45;-1.10;0.77;-1.97;-0.80;1.10;-0.30;3.10;1.66;1.94;-0.90;-0.10;-0.50;0.65;-0.15;-0.51;0.81;-1.20;-1.15;-2.65;-0.80;2.00;-1.49;2.34;-1.25;-0.41;3.01;-0.20;-2.96;-1.49;2.45;3.50;-1.40;-0.27;-3.42;-1.71;-0.20;-2.50;1.10;-0.60;-0.50;+1;0;0;0;0;1

44.6;44.7;43.85;43.95;0.65;1.15;0.35;-1.07;0.02;-0.19;-0.26;1.34;-2.43;-1.65;-0.81;-0.50;0.02;0.28;0.81;0.19;-2.50;3.20;0.40;0.70;1.25;0.65;-0.32;0.32;-0.60;-1.05;-0.25;-0.05;-0.25;1.61;0.09;0.11;-0.28;1.67;-0.25;-0.90;0.85;-1.90;-0.31;1.16;0.45;-1.10;0.77;-1.97;-0.80;1.10;-0.30;3.10;1.66;1.94;-0.90;-0.10;-0.50;0.65;-0.15;-0.51;0.81;-1.20;-1.15;-2.65;-0.80;2.00;-1.49;2.34;-1.25;-0.41;3.01;-0.20;-2.96;-1.49;2.45;3.50;-1.40;-0.27;-3.42;-1.71;-0.20;-2.50;1.10;-0.60;-1;0;0;0;0;1

44;44.49;43.58;44.4;-0.60;0.65;1.15;0.35;-1.07;0.02;-0.19;-0.26;1.34;-2.43;-1.65;-0.81;-0.50;0.02;0.28;0.81;0.19;-2.50;3.20;0.40;0.70;1.25;0.65;-0.32;0.32;-0.60;-1.05;-0.25;-0.05;-0.25;1.61;0.09;0.11;-0.28;1.67;-0.25;-0.90;0.85;-1.90;-0.31;1.16;0.45;-1.10;0.77;-1.97;-0.80;1.10;-0.30;3.10;1.66;1.94;-0.90;-0.10;-0.50;0.65;-0.15;-0.51;0.81;-1.20;-1.15;-2.65;-0.80;2.00;-1.49;2.34;-1.25;-0.41;3.01;-0.20;-2.96;-1.49;2.45;3.50;-1.40;-0.27;-3.42;-1.71;-0.20;-2.50;1.10;-1;0;0;0;0;1

42.8;44.18;42.8;43.8;-1.20;-0.60;0.65;1.15;0.35;-1.07;0.02;-0.19;-0.26;1.34;-2.43;-1.65;-0.81;-0.50;0.02;0.28;0.81;0.19;-2.50;3.20;0.40;0.70;1.25;0.65;-0.32;0.32;-0.60;-1.05;-0.25;-0.05;-0.25;1.61;0.09;0.11;-0.28;1.67;-0.25;-0.90;0.85;-1.90;-0.31;1.16;0.45;-1.10;0.77;-1.97;-0.80;1.10;-0.30;3.10;1.66;1.94;-0.90;-0.10;-0.50;0.65;-0.15;-0.51;0.81;-1.20;-1.15;-2.65;-0.80;2.00;-1.49;2.34;-1.25;-0.41;3.01;-0.20;-2.96;-1.49;2.45;3.50;-1.40;-0.27;-3.42;-1.71;-0.20;-2.50;+1;0;0;0;0;1

42.88;43;42.4;42.9;0.08;-1.20;-0.60;0.65;1.15;0.35;-1.07;0.02;-0.19;-0.26;1.34;-2.43;-1.65;-0.81;-0.50;0.02;0.28;0.81;0.19;-2.50;3.20;0.40;0.70;1.25;0.65;-0.32;0.32;-0.60;-1.05;-0.25;-0.05;-0.25;1.61;0.09;0.11;-0.28;1.67;-0.25;-0.90;0.85;-1.90;-0.31;1.16;0.45;-1.10;0.77;-1.97;-0.80;1.10;-0.30;3.10;1.66;1.94;-0.90;-0.10;-0.50;0.65;-0.15;-0.51;0.81;-1.20;-1.15;-2.65;-0.80;2.00;-1.49;2.34;-1.25;-0.41;3.01;-0.20;-2.96;-1.49;2.45;3.50;-1.40;-0.27;-3.42;-1.71;-0.20;-1;0;0;0;0;1

41.4;43.38;41.4;42.32;-1.48;0.08;-1.20;-0.60;0.65;1.15;0.35;-1.07;0.02;-0.19;-0.26;1.34;-2.43;-1.65;-0.81;-0.50;0.02;0.28;0.81;0.19;-2.50;3.20;0.40;0.70;1.25;0.65;-0.32;0.32;-0.60;-1.05;-0.25;-0.05;-0.25;1.61;0.09;0.11;-0.28;1.67;-0.25;-0.90;0.85;-1.90;-0.31;1.16;0.45;-1.10;0.77;-1.97;-0.80;1.10;-0.30;3.10;1.66;1.94;-0.90;-0.10;-0.50;0.65;-0.15;-0.51;0.81;-1.20;-1.15;-2.65;-0.80;2.00;-1.49;2.34;-1.25;-0.41;3.01;-0.20;-2.96;-1.49;2.45;3.50;-1.40;-0.27;-3.42;-1.71;+1;0;0;0;0;1

41.88;42.2;40.2;41.5;0.48;-1.48;0.08;-1.20;-0.60;0.65;1.15;0.35;-1.07;0.02;-0.19;-0.26;1.34;-2.43;-1.65;-0.81;-0.50;0.02;0.28;0.81;0.19;-2.50;3.20;0.40;0.70;1.25;0.65;-0.32;0.32;-0.60;-1.05;-0.25;-0.05;-0.25;1.61;0.09;0.11;-0.28;1.67;-0.25;-0.90;0.85;-1.90;-0.31;1.16;0.45;-1.10;0.77;-1.97;-0.80;1.10;-0.30;3.10;1.66;1.94;-0.90;-0.10;-0.50;0.65;-0.15;-0.51;0.81;-1.20;-1.15;-2.65;-0.80;2.00;-1.49;2.34;-1.25;-0.41;3.01;-0.20;-2.96;-1.49;2.45;3.50;-1.40;-0.27;-3.42;+1;0;0;0;0;1

42.1;42.3;41.36;41.9;0.22;0.48;-1.48;0.08;-1.20;-0.60;0.65;1.15;0.35;-1.07;0.02;-0.19;-0.26;1.34;-2.43;-1.65;-0.81;-0.50;0.02;0.28;0.81;0.19;-2.50;3.20;0.40;0.70;1.25;0.65;-0.32;0.32;-0.60;-1.05;-0.25;-0.05;-0.25;1.61;0.09;0.11;-0.28;1.67;-0.25;-0.90;0.85;-1.90;-0.31;1.16;0.45;-1.10;0.77;-1.97;-0.80;1.10;-0.30;3.10;1.66;1.94;-0.90;-0.10;-0.50;0.65;-0.15;-0.51;0.81;-1.20;-1.15;-2.65;-0.80;2.00;-1.49;2.34;-1.25;-0.41;3.01;-0.20;-2.96;-1.49;2.45;3.50;-1.40;-0.27;-1;0;0;0;0;1

40.9;42.2;40.72;41.99;-1.20;0.22;0.48;-1.48;0.08;-1.20;-0.60;0.65;1.15;0.35;-1.07;0.02;-0.19;-0.26;1.34;-2.43;-1.65;-0.81;-0.50;0.02;0.28;0.81;0.19;-2.50;3.20;0.40;0.70;1.25;0.65;-0.32;0.32;-0.60;-1.05;-0.25;-0.05;-0.25;1.61;0.09;0.11;-0.28;1.67;-0.25;-0.90;0.85;-1.90;-0.31;1.16;0.45;-1.10;0.77;-1.97;-0.80;1.10;-0.30;3.10;1.66;1.94;-0.90;-0.10;-0.50;0.65;-0.15;-0.51;0.81;-1.20;-1.15;-2.65;-0.80;2.00;-1.49;2.34;-1.25;-0.41;3.01;-0.20;-2.96;-1.49;2.45;3.50;-1.40;+1;0;0;0;0;1

41.55;41.66;40.52;41.36;0.65;-1.20;0.22;0.48;-1.48;0.08;-1.20;-0.60;0.65;1.15;0.35;-1.07;0.02;-0.19;-0.26;1.34;-2.43;-1.65;-0.81;-0.50;0.02;0.28;0.81;0.19;-2.50;3.20;0.40;0.70;1.25;0.65;-0.32;0.32;-0.60;-1.05;-0.25;-0.05;-0.25;1.61;0.09;0.11;-0.28;1.67;-0.25;-0.90;0.85;-1.90;-0.31;1.16;0.45;-1.10;0.77;-1.97;-0.80;1.10;-0.30;3.10;1.66;1.94;-0.90;-0.10;-0.50;0.65;-0.15;-0.51;0.81;-1.20;-1.15;-2.65;-0.80;2.00;-1.49;2.34;-1.25;-0.41;3.01;-0.20;-2.96;-1.49;2.45;3.50;+1;0;0;0;0;1

42.29;42.6;41.5;41.5;0.74;0.65;-1.20;0.22;0.48;-1.48;0.08;-1.20;-0.60;0.65;1.15;0.35;-1.07;0.02;-0.19;-0.26;1.34;-2.43;-1.65;-0.81;-0.50;0.02;0.28;0.81;0.19;-2.50;3.20;0.40;0.70;1.25;0.65;-0.32;0.32;-0.60;-1.05;-0.25;-0.05;-0.25;1.61;0.09;0.11;-0.28;1.67;-0.25;-0.90;0.85;-1.90;-0.31;1.16;0.45;-1.10;0.77;-1.97;-0.80;1.10;-0.30;3.10;1.66;1.94;-0.90;-0.10;-0.50;0.65;-0.15;-0.51;0.81;-1.20;-1.15;-2.65;-0.80;2.00;-1.49;2.34;-1.25;-0.41;3.01;-0.20;-2.96;-1.49;2.45;-1;0;0;0;0;1

41.15;42.28;40.85;42.19;-1.14;0.74;0.65;-1.20;0.22;0.48;-1.48;0.08;-1.20;-0.60;0.65;1.15;0.35;-1.07;0.02;-0.19;-0.26;1.34;-2.43;-1.65;-0.81;-0.50;0.02;0.28;0.81;0.19;-2.50;3.20;0.40;0.70;1.25;0.65;-0.32;0.32;-0.60;-1.05;-0.25;-0.05;-0.25;1.61;0.09;0.11;-0.28;1.67;-0.25;-0.90;0.85;-1.90;-0.31;1.16;0.45;-1.10;0.77;-1.97;-0.80;1.10;-0.30;3.10;1.66;1.94;-0.90;-0.10;-0.50;0.65;-0.15;-0.51;0.81;-1.20;-1.15;-2.65;-0.80;2.00;-1.49;2.34;-1.25;-0.41;3.01;-0.20;-2.96;-1.49;-1;0;0;0;0;1

40.1;41.6;39.5;41.48;-1.05;-1.14;0.74;0.65;-1.20;0.22;0.48;-1.48;0.08;-1.20;-0.60;0.65;1.15;0.35;-1.07;0.02;-0.19;-0.26;1.34;-2.43;-1.65;-0.81;-0.50;0.02;0.28;0.81;0.19;-2.50;3.20;0.40;0.70;1.25;0.65;-0.32;0.32;-0.60;-1.05;-0.25;-0.05;-0.25;1.61;0.09;0.11;-0.28;1.67;-0.25;-0.90;0.85;-1.90;-0.31;1.16;0.45;-1.10;0.77;-1.97;-0.80;1.10;-0.30;3.10;1.66;1.94;-0.90;-0.10;-0.50;0.65;-0.15;-0.51;0.81;-1.20;-1.15;-2.65;-0.80;2.00;-1.49;2.34;-1.25;-0.41;3.01;-0.20;-2.96;-1;0;0;0;0;1

39.3;40.3;39;40.1;-0.80;-1.05;-1.14;0.74;0.65;-1.20;0.22;0.48;-1.48;0.08;-1.20;-0.60;0.65;1.15;0.35;-1.07;0.02;-0.19;-0.26;1.34;-2.43;-1.65;-0.81;-0.50;0.02;0.28;0.81;0.19;-2.50;3.20;0.40;0.70;1.25;0.65;-0.32;0.32;-0.60;-1.05;-0.25;-0.05;-0.25;1.61;0.09;0.11;-0.28;1.67;-0.25;-0.90;0.85;-1.90;-0.31;1.16;0.45;-1.10;0.77;-1.97;-0.80;1.10;-0.30;3.10;1.66;1.94;-0.90;-0.10;-0.50;0.65;-0.15;-0.51;0.81;-1.20;-1.15;-2.65;-0.80;2.00;-1.49;2.34;-1.25;-0.41;3.01;-0.20;+1;0;0;0;0;1

39.88;40.25;38.91;39.22;0.58;-0.80;-1.05;-1.14;0.74;0.65;-1.20;0.22;0.48;-1.48;0.08;-1.20;-0.60;0.65;1.15;0.35;-1.07;0.02;-0.19;-0.26;1.34;-2.43;-1.65;-0.81;-0.50;0.02;0.28;0.81;0.19;-2.50;3.20;0.40;0.70;1.25;0.65;-0.32;0.32;-0.60;-1.05;-0.25;-0.05;-0.25;1.61;0.09;0.11;-0.28;1.67;-0.25;-0.90;0.85;-1.90;-0.31;1.16;0.45;-1.10;0.77;-1.97;-0.80;1.10;-0.30;3.10;1.66;1.94;-0.90;-0.10;-0.50;0.65;-0.15;-0.51;0.81;-1.20;-1.15;-2.65;-0.80;2.00;-1.49;2.34;-1.25;-0.41;3.01;+1;0;0;0;0;1

42.3;42.3;39.51;39.88;2.42;0.58;-0.80;-1.05;-1.14;0.74;0.65;-1.20;0.22;0.48;-1.48;0.08;-1.20;-0.60;0.65;1.15;0.35;-1.07;0.02;-0.19;-0.26;1.34;-2.43;-1.65;-0.81;-0.50;0.02;0.28;0.81;0.19;-2.50;3.20;0.40;0.70;1.25;0.65;-0.32;0.32;-0.60;-1.05;-0.25;-0.05;-0.25;1.61;0.09;0.11;-0.28;1.67;-0.25;-0.90;0.85;-1.90;-0.31;1.16;0.45;-1.10;0.77;-1.97;-0.80;1.10;-0.30;3.10;1.66;1.94;-0.90;-0.10;-0.50;0.65;-0.15;-0.51;0.81;-1.20;-1.15;-2.65;-0.80;2.00;-1.49;2.34;-1.25;-0.41;-1;0;0;0;0;0

42.21;42.75;41.73;42.4;-0.09;2.42;0.58;-0.80;-1.05;-1.14;0.74;0.65;-1.20;0.22;0.48;-1.48;0.08;-1.20;-0.60;0.65;1.15;0.35;-1.07;0.02;-0.19;-0.26;1.34;-2.43;-1.65;-0.81;-0.50;0.02;0.28;0.81;0.19;-2.50;3.20;0.40;0.70;1.25;0.65;-0.32;0.32;-0.60;-1.05;-0.25;-0.05;-0.25;1.61;0.09;0.11;-0.28;1.67;-0.25;-0.90;0.85;-1.90;-0.31;1.16;0.45;-1.10;0.77;-1.97;-0.80;1.10;-0.30;3.10;1.66;1.94;-0.90;-0.10;-0.50;0.65;-0.15;-0.51;0.81;-1.20;-1.15;-2.65;-0.80;2.00;-1.49;2.34;-1.25;+1;0;0;0;0;1

42.8;43.26;41.4;42.2;0.59;-0.09;2.42;0.58;-0.80;-1.05;-1.14;0.74;0.65;-1.20;0.22;0.48;-1.48;0.08;-1.20;-0.60;0.65;1.15;0.35;-1.07;0.02;-0.19;-0.26;1.34;-2.43;-1.65;-0.81;-0.50;0.02;0.28;0.81;0.19;-2.50;3.20;0.40;0.70;1.25;0.65;-0.32;0.32;-0.60;-1.05;-0.25;-0.05;-0.25;1.61;0.09;0.11;-0.28;1.67;-0.25;-0.90;0.85;-1.90;-0.31;1.16;0.45;-1.10;0.77;-1.97;-0.80;1.10;-0.30;3.10;1.66;1.94;-0.90;-0.10;-0.50;0.65;-0.15;-0.51;0.81;-1.20;-1.15;-2.65;-0.80;2.00;-1.49;2.34;+1;0;0;0;0;1

44;44;42.5;42.5;1.20;0.59;-0.09;2.42;0.58;-0.80;-1.05;-1.14;0.74;0.65;-1.20;0.22;0.48;-1.48;0.08;-1.20;-0.60;0.65;1.15;0.35;-1.07;0.02;-0.19;-0.26;1.34;-2.43;-1.65;-0.81;-0.50;0.02;0.28;0.81;0.19;-2.50;3.20;0.40;0.70;1.25;0.65;-0.32;0.32;-0.60;-1.05;-0.25;-0.05;-0.25;1.61;0.09;0.11;-0.28;1.67;-0.25;-0.90;0.85;-1.90;-0.31;1.16;0.45;-1.10;0.77;-1.97;-0.80;1.10;-0.30;3.10;1.66;1.94;-0.90;-0.10;-0.50;0.65;-0.15;-0.51;0.81;-1.20;-1.15;-2.65;-0.80;2.00;-1.49;+1;0;0;0;0;1

45;45.1;43.13;43.75;1.00;1.20;0.59;-0.09;2.42;0.58;-0.80;-1.05;-1.14;0.74;0.65;-1.20;0.22;0.48;-1.48;0.08;-1.20;-0.60;0.65;1.15;0.35;-1.07;0.02;-0.19;-0.26;1.34;-2.43;-1.65;-0.81;-0.50;0.02;0.28;0.81;0.19;-2.50;3.20;0.40;0.70;1.25;0.65;-0.32;0.32;-0.60;-1.05;-0.25;-0.05;-0.25;1.61;0.09;0.11;-0.28;1.67;-0.25;-0.90;0.85;-1.90;-0.31;1.16;0.45;-1.10;0.77;-1.97;-0.80;1.10;-0.30;3.10;1.66;1.94;-0.90;-0.10;-0.50;0.65;-0.15;-0.51;0.81;-1.20;-1.15;-2.65;-0.80;2.00;-1;0;0;0;0;1

