36.28;0.0157895;0.715789;-0.242105;0.173684;-0.00526316;-1;0.157635;0.0394089;0.08867;-0.325123;0.305419;0.211823;-0.428571;0.561576;0.113301;-0.0443349;0.0197045;0.605911;-0.871921;-0.527094;0.310345;0.187192;-0.206897;0.812808;0.0541872;-0.182266;-0.0837438;0.211823;0.359606;0.458128;0.433498;0.0492611;-0.0443349;0.216749;-0.226601;0.128079;0.0394089;0.157635;0.660099;-0.418719;0.20197;0.605911;0.729064;-1;-0.221053;0.92;-0.309474;0.83579;0.932632;0.482105;0.444211;0.2;0.141053;-0.0568421;0.368421;0.00631577;0.0610526;0.675789;-0.553684;0.452632;0.2;0.28;0.0778947;0.305263;-0.242105;0.157895;0.0736842;0.536842;0.406316;0.330526;0.347368;0.0105263;0.385263;0.435789;-0.178947;0.284211;-0.031579;0.153684;0.364211;0.692632;+1;0;+1;-1;+1

36.5;0.115789;0.0157895;0.715789;-0.242105;0.173684;0.0591133;-1;0.157635;0.0394089;0.08867;-0.325123;0.305419;0.211823;-0.428571;0.561576;0.113301;-0.0443349;0.0197045;0.605911;-0.871921;-0.527094;0.310345;0.187192;-0.206897;0.812808;0.0541872;-0.182266;-0.0837438;0.211823;0.359606;0.458128;0.433498;0.0492611;-0.0443349;0.216749;-0.226601;0.128079;0.0394089;0.157635;0.660099;-0.418719;0.20197;0.605911;0.768421;-1;-0.221053;0.92;-0.309474;0.83579;0.932632;0.482105;0.444211;0.2;0.141053;-0.0568421;0.368421;0.00631577;0.0610526;0.675789;-0.553684;0.452632;0.2;0.28;0.0778947;0.305263;-0.242105;0.157895;0.0736842;0.536842;0.406316;0.330526;0.347368;0.0105263;0.385263;0.435789;-0.178947;0.284211;-0.031579;0.153684;0.364211;+1;0;+1;-1;+1

36.78;0.147368;0.115789;0.0157895;0.715789;-0.242105;0.226601;0.0591133;-1;0.157635;0.0394089;0.08867;-0.325123;0.305419;0.211823;-0.428571;0.561576;0.113301;-0.0443349;0.0197045;0.605911;-0.871921;-0.527094;0.310345;0.187192;-0.206897;0.812808;0.0541872;-0.182266;-0.0837438;0.211823;0.359606;0.458128;0.433498;0.0492611;-0.0443349;0.216749;-0.226601;0.128079;0.0394089;0.157635;0.660099;-0.418719;0.20197;0.663158;0.768421;-1;-0.221053;0.92;-0.309474;0.83579;0.932632;0.482105;0.444211;0.2;0.141053;-0.0568421;0.368421;0.00631577;0.0610526;0.675789;-0.553684;0.452632;0.2;0.28;0.0778947;0.305263;-0.242105;0.157895;0.0736842;0.536842;0.406316;0.330526;0.347368;0.0105263;0.385263;0.435789;-0.178947;0.284211;-0.031579;0.153684;+1;0;+1;-1;+1

36.8;0.0105263;0.147368;0.115789;0.0157895;0.715789;-0.162562;0.226601;0.0591133;-1;0.157635;0.0394089;0.08867;-0.325123;0.305419;0.211823;-0.428571;0.561576;0.113301;-0.0443349;0.0197045;0.605911;-0.871921;-0.527094;0.310345;0.187192;-0.206897;0.812808;0.0541872;-0.182266;-0.0837438;0.211823;0.359606;0.458128;0.433498;0.0492611;-0.0443349;0.216749;-0.226601;0.128079;0.0394089;0.157635;0.660099;-0.418719;0.317895;0.663158;0.768421;-1;-0.221053;0.92;-0.309474;0.83579;0.932632;0.482105;0.444211;0.2;0.141053;-0.0568421;0.368421;0.00631577;0.0610526;0.675789;-0.553684;0.452632;0.2;0.28;0.0778947;0.305263;-0.242105;0.157895;0.0736842;0.536842;0.406316;0.330526;0.347368;0.0105263;0.385263;0.435789;-0.178947;0.284211;-0.031579;+1;0;+1;-1;+1

38.65;0.973684;0.0105263;0.147368;0.115789;0.0157895;0.73399;-0.162562;0.226601;0.0591133;-1;0.157635;0.0394089;0.08867;-0.325123;0.305419;0.211823;-0.428571;0.561576;0.113301;-0.0443349;0.0197045;0.605911;-0.871921;-0.527094;0.310345;0.187192;-0.206897;0.812808;0.0541872;-0.182266;-0.0837438;0.211823;0.359606;0.458128;0.433498;0.0492611;-0.0443349;0.216749;-0.226601;0.128079;0.0394089;0.157635;0.660099;-0.212632;0.317895;0.663158;0.768421;-1;-0.221053;0.92;-0.309474;0.83579;0.932632;0.482105;0.444211;0.2;0.141053;-0.0568421;0.368421;0.00631577;0.0610526;0.675789;-0.553684;0.452632;0.2;0.28;0.0778947;0.305263;-0.242105;0.157895;0.0736842;0.536842;0.406316;0.330526;0.347368;0.0105263;0.385263;0.435789;-0.178947;0.284211;-1;0;-1;-1;+1

37.73;-0.484211;0.973684;0.0105263;0.147368;0.115789;0.0788178;0.73399;-0.162562;0.226601;0.0591133;-1;0.157635;0.0394089;0.08867;-0.325123;0.305419;0.211823;-0.428571;0.561576;0.113301;-0.0443349;0.0197045;0.605911;-0.871921;-0.527094;0.310345;0.187192;-0.206897;0.812808;0.0541872;-0.182266;-0.0837438;0.211823;0.359606;0.458128;0.433498;0.0492611;-0.0443349;0.216749;-0.226601;0.128079;0.0394089;0.157635;0.709474;-0.212632;0.317895;0.663158;0.768421;-1;-0.221053;0.92;-0.309474;0.83579;0.932632;0.482105;0.444211;0.2;0.141053;-0.0568421;0.368421;0.00631577;0.0610526;0.675789;-0.553684;0.452632;0.2;0.28;0.0778947;0.305263;-0.242105;0.157895;0.0736842;0.536842;0.406316;0.330526;0.347368;0.0105263;0.385263;0.435789;-0.178947;-1;0;-1;-1;+1

37.1;-0.331579;-0.484211;0.973684;0.0105263;0.147368;0.172414;0.0788178;0.73399;-0.162562;0.226601;0.0591133;-1;0.157635;0.0394089;0.08867;-0.325123;0.305419;0.211823;-0.428571;0.561576;0.113301;-0.0443349;0.0197045;0.605911;-0.871921;-0.527094;0.310345;0.187192;-0.206897;0.812808;0.0541872;-0.182266;-0.0837438;0.211823;0.359606;0.458128;0.433498;0.0492611;-0.0443349;0.216749;-0.226601;0.128079;0.0394089;0.28;0.709474;-0.212632;0.317895;0.663158;0.768421;-1;-0.221053;0.92;-0.309474;0.83579;0.932632;0.482105;0.444211;0.2;0.141053;-0.0568421;0.368421;0.00631577;0.0610526;0.675789;-0.553684;0.452632;0.2;0.28;0.0778947;0.305263;-0.242105;0.157895;0.0736842;0.536842;0.406316;0.330526;0.347368;0.0105263;0.385263;0.435789;+1;0;+1;-1;+1

39;1;-0.331579;-0.484211;0.973684;0.0105263;0.20197;0.172414;0.0788178;0.73399;-0.162562;0.226601;0.0591133;-1;0.157635;0.0394089;0.08867;-0.325123;0.305419;0.211823;-0.428571;0.561576;0.113301;-0.0443349;0.0197045;0.605911;-0.871921;-0.527094;0.310345;0.187192;-0.206897;0.812808;0.0541872;-0.182266;-0.0837438;0.211823;0.359606;0.458128;0.433498;0.0492611;-0.0443349;0.216749;-0.226601;0.128079;0.178947;0.28;0.709474;-0.212632;0.317895;0.663158;0.768421;-1;-0.221053;0.92;-0.309474;0.83579;0.932632;0.482105;0.444211;0.2;0.141053;-0.0568421;0.368421;0.00631577;0.0610526;0.675789;-0.553684;0.452632;0.2;0.28;0.0778947;0.305263;-0.242105;0.157895;0.0736842;0.536842;0.406316;0.330526;0.347368;0.0105263;0.385263;+1;0;+1;-1;+1

39.05;0.0263158;1;-0.331579;-0.484211;0.973684;0.0738917;0.20197;0.172414;0.0788178;0.73399;-0.162562;0.226601;0.0591133;-1;0.157635;0.0394089;0.08867;-0.325123;0.305419;0.211823;-0.428571;0.561576;0.113301;-0.0443349;0.0197045;0.605911;-0.871921;-0.527094;0.310345;0.187192;-0.206897;0.812808;0.0541872;-0.182266;-0.0837438;0.211823;0.359606;0.458128;0.433498;0.0492611;-0.0443349;0.216749;-0.226601;0.254737;0.178947;0.28;0.709474;-0.212632;0.317895;0.663158;0.768421;-1;-0.221053;0.92;-0.309474;0.83579;0.932632;0.482105;0.444211;0.2;0.141053;-0.0568421;0.368421;0.00631577;0.0610526;0.675789;-0.553684;0.452632;0.2;0.28;0.0778947;0.305263;-0.242105;0.157895;0.0736842;0.536842;0.406316;0.330526;0.347368;0.0105263;+1;0;+1;-1;+1

39.4;0.184211;0.0263158;1;-0.331579;-0.484211;0.975369;0.0738917;0.20197;0.172414;0.0788178;0.73399;-0.162562;0.226601;0.0591133;-1;0.157635;0.0394089;0.08867;-0.325123;0.305419;0.211823;-0.428571;0.561576;0.113301;-0.0443349;0.0197045;0.605911;-0.871921;-0.527094;0.310345;0.187192;-0.206897;0.812808;0.0541872;-0.182266;-0.0837438;0.211823;0.359606;0.458128;0.433498;0.0492611;-0.0443349;0.216749;-0.0484211;0.254737;0.178947;0.28;0.709474;-0.212632;0.317895;0.663158;0.768421;-1;-0.221053;0.92;-0.309474;0.83579;0.932632;0.482105;0.444211;0.2;0.141053;-0.0568421;0.368421;0.00631577;0.0610526;0.675789;-0.553684;0.452632;0.2;0.28;0.0778947;0.305263;-0.242105;0.157895;0.0736842;0.536842;0.406316;0.330526;0.347368;-1;0;-1;-1;+1

38.7;-0.368421;0.184211;0.0263158;1;-0.331579;-0.389163;0.975369;0.0738917;0.20197;0.172414;0.0788178;0.73399;-0.162562;0.226601;0.0591133;-1;0.157635;0.0394089;0.08867;-0.325123;0.305419;0.211823;-0.428571;0.561576;0.113301;-0.0443349;0.0197045;0.605911;-0.871921;-0.527094;0.310345;0.187192;-0.206897;0.812808;0.0541872;-0.182266;-0.0837438;0.211823;0.359606;0.458128;0.433498;0.0492611;-0.0443349;0.330526;-0.0484211;0.254737;0.178947;0.28;0.709474;-0.212632;0.317895;0.663158;0.768421;-1;-0.221053;0.92;-0.309474;0.83579;0.932632;0.482105;0.444211;0.2;0.141053;-0.0568421;0.368421;0.00631577;0.0610526;0.675789;-0.553684;0.452632;0.2;0.28;0.0778947;0.305263;-0.242105;0.157895;0.0736842;0.536842;0.406316;0.330526;-1;0;-1;-1;+1

38;-0.368421;-0.368421;0.184211;0.0263158;1;-0.246305;-0.389163;0.975369;0.0738917;0.20197;0.172414;0.0788178;0.73399;-0.162562;0.226601;0.0591133;-1;0.157635;0.0394089;0.08867;-0.325123;0.305419;0.211823;-0.428571;0.561576;0.113301;-0.0443349;0.0197045;0.605911;-0.871921;-0.527094;0.310345;0.187192;-0.206897;0.812808;0.0541872;-0.182266;-0.0837438;0.211823;0.359606;0.458128;0.433498;0.0492611;0.107368;0.330526;-0.0484211;0.254737;0.178947;0.28;0.709474;-0.212632;0.317895;0.663158;0.768421;-1;-0.221053;0.92;-0.309474;0.83579;0.932632;0.482105;0.444211;0.2;0.141053;-0.0568421;0.368421;0.00631577;0.0610526;0.675789;-0.553684;0.452632;0.2;0.28;0.0778947;0.305263;-0.242105;0.157895;0.0736842;0.536842;0.406316;-1;0;-1;-1;+1

37;-0.526316;-0.368421;-0.368421;0.184211;0.0263158;1;-0.246305;-0.389163;0.975369;0.0738917;0.20197;0.172414;0.0788178;0.73399;-0.162562;0.226601;0.0591133;-1;0.157635;0.0394089;0.08867;-0.325123;0.305419;0.211823;-0.428571;0.561576;0.113301;-0.0443349;0.0197045;0.605911;-0.871921;-0.527094;0.310345;0.187192;-0.206897;0.812808;0.0541872;-0.182266;-0.0837438;0.211823;0.359606;0.458128;0.433498;0.187368;0.107368;0.330526;-0.0484211;0.254737;0.178947;0.28;0.709474;-0.212632;0.317895;0.663158;0.768421;-1;-0.221053;0.92;-0.309474;0.83579;0.932632;0.482105;0.444211;0.2;0.141053;-0.0568421;0.368421;0.00631577;0.0610526;0.675789;-0.553684;0.452632;0.2;0.28;0.0778947;0.305263;-0.242105;0.157895;0.0736842;0.536842;-1;0;-1;-1;+1

35.51;-0.784211;-0.526316;-0.368421;-0.368421;0.184211;0.08867;1;-0.246305;-0.389163;0.975369;0.0738917;0.20197;0.172414;0.0788178;0.73399;-0.162562;0.226601;0.0591133;-1;0.157635;0.0394089;0.08867;-0.325123;0.305419;0.211823;-0.428571;0.561576;0.113301;-0.0443349;0.0197045;0.605911;-0.871921;-0.527094;0.310345;0.187192;-0.206897;0.812808;0.0541872;-0.182266;-0.0837438;0.211823;0.359606;0.458128;0.515789;0.187368;0.107368;0.330526;-0.0484211;0.254737;0.178947;0.28;0.709474;-0.212632;0.317895;0.663158;0.768421;-1;-0.221053;0.92;-0.309474;0.83579;0.932632;0.482105;0.444211;0.2;0.141053;-0.0568421;0.368421;0.00631577;0.0610526;0.675789;-0.553684;0.452632;0.2;0.28;0.0778947;0.305263;-0.242105;0.157895;0.0736842;-1;0;-1;-1;+1

34.49;-0.536842;-0.784211;-0.526316;-0.368421;-0.368421;0.236453;0.08867;1;-0.246305;-0.389163;0.975369;0.0738917;0.20197;0.172414;0.0788178;0.73399;-0.162562;0.226601;0.0591133;-1;0.157635;0.0394089;0.08867;-0.325123;0.305419;0.211823;-0.428571;0.561576;0.113301;-0.0443349;0.0197045;0.605911;-0.871921;-0.527094;0.310345;0.187192;-0.206897;0.812808;0.0541872;-0.182266;-0.0837438;0.211823;0.359606;0.536842;0.515789;0.187368;0.107368;0.330526;-0.0484211;0.254737;0.178947;0.28;0.709474;-0.212632;0.317895;0.663158;0.768421;-1;-0.221053;0.92;-0.309474;0.83579;0.932632;0.482105;0.444211;0.2;0.141053;-0.0568421;0.368421;0.00631577;0.0610526;0.675789;-0.553684;0.452632;0.2;0.28;0.0778947;0.305263;-0.242105;0.157895;+1;0;+1;-1;+1

34.81;0.168421;-0.536842;-0.784211;-0.526316;-0.368421;-0.280788;0.236453;0.08867;1;-0.246305;-0.389163;0.975369;0.0738917;0.20197;0.172414;0.0788178;0.73399;-0.162562;0.226601;0.0591133;-1;0.157635;0.0394089;0.08867;-0.325123;0.305419;0.211823;-0.428571;0.561576;0.113301;-0.0443349;0.0197045;0.605911;-0.871921;-0.527094;0.310345;0.187192;-0.206897;0.812808;0.0541872;-0.182266;-0.0837438;0.211823;0.452632;0.536842;0.515789;0.187368;0.107368;0.330526;-0.0484211;0.254737;0.178947;0.28;0.709474;-0.212632;0.317895;0.663158;0.768421;-1;-0.221053;0.92;-0.309474;0.83579;0.932632;0.482105;0.444211;0.2;0.141053;-0.0568421;0.368421;0.00631577;0.0610526;0.675789;-0.553684;0.452632;0.2;0.28;0.0778947;0.305263;-0.242105;-1;0;-1;-1;+1

34.71;-0.0526316;0.168421;-0.536842;-0.784211;-0.526316;-0.280788;-0.280788;0.236453;0.08867;1;-0.246305;-0.389163;0.975369;0.0738917;0.20197;0.172414;0.0788178;0.73399;-0.162562;0.226601;0.0591133;-1;0.157635;0.0394089;0.08867;-0.325123;0.305419;0.211823;-0.428571;0.561576;0.113301;-0.0443349;0.0197045;0.605911;-0.871921;-0.527094;0.310345;0.187192;-0.206897;0.812808;0.0541872;-0.182266;-0.0837438;0.326316;0.452632;0.536842;0.515789;0.187368;0.107368;0.330526;-0.0484211;0.254737;0.178947;0.28;0.709474;-0.212632;0.317895;0.663158;0.768421;-1;-0.221053;0.92;-0.309474;0.83579;0.932632;0.482105;0.444211;0.2;0.141053;-0.0568421;0.368421;0.00631577;0.0610526;0.675789;-0.553684;0.452632;0.2;0.28;0.0778947;0.305263;+1;0;+1;-1;+1

35.5;0.415789;-0.0526316;0.168421;-0.536842;-0.784211;-0.428571;-0.280788;-0.280788;0.236453;0.08867;1;-0.246305;-0.389163;0.975369;0.0738917;0.20197;0.172414;0.0788178;0.73399;-0.162562;0.226601;0.0591133;-1;0.157635;0.0394089;0.08867;-0.325123;0.305419;0.211823;-0.428571;0.561576;0.113301;-0.0443349;0.0197045;0.605911;-0.871921;-0.527094;0.310345;0.187192;-0.206897;0.812808;0.0541872;-0.182266;0.0736842;0.326316;0.452632;0.536842;0.515789;0.187368;0.107368;0.330526;-0.0484211;0.254737;0.178947;0.28;0.709474;-0.212632;0.317895;0.663158;0.768421;-1;-0.221053;0.92;-0.309474;0.83579;0.932632;0.482105;0.444211;0.2;0.141053;-0.0568421;0.368421;0.00631577;0.0610526;0.675789;-0.553684;0.452632;0.2;0.28;0.0778947;+1;0;+1;-1;+1

36;0.263158;0.415789;-0.0526316;0.168421;-0.536842;-0.669951;-0.428571;-0.280788;-0.280788;0.236453;0.08867;1;-0.246305;-0.389163;0.975369;0.0738917;0.20197;0.172414;0.0788178;0.73399;-0.162562;0.226601;0.0591133;-1;0.157635;0.0394089;0.08867;-0.325123;0.305419;0.211823;-0.428571;0.561576;0.113301;-0.0443349;0.0197045;0.605911;-0.871921;-0.527094;0.310345;0.187192;-0.206897;0.812808;0.0541872;-0.0105263;0.0736842;0.326316;0.452632;0.536842;0.515789;0.187368;0.107368;0.330526;-0.0484211;0.254737;0.178947;0.28;0.709474;-0.212632;0.317895;0.663158;0.768421;-1;-0.221053;0.92;-0.309474;0.83579;0.932632;0.482105;0.444211;0.2;0.141053;-0.0568421;0.368421;0.00631577;0.0610526;0.675789;-0.553684;0.452632;0.2;0.28;-1;0;-1;-1;+1

35.2;-0.421053;0.263158;0.415789;-0.0526316;0.168421;-0.438424;-0.669951;-0.428571;-0.280788;-0.280788;0.236453;0.08867;1;-0.246305;-0.389163;0.975369;0.0738917;0.20197;0.172414;0.0788178;0.73399;-0.162562;0.226601;0.0591133;-1;0.157635;0.0394089;0.08867;-0.325123;0.305419;0.211823;-0.428571;0.561576;0.113301;-0.0443349;0.0197045;0.605911;-0.871921;-0.527094;0.310345;0.187192;-0.206897;0.812808;0.191579;-0.0105263;0.0736842;0.326316;0.452632;0.536842;0.515789;0.187368;0.107368;0.330526;-0.0484211;0.254737;0.178947;0.28;0.709474;-0.212632;0.317895;0.663158;0.768421;-1;-0.221053;0.92;-0.309474;0.83579;0.932632;0.482105;0.444211;0.2;0.141053;-0.0568421;0.368421;0.00631577;0.0610526;0.675789;-0.553684;0.452632;0.2;-1;0;-1;-1;+1

34.6;-0.315789;-0.421053;0.263158;0.415789;-0.0526316;0.221675;-0.438424;-0.669951;-0.428571;-0.280788;-0.280788;0.236453;0.08867;1;-0.246305;-0.389163;0.975369;0.0738917;0.20197;0.172414;0.0788178;0.73399;-0.162562;0.226601;0.0591133;-1;0.157635;0.0394089;0.08867;-0.325123;0.305419;0.211823;-0.428571;0.561576;0.113301;-0.0443349;0.0197045;0.605911;-0.871921;-0.527094;0.310345;0.187192;-0.206897;0.84;0.191579;-0.0105263;0.0736842;0.326316;0.452632;0.536842;0.515789;0.187368;0.107368;0.330526;-0.0484211;0.254737;0.178947;0.28;0.709474;-0.212632;0.317895;0.663158;0.768421;-1;-0.221053;0.92;-0.309474;0.83579;0.932632;0.482105;0.444211;0.2;0.141053;-0.0568421;0.368421;0.00631577;0.0610526;0.675789;-0.553684;0.452632;-1;0;-1;-1;+1

34.1;-0.263158;-0.315789;-0.421053;0.263158;0.415789;0.0147784;0.221675;-0.438424;-0.669951;-0.428571;-0.280788;-0.280788;0.236453;0.08867;1;-0.246305;-0.389163;0.975369;0.0738917;0.20197;0.172414;0.0788178;0.73399;-0.162562;0.226601;0.0591133;-1;0.157635;0.0394089;0.08867;-0.325123;0.305419;0.211823;-0.428571;0.561576;0.113301;-0.0443349;0.0197045;0.605911;-0.871921;-0.527094;0.310345;0.187192;-0.031579;0.84;0.191579;-0.0105263;0.0736842;0.326316;0.452632;0.536842;0.515789;0.187368;0.107368;0.330526;-0.0484211;0.254737;0.178947;0.28;0.709474;-0.212632;0.317895;0.663158;0.768421;-1;-0.221053;0.92;-0.309474;0.83579;0.932632;0.482105;0.444211;0.2;0.141053;-0.0568421;0.368421;0.00631577;0.0610526;0.675789;-0.553684;+1;0;+1;-1;+1

34.91;0.426316;-0.263158;-0.315789;-0.421053;0.263158;0.453202;0.0147784;0.221675;-0.438424;-0.669951;-0.428571;-0.280788;-0.280788;0.236453;0.08867;1;-0.246305;-0.389163;0.975369;0.0738917;0.20197;0.172414;0.0788178;0.73399;-0.162562;0.226601;0.0591133;-1;0.157635;0.0394089;0.08867;-0.325123;0.305419;0.211823;-0.428571;0.561576;0.113301;-0.0443349;0.0197045;0.605911;-0.871921;-0.527094;0.310345;0.305263;-0.031579;0.84;0.191579;-0.0105263;0.0736842;0.326316;0.452632;0.536842;0.515789;0.187368;0.107368;0.330526;-0.0484211;0.254737;0.178947;0.28;0.709474;-0.212632;0.317895;0.663158;0.768421;-1;-0.221053;0.92;-0.309474;0.83579;0.932632;0.482105;0.444211;0.2;0.141053;-0.0568421;0.368421;0.00631577;0.0610526;0.675789;+1;0;+1;-1;+1

34.94;0.0157895;0.426316;-0.263158;-0.315789;-0.421053;0.310345;0.453202;0.0147784;0.221675;-0.438424;-0.669951;-0.428571;-0.280788;-0.280788;0.236453;0.08867;1;-0.246305;-0.389163;0.975369;0.0738917;0.20197;0.172414;0.0788178;0.73399;-0.162562;0.226601;0.0591133;-1;0.157635;0.0394089;0.08867;-0.325123;0.305419;0.211823;-0.428571;0.561576;0.113301;-0.0443349;0.0197045;0.605911;-0.871921;-0.527094;0.410526;0.305263;-0.031579;0.84;0.191579;-0.0105263;0.0736842;0.326316;0.452632;0.536842;0.515789;0.187368;0.107368;0.330526;-0.0484211;0.254737;0.178947;0.28;0.709474;-0.212632;0.317895;0.663158;0.768421;-1;-0.221053;0.92;-0.309474;0.83579;0.932632;0.482105;0.444211;0.2;0.141053;-0.0568421;0.368421;0.00631577;0.0610526;-1;0;-1;-1;+1

34.15;-0.415789;0.0157895;0.426316;-0.263158;-0.315789;-0.330049;0.310345;0.453202;0.0147784;0.221675;-0.438424;-0.669951;-0.428571;-0.280788;-0.280788;0.236453;0.08867;1;-0.246305;-0.389163;0.975369;0.0738917;0.20197;0.172414;0.0788178;0.73399;-0.162562;0.226601;0.0591133;-1;0.157635;0.0394089;0.08867;-0.325123;0.305419;0.211823;-0.428571;0.561576;0.113301;-0.0443349;0.0197045;0.605911;-0.871921;-0.305263;0.410526;0.305263;-0.031579;0.84;0.191579;-0.0105263;0.0736842;0.326316;0.452632;0.536842;0.515789;0.187368;0.107368;0.330526;-0.0484211;0.254737;0.178947;0.28;0.709474;-0.212632;0.317895;0.663158;0.768421;-1;-0.221053;0.92;-0.309474;0.83579;0.932632;0.482105;0.444211;0.2;0.141053;-0.0568421;0.368421;0.00631577;+1;0;+1;-1;+1

35;0.447368;-0.415789;0.0157895;0.426316;-0.263158;-0.231527;-0.330049;0.310345;0.453202;0.0147784;0.221675;-0.438424;-0.669951;-0.428571;-0.280788;-0.280788;0.236453;0.08867;1;-0.246305;-0.389163;0.975369;0.0738917;0.20197;0.172414;0.0788178;0.73399;-0.162562;0.226601;0.0591133;-1;0.157635;0.0394089;0.08867;-0.325123;0.305419;0.211823;-0.428571;0.561576;0.113301;-0.0443349;0.0197045;0.605911;-0.6;-0.305263;0.410526;0.305263;-0.031579;0.84;0.191579;-0.0105263;0.0736842;0.326316;0.452632;0.536842;0.515789;0.187368;0.107368;0.330526;-0.0484211;0.254737;0.178947;0.28;0.709474;-0.212632;0.317895;0.663158;0.768421;-1;-0.221053;0.92;-0.309474;0.83579;0.932632;0.482105;0.444211;0.2;0.141053;-0.0568421;0.368421;+1;0;+1;-1;+1

35.29;0.152632;0.447368;-0.415789;0.0157895;0.426316;-0.182266;-0.231527;-0.330049;0.310345;0.453202;0.0147784;0.221675;-0.438424;-0.669951;-0.428571;-0.280788;-0.280788;0.236453;0.08867;1;-0.246305;-0.389163;0.975369;0.0738917;0.20197;0.172414;0.0788178;0.73399;-0.162562;0.226601;0.0591133;-1;0.157635;0.0394089;0.08867;-0.325123;0.305419;0.211823;-0.428571;0.561576;0.113301;-0.0443349;0.0197045;0.663158;-0.6;-0.305263;0.410526;0.305263;-0.031579;0.84;0.191579;-0.0105263;0.0736842;0.326316;0.452632;0.536842;0.515789;0.187368;0.107368;0.330526;-0.0484211;0.254737;0.178947;0.28;0.709474;-0.212632;0.317895;0.663158;0.768421;-1;-0.221053;0.92;-0.309474;0.83579;0.932632;0.482105;0.444211;0.2;0.141053;-0.0568421;-1;0;-1;-1;+1

34.75;-0.284211;0.152632;0.447368;-0.415789;0.0157895;0.463054;-0.182266;-0.231527;-0.330049;0.310345;0.453202;0.0147784;0.221675;-0.438424;-0.669951;-0.428571;-0.280788;-0.280788;0.236453;0.08867;1;-0.246305;-0.389163;0.975369;0.0738917;0.20197;0.172414;0.0788178;0.73399;-0.162562;0.226601;0.0591133;-1;0.157635;0.0394089;0.08867;-0.325123;0.305419;0.211823;-0.428571;0.561576;0.113301;-0.0443349;0.162105;0.663158;-0.6;-0.305263;0.410526;0.305263;-0.031579;0.84;0.191579;-0.0105263;0.0736842;0.326316;0.452632;0.536842;0.515789;0.187368;0.107368;0.330526;-0.0484211;0.254737;0.178947;0.28;0.709474;-0.212632;0.317895;0.663158;0.768421;-1;-0.221053;0.92;-0.309474;0.83579;0.932632;0.482105;0.444211;0.2;0.141053;-1;0;-1;-1;+1

34.5;-0.131579;-0.284211;0.152632;0.447368;-0.415789;0.0788178;0.463054;-0.182266;-0.231527;-0.330049;0.310345;0.453202;0.0147784;0.221675;-0.438424;-0.669951;-0.428571;-0.280788;-0.280788;0.236453;0.08867;1;-0.246305;-0.389163;0.975369;0.0738917;0.20197;0.172414;0.0788178;0.73399;-0.162562;0.226601;0.0591133;-1;0.157635;0.0394089;0.08867;-0.325123;0.305419;0.211823;-0.428571;0.561576;0.113301;0.107368;0.162105;0.663158;-0.6;-0.305263;0.410526;0.305263;-0.031579;0.84;0.191579;-0.0105263;0.0736842;0.326316;0.452632;0.536842;0.515789;0.187368;0.107368;0.330526;-0.0484211;0.254737;0.178947;0.28;0.709474;-0.212632;0.317895;0.663158;0.768421;-1;-0.221053;0.92;-0.309474;0.83579;0.932632;0.482105;0.444211;0.2;-1;0;-1;-1;+1

33.71;-0.415789;-0.131579;-0.284211;0.152632;0.447368;-0.325123;0.0788178;0.463054;-0.182266;-0.231527;-0.330049;0.310345;0.453202;0.0147784;0.221675;-0.438424;-0.669951;-0.428571;-0.280788;-0.280788;0.236453;0.08867;1;-0.246305;-0.389163;0.975369;0.0738917;0.20197;0.172414;0.0788178;0.73399;-0.162562;0.226601;0.0591133;-1;0.157635;0.0394089;0.08867;-0.325123;0.305419;0.211823;-0.428571;0.561576;0.242105;0.107368;0.162105;0.663158;-0.6;-0.305263;0.410526;0.305263;-0.031579;0.84;0.191579;-0.0105263;0.0736842;0.326316;0.452632;0.536842;0.515789;0.187368;0.107368;0.330526;-0.0484211;0.254737;0.178947;0.28;0.709474;-0.212632;0.317895;0.663158;0.768421;-1;-0.221053;0.92;-0.309474;0.83579;0.932632;0.482105;0.444211;+1;0;+1;-1;+1

33.95;0.126316;-0.415789;-0.131579;-0.284211;0.152632;0.482759;-0.325123;0.0788178;0.463054;-0.182266;-0.231527;-0.330049;0.310345;0.453202;0.0147784;0.221675;-0.438424;-0.669951;-0.428571;-0.280788;-0.280788;0.236453;0.08867;1;-0.246305;-0.389163;0.975369;0.0738917;0.20197;0.172414;0.0788178;0.73399;-0.162562;0.226601;0.0591133;-1;0.157635;0.0394089;0.08867;-0.325123;0.305419;0.211823;-0.428571;0.625263;0.242105;0.107368;0.162105;0.663158;-0.6;-0.305263;0.410526;0.305263;-0.031579;0.84;0.191579;-0.0105263;0.0736842;0.326316;0.452632;0.536842;0.515789;0.187368;0.107368;0.330526;-0.0484211;0.254737;0.178947;0.28;0.709474;-0.212632;0.317895;0.663158;0.768421;-1;-0.221053;0.92;-0.309474;0.83579;0.932632;0.482105;-1;0;-1;-1;+1

33.61;-0.178947;0.126316;-0.415789;-0.131579;-0.284211;0.206897;0.482759;-0.325123;0.0788178;0.463054;-0.182266;-0.231527;-0.330049;0.310345;0.453202;0.0147784;0.221675;-0.438424;-0.669951;-0.428571;-0.280788;-0.280788;0.236453;0.08867;1;-0.246305;-0.389163;0.975369;0.0738917;0.20197;0.172414;0.0788178;0.73399;-0.162562;0.226601;0.0591133;-1;0.157635;0.0394089;0.08867;-0.325123;0.305419;0.211823;-0.221053;0.625263;0.242105;0.107368;0.162105;0.663158;-0.6;-0.305263;0.410526;0.305263;-0.031579;0.84;0.191579;-0.0105263;0.0736842;0.326316;0.452632;0.536842;0.515789;0.187368;0.107368;0.330526;-0.0484211;0.254737;0.178947;0.28;0.709474;-0.212632;0.317895;0.663158;0.768421;-1;-0.221053;0.92;-0.309474;0.83579;0.932632;+1;0;+1;-1;+1

34.75;0.6;-0.178947;0.126316;-0.415789;-0.131579;-0.20197;0.206897;0.482759;-0.325123;0.0788178;0.463054;-0.182266;-0.231527;-0.330049;0.310345;0.453202;0.0147784;0.221675;-0.438424;-0.669951;-0.428571;-0.280788;-0.280788;0.236453;0.08867;1;-0.246305;-0.389163;0.975369;0.0738917;0.20197;0.172414;0.0788178;0.73399;-0.162562;0.226601;0.0591133;-1;0.157635;0.0394089;0.08867;-0.325123;0.305419;0.326316;-0.221053;0.625263;0.242105;0.107368;0.162105;0.663158;-0.6;-0.305263;0.410526;0.305263;-0.031579;0.84;0.191579;-0.0105263;0.0736842;0.326316;0.452632;0.536842;0.515789;0.187368;0.107368;0.330526;-0.0484211;0.254737;0.178947;0.28;0.709474;-0.212632;0.317895;0.663158;0.768421;-1;-0.221053;0.92;-0.309474;0.83579;+1;0;+1;-1;+1

34.9;0.0789474;0.6;-0.178947;0.126316;-0.415789;-0.0591133;-0.20197;0.206897;0.482759;-0.325123;0.0788178;0.463054;-0.182266;-0.231527;-0.330049;0.310345;0.453202;0.0147784;0.221675;-0.438424;-0.669951;-0.428571;-0.280788;-0.280788;0.236453;0.08867;1;-0.246305;-0.389163;0.975369;0.0738917;0.20197;0.172414;0.0788178;0.73399;-0.162562;0.226601;0.0591133;-1;0.157635;0.0394089;0.08867;-0.325123;0.406316;0.326316;-0.221053;0.625263;0.242105;0.107368;0.162105;0.663158;-0.6;-0.305263;0.410526;0.305263;-0.031579;0.84;0.191579;-0.0105263;0.0736842;0.326316;0.452632;0.536842;0.515789;0.187368;0.107368;0.330526;-0.0484211;0.254737;0.178947;0.28;0.709474;-0.212632;0.317895;0.663158;0.768421;-1;-0.221053;0.92;-0.309474;-1;0;-1;-1;+1

34.87;-0.0157895;0.0789474;0.6;-0.178947;0.126316;-0.325123;-0.0591133;-0.20197;0.206897;0.482759;-0.325123;0.0788178;0.463054;-0.182266;-0.231527;-0.330049;0.310345;0.453202;0.0147784;0.221675;-0.438424;-0.669951;-0.428571;-0.280788;-0.280788;0.236453;0.08867;1;-0.246305;-0.389163;0.975369;0.0738917;0.20197;0.172414;0.0788178;0.73399;-0.162562;0.226601;0.0591133;-1;0.157635;0.0394089;0.08867;-0.132632;0.406316;0.326316;-0.221053;0.625263;0.242105;0.107368;0.162105;0.663158;-0.6;-0.305263;0.410526;0.305263;-0.031579;0.84;0.191579;-0.0105263;0.0736842;0.326316;0.452632;0.536842;0.515789;0.187368;0.107368;0.330526;-0.0484211;0.254737;0.178947;0.28;0.709474;-0.212632;0.317895;0.663158;0.768421;-1;-0.221053;0.92;-1;0;-1;-1;+1

34.59;-0.147368;-0.0157895;0.0789474;0.6;-0.178947;0.182266;-0.325123;-0.0591133;-0.20197;0.206897;0.482759;-0.325123;0.0788178;0.463054;-0.182266;-0.231527;-0.330049;0.310345;0.453202;0.0147784;0.221675;-0.438424;-0.669951;-0.428571;-0.280788;-0.280788;0.236453;0.08867;1;-0.246305;-0.389163;0.975369;0.0738917;0.20197;0.172414;0.0788178;0.73399;-0.162562;0.226601;0.0591133;-1;0.157635;0.0394089;0.221053;-0.132632;0.406316;0.326316;-0.221053;0.625263;0.242105;0.107368;0.162105;0.663158;-0.6;-0.305263;0.410526;0.305263;-0.031579;0.84;0.191579;-0.0105263;0.0736842;0.326316;0.452632;0.536842;0.515789;0.187368;0.107368;0.330526;-0.0484211;0.254737;0.178947;0.28;0.709474;-0.212632;0.317895;0.663158;0.768421;-1;-0.221053;+1;0;+1;+1;+1

34.77;0.0947368;-0.147368;-0.0157895;0.0789474;0.6;-0.103448;0.182266;-0.325123;-0.0591133;-0.20197;0.206897;0.482759;-0.325123;0.0788178;0.463054;-0.182266;-0.231527;-0.330049;0.310345;0.453202;0.0147784;0.221675;-0.438424;-0.669951;-0.428571;-0.280788;-0.280788;0.236453;0.08867;1;-0.246305;-0.389163;0.975369;0.0738917;0.20197;0.172414;0.0788178;0.73399;-0.162562;0.226601;0.0591133;-1;0.157635;0.178947;0.221053;-0.132632;0.406316;0.326316;-0.221053;0.625263;0.242105;0.107368;0.162105;0.663158;-0.6;-0.305263;0.410526;0.305263;-0.031579;0.84;0.191579;-0.0105263;0.0736842;0.326316;0.452632;0.536842;0.515789;0.187368;0.107368;0.330526;-0.0484211;0.254737;0.178947;0.28;0.709474;-0.212632;0.317895;0.663158;0.768421;-1;-1;0;-1;-1;+1

34.7;-0.0368421;0.0947368;-0.147368;-0.0157895;0.0789474;0.625616;-0.103448;0.182266;-0.325123;-0.0591133;-0.20197;0.206897;0.482759;-0.325123;0.0788178;0.463054;-0.182266;-0.231527;-0.330049;0.310345;0.453202;0.0147784;0.221675;-0.438424;-0.669951;-0.428571;-0.280788;-0.280788;0.236453;0.08867;1;-0.246305;-0.389163;0.975369;0.0738917;0.20197;0.172414;0.0788178;0.73399;-0.162562;0.226601;0.0591133;-1;0.28;0.178947;0.221053;-0.132632;0.406316;0.326316;-0.221053;0.625263;0.242105;0.107368;0.162105;0.663158;-0.6;-0.305263;0.410526;0.305263;-0.031579;0.84;0.191579;-0.0105263;0.0736842;0.326316;0.452632;0.536842;0.515789;0.187368;0.107368;0.330526;-0.0484211;0.254737;0.178947;0.28;0.709474;-0.212632;0.317895;0.663158;0.768421;-1;0;-1;-1;+1

34;-0.368421;-0.0368421;0.0947368;-0.147368;-0.0157895;0.137931;0.625616;-0.103448;0.182266;-0.325123;-0.0591133;-0.20197;0.206897;0.482759;-0.325123;0.0788178;0.463054;-0.182266;-0.231527;-0.330049;0.310345;0.453202;0.0147784;0.221675;-0.438424;-0.669951;-0.428571;-0.280788;-0.280788;0.236453;0.08867;1;-0.246305;-0.389163;0.975369;0.0738917;0.20197;0.172414;0.0788178;0.73399;-0.162562;0.226601;0.0591133;-0.709474;0.28;0.178947;0.221053;-0.132632;0.406316;0.326316;-0.221053;0.625263;0.242105;0.107368;0.162105;0.663158;-0.6;-0.305263;0.410526;0.305263;-0.031579;0.84;0.191579;-0.0105263;0.0736842;0.326316;0.452632;0.536842;0.515789;0.187368;0.107368;0.330526;-0.0484211;0.254737;0.178947;0.28;0.709474;-0.212632;0.317895;0.663158;+1;0;+1;-1;+1

34.11;0.0578947;-0.368421;-0.0368421;0.0947368;-0.147368;0.0492611;0.137931;0.625616;-0.103448;0.182266;-0.325123;-0.0591133;-0.20197;0.206897;0.482759;-0.325123;0.0788178;0.463054;-0.182266;-0.231527;-0.330049;0.310345;0.453202;0.0147784;0.221675;-0.438424;-0.669951;-0.428571;-0.280788;-0.280788;0.236453;0.08867;1;-0.246305;-0.389163;0.975369;0.0738917;0.20197;0.172414;0.0788178;0.73399;-0.162562;0.226601;0.195789;-0.709474;0.28;0.178947;0.221053;-0.132632;0.406316;0.326316;-0.221053;0.625263;0.242105;0.107368;0.162105;0.663158;-0.6;-0.305263;0.410526;0.305263;-0.031579;0.84;0.191579;-0.0105263;0.0736842;0.326316;0.452632;0.536842;0.515789;0.187368;0.107368;0.330526;-0.0484211;0.254737;0.178947;0.28;0.709474;-0.212632;0.317895;+1;0;+1;-1;+1

34.3;0.1;0.0578947;-0.368421;-0.0368421;0.0947368;-0.0738916;0.0492611;0.137931;0.625616;-0.103448;0.182266;-0.325123;-0.0591133;-0.20197;0.206897;0.482759;-0.325123;0.0788178;0.463054;-0.182266;-0.231527;-0.330049;0.310345;0.453202;0.0147784;0.221675;-0.438424;-0.669951;-0.428571;-0.280788;-0.280788;0.236453;0.08867;1;-0.246305;-0.389163;0.975369;0.0738917;0.20197;0.172414;0.0788178;0.73399;-0.162562;0.338947;0.195789;-0.709474;0.28;0.178947;0.221053;-0.132632;0.406316;0.326316;-0.221053;0.625263;0.242105;0.107368;0.162105;0.663158;-0.6;-0.305263;0.410526;0.305263;-0.031579;0.84;0.191579;-0.0105263;0.0736842;0.326316;0.452632;0.536842;0.515789;0.187368;0.107368;0.330526;-0.0484211;0.254737;0.178947;0.28;0.709474;-0.212632;-1;0;-1;-1;+1

34.15;-0.0789474;0.1;0.0578947;-0.368421;-0.0368421;0.152709;-0.0738916;0.0492611;0.137931;0.625616;-0.103448;0.182266;-0.325123;-0.0591133;-0.20197;0.206897;0.482759;-0.325123;0.0788178;0.463054;-0.182266;-0.231527;-0.330049;0.310345;0.453202;0.0147784;0.221675;-0.438424;-0.669951;-0.428571;-0.280788;-0.280788;0.236453;0.08867;1;-0.246305;-0.389163;0.975369;0.0738917;0.20197;0.172414;0.0788178;0.73399;0.00631577;0.338947;0.195789;-0.709474;0.28;0.178947;0.221053;-0.132632;0.406316;0.326316;-0.221053;0.625263;0.242105;0.107368;0.162105;0.663158;-0.6;-0.305263;0.410526;0.305263;-0.031579;0.84;0.191579;-0.0105263;0.0736842;0.326316;0.452632;0.536842;0.515789;0.187368;0.107368;0.330526;-0.0484211;0.254737;0.178947;0.28;0.709474;-1;0;-1;-1;+1

34.1;-0.0263158;-0.0789474;0.1;0.0578947;-0.368421;0.0295567;0.152709;-0.0738916;0.0492611;0.137931;0.625616;-0.103448;0.182266;-0.325123;-0.0591133;-0.20197;0.206897;0.482759;-0.325123;0.0788178;0.463054;-0.182266;-0.231527;-0.330049;0.310345;0.453202;0.0147784;0.221675;-0.438424;-0.669951;-0.428571;-0.280788;-0.280788;0.236453;0.08867;1;-0.246305;-0.389163;0.975369;0.0738917;0.20197;0.172414;0.0788178;0.772632;0.00631577;0.338947;0.195789;-0.709474;0.28;0.178947;0.221053;-0.132632;0.406316;0.326316;-0.221053;0.625263;0.242105;0.107368;0.162105;0.663158;-0.6;-0.305263;0.410526;0.305263;-0.031579;0.84;0.191579;-0.0105263;0.0736842;0.326316;0.452632;0.536842;0.515789;0.187368;0.107368;0.330526;-0.0484211;0.254737;0.178947;0.28;+1;0;+1;-1;+1

34.2;0.0526316;-0.0263158;-0.0789474;0.1;0.0578947;-0.280788;0.0295567;0.152709;-0.0738916;0.0492611;0.137931;0.625616;-0.103448;0.182266;-0.325123;-0.0591133;-0.20197;0.206897;0.482759;-0.325123;0.0788178;0.463054;-0.182266;-0.231527;-0.330049;0.310345;0.453202;0.0147784;0.221675;-0.438424;-0.669951;-0.428571;-0.280788;-0.280788;0.236453;0.08867;1;-0.246305;-0.389163;0.975369;0.0738917;0.20197;0.172414;0.212632;0.772632;0.00631577;0.338947;0.195789;-0.709474;0.28;0.178947;0.221053;-0.132632;0.406316;0.326316;-0.221053;0.625263;0.242105;0.107368;0.162105;0.663158;-0.6;-0.305263;0.410526;0.305263;-0.031579;0.84;0.191579;-0.0105263;0.0736842;0.326316;0.452632;0.536842;0.515789;0.187368;0.107368;0.330526;-0.0484211;0.254737;0.178947;+1;0;-1;-1;+1

35;0.421053;0.0526316;-0.0263158;-0.0789474;0.1;0.118227;-0.280788;0.0295567;0.152709;-0.0738916;0.0492611;0.137931;0.625616;-0.103448;0.182266;-0.325123;-0.0591133;-0.20197;0.206897;0.482759;-0.325123;0.0788178;0.463054;-0.182266;-0.231527;-0.330049;0.310345;0.453202;0.0147784;0.221675;-0.438424;-0.669951;-0.428571;-0.280788;-0.280788;0.236453;0.08867;1;-0.246305;-0.389163;0.975369;0.0738917;0.20197;0.292632;0.212632;0.772632;0.00631577;0.338947;0.195789;-0.709474;0.28;0.178947;0.221053;-0.132632;0.406316;0.326316;-0.221053;0.625263;0.242105;0.107368;0.162105;0.663158;-0.6;-0.305263;0.410526;0.305263;-0.031579;0.84;0.191579;-0.0105263;0.0736842;0.326316;0.452632;0.536842;0.515789;0.187368;0.107368;0.330526;-0.0484211;0.254737;-1;0;-1;-1;+1

34.9;-0.0526316;0.421053;0.0526316;-0.0263158;-0.0789474;0.157635;0.118227;-0.280788;0.0295567;0.152709;-0.0738916;0.0492611;0.137931;0.625616;-0.103448;0.182266;-0.325123;-0.0591133;-0.20197;0.206897;0.482759;-0.325123;0.0788178;0.463054;-0.182266;-0.231527;-0.330049;0.310345;0.453202;0.0147784;0.221675;-0.438424;-0.669951;-0.428571;-0.280788;-0.280788;0.236453;0.08867;1;-0.246305;-0.389163;0.975369;0.0738917;0.317895;0.292632;0.212632;0.772632;0.00631577;0.338947;0.195789;-0.709474;0.28;0.178947;0.221053;-0.132632;0.406316;0.326316;-0.221053;0.625263;0.242105;0.107368;0.162105;0.663158;-0.6;-0.305263;0.410526;0.305263;-0.031579;0.84;0.191579;-0.0105263;0.0736842;0.326316;0.452632;0.536842;0.515789;0.187368;0.107368;0.330526;-0.0484211;+1;0;+1;-1;+1

35.5;0.315789;-0.0526316;0.421053;0.0526316;-0.0263158;-0.00985219;0.157635;0.118227;-0.280788;0.0295567;0.152709;-0.0738916;0.0492611;0.137931;0.625616;-0.103448;0.182266;-0.325123;-0.0591133;-0.20197;0.206897;0.482759;-0.325123;0.0788178;0.463054;-0.182266;-0.231527;-0.330049;0.310345;0.453202;0.0147784;0.221675;-0.438424;-0.669951;-0.428571;-0.280788;-0.280788;0.236453;0.08867;1;-0.246305;-0.389163;0.975369;0.208421;0.317895;0.292632;0.212632;0.772632;0.00631577;0.338947;0.195789;-0.709474;0.28;0.178947;0.221053;-0.132632;0.406316;0.326316;-0.221053;0.625263;0.242105;0.107368;0.162105;0.663158;-0.6;-0.305263;0.410526;0.305263;-0.031579;0.84;0.191579;-0.0105263;0.0736842;0.326316;0.452632;0.536842;0.515789;0.187368;0.107368;0.330526;-1;0;+1;-1;+1

35.5;0;0.315789;-0.0526316;0.421053;0.0526316;0.0394089;-0.00985219;0.157635;0.118227;-0.280788;0.0295567;0.152709;-0.0738916;0.0492611;0.137931;0.625616;-0.103448;0.182266;-0.325123;-0.0591133;-0.20197;0.206897;0.482759;-0.325123;0.0788178;0.463054;-0.182266;-0.231527;-0.330049;0.310345;0.453202;0.0147784;0.221675;-0.438424;-0.669951;-0.428571;-0.280788;-0.280788;0.236453;0.08867;1;-0.246305;-0.389163;0.978947;0.208421;0.317895;0.292632;0.212632;0.772632;0.00631577;0.338947;0.195789;-0.709474;0.28;0.178947;0.221053;-0.132632;0.406316;0.326316;-0.221053;0.625263;0.242105;0.107368;0.162105;0.663158;-0.6;-0.305263;0.410526;0.305263;-0.031579;0.84;0.191579;-0.0105263;0.0736842;0.326316;0.452632;0.536842;0.515789;0.187368;0.107368;-1;0;-1;-1;+1

34.01;-0.784211;0;0.315789;-0.0526316;0.421053;0.113301;0.0394089;-0.00985219;0.157635;0.118227;-0.280788;0.0295567;0.152709;-0.0738916;0.0492611;0.137931;0.625616;-0.103448;0.182266;-0.325123;-0.0591133;-0.20197;0.206897;0.482759;-0.325123;0.0788178;0.463054;-0.182266;-0.231527;-0.330049;0.310345;0.453202;0.0147784;0.221675;-0.438424;-0.669951;-0.428571;-0.280788;-0.280788;0.236453;0.08867;1;-0.246305;-0.187368;0.978947;0.208421;0.317895;0.292632;0.212632;0.772632;0.00631577;0.338947;0.195789;-0.709474;0.28;0.178947;0.221053;-0.132632;0.406316;0.326316;-0.221053;0.625263;0.242105;0.107368;0.162105;0.663158;-0.6;-0.305263;0.410526;0.305263;-0.031579;0.84;0.191579;-0.0105263;0.0736842;0.326316;0.452632;0.536842;0.515789;0.187368;+1;0;+1;-1;+1

34.9;0.468421;-0.784211;0;0.315789;-0.0526316;0.458128;0.113301;0.0394089;-0.00985219;0.157635;0.118227;-0.280788;0.0295567;0.152709;-0.0738916;0.0492611;0.137931;0.625616;-0.103448;0.182266;-0.325123;-0.0591133;-0.20197;0.206897;0.482759;-0.325123;0.0788178;0.463054;-0.182266;-0.231527;-0.330049;0.310345;0.453202;0.0147784;0.221675;-0.438424;-0.669951;-0.428571;-0.280788;-0.280788;0.236453;0.08867;1;-0.0652632;-0.187368;0.978947;0.208421;0.317895;0.292632;0.212632;0.772632;0.00631577;0.338947;0.195789;-0.709474;0.28;0.178947;0.221053;-0.132632;0.406316;0.326316;-0.221053;0.625263;0.242105;0.107368;0.162105;0.663158;-0.6;-0.305263;0.410526;0.305263;-0.031579;0.84;0.191579;-0.0105263;0.0736842;0.326316;0.452632;0.536842;0.515789;-1;0;-1;-1;+1

33;-1;0.468421;-0.784211;0;0.315789;0.0147784;0.458128;0.113301;0.0394089;-0.00985219;0.157635;0.118227;-0.280788;0.0295567;0.152709;-0.0738916;0.0492611;0.137931;0.625616;-0.103448;0.182266;-0.325123;-0.0591133;-0.20197;0.206897;0.482759;-0.325123;0.0788178;0.463054;-0.182266;-0.231527;-0.330049;0.310345;0.453202;0.0147784;0.221675;-0.438424;-0.669951;-0.428571;-0.280788;-0.280788;0.236453;0.08867;1;-0.0652632;-0.187368;0.978947;0.208421;0.317895;0.292632;0.212632;0.772632;0.00631577;0.338947;0.195789;-0.709474;0.28;0.178947;0.221053;-0.132632;0.406316;0.326316;-0.221053;0.625263;0.242105;0.107368;0.162105;0.663158;-0.6;-0.305263;0.410526;0.305263;-0.031579;0.84;0.191579;-0.0105263;0.0736842;0.326316;0.452632;0.536842;-1;0;-1;-1;+1

31.85;-0.605263;-1;0.468421;-0.784211;0;0.359606;0.0147784;0.458128;0.113301;0.0394089;-0.00985219;0.157635;0.118227;-0.280788;0.0295567;0.152709;-0.0738916;0.0492611;0.137931;0.625616;-0.103448;0.182266;-0.325123;-0.0591133;-0.20197;0.206897;0.482759;-0.325123;0.0788178;0.463054;-0.182266;-0.231527;-0.330049;0.310345;0.453202;0.0147784;0.221675;-0.438424;-0.669951;-0.428571;-0.280788;-0.280788;0.236453;0.221053;1;-0.0652632;-0.187368;0.978947;0.208421;0.317895;0.292632;0.212632;0.772632;0.00631577;0.338947;0.195789;-0.709474;0.28;0.178947;0.221053;-0.132632;0.406316;0.326316;-0.221053;0.625263;0.242105;0.107368;0.162105;0.663158;-0.6;-0.305263;0.410526;0.305263;-0.031579;0.84;0.191579;-0.0105263;0.0736842;0.326316;0.452632;-1;0;-1;-1;+1

31.83;-0.0105263;-0.605263;-1;0.468421;-0.784211;0.0640394;0.359606;0.0147784;0.458128;0.113301;0.0394089;-0.00985219;0.157635;0.118227;-0.280788;0.0295567;0.152709;-0.0738916;0.0492611;0.137931;0.625616;-0.103448;0.182266;-0.325123;-0.0591133;-0.20197;0.206897;0.482759;-0.325123;0.0788178;0.463054;-0.182266;-0.231527;-0.330049;0.310345;0.453202;0.0147784;0.221675;-0.438424;-0.669951;-0.428571;-0.280788;-0.280788;0.347368;0.221053;1;-0.0652632;-0.187368;0.978947;0.208421;0.317895;0.292632;0.212632;0.772632;0.00631577;0.338947;0.195789;-0.709474;0.28;0.178947;0.221053;-0.132632;0.406316;0.326316;-0.221053;0.625263;0.242105;0.107368;0.162105;0.663158;-0.6;-0.305263;0.410526;0.305263;-0.031579;0.84;0.191579;-0.0105263;0.0736842;0.326316;+1;0;+1;-1;+1

31.85;0.0105263;-0.0105263;-0.605263;-1;0.468421;-0.669951;0.0640394;0.359606;0.0147784;0.458128;0.113301;0.0394089;-0.00985219;0.157635;0.118227;-0.280788;0.0295567;0.152709;-0.0738916;0.0492611;0.137931;0.625616;-0.103448;0.182266;-0.325123;-0.0591133;-0.20197;0.206897;0.482759;-0.325123;0.0788178;0.463054;-0.182266;-0.231527;-0.330049;0.310345;0.453202;0.0147784;0.221675;-0.438424;-0.669951;-0.428571;-0.280788;-0.0947369;0.347368;0.221053;1;-0.0652632;-0.187368;0.978947;0.208421;0.317895;0.292632;0.212632;0.772632;0.00631577;0.338947;0.195789;-0.709474;0.28;0.178947;0.221053;-0.132632;0.406316;0.326316;-0.221053;0.625263;0.242105;0.107368;0.162105;0.663158;-0.6;-0.305263;0.410526;0.305263;-0.031579;0.84;0.191579;-0.0105263;0.0736842;+1;0;+1;-1;+1

31.99;0.0736842;0.0105263;-0.0105263;-0.605263;-1;0.502463;-0.669951;0.0640394;0.359606;0.0147784;0.458128;0.113301;0.0394089;-0.00985219;0.157635;0.118227;-0.280788;0.0295567;0.152709;-0.0738916;0.0492611;0.137931;0.625616;-0.103448;0.182266;-0.325123;-0.0591133;-0.20197;0.206897;0.482759;-0.325123;0.0788178;0.463054;-0.182266;-0.231527;-0.330049;0.310345;0.453202;0.0147784;0.221675;-0.438424;-0.669951;-0.428571;-0.0947369;-0.0947369;0.347368;0.221053;1;-0.0652632;-0.187368;0.978947;0.208421;0.317895;0.292632;0.212632;0.772632;0.00631577;0.338947;0.195789;-0.709474;0.28;0.178947;0.221053;-0.132632;0.406316;0.326316;-0.221053;0.625263;0.242105;0.107368;0.162105;0.663158;-0.6;-0.305263;0.410526;0.305263;-0.031579;0.84;0.191579;-0.0105263;+1;0;+1;-1;+1

32.98;0.521053;0.0736842;0.0105263;-0.0105263;-0.605263;-0.871921;0.502463;-0.669951;0.0640394;0.359606;0.0147784;0.458128;0.113301;0.0394089;-0.00985219;0.157635;0.118227;-0.280788;0.0295567;0.152709;-0.0738916;0.0492611;0.137931;0.625616;-0.103448;0.182266;-0.325123;-0.0591133;-0.20197;0.206897;0.482759;-0.325123;0.0788178;0.463054;-0.182266;-0.231527;-0.330049;0.310345;0.453202;0.0147784;0.221675;-0.438424;-0.669951;-0.221053;-0.0947369;-0.0947369;0.347368;0.221053;1;-0.0652632;-0.187368;0.978947;0.208421;0.317895;0.292632;0.212632;0.772632;0.00631577;0.338947;0.195789;-0.709474;0.28;0.178947;0.221053;-0.132632;0.406316;0.326316;-0.221053;0.625263;0.242105;0.107368;0.162105;0.663158;-0.6;-0.305263;0.410526;0.305263;-0.031579;0.84;0.191579;-1;0;-1;-1;+1

32;-0.51579;0.521053;0.0736842;0.0105263;-0.0105263;-0.502463;-0.871921;0.502463;-0.669951;0.0640394;0.359606;0.0147784;0.458128;0.113301;0.0394089;-0.00985219;0.157635;0.118227;-0.280788;0.0295567;0.152709;-0.0738916;0.0492611;0.137931;0.625616;-0.103448;0.182266;-0.325123;-0.0591133;-0.20197;0.206897;0.482759;-0.325123;0.0788178;0.463054;-0.182266;-0.231527;-0.330049;0.310345;0.453202;0.0147784;0.221675;-0.438424;-0.427368;-0.221053;-0.0947369;-0.0947369;0.347368;0.221053;1;-0.0652632;-0.187368;0.978947;0.208421;0.317895;0.292632;0.212632;0.772632;0.00631577;0.338947;0.195789;-0.709474;0.28;0.178947;0.221053;-0.132632;0.406316;0.326316;-0.221053;0.625263;0.242105;0.107368;0.162105;0.663158;-0.6;-0.305263;0.410526;0.305263;-0.031579;0.84;+1;0;+1;-1;+1

32.65;0.342105;-0.51579;0.521053;0.0736842;0.0105263;0.0541872;-0.502463;-0.871921;0.502463;-0.669951;0.0640394;0.359606;0.0147784;0.458128;0.113301;0.0394089;-0.00985219;0.157635;0.118227;-0.280788;0.0295567;0.152709;-0.0738916;0.0492611;0.137931;0.625616;-0.103448;0.182266;-0.325123;-0.0591133;-0.20197;0.206897;0.482759;-0.325123;0.0788178;0.463054;-0.182266;-0.231527;-0.330049;0.310345;0.453202;0.0147784;0.221675;-0.229474;-0.427368;-0.221053;-0.0947369;-0.0947369;0.347368;0.221053;1;-0.0652632;-0.187368;0.978947;0.208421;0.317895;0.292632;0.212632;0.772632;0.00631577;0.338947;0.195789;-0.709474;0.28;0.178947;0.221053;-0.132632;0.406316;0.326316;-0.221053;0.625263;0.242105;0.107368;0.162105;0.663158;-0.6;-0.305263;0.410526;0.305263;-0.031579;-1;0;-1;-1;+1

31.77;-0.463158;0.342105;-0.51579;0.521053;0.0736842;0.0738917;0.0541872;-0.502463;-0.871921;0.502463;-0.669951;0.0640394;0.359606;0.0147784;0.458128;0.113301;0.0394089;-0.00985219;0.157635;0.118227;-0.280788;0.0295567;0.152709;-0.0738916;0.0492611;0.137931;0.625616;-0.103448;0.182266;-0.325123;-0.0591133;-0.20197;0.206897;0.482759;-0.325123;0.0788178;0.463054;-0.182266;-0.231527;-0.330049;0.310345;0.453202;0.0147784;0.334737;-0.229474;-0.427368;-0.221053;-0.0947369;-0.0947369;0.347368;0.221053;1;-0.0652632;-0.187368;0.978947;0.208421;0.317895;0.292632;0.212632;0.772632;0.00631577;0.338947;0.195789;-0.709474;0.28;0.178947;0.221053;-0.132632;0.406316;0.326316;-0.221053;0.625263;0.242105;0.107368;0.162105;0.663158;-0.6;-0.305263;0.410526;0.305263;+1;0;-1;-1;+1

32.65;0.463158;-0.463158;0.342105;-0.51579;0.521053;0.133005;0.0738917;0.0541872;-0.502463;-0.871921;0.502463;-0.669951;0.0640394;0.359606;0.0147784;0.458128;0.113301;0.0394089;-0.00985219;0.157635;0.118227;-0.280788;0.0295567;0.152709;-0.0738916;0.0492611;0.137931;0.625616;-0.103448;0.182266;-0.325123;-0.0591133;-0.20197;0.206897;0.482759;-0.325123;0.0788178;0.463054;-0.182266;-0.231527;-0.330049;0.310345;0.453202;0.157895;0.334737;-0.229474;-0.427368;-0.221053;-0.0947369;-0.0947369;0.347368;0.221053;1;-0.0652632;-0.187368;0.978947;0.208421;0.317895;0.292632;0.212632;0.772632;0.00631577;0.338947;0.195789;-0.709474;0.28;0.178947;0.221053;-0.132632;0.406316;0.326316;-0.221053;0.625263;0.242105;0.107368;0.162105;0.663158;-0.6;-0.305263;0.410526;-1;0;-1;-1;+1

32.21;-0.231579;0.463158;-0.463158;0.342105;-0.51579;0.551724;0.133005;0.0738917;0.0541872;-0.502463;-0.871921;0.502463;-0.669951;0.0640394;0.359606;0.0147784;0.458128;0.113301;0.0394089;-0.00985219;0.157635;0.118227;-0.280788;0.0295567;0.152709;-0.0738916;0.0492611;0.137931;0.625616;-0.103448;0.182266;-0.325123;-0.0591133;-0.20197;0.206897;0.482759;-0.325123;0.0788178;0.463054;-0.182266;-0.231527;-0.330049;0.310345;0.532632;0.157895;0.334737;-0.229474;-0.427368;-0.221053;-0.0947369;-0.0947369;0.347368;0.221053;1;-0.0652632;-0.187368;0.978947;0.208421;0.317895;0.292632;0.212632;0.772632;0.00631577;0.338947;0.195789;-0.709474;0.28;0.178947;0.221053;-0.132632;0.406316;0.326316;-0.221053;0.625263;0.242105;0.107368;0.162105;0.663158;-0.6;-0.305263;+1;0;+1;-1;+1

32.6;0.205263;-0.231579;0.463158;-0.463158;0.342105;-0.418719;0.551724;0.133005;0.0738917;0.0541872;-0.502463;-0.871921;0.502463;-0.669951;0.0640394;0.359606;0.0147784;0.458128;0.113301;0.0394089;-0.00985219;0.157635;0.118227;-0.280788;0.0295567;0.152709;-0.0738916;0.0492611;0.137931;0.625616;-0.103448;0.182266;-0.325123;-0.0591133;-0.20197;0.206897;0.482759;-0.325123;0.0788178;0.463054;-0.182266;-0.231527;-0.330049;0.410526;0.532632;0.157895;0.334737;-0.229474;-0.427368;-0.221053;-0.0947369;-0.0947369;0.347368;0.221053;1;-0.0652632;-0.187368;0.978947;0.208421;0.317895;0.292632;0.212632;0.772632;0.00631577;0.338947;0.195789;-0.709474;0.28;0.178947;0.221053;-0.132632;0.406316;0.326316;-0.221053;0.625263;0.242105;0.107368;0.162105;0.663158;-0.6;-1;0;-1;-1;+1

32.2;-0.210526;0.205263;-0.231579;0.463158;-0.463158;0.384236;-0.418719;0.551724;0.133005;0.0738917;0.0541872;-0.502463;-0.871921;0.502463;-0.669951;0.0640394;0.359606;0.0147784;0.458128;0.113301;0.0394089;-0.00985219;0.157635;0.118227;-0.280788;0.0295567;0.152709;-0.0738916;0.0492611;0.137931;0.625616;-0.103448;0.182266;-0.325123;-0.0591133;-0.20197;0.206897;0.482759;-0.325123;0.0788178;0.463054;-0.182266;-0.231527;-0.136842;0.410526;0.532632;0.157895;0.334737;-0.229474;-0.427368;-0.221053;-0.0947369;-0.0947369;0.347368;0.221053;1;-0.0652632;-0.187368;0.978947;0.208421;0.317895;0.292632;0.212632;0.772632;0.00631577;0.338947;0.195789;-0.709474;0.28;0.178947;0.221053;-0.132632;0.406316;0.326316;-0.221053;0.625263;0.242105;0.107368;0.162105;0.663158;+1;0;+1;-1;+1

32.41;0.110526;-0.210526;0.205263;-0.231579;0.463158;-0.369458;0.384236;-0.418719;0.551724;0.133005;0.0738917;0.0541872;-0.502463;-0.871921;0.502463;-0.669951;0.0640394;0.359606;0.0147784;0.458128;0.113301;0.0394089;-0.00985219;0.157635;0.118227;-0.280788;0.0295567;0.152709;-0.0738916;0.0492611;0.137931;0.625616;-0.103448;0.182266;-0.325123;-0.0591133;-0.20197;0.206897;0.482759;-0.325123;0.0788178;0.463054;-0.182266;-0.0526316;-0.136842;0.410526;0.532632;0.157895;0.334737;-0.229474;-0.427368;-0.221053;-0.0947369;-0.0947369;0.347368;0.221053;1;-0.0652632;-0.187368;0.978947;0.208421;0.317895;0.292632;0.212632;0.772632;0.00631577;0.338947;0.195789;-0.709474;0.28;0.178947;0.221053;-0.132632;0.406316;0.326316;-0.221053;0.625263;0.242105;0.107368;0.162105;-1;0;-1;-1;+1

32.02;-0.205263;0.110526;-0.210526;0.205263;-0.231579;0.497537;-0.369458;0.384236;-0.418719;0.551724;0.133005;0.0738917;0.0541872;-0.502463;-0.871921;0.502463;-0.669951;0.0640394;0.359606;0.0147784;0.458128;0.113301;0.0394089;-0.00985219;0.157635;0.118227;-0.280788;0.0295567;0.152709;-0.0738916;0.0492611;0.137931;0.625616;-0.103448;0.182266;-0.325123;-0.0591133;-0.20197;0.206897;0.482759;-0.325123;0.0788178;0.463054;-0.0105263;-0.0526316;-0.136842;0.410526;0.532632;0.157895;0.334737;-0.229474;-0.427368;-0.221053;-0.0947369;-0.0947369;0.347368;0.221053;1;-0.0652632;-0.187368;0.978947;0.208421;0.317895;0.292632;0.212632;0.772632;0.00631577;0.338947;0.195789;-0.709474;0.28;0.178947;0.221053;-0.132632;0.406316;0.326316;-0.221053;0.625263;0.242105;0.107368;+1;0;-1;-1;+1

32.4;0.2;-0.205263;0.110526;-0.210526;0.205263;-0.152709;0.497537;-0.369458;0.384236;-0.418719;0.551724;0.133005;0.0738917;0.0541872;-0.502463;-0.871921;0.502463;-0.669951;0.0640394;0.359606;0.0147784;0.458128;0.113301;0.0394089;-0.00985219;0.157635;0.118227;-0.280788;0.0295567;0.152709;-0.0738916;0.0492611;0.137931;0.625616;-0.103448;0.182266;-0.325123;-0.0591133;-0.20197;0.206897;0.482759;-0.325123;0.0788178;0.541053;-0.0105263;-0.0526316;-0.136842;0.410526;0.532632;0.157895;0.334737;-0.229474;-0.427368;-0.221053;-0.0947369;-0.0947369;0.347368;0.221053;1;-0.0652632;-0.187368;0.978947;0.208421;0.317895;0.292632;0.212632;0.772632;0.00631577;0.338947;0.195789;-0.709474;0.28;0.178947;0.221053;-0.132632;0.406316;0.326316;-0.221053;0.625263;0.242105;+1;0;-1;-1;+1

33.9;0.789474;0.2;-0.205263;0.110526;-0.210526;0.256158;-0.152709;0.497537;-0.369458;0.384236;-0.418719;0.551724;0.133005;0.0738917;0.0541872;-0.502463;-0.871921;0.502463;-0.669951;0.0640394;0.359606;0.0147784;0.458128;0.113301;0.0394089;-0.00985219;0.157635;0.118227;-0.280788;0.0295567;0.152709;-0.0738916;0.0492611;0.137931;0.625616;-0.103448;0.182266;-0.325123;-0.0591133;-0.20197;0.206897;0.482759;-0.325123;0.212632;0.541053;-0.0105263;-0.0526316;-0.136842;0.410526;0.532632;0.157895;0.334737;-0.229474;-0.427368;-0.221053;-0.0947369;-0.0947369;0.347368;0.221053;1;-0.0652632;-0.187368;0.978947;0.208421;0.317895;0.292632;0.212632;0.772632;0.00631577;0.338947;0.195789;-0.709474;0.28;0.178947;0.221053;-0.132632;0.406316;0.326316;-0.221053;0.625263;+1;0;+1;-1;+1

34.5;0.315789;0.789474;0.2;-0.205263;0.110526;-0.133005;0.256158;-0.152709;0.497537;-0.369458;0.384236;-0.418719;0.551724;0.133005;0.0738917;0.0541872;-0.502463;-0.871921;0.502463;-0.669951;0.0640394;0.359606;0.0147784;0.458128;0.113301;0.0394089;-0.00985219;0.157635;0.118227;-0.280788;0.0295567;0.152709;-0.0738916;0.0492611;0.137931;0.625616;-0.103448;0.182266;-0.325123;-0.0591133;-0.20197;0.206897;0.482759;-0.132632;0.212632;0.541053;-0.0105263;-0.0526316;-0.136842;0.410526;0.532632;0.157895;0.334737;-0.229474;-0.427368;-0.221053;-0.0947369;-0.0947369;0.347368;0.221053;1;-0.0652632;-0.187368;0.978947;0.208421;0.317895;0.292632;0.212632;0.772632;0.00631577;0.338947;0.195789;-0.709474;0.28;0.178947;0.221053;-0.132632;0.406316;0.326316;-0.221053;+1;0;+1;-1;+1

35.3;0.421053;0.315789;0.789474;0.2;-0.205263;0.167488;-0.133005;0.256158;-0.152709;0.497537;-0.369458;0.384236;-0.418719;0.551724;0.133005;0.0738917;0.0541872;-0.502463;-0.871921;0.502463;-0.669951;0.0640394;0.359606;0.0147784;0.458128;0.113301;0.0394089;-0.00985219;0.157635;0.118227;-0.280788;0.0295567;0.152709;-0.0738916;0.0492611;0.137931;0.625616;-0.103448;0.182266;-0.325123;-0.0591133;-0.20197;0.206897;0.557895;-0.132632;0.212632;0.541053;-0.0105263;-0.0526316;-0.136842;0.410526;0.532632;0.157895;0.334737;-0.229474;-0.427368;-0.221053;-0.0947369;-0.0947369;0.347368;0.221053;1;-0.0652632;-0.187368;0.978947;0.208421;0.317895;0.292632;0.212632;0.772632;0.00631577;0.338947;0.195789;-0.709474;0.28;0.178947;0.221053;-0.132632;0.406316;0.326316;+1;0;-1;-1;+1

36.68;0.726316;0.421053;0.315789;0.789474;0.2;-0.128079;0.167488;-0.133005;0.256158;-0.152709;0.497537;-0.369458;0.384236;-0.418719;0.551724;0.133005;0.0738917;0.0541872;-0.502463;-0.871921;0.502463;-0.669951;0.0640394;0.359606;0.0147784;0.458128;0.113301;0.0394089;-0.00985219;0.157635;0.118227;-0.280788;0.0295567;0.152709;-0.0738916;0.0492611;0.137931;0.625616;-0.103448;0.182266;-0.325123;-0.0591133;-0.20197;0.322105;0.557895;-0.132632;0.212632;0.541053;-0.0105263;-0.0526316;-0.136842;0.410526;0.532632;0.157895;0.334737;-0.229474;-0.427368;-0.221053;-0.0947369;-0.0947369;0.347368;0.221053;1;-0.0652632;-0.187368;0.978947;0.208421;0.317895;0.292632;0.212632;0.772632;0.00631577;0.338947;0.195789;-0.709474;0.28;0.178947;0.221053;-0.132632;0.406316;+1;0;+1;-1;+1

37.4;0.378947;0.726316;0.421053;0.315789;0.789474;0.251232;-0.128079;0.167488;-0.133005;0.256158;-0.152709;0.497537;-0.369458;0.384236;-0.418719;0.551724;0.133005;0.0738917;0.0541872;-0.502463;-0.871921;0.502463;-0.669951;0.0640394;0.359606;0.0147784;0.458128;0.113301;0.0394089;-0.00985219;0.157635;0.118227;-0.280788;0.0295567;0.152709;-0.0738916;0.0492611;0.137931;0.625616;-0.103448;0.182266;-0.325123;-0.0591133;-0.0273684;0.322105;0.557895;-0.132632;0.212632;0.541053;-0.0105263;-0.0526316;-0.136842;0.410526;0.532632;0.157895;0.334737;-0.229474;-0.427368;-0.221053;-0.0947369;-0.0947369;0.347368;0.221053;1;-0.0652632;-0.187368;0.978947;0.208421;0.317895;0.292632;0.212632;0.772632;0.00631577;0.338947;0.195789;-0.709474;0.28;0.178947;0.221053;-0.132632;-1;0;-1;-1;+1

36.35;-0.552632;0.378947;0.726316;0.421053;0.315789;0.802956;0.251232;-0.128079;0.167488;-0.133005;0.256158;-0.152709;0.497537;-0.369458;0.384236;-0.418719;0.551724;0.133005;0.0738917;0.0541872;-0.502463;-0.871921;0.502463;-0.669951;0.0640394;0.359606;0.0147784;0.458128;0.113301;0.0394089;-0.00985219;0.157635;0.118227;-0.280788;0.0295567;0.152709;-0.0738916;0.0492611;0.137931;0.625616;-0.103448;0.182266;-0.325123;0.0947368;-0.0273684;0.322105;0.557895;-0.132632;0.212632;0.541053;-0.0105263;-0.0526316;-0.136842;0.410526;0.532632;0.157895;0.334737;-0.229474;-0.427368;-0.221053;-0.0947369;-0.0947369;0.347368;0.221053;1;-0.0652632;-0.187368;0.978947;0.208421;0.317895;0.292632;0.212632;0.772632;0.00631577;0.338947;0.195789;-0.709474;0.28;0.178947;0.221053;+1;0;-1;-1;+1

36.5;0.0789474;-0.552632;0.378947;0.726316;0.421053;0.359606;0.802956;0.251232;-0.128079;0.167488;-0.133005;0.256158;-0.152709;0.497537;-0.369458;0.384236;-0.418719;0.551724;0.133005;0.0738917;0.0541872;-0.502463;-0.871921;0.502463;-0.669951;0.0640394;0.359606;0.0147784;0.458128;0.113301;0.0394089;-0.00985219;0.157635;0.118227;-0.280788;0.0295567;0.152709;-0.0738916;0.0492611;0.137931;0.625616;-0.103448;0.182266;-0.132632;0.0947368;-0.0273684;0.322105;0.557895;-0.132632;0.212632;0.541053;-0.0105263;-0.0526316;-0.136842;0.410526;0.532632;0.157895;0.334737;-0.229474;-0.427368;-0.221053;-0.0947369;-0.0947369;0.347368;0.221053;1;-0.0652632;-0.187368;0.978947;0.208421;0.317895;0.292632;0.212632;0.772632;0.00631577;0.338947;0.195789;-0.709474;0.28;0.178947;+1;0;+1;-1;+1

36.75;0.131579;0.0789474;-0.552632;0.378947;0.726316;0.458128;0.359606;0.802956;0.251232;-0.128079;0.167488;-0.133005;0.256158;-0.152709;0.497537;-0.369458;0.384236;-0.418719;0.551724;0.133005;0.0738917;0.0541872;-0.502463;-0.871921;0.502463;-0.669951;0.0640394;0.359606;0.0147784;0.458128;0.113301;0.0394089;-0.00985219;0.157635;0.118227;-0.280788;0.0295567;0.152709;-0.0738916;0.0492611;0.137931;0.625616;-0.103448;0.301053;-0.132632;0.0947368;-0.0273684;0.322105;0.557895;-0.132632;0.212632;0.541053;-0.0105263;-0.0526316;-0.136842;0.410526;0.532632;0.157895;0.334737;-0.229474;-0.427368;-0.221053;-0.0947369;-0.0947369;0.347368;0.221053;1;-0.0652632;-0.187368;0.978947;0.208421;0.317895;0.292632;0.212632;0.772632;0.00631577;0.338947;0.195789;-0.709474;0.28;+1;0;+1;-1;+1

36.87;0.0631579;0.131579;0.0789474;-0.552632;0.378947;0.743842;0.458128;0.359606;0.802956;0.251232;-0.128079;0.167488;-0.133005;0.256158;-0.152709;0.497537;-0.369458;0.384236;-0.418719;0.551724;0.133005;0.0738917;0.0541872;-0.502463;-0.871921;0.502463;-0.669951;0.0640394;0.359606;0.0147784;0.458128;0.113301;0.0394089;-0.00985219;0.157635;0.118227;-0.280788;0.0295567;0.152709;-0.0738916;0.0492611;0.137931;0.625616;0.0568421;0.301053;-0.132632;0.0947368;-0.0273684;0.322105;0.557895;-0.132632;0.212632;0.541053;-0.0105263;-0.0526316;-0.136842;0.410526;0.532632;0.157895;0.334737;-0.229474;-0.427368;-0.221053;-0.0947369;-0.0947369;0.347368;0.221053;1;-0.0652632;-0.187368;0.978947;0.208421;0.317895;0.292632;0.212632;0.772632;0.00631577;0.338947;0.195789;-0.709474;+1;0;+1;-1;+1

37.01;0.0736842;0.0631579;0.131579;0.0789474;-0.552632;0.418719;0.743842;0.458128;0.359606;0.802956;0.251232;-0.128079;0.167488;-0.133005;0.256158;-0.152709;0.497537;-0.369458;0.384236;-0.418719;0.551724;0.133005;0.0738917;0.0541872;-0.502463;-0.871921;0.502463;-0.669951;0.0640394;0.359606;0.0147784;0.458128;0.113301;0.0394089;-0.00985219;0.157635;0.118227;-0.280788;0.0295567;0.152709;-0.0738916;0.0492611;0.137931;0.68;0.0568421;0.301053;-0.132632;0.0947368;-0.0273684;0.322105;0.557895;-0.132632;0.212632;0.541053;-0.0105263;-0.0526316;-0.136842;0.410526;0.532632;0.157895;0.334737;-0.229474;-0.427368;-0.221053;-0.0947369;-0.0947369;0.347368;0.221053;1;-0.0652632;-0.187368;0.978947;0.208421;0.317895;0.292632;0.212632;0.772632;0.00631577;0.338947;0.195789;+1;0;+1;-1;+1

38;0.521053;0.0736842;0.0631579;0.131579;0.0789474;-0.453202;0.418719;0.743842;0.458128;0.359606;0.802956;0.251232;-0.128079;0.167488;-0.133005;0.256158;-0.152709;0.497537;-0.369458;0.384236;-0.418719;0.551724;0.133005;0.0738917;0.0541872;-0.502463;-0.871921;0.502463;-0.669951;0.0640394;0.359606;0.0147784;0.458128;0.113301;0.0394089;-0.00985219;0.157635;0.118227;-0.280788;0.0295567;0.152709;-0.0738916;0.0492611;0.263158;0.68;0.0568421;0.301053;-0.132632;0.0947368;-0.0273684;0.322105;0.557895;-0.132632;0.212632;0.541053;-0.0105263;-0.0526316;-0.136842;0.410526;0.532632;0.157895;0.334737;-0.229474;-0.427368;-0.221053;-0.0947369;-0.0947369;0.347368;0.221053;1;-0.0652632;-0.187368;0.978947;0.208421;0.317895;0.292632;0.212632;0.772632;0.00631577;0.338947;-1;0;-1;-1;+1

37.8;-0.105263;0.521053;0.0736842;0.0631579;0.131579;0.137931;-0.453202;0.418719;0.743842;0.458128;0.359606;0.802956;0.251232;-0.128079;0.167488;-0.133005;0.256158;-0.152709;0.497537;-0.369458;0.384236;-0.418719;0.551724;0.133005;0.0738917;0.0541872;-0.502463;-0.871921;0.502463;-0.669951;0.0640394;0.359606;0.0147784;0.458128;0.113301;0.0394089;-0.00985219;0.157635;0.118227;-0.280788;0.0295567;0.152709;-0.0738916;0.187368;0.263158;0.68;0.0568421;0.301053;-0.132632;0.0947368;-0.0273684;0.322105;0.557895;-0.132632;0.212632;0.541053;-0.0105263;-0.0526316;-0.136842;0.410526;0.532632;0.157895;0.334737;-0.229474;-0.427368;-0.221053;-0.0947369;-0.0947369;0.347368;0.221053;1;-0.0652632;-0.187368;0.978947;0.208421;0.317895;0.292632;0.212632;0.772632;0.00631577;-1;0;-1;-1;+1

37.69;-0.0578947;-0.105263;0.521053;0.0736842;0.0631579;0.187192;0.137931;-0.453202;0.418719;0.743842;0.458128;0.359606;0.802956;0.251232;-0.128079;0.167488;-0.133005;0.256158;-0.152709;0.497537;-0.369458;0.384236;-0.418719;0.551724;0.133005;0.0738917;0.0541872;-0.502463;-0.871921;0.502463;-0.669951;0.0640394;0.359606;0.0147784;0.458128;0.113301;0.0394089;-0.00985219;0.157635;0.118227;-0.280788;0.0295567;0.152709;0.0821052;0.187368;0.263158;0.68;0.0568421;0.301053;-0.132632;0.0947368;-0.0273684;0.322105;0.557895;-0.132632;0.212632;0.541053;-0.0105263;-0.0526316;-0.136842;0.410526;0.532632;0.157895;0.334737;-0.229474;-0.427368;-0.221053;-0.0947369;-0.0947369;0.347368;0.221053;1;-0.0652632;-0.187368;0.978947;0.208421;0.317895;0.292632;0.212632;0.772632;-1;0;-1;-1;+1

37.1;-0.310526;-0.0578947;-0.105263;0.521053;0.0736842;0.123153;0.187192;0.137931;-0.453202;0.418719;0.743842;0.458128;0.359606;0.802956;0.251232;-0.128079;0.167488;-0.133005;0.256158;-0.152709;0.497537;-0.369458;0.384236;-0.418719;0.551724;0.133005;0.0738917;0.0541872;-0.502463;-0.871921;0.502463;-0.669951;0.0640394;0.359606;0.0147784;0.458128;0.113301;0.0394089;-0.00985219;0.157635;0.118227;-0.280788;0.0295567;0.275789;0.0821052;0.187368;0.263158;0.68;0.0568421;0.301053;-0.132632;0.0947368;-0.0273684;0.322105;0.557895;-0.132632;0.212632;0.541053;-0.0105263;-0.0526316;-0.136842;0.410526;0.532632;0.157895;0.334737;-0.229474;-0.427368;-0.221053;-0.0947369;-0.0947369;0.347368;0.221053;1;-0.0652632;-0.187368;0.978947;0.208421;0.317895;0.292632;0.212632;-1;0;-1;-1;+1

36.2;-0.473684;-0.310526;-0.0578947;-0.105263;0.521053;0.133005;0.123153;0.187192;0.137931;-0.453202;0.418719;0.743842;0.458128;0.359606;0.802956;0.251232;-0.128079;0.167488;-0.133005;0.256158;-0.152709;0.497537;-0.369458;0.384236;-0.418719;0.551724;0.133005;0.0738917;0.0541872;-0.502463;-0.871921;0.502463;-0.669951;0.0640394;0.359606;0.0147784;0.458128;0.113301;0.0394089;-0.00985219;0.157635;0.118227;-0.280788;0.170526;0.275789;0.0821052;0.187368;0.263158;0.68;0.0568421;0.301053;-0.132632;0.0947368;-0.0273684;0.322105;0.557895;-0.132632;0.212632;0.541053;-0.0105263;-0.0526316;-0.136842;0.410526;0.532632;0.157895;0.334737;-0.229474;-0.427368;-0.221053;-0.0947369;-0.0947369;0.347368;0.221053;1;-0.0652632;-0.187368;0.978947;0.208421;0.317895;0.292632;-1;0;-1;-1;+1

35.78;-0.221053;-0.473684;-0.310526;-0.0578947;-0.105263;0.551724;0.133005;0.123153;0.187192;0.137931;-0.453202;0.418719;0.743842;0.458128;0.359606;0.802956;0.251232;-0.128079;0.167488;-0.133005;0.256158;-0.152709;0.497537;-0.369458;0.384236;-0.418719;0.551724;0.133005;0.0738917;0.0541872;-0.502463;-0.871921;0.502463;-0.669951;0.0640394;0.359606;0.0147784;0.458128;0.113301;0.0394089;-0.00985219;0.157635;0.118227;-0.0947369;0.170526;0.275789;0.0821052;0.187368;0.263158;0.68;0.0568421;0.301053;-0.132632;0.0947368;-0.0273684;0.322105;0.557895;-0.132632;0.212632;0.541053;-0.0105263;-0.0526316;-0.136842;0.410526;0.532632;0.157895;0.334737;-0.229474;-0.427368;-0.221053;-0.0947369;-0.0947369;0.347368;0.221053;1;-0.0652632;-0.187368;0.978947;0.208421;0.317895;-1;0;-1;-1;+1

35.52;-0.136842;-0.221053;-0.473684;-0.310526;-0.0578947;-0.0344827;0.551724;0.133005;0.123153;0.187192;0.137931;-0.453202;0.418719;0.743842;0.458128;0.359606;0.802956;0.251232;-0.128079;0.167488;-0.133005;0.256158;-0.152709;0.497537;-0.369458;0.384236;-0.418719;0.551724;0.133005;0.0738917;0.0541872;-0.502463;-0.871921;0.502463;-0.669951;0.0640394;0.359606;0.0147784;0.458128;0.113301;0.0394089;-0.00985219;0.157635;0.246316;-0.0947369;0.170526;0.275789;0.0821052;0.187368;0.263158;0.68;0.0568421;0.301053;-0.132632;0.0947368;-0.0273684;0.322105;0.557895;-0.132632;0.212632;0.541053;-0.0105263;-0.0526316;-0.136842;0.410526;0.532632;0.157895;0.334737;-0.229474;-0.427368;-0.221053;-0.0947369;-0.0947369;0.347368;0.221053;1;-0.0652632;-0.187368;0.978947;0.208421;-1;0;-1;-1;+1

35.5;-0.0105263;-0.136842;-0.221053;-0.473684;-0.310526;0.00985224;-0.0344827;0.551724;0.133005;0.123153;0.187192;0.137931;-0.453202;0.418719;0.743842;0.458128;0.359606;0.802956;0.251232;-0.128079;0.167488;-0.133005;0.256158;-0.152709;0.497537;-0.369458;0.384236;-0.418719;0.551724;0.133005;0.0738917;0.0541872;-0.502463;-0.871921;0.502463;-0.669951;0.0640394;0.359606;0.0147784;0.458128;0.113301;0.0394089;-0.00985219;0.28;0.246316;-0.0947369;0.170526;0.275789;0.0821052;0.187368;0.263158;0.68;0.0568421;0.301053;-0.132632;0.0947368;-0.0273684;0.322105;0.557895;-0.132632;0.212632;0.541053;-0.0105263;-0.0526316;-0.136842;0.410526;0.532632;0.157895;0.334737;-0.229474;-0.427368;-0.221053;-0.0947369;-0.0947369;0.347368;0.221053;1;-0.0652632;-0.187368;0.978947;+1;0;+1;-1;+1

36.32;0.431579;-0.0105263;-0.136842;-0.221053;-0.473684;-0.226601;0.00985224;-0.0344827;0.551724;0.133005;0.123153;0.187192;0.137931;-0.453202;0.418719;0.743842;0.458128;0.359606;0.802956;0.251232;-0.128079;0.167488;-0.133005;0.256158;-0.152709;0.497537;-0.369458;0.384236;-0.418719;0.551724;0.133005;0.0738917;0.0541872;-0.502463;-0.871921;0.502463;-0.669951;0.0640394;0.359606;0.0147784;0.458128;0.113301;0.0394089;0.136842;0.28;0.246316;-0.0947369;0.170526;0.275789;0.0821052;0.187368;0.263158;0.68;0.0568421;0.301053;-0.132632;0.0947368;-0.0273684;0.322105;0.557895;-0.132632;0.212632;0.541053;-0.0105263;-0.0526316;-0.136842;0.410526;0.532632;0.157895;0.334737;-0.229474;-0.427368;-0.221053;-0.0947369;-0.0947369;0.347368;0.221053;1;-0.0652632;-0.187368;+1;0;+1;-1;+1

37;0.357895;0.431579;-0.0105263;-0.136842;-0.221053;-0.37931;-0.226601;0.00985224;-0.0344827;0.551724;0.133005;0.123153;0.187192;0.137931;-0.453202;0.418719;0.743842;0.458128;0.359606;0.802956;0.251232;-0.128079;0.167488;-0.133005;0.256158;-0.152709;0.497537;-0.369458;0.384236;-0.418719;0.551724;0.133005;0.0738917;0.0541872;-0.502463;-0.871921;0.502463;-0.669951;0.0640394;0.359606;0.0147784;0.458128;0.113301;0.178947;0.136842;0.28;0.246316;-0.0947369;0.170526;0.275789;0.0821052;0.187368;0.263158;0.68;0.0568421;0.301053;-0.132632;0.0947368;-0.0273684;0.322105;0.557895;-0.132632;0.212632;0.541053;-0.0105263;-0.0526316;-0.136842;0.410526;0.532632;0.157895;0.334737;-0.229474;-0.427368;-0.221053;-0.0947369;-0.0947369;0.347368;0.221053;1;-0.0652632;+1;0;+1;-1;+1

38.4;0.736842;0.357895;0.431579;-0.0105263;-0.136842;-0.142857;-0.37931;-0.226601;0.00985224;-0.0344827;0.551724;0.133005;0.123153;0.187192;0.137931;-0.453202;0.418719;0.743842;0.458128;0.359606;0.802956;0.251232;-0.128079;0.167488;-0.133005;0.256158;-0.152709;0.497537;-0.369458;0.384236;-0.418719;0.551724;0.133005;0.0738917;0.0541872;-0.502463;-0.871921;0.502463;-0.669951;0.0640394;0.359606;0.0147784;0.458128;0.242105;0.178947;0.136842;0.28;0.246316;-0.0947369;0.170526;0.275789;0.0821052;0.187368;0.263158;0.68;0.0568421;0.301053;-0.132632;0.0947368;-0.0273684;0.322105;0.557895;-0.132632;0.212632;0.541053;-0.0105263;-0.0526316;-0.136842;0.410526;0.532632;0.157895;0.334737;-0.229474;-0.427368;-0.221053;-0.0947369;-0.0947369;0.347368;0.221053;1;-1;0;-1;-1;+1

38.2;-0.105263;0.736842;0.357895;0.431579;-0.0105263;-0.0640394;-0.142857;-0.37931;-0.226601;0.00985224;-0.0344827;0.551724;0.133005;0.123153;0.187192;0.137931;-0.453202;0.418719;0.743842;0.458128;0.359606;0.802956;0.251232;-0.128079;0.167488;-0.133005;0.256158;-0.152709;0.497537;-0.369458;0.384236;-0.418719;0.551724;0.133005;0.0738917;0.0541872;-0.502463;-0.871921;0.502463;-0.669951;0.0640394;0.359606;0.0147784;0.536842;0.242105;0.178947;0.136842;0.28;0.246316;-0.0947369;0.170526;0.275789;0.0821052;0.187368;0.263158;0.68;0.0568421;0.301053;-0.132632;0.0947368;-0.0273684;0.322105;0.557895;-0.132632;0.212632;0.541053;-0.0105263;-0.0526316;-0.136842;0.410526;0.532632;0.157895;0.334737;-0.229474;-0.427368;-0.221053;-0.0947369;-0.0947369;0.347368;0.221053;-1;0;-1;-1;+1

38.2;0;-0.105263;0.736842;0.357895;0.431579;0.0541872;-0.0640394;-0.142857;-0.37931;-0.226601;0.00985224;-0.0344827;0.551724;0.133005;0.123153;0.187192;0.137931;-0.453202;0.418719;0.743842;0.458128;0.359606;0.802956;0.251232;-0.128079;0.167488;-0.133005;0.256158;-0.152709;0.497537;-0.369458;0.384236;-0.418719;0.551724;0.133005;0.0738917;0.0541872;-0.502463;-0.871921;0.502463;-0.669951;0.0640394;0.359606;0.157895;0.536842;0.242105;0.178947;0.136842;0.28;0.246316;-0.0947369;0.170526;0.275789;0.0821052;0.187368;0.263158;0.68;0.0568421;0.301053;-0.132632;0.0947368;-0.0273684;0.322105;0.557895;-0.132632;0.212632;0.541053;-0.0105263;-0.0526316;-0.136842;0.410526;0.532632;0.157895;0.334737;-0.229474;-0.427368;-0.221053;-0.0947369;-0.0947369;0.347368;+1;0;+1;-1;+1

38.79;0.310526;0;-0.105263;0.736842;0.357895;0.46798;0.0541872;-0.0640394;-0.142857;-0.37931;-0.226601;0.00985224;-0.0344827;0.551724;0.133005;0.123153;0.187192;0.137931;-0.453202;0.418719;0.743842;0.458128;0.359606;0.802956;0.251232;-0.128079;0.167488;-0.133005;0.256158;-0.152709;0.497537;-0.369458;0.384236;-0.418719;0.551724;0.133005;0.0738917;0.0541872;-0.502463;-0.871921;0.502463;-0.669951;0.0640394;0.452632;0.157895;0.536842;0.242105;0.178947;0.136842;0.28;0.246316;-0.0947369;0.170526;0.275789;0.0821052;0.187368;0.263158;0.68;0.0568421;0.301053;-0.132632;0.0947368;-0.0273684;0.322105;0.557895;-0.132632;0.212632;0.541053;-0.0105263;-0.0526316;-0.136842;0.410526;0.532632;0.157895;0.334737;-0.229474;-0.427368;-0.221053;-0.0947369;-0.0947369;-1;0;-1;-1;+1

38.7;-0.0473684;0.310526;0;-0.105263;0.736842;0.399015;0.46798;0.0541872;-0.0640394;-0.142857;-0.37931;-0.226601;0.00985224;-0.0344827;0.551724;0.133005;0.123153;0.187192;0.137931;-0.453202;0.418719;0.743842;0.458128;0.359606;0.802956;0.251232;-0.128079;0.167488;-0.133005;0.256158;-0.152709;0.497537;-0.369458;0.384236;-0.418719;0.551724;0.133005;0.0738917;0.0541872;-0.502463;-0.871921;0.502463;-0.669951;0.2;0.452632;0.157895;0.536842;0.242105;0.178947;0.136842;0.28;0.246316;-0.0947369;0.170526;0.275789;0.0821052;0.187368;0.263158;0.68;0.0568421;0.301053;-0.132632;0.0947368;-0.0273684;0.322105;0.557895;-0.132632;0.212632;0.541053;-0.0105263;-0.0526316;-0.136842;0.410526;0.532632;0.157895;0.334737;-0.229474;-0.427368;-0.221053;-0.0947369;+1;0;+1;-1;+1

38.99;0.152632;-0.0473684;0.310526;0;-0.105263;0.753695;0.399015;0.46798;0.0541872;-0.0640394;-0.142857;-0.37931;-0.226601;0.00985224;-0.0344827;0.551724;0.133005;0.123153;0.187192;0.137931;-0.453202;0.418719;0.743842;0.458128;0.359606;0.802956;0.251232;-0.128079;0.167488;-0.133005;0.256158;-0.152709;0.497537;-0.369458;0.384236;-0.418719;0.551724;0.133005;0.0738917;0.0541872;-0.502463;-0.871921;0.502463;-0.427368;0.2;0.452632;0.157895;0.536842;0.242105;0.178947;0.136842;0.28;0.246316;-0.0947369;0.170526;0.275789;0.0821052;0.187368;0.263158;0.68;0.0568421;0.301053;-0.132632;0.0947368;-0.0273684;0.322105;0.557895;-0.132632;0.212632;0.541053;-0.0105263;-0.0526316;-0.136842;0.410526;0.532632;0.157895;0.334737;-0.229474;-0.427368;-0.221053;-1;0;+1;-1;+1

38;-0.521053;0.152632;-0.0473684;0.310526;0;-0.0344827;0.753695;0.399015;0.46798;0.0541872;-0.0640394;-0.142857;-0.37931;-0.226601;0.00985224;-0.0344827;0.551724;0.133005;0.123153;0.187192;0.137931;-0.453202;0.418719;0.743842;0.458128;0.359606;0.802956;0.251232;-0.128079;0.167488;-0.133005;0.256158;-0.152709;0.497537;-0.369458;0.384236;-0.418719;0.551724;0.133005;0.0738917;0.0541872;-0.502463;-0.871921;0.574737;-0.427368;0.2;0.452632;0.157895;0.536842;0.242105;0.178947;0.136842;0.28;0.246316;-0.0947369;0.170526;0.275789;0.0821052;0.187368;0.263158;0.68;0.0568421;0.301053;-0.132632;0.0947368;-0.0273684;0.322105;0.557895;-0.132632;0.212632;0.541053;-0.0105263;-0.0526316;-0.136842;0.410526;0.532632;0.157895;0.334737;-0.229474;-0.427368;+1;0;+1;-1;+1

38.39;0.205263;-0.521053;0.152632;-0.0473684;0.310526;0.0640394;-0.0344827;0.753695;0.399015;0.46798;0.0541872;-0.0640394;-0.142857;-0.37931;-0.226601;0.00985224;-0.0344827;0.551724;0.133005;0.123153;0.187192;0.137931;-0.453202;0.418719;0.743842;0.458128;0.359606;0.802956;0.251232;-0.128079;0.167488;-0.133005;0.256158;-0.152709;0.497537;-0.369458;0.384236;-0.418719;0.551724;0.133005;0.0738917;0.0541872;-0.502463;-0.6;0.574737;-0.427368;0.2;0.452632;0.157895;0.536842;0.242105;0.178947;0.136842;0.28;0.246316;-0.0947369;0.170526;0.275789;0.0821052;0.187368;0.263158;0.68;0.0568421;0.301053;-0.132632;0.0947368;-0.0273684;0.322105;0.557895;-0.132632;0.212632;0.541053;-0.0105263;-0.0526316;-0.136842;0.410526;0.532632;0.157895;0.334737;-0.229474;+1;0;+1;-1;+1

38.99;0.315789;0.205263;-0.521053;0.152632;-0.0473684;0.35468;0.0640394;-0.0344827;0.753695;0.399015;0.46798;0.0541872;-0.0640394;-0.142857;-0.37931;-0.226601;0.00985224;-0.0344827;0.551724;0.133005;0.123153;0.187192;0.137931;-0.453202;0.418719;0.743842;0.458128;0.359606;0.802956;0.251232;-0.128079;0.167488;-0.133005;0.256158;-0.152709;0.497537;-0.369458;0.384236;-0.418719;0.551724;0.133005;0.0738917;0.0541872;-0.284211;-0.6;0.574737;-0.427368;0.2;0.452632;0.157895;0.536842;0.242105;0.178947;0.136842;0.28;0.246316;-0.0947369;0.170526;0.275789;0.0821052;0.187368;0.263158;0.68;0.0568421;0.301053;-0.132632;0.0947368;-0.0273684;0.322105;0.557895;-0.132632;0.212632;0.541053;-0.0105263;-0.0526316;-0.136842;0.410526;0.532632;0.157895;0.334737;+1;0;+1;-1;+1

39.02;0.0157895;0.315789;0.205263;-0.521053;0.152632;0.0197045;0.35468;0.0640394;-0.0344827;0.753695;0.399015;0.46798;0.0541872;-0.0640394;-0.142857;-0.37931;-0.226601;0.00985224;-0.0344827;0.551724;0.133005;0.123153;0.187192;0.137931;-0.453202;0.418719;0.743842;0.458128;0.359606;0.802956;0.251232;-0.128079;0.167488;-0.133005;0.256158;-0.152709;0.497537;-0.369458;0.384236;-0.418719;0.551724;0.133005;0.0738917;0.191579;-0.284211;-0.6;0.574737;-0.427368;0.2;0.452632;0.157895;0.536842;0.242105;0.178947;0.136842;0.28;0.246316;-0.0947369;0.170526;0.275789;0.0821052;0.187368;0.263158;0.68;0.0568421;0.301053;-0.132632;0.0947368;-0.0273684;0.322105;0.557895;-0.132632;0.212632;0.541053;-0.0105263;-0.0526316;-0.136842;0.410526;0.532632;0.157895;+1;0;+1;-1;+1

39.19;0.0894737;0.0157895;0.315789;0.205263;-0.521053;0.206897;0.0197045;0.35468;0.0640394;-0.0344827;0.753695;0.399015;0.46798;0.0541872;-0.0640394;-0.142857;-0.37931;-0.226601;0.00985224;-0.0344827;0.551724;0.133005;0.123153;0.187192;0.137931;-0.453202;0.418719;0.743842;0.458128;0.359606;0.802956;0.251232;-0.128079;0.167488;-0.133005;0.256158;-0.152709;0.497537;-0.369458;0.384236;-0.418719;0.551724;0.133005;0.208421;0.191579;-0.284211;-0.6;0.574737;-0.427368;0.2;0.452632;0.157895;0.536842;0.242105;0.178947;0.136842;0.28;0.246316;-0.0947369;0.170526;0.275789;0.0821052;0.187368;0.263158;0.68;0.0568421;0.301053;-0.132632;0.0947368;-0.0273684;0.322105;0.557895;-0.132632;0.212632;0.541053;-0.0105263;-0.0526316;-0.136842;0.410526;0.532632;-1;0;-1;-1;+1

39;-0.1;0.0894737;0.0157895;0.315789;0.205263;-0.423645;0.206897;0.0197045;0.35468;0.0640394;-0.0344827;0.753695;0.399015;0.46798;0.0541872;-0.0640394;-0.142857;-0.37931;-0.226601;0.00985224;-0.0344827;0.551724;0.133005;0.123153;0.187192;0.137931;-0.453202;0.418719;0.743842;0.458128;0.359606;0.802956;0.251232;-0.128079;0.167488;-0.133005;0.256158;-0.152709;0.497537;-0.369458;0.384236;-0.418719;0.551724;0.258947;0.208421;0.191579;-0.284211;-0.6;0.574737;-0.427368;0.2;0.452632;0.157895;0.536842;0.242105;0.178947;0.136842;0.28;0.246316;-0.0947369;0.170526;0.275789;0.0821052;0.187368;0.263158;0.68;0.0568421;0.301053;-0.132632;0.0947368;-0.0273684;0.322105;0.557895;-0.132632;0.212632;0.541053;-0.0105263;-0.0526316;-0.136842;0.410526;-1;0;-1;-1;+1

38.29;-0.373684;-0.1;0.0894737;0.0157895;0.315789;0.256158;-0.423645;0.206897;0.0197045;0.35468;0.0640394;-0.0344827;0.753695;0.399015;0.46798;0.0541872;-0.0640394;-0.142857;-0.37931;-0.226601;0.00985224;-0.0344827;0.551724;0.133005;0.123153;0.187192;0.137931;-0.453202;0.418719;0.743842;0.458128;0.359606;0.802956;0.251232;-0.128079;0.167488;-0.133005;0.256158;-0.152709;0.497537;-0.369458;0.384236;-0.418719;0.616842;0.258947;0.208421;0.191579;-0.284211;-0.6;0.574737;-0.427368;0.2;0.452632;0.157895;0.536842;0.242105;0.178947;0.136842;0.28;0.246316;-0.0947369;0.170526;0.275789;0.0821052;0.187368;0.263158;0.68;0.0568421;0.301053;-0.132632;0.0947368;-0.0273684;0.322105;0.557895;-0.132632;0.212632;0.541053;-0.0105263;-0.0526316;-0.136842;+1;0;+1;-1;+1

38.69;0.210526;-0.373684;-0.1;0.0894737;0.0157895;0.359606;0.256158;-0.423645;0.206897;0.0197045;0.35468;0.0640394;-0.0344827;0.753695;0.399015;0.46798;0.0541872;-0.0640394;-0.142857;-0.37931;-0.226601;0.00985224;-0.0344827;0.551724;0.133005;0.123153;0.187192;0.137931;-0.453202;0.418719;0.743842;0.458128;0.359606;0.802956;0.251232;-0.128079;0.167488;-0.133005;0.256158;-0.152709;0.497537;-0.369458;0.384236;-0.212632;0.616842;0.258947;0.208421;0.191579;-0.284211;-0.6;0.574737;-0.427368;0.2;0.452632;0.157895;0.536842;0.242105;0.178947;0.136842;0.28;0.246316;-0.0947369;0.170526;0.275789;0.0821052;0.187368;0.263158;0.68;0.0568421;0.301053;-0.132632;0.0947368;-0.0273684;0.322105;0.557895;-0.132632;0.212632;0.541053;-0.0105263;-0.0526316;+1;0;-1;-1;+1

39;0.163158;0.210526;-0.373684;-0.1;0.0894737;0.0788178;0.359606;0.256158;-0.423645;0.206897;0.0197045;0.35468;0.0640394;-0.0344827;0.753695;0.399015;0.46798;0.0541872;-0.0640394;-0.142857;-0.37931;-0.226601;0.00985224;-0.0344827;0.551724;0.133005;0.123153;0.187192;0.137931;-0.453202;0.418719;0.743842;0.458128;0.359606;0.802956;0.251232;-0.128079;0.167488;-0.133005;0.256158;-0.152709;0.497537;-0.369458;0.473684;-0.212632;0.616842;0.258947;0.208421;0.191579;-0.284211;-0.6;0.574737;-0.427368;0.2;0.452632;0.157895;0.536842;0.242105;0.178947;0.136842;0.28;0.246316;-0.0947369;0.170526;0.275789;0.0821052;0.187368;0.263158;0.68;0.0568421;0.301053;-0.132632;0.0947368;-0.0273684;0.322105;0.557895;-0.132632;0.212632;0.541053;-0.0105263;-1;0;-1;-1;+1

37.6;-0.736842;0.163158;0.210526;-0.373684;-0.1;0.147783;0.0788178;0.359606;0.256158;-0.423645;0.206897;0.0197045;0.35468;0.0640394;-0.0344827;0.753695;0.399015;0.46798;0.0541872;-0.0640394;-0.142857;-0.37931;-0.226601;0.00985224;-0.0344827;0.551724;0.133005;0.123153;0.187192;0.137931;-0.453202;0.418719;0.743842;0.458128;0.359606;0.802956;0.251232;-0.128079;0.167488;-0.133005;0.256158;-0.152709;0.497537;-0.170526;0.473684;-0.212632;0.616842;0.258947;0.208421;0.191579;-0.284211;-0.6;0.574737;-0.427368;0.2;0.452632;0.157895;0.536842;0.242105;0.178947;0.136842;0.28;0.246316;-0.0947369;0.170526;0.275789;0.0821052;0.187368;0.263158;0.68;0.0568421;0.301053;-0.132632;0.0947368;-0.0273684;0.322105;0.557895;-0.132632;0.212632;0.541053;-1;0;-1;-1;+1

37.45;-0.0789474;-0.736842;0.163158;0.210526;-0.373684;-0.0295566;0.147783;0.0788178;0.359606;0.256158;-0.423645;0.206897;0.0197045;0.35468;0.0640394;-0.0344827;0.753695;0.399015;0.46798;0.0541872;-0.0640394;-0.142857;-0.37931;-0.226601;0.00985224;-0.0344827;0.551724;0.133005;0.123153;0.187192;0.137931;-0.453202;0.418719;0.743842;0.458128;0.359606;0.802956;0.251232;-0.128079;0.167488;-0.133005;0.256158;-0.152709;0.570526;-0.170526;0.473684;-0.212632;0.616842;0.258947;0.208421;0.191579;-0.284211;-0.6;0.574737;-0.427368;0.2;0.452632;0.157895;0.536842;0.242105;0.178947;0.136842;0.28;0.246316;-0.0947369;0.170526;0.275789;0.0821052;0.187368;0.263158;0.68;0.0568421;0.301053;-0.132632;0.0947368;-0.0273684;0.322105;0.557895;-0.132632;0.212632;+1;0;-1;-1;+1

38.99;0.810526;-0.0789474;-0.736842;0.163158;0.210526;-0.285714;-0.0295566;0.147783;0.0788178;0.359606;0.256158;-0.423645;0.206897;0.0197045;0.35468;0.0640394;-0.0344827;0.753695;0.399015;0.46798;0.0541872;-0.0640394;-0.142857;-0.37931;-0.226601;0.00985224;-0.0344827;0.551724;0.133005;0.123153;0.187192;0.137931;-0.453202;0.418719;0.743842;0.458128;0.359606;0.802956;0.251232;-0.128079;0.167488;-0.133005;0.256158;0.0147368;0.570526;-0.170526;0.473684;-0.212632;0.616842;0.258947;0.208421;0.191579;-0.284211;-0.6;0.574737;-0.427368;0.2;0.452632;0.157895;0.536842;0.242105;0.178947;0.136842;0.28;0.246316;-0.0947369;0.170526;0.275789;0.0821052;0.187368;0.263158;0.68;0.0568421;0.301053;-0.132632;0.0947368;-0.0273684;0.322105;0.557895;-0.132632;-1;0;-1;-1;+1

38;-0.521053;0.810526;-0.0789474;-0.736842;0.163158;0.261084;-0.285714;-0.0295566;0.147783;0.0788178;0.359606;0.256158;-0.423645;0.206897;0.0197045;0.35468;0.0640394;-0.0344827;0.753695;0.399015;0.46798;0.0541872;-0.0640394;-0.142857;-0.37931;-0.226601;0.00985224;-0.0344827;0.551724;0.133005;0.123153;0.187192;0.137931;-0.453202;0.418719;0.743842;0.458128;0.359606;0.802956;0.251232;-0.128079;0.167488;-0.133005;0.364211;0.0147368;0.570526;-0.170526;0.473684;-0.212632;0.616842;0.258947;0.208421;0.191579;-0.284211;-0.6;0.574737;-0.427368;0.2;0.452632;0.157895;0.536842;0.242105;0.178947;0.136842;0.28;0.246316;-0.0947369;0.170526;0.275789;0.0821052;0.187368;0.263158;0.68;0.0568421;0.301053;-0.132632;0.0947368;-0.0273684;0.322105;0.557895;+1;0;+1;-1;+1

38.21;0.110526;-0.521053;0.810526;-0.0789474;-0.736842;0.216749;0.261084;-0.285714;-0.0295566;0.147783;0.0788178;0.359606;0.256158;-0.423645;0.206897;0.0197045;0.35468;0.0640394;-0.0344827;0.753695;0.399015;0.46798;0.0541872;-0.0640394;-0.142857;-0.37931;-0.226601;0.00985224;-0.0344827;0.551724;0.133005;0.123153;0.187192;0.137931;-0.453202;0.418719;0.743842;0.458128;0.359606;0.802956;0.251232;-0.128079;0.167488;0.0315789;0.364211;0.0147368;0.570526;-0.170526;0.473684;-0.212632;0.616842;0.258947;0.208421;0.191579;-0.284211;-0.6;0.574737;-0.427368;0.2;0.452632;0.157895;0.536842;0.242105;0.178947;0.136842;0.28;0.246316;-0.0947369;0.170526;0.275789;0.0821052;0.187368;0.263158;0.68;0.0568421;0.301053;-0.132632;0.0947368;-0.0273684;0.322105;+1;0;+1;-1;+1

38.4;0.1;0.110526;-0.521053;0.810526;-0.0789474;-0.625616;0.216749;0.261084;-0.285714;-0.0295566;0.147783;0.0788178;0.359606;0.256158;-0.423645;0.206897;0.0197045;0.35468;0.0640394;-0.0344827;0.753695;0.399015;0.46798;0.0541872;-0.0640394;-0.142857;-0.37931;-0.226601;0.00985224;-0.0344827;0.551724;0.133005;0.123153;0.187192;0.137931;-0.453202;0.418719;0.743842;0.458128;0.359606;0.802956;0.251232;-0.128079;0.288421;0.0315789;0.364211;0.0147368;0.570526;-0.170526;0.473684;-0.212632;0.616842;0.258947;0.208421;0.191579;-0.284211;-0.6;0.574737;-0.427368;0.2;0.452632;0.157895;0.536842;0.242105;0.178947;0.136842;0.28;0.246316;-0.0947369;0.170526;0.275789;0.0821052;0.187368;0.263158;0.68;0.0568421;0.301053;-0.132632;0.0947368;-0.0273684;-1;0;-1;-1;+1

