49.81;-0.137931;-1;-0.0483619;0.0296412;-0.163807;-0.110764;-0.435257;-0.25741;0.0951638;-0.0358814;-0.550702;-0.0078003;-0.163807;-0.210608;-0.0577223;-0.563183;-0.0109204;-0.50702;-0.163807;-0.226209;0.148206;-0.535101;0.606864;0.404056;-0.413417;-0.569423;-0.223089;0.0514821;0.0546022;-0.725429;-0.0390016;0.0546022;0.273011;-0.50702;-0.195008;-0.132605;-0.25741;-0.0421217;-0.304212;-0.051482;+1;0;+1;-1;+1

50.1;-0.0783699;-0.132605;-1;-0.0483619;0.0296412;-0.163807;-0.110764;-0.435257;-0.25741;0.0951638;-0.0358814;-0.550702;-0.0078003;-0.163807;-0.210608;-0.0577223;-0.563183;-0.0109204;-0.50702;-0.163807;-0.226209;0.148206;-0.535101;0.606864;0.404056;-0.413417;-0.569423;-0.223089;0.0514821;0.0546022;-0.725429;-0.0390016;0.0546022;0.273011;-0.50702;-0.195008;-0.132605;-0.25741;-0.0421217;-0.304212;+1;0;+1;-1;+1

50.42;-0.0689655;-0.0733229;-0.132605;-1;-0.0483619;0.0296412;-0.163807;-0.110764;-0.435257;-0.25741;0.0951638;-0.0358814;-0.550702;-0.0078003;-0.163807;-0.210608;-0.0577223;-0.563183;-0.0109204;-0.50702;-0.163807;-0.226209;0.148206;-0.535101;0.606864;0.404056;-0.413417;-0.569423;-0.223089;0.0514821;0.0546022;-0.725429;-0.0390016;0.0546022;0.273011;-0.50702;-0.195008;-0.132605;-0.25741;-0.0421217;+1;0;+1;-1;+1

50.54;-0.131661;-0.0639625;-0.0733229;-0.132605;-1;-0.0483619;0.0296412;-0.163807;-0.110764;-0.435257;-0.25741;0.0951638;-0.0358814;-0.550702;-0.0078003;-0.163807;-0.210608;-0.0577223;-0.563183;-0.0109204;-0.50702;-0.163807;-0.226209;0.148206;-0.535101;0.606864;0.404056;-0.413417;-0.569423;-0.223089;0.0514821;0.0546022;-0.725429;-0.0390016;0.0546022;0.273011;-0.50702;-0.195008;-0.132605;-0.25741;-1;0;-1;-1;+1

50.5;-0.181818;-0.126365;-0.0639625;-0.0733229;-0.132605;-1;-0.0483619;0.0296412;-0.163807;-0.110764;-0.435257;-0.25741;0.0951638;-0.0358814;-0.550702;-0.0078003;-0.163807;-0.210608;-0.0577223;-0.563183;-0.0109204;-0.50702;-0.163807;-0.226209;0.148206;-0.535101;0.606864;0.404056;-0.413417;-0.569423;-0.223089;0.0514821;0.0546022;-0.725429;-0.0390016;0.0546022;0.273011;-0.50702;-0.195008;-0.132605;-1;0;-1;-1;+1

50.5;-0.169279;-0.176287;-0.126365;-0.0639625;-0.0733229;-0.132605;-1;-0.0483619;0.0296412;-0.163807;-0.110764;-0.435257;-0.25741;0.0951638;-0.0358814;-0.550702;-0.0078003;-0.163807;-0.210608;-0.0577223;-0.563183;-0.0109204;-0.50702;-0.163807;-0.226209;0.148206;-0.535101;0.606864;0.404056;-0.413417;-0.569423;-0.223089;0.0514821;0.0546022;-0.725429;-0.0390016;0.0546022;0.273011;-0.50702;-0.195008;-1;0;-1;-1;+1

49.94;-0.344828;-0.163807;-0.176287;-0.126365;-0.0639625;-0.0733229;-0.132605;-1;-0.0483619;0.0296412;-0.163807;-0.110764;-0.435257;-0.25741;0.0951638;-0.0358814;-0.550702;-0.0078003;-0.163807;-0.210608;-0.0577223;-0.563183;-0.0109204;-0.50702;-0.163807;-0.226209;0.148206;-0.535101;0.606864;0.404056;-0.413417;-0.569423;-0.223089;0.0514821;0.0546022;-0.725429;-0.0390016;0.0546022;0.273011;-0.50702;+1;0;+1;-1;+1

50.37;-0.0344827;-0.338534;-0.163807;-0.176287;-0.126365;-0.0639625;-0.0733229;-0.132605;-1;-0.0483619;0.0296412;-0.163807;-0.110764;-0.435257;-0.25741;0.0951638;-0.0358814;-0.550702;-0.0078003;-0.163807;-0.210608;-0.0577223;-0.563183;-0.0109204;-0.50702;-0.163807;-0.226209;0.148206;-0.535101;0.606864;0.404056;-0.413417;-0.569423;-0.223089;0.0514821;0.0546022;-0.725429;-0.0390016;0.0546022;0.273011;-1;0;+1;-1;+1

47.72;-1;-0.0296412;-0.338534;-0.163807;-0.176287;-0.126365;-0.0639625;-0.0733229;-0.132605;-1;-0.0483619;0.0296412;-0.163807;-0.110764;-0.435257;-0.25741;0.0951638;-0.0358814;-0.550702;-0.0078003;-0.163807;-0.210608;-0.0577223;-0.563183;-0.0109204;-0.50702;-0.163807;-0.226209;0.148206;-0.535101;0.606864;0.404056;-0.413417;-0.569423;-0.223089;0.0514821;0.0546022;-0.725429;-0.0390016;0.0546022;-1;0;-1;-1;+1

47.54;-0.225705;-0.99064;-0.0296412;-0.338534;-0.163807;-0.176287;-0.126365;-0.0639625;-0.0733229;-0.132605;-1;-0.0483619;0.0296412;-0.163807;-0.110764;-0.435257;-0.25741;0.0951638;-0.0358814;-0.550702;-0.0078003;-0.163807;-0.210608;-0.0577223;-0.563183;-0.0109204;-0.50702;-0.163807;-0.226209;0.148206;-0.535101;0.606864;0.404056;-0.413417;-0.569423;-0.223089;0.0514821;0.0546022;-0.725429;-0.0390016;+1;0;+1;-1;+1

48.6;0.163009;-0.219969;-0.99064;-0.0296412;-0.338534;-0.163807;-0.176287;-0.126365;-0.0639625;-0.0733229;-0.132605;-1;-0.0483619;0.0296412;-0.163807;-0.110764;-0.435257;-0.25741;0.0951638;-0.0358814;-0.550702;-0.0078003;-0.163807;-0.210608;-0.0577223;-0.563183;-0.0109204;-0.50702;-0.163807;-0.226209;0.148206;-0.535101;0.606864;0.404056;-0.413417;-0.569423;-0.223089;0.0514821;0.0546022;-0.725429;-1;0;-1;-1;+1

46.12;-0.946708;0.166927;-0.219969;-0.99064;-0.0296412;-0.338534;-0.163807;-0.176287;-0.126365;-0.0639625;-0.0733229;-0.132605;-1;-0.0483619;0.0296412;-0.163807;-0.110764;-0.435257;-0.25741;0.0951638;-0.0358814;-0.550702;-0.0078003;-0.163807;-0.210608;-0.0577223;-0.563183;-0.0109204;-0.50702;-0.163807;-0.226209;0.148206;-0.535101;0.606864;0.404056;-0.413417;-0.569423;-0.223089;0.0514821;0.0546022;-1;0;-1;-1;+1

45.82;-0.263323;-0.937598;0.166927;-0.219969;-0.99064;-0.0296412;-0.338534;-0.163807;-0.176287;-0.126365;-0.0639625;-0.0733229;-0.132605;-1;-0.0483619;0.0296412;-0.163807;-0.110764;-0.435257;-0.25741;0.0951638;-0.0358814;-0.550702;-0.0078003;-0.163807;-0.210608;-0.0577223;-0.563183;-0.0109204;-0.50702;-0.163807;-0.226209;0.148206;-0.535101;0.606864;0.404056;-0.413417;-0.569423;-0.223089;0.0514821;+1;0;+1;-1;+1

46.3;-0.0188088;-0.25741;-0.937598;0.166927;-0.219969;-0.99064;-0.0296412;-0.338534;-0.163807;-0.176287;-0.126365;-0.0639625;-0.0733229;-0.132605;-1;-0.0483619;0.0296412;-0.163807;-0.110764;-0.435257;-0.25741;0.0951638;-0.0358814;-0.550702;-0.0078003;-0.163807;-0.210608;-0.0577223;-0.563183;-0.0109204;-0.50702;-0.163807;-0.226209;0.148206;-0.535101;0.606864;0.404056;-0.413417;-0.569423;-0.223089;-1;0;-1;-1;+1

44.77;-0.648903;-0.0140406;-0.25741;-0.937598;0.166927;-0.219969;-0.99064;-0.0296412;-0.338534;-0.163807;-0.176287;-0.126365;-0.0639625;-0.0733229;-0.132605;-1;-0.0483619;0.0296412;-0.163807;-0.110764;-0.435257;-0.25741;0.0951638;-0.0358814;-0.550702;-0.0078003;-0.163807;-0.210608;-0.0577223;-0.563183;-0.0109204;-0.50702;-0.163807;-0.226209;0.148206;-0.535101;0.606864;0.404056;-0.413417;-0.569423;-1;0;-1;-1;+1

44;-0.410658;-0.641186;-0.0140406;-0.25741;-0.937598;0.166927;-0.219969;-0.99064;-0.0296412;-0.338534;-0.163807;-0.176287;-0.126365;-0.0639625;-0.0733229;-0.132605;-1;-0.0483619;0.0296412;-0.163807;-0.110764;-0.435257;-0.25741;0.0951638;-0.0358814;-0.550702;-0.0078003;-0.163807;-0.210608;-0.0577223;-0.563183;-0.0109204;-0.50702;-0.163807;-0.226209;0.148206;-0.535101;0.606864;0.404056;-0.413417;-1;0;+1;-1;+1

41.82;-0.852665;-0.404056;-0.641186;-0.0140406;-0.25741;-0.937598;0.166927;-0.219969;-0.99064;-0.0296412;-0.338534;-0.163807;-0.176287;-0.126365;-0.0639625;-0.0733229;-0.132605;-1;-0.0483619;0.0296412;-0.163807;-0.110764;-0.435257;-0.25741;0.0951638;-0.0358814;-0.550702;-0.0078003;-0.163807;-0.210608;-0.0577223;-0.563183;-0.0109204;-0.50702;-0.163807;-0.226209;0.148206;-0.535101;0.606864;0.404056;+1;0;-1;-1;+1

42.51;0.047022;-0.843994;-0.404056;-0.641186;-0.0140406;-0.25741;-0.937598;0.166927;-0.219969;-0.99064;-0.0296412;-0.338534;-0.163807;-0.176287;-0.126365;-0.0639625;-0.0733229;-0.132605;-1;-0.0483619;0.0296412;-0.163807;-0.110764;-0.435257;-0.25741;0.0951638;-0.0358814;-0.550702;-0.0078003;-0.163807;-0.210608;-0.0577223;-0.563183;-0.0109204;-0.50702;-0.163807;-0.226209;0.148206;-0.535101;0.606864;+1;0;+1;-1;+1

43.7;0.203762;0.0514821;-0.843994;-0.404056;-0.641186;-0.0140406;-0.25741;-0.937598;0.166927;-0.219969;-0.99064;-0.0296412;-0.338534;-0.163807;-0.176287;-0.126365;-0.0639625;-0.0733229;-0.132605;-1;-0.0483619;0.0296412;-0.163807;-0.110764;-0.435257;-0.25741;0.0951638;-0.0358814;-0.550702;-0.0078003;-0.163807;-0.210608;-0.0577223;-0.563183;-0.0109204;-0.50702;-0.163807;-0.226209;0.148206;-0.535101;+1;0;+1;-1;+1

43.8;-0.137931;0.207488;0.0514821;-0.843994;-0.404056;-0.641186;-0.0140406;-0.25741;-0.937598;0.166927;-0.219969;-0.99064;-0.0296412;-0.338534;-0.163807;-0.176287;-0.126365;-0.0639625;-0.0733229;-0.132605;-1;-0.0483619;0.0296412;-0.163807;-0.110764;-0.435257;-0.25741;0.0951638;-0.0358814;-0.550702;-0.0078003;-0.163807;-0.210608;-0.0577223;-0.563183;-0.0109204;-0.50702;-0.163807;-0.226209;0.148206;-1;0;-1;-1;+1

42.5;-0.576802;-0.132605;0.207488;0.0514821;-0.843994;-0.404056;-0.641186;-0.0140406;-0.25741;-0.937598;0.166927;-0.219969;-0.99064;-0.0296412;-0.338534;-0.163807;-0.176287;-0.126365;-0.0639625;-0.0733229;-0.132605;-1;-0.0483619;0.0296412;-0.163807;-0.110764;-0.435257;-0.25741;0.0951638;-0.0358814;-0.550702;-0.0078003;-0.163807;-0.210608;-0.0577223;-0.563183;-0.0109204;-0.50702;-0.163807;-0.226209;-1;0;-1;-1;+1

42.41;-0.197492;-0.569423;-0.132605;0.207488;0.0514821;-0.843994;-0.404056;-0.641186;-0.0140406;-0.25741;-0.937598;0.166927;-0.219969;-0.99064;-0.0296412;-0.338534;-0.163807;-0.176287;-0.126365;-0.0639625;-0.0733229;-0.132605;-1;-0.0483619;0.0296412;-0.163807;-0.110764;-0.435257;-0.25741;0.0951638;-0.0358814;-0.550702;-0.0078003;-0.163807;-0.210608;-0.0577223;-0.563183;-0.0109204;-0.50702;-0.163807;+1;0;+1;-1;+1

44.27;0.413793;-0.191888;-0.569423;-0.132605;0.207488;0.0514821;-0.843994;-0.404056;-0.641186;-0.0140406;-0.25741;-0.937598;0.166927;-0.219969;-0.99064;-0.0296412;-0.338534;-0.163807;-0.176287;-0.126365;-0.0639625;-0.0733229;-0.132605;-1;-0.0483619;0.0296412;-0.163807;-0.110764;-0.435257;-0.25741;0.0951638;-0.0358814;-0.550702;-0.0078003;-0.163807;-0.210608;-0.0577223;-0.563183;-0.0109204;-0.50702;+1;0;+1;-1;+1

48;1;0.416537;-0.191888;-0.569423;-0.132605;0.207488;0.0514821;-0.843994;-0.404056;-0.641186;-0.0140406;-0.25741;-0.937598;0.166927;-0.219969;-0.99064;-0.0296412;-0.338534;-0.163807;-0.176287;-0.126365;-0.0639625;-0.0733229;-0.132605;-1;-0.0483619;0.0296412;-0.163807;-0.110764;-0.435257;-0.25741;0.0951638;-0.0358814;-0.550702;-0.0078003;-0.163807;-0.210608;-0.0577223;-0.563183;-0.0109204;-1;0;-1;-1;+1

46;-0.796238;1;0.416537;-0.191888;-0.569423;-0.132605;0.207488;0.0514821;-0.843994;-0.404056;-0.641186;-0.0140406;-0.25741;-0.937598;0.166927;-0.219969;-0.99064;-0.0296412;-0.338534;-0.163807;-0.176287;-0.126365;-0.0639625;-0.0733229;-0.132605;-1;-0.0483619;0.0296412;-0.163807;-0.110764;-0.435257;-0.25741;0.0951638;-0.0358814;-0.550702;-0.0078003;-0.163807;-0.210608;-0.0577223;-0.563183;+1;0;+1;-1;+1

46.19;-0.109718;-0.787831;1;0.416537;-0.191888;-0.569423;-0.132605;0.207488;0.0514821;-0.843994;-0.404056;-0.641186;-0.0140406;-0.25741;-0.937598;0.166927;-0.219969;-0.99064;-0.0296412;-0.338534;-0.163807;-0.176287;-0.126365;-0.0639625;-0.0733229;-0.132605;-1;-0.0483619;0.0296412;-0.163807;-0.110764;-0.435257;-0.25741;0.0951638;-0.0358814;-0.550702;-0.0078003;-0.163807;-0.210608;-0.0577223;-1;0;-1;-1;+1

45.01;-0.539185;-0.104524;-0.787831;1;0.416537;-0.191888;-0.569423;-0.132605;0.207488;0.0514821;-0.843994;-0.404056;-0.641186;-0.0140406;-0.25741;-0.937598;0.166927;-0.219969;-0.99064;-0.0296412;-0.338534;-0.163807;-0.176287;-0.126365;-0.0639625;-0.0733229;-0.132605;-1;-0.0483619;0.0296412;-0.163807;-0.110764;-0.435257;-0.25741;0.0951638;-0.0358814;-0.550702;-0.0078003;-0.163807;-0.210608;+1;0;+1;-1;+1

46;0.141066;-0.531981;-0.104524;-0.787831;1;0.416537;-0.191888;-0.569423;-0.132605;0.207488;0.0514821;-0.843994;-0.404056;-0.641186;-0.0140406;-0.25741;-0.937598;0.166927;-0.219969;-0.99064;-0.0296412;-0.338534;-0.163807;-0.176287;-0.126365;-0.0639625;-0.0733229;-0.132605;-1;-0.0483619;0.0296412;-0.163807;-0.110764;-0.435257;-0.25741;0.0951638;-0.0358814;-0.550702;-0.0078003;-0.163807;-1;0;-1;-1;+1

45;-0.482759;0.145086;-0.531981;-0.104524;-0.787831;1;0.416537;-0.191888;-0.569423;-0.132605;0.207488;0.0514821;-0.843994;-0.404056;-0.641186;-0.0140406;-0.25741;-0.937598;0.166927;-0.219969;-0.99064;-0.0296412;-0.338534;-0.163807;-0.176287;-0.126365;-0.0639625;-0.0733229;-0.132605;-1;-0.0483619;0.0296412;-0.163807;-0.110764;-0.435257;-0.25741;0.0951638;-0.0358814;-0.550702;-0.0078003;-1;0;-1;-1;+1

43.9;-0.514107;-0.475819;0.145086;-0.531981;-0.104524;-0.787831;1;0.416537;-0.191888;-0.569423;-0.132605;0.207488;0.0514821;-0.843994;-0.404056;-0.641186;-0.0140406;-0.25741;-0.937598;0.166927;-0.219969;-0.99064;-0.0296412;-0.338534;-0.163807;-0.176287;-0.126365;-0.0639625;-0.0733229;-0.132605;-1;-0.0483619;0.0296412;-0.163807;-0.110764;-0.435257;-0.25741;0.0951638;-0.0358814;-0.550702;-1;0;-1;-1;+1

43;-0.451411;-0.50702;-0.475819;0.145086;-0.531981;-0.104524;-0.787831;1;0.416537;-0.191888;-0.569423;-0.132605;0.207488;0.0514821;-0.843994;-0.404056;-0.641186;-0.0140406;-0.25741;-0.937598;0.166927;-0.219969;-0.99064;-0.0296412;-0.338534;-0.163807;-0.176287;-0.126365;-0.0639625;-0.0733229;-0.132605;-1;-0.0483619;0.0296412;-0.163807;-0.110764;-0.435257;-0.25741;0.0951638;-0.0358814;+1;0;+1;-1;+1

44;0.144201;-0.444618;-0.50702;-0.475819;0.145086;-0.531981;-0.104524;-0.787831;1;0.416537;-0.191888;-0.569423;-0.132605;0.207488;0.0514821;-0.843994;-0.404056;-0.641186;-0.0140406;-0.25741;-0.937598;0.166927;-0.219969;-0.99064;-0.0296412;-0.338534;-0.163807;-0.176287;-0.126365;-0.0639625;-0.0733229;-0.132605;-1;-0.0483619;0.0296412;-0.163807;-0.110764;-0.435257;-0.25741;0.0951638;+1;0;+1;-1;+1

44.1;-0.137931;0.148206;-0.444618;-0.50702;-0.475819;0.145086;-0.531981;-0.104524;-0.787831;1;0.416537;-0.191888;-0.569423;-0.132605;0.207488;0.0514821;-0.843994;-0.404056;-0.641186;-0.0140406;-0.25741;-0.937598;0.166927;-0.219969;-0.99064;-0.0296412;-0.338534;-0.163807;-0.176287;-0.126365;-0.0639625;-0.0733229;-0.132605;-1;-0.0483619;0.0296412;-0.163807;-0.110764;-0.435257;-0.25741;-1;0;-1;-1;+1

43.9;-0.231975;-0.132605;0.148206;-0.444618;-0.50702;-0.475819;0.145086;-0.531981;-0.104524;-0.787831;1;0.416537;-0.191888;-0.569423;-0.132605;0.207488;0.0514821;-0.843994;-0.404056;-0.641186;-0.0140406;-0.25741;-0.937598;0.166927;-0.219969;-0.99064;-0.0296412;-0.338534;-0.163807;-0.176287;-0.126365;-0.0639625;-0.0733229;-0.132605;-1;-0.0483619;0.0296412;-0.163807;-0.110764;-0.435257;-1;0;-1;-1;+1

43.76;-0.213166;-0.226209;-0.132605;0.148206;-0.444618;-0.50702;-0.475819;0.145086;-0.531981;-0.104524;-0.787831;1;0.416537;-0.191888;-0.569423;-0.132605;0.207488;0.0514821;-0.843994;-0.404056;-0.641186;-0.0140406;-0.25741;-0.937598;0.166927;-0.219969;-0.99064;-0.0296412;-0.338534;-0.163807;-0.176287;-0.126365;-0.0639625;-0.0733229;-0.132605;-1;-0.0483619;0.0296412;-0.163807;-0.110764;+1;0;+1;-1;+1

44;-0.0940439;-0.207488;-0.226209;-0.132605;0.148206;-0.444618;-0.50702;-0.475819;0.145086;-0.531981;-0.104524;-0.787831;1;0.416537;-0.191888;-0.569423;-0.132605;0.207488;0.0514821;-0.843994;-0.404056;-0.641186;-0.0140406;-0.25741;-0.937598;0.166927;-0.219969;-0.99064;-0.0296412;-0.338534;-0.163807;-0.176287;-0.126365;-0.0639625;-0.0733229;-0.132605;-1;-0.0483619;0.0296412;-0.163807;-1;0;-1;-1;+1

43.4;-0.357367;-0.0889236;-0.207488;-0.226209;-0.132605;0.148206;-0.444618;-0.50702;-0.475819;0.145086;-0.531981;-0.104524;-0.787831;1;0.416537;-0.191888;-0.569423;-0.132605;0.207488;0.0514821;-0.843994;-0.404056;-0.641186;-0.0140406;-0.25741;-0.937598;0.166927;-0.219969;-0.99064;-0.0296412;-0.338534;-0.163807;-0.176287;-0.126365;-0.0639625;-0.0733229;-0.132605;-1;-0.0483619;0.0296412;+1;0;+1;-1;+1

44.25;0.0971787;-0.351014;-0.0889236;-0.207488;-0.226209;-0.132605;0.148206;-0.444618;-0.50702;-0.475819;0.145086;-0.531981;-0.104524;-0.787831;1;0.416537;-0.191888;-0.569423;-0.132605;0.207488;0.0514821;-0.843994;-0.404056;-0.641186;-0.0140406;-0.25741;-0.937598;0.166927;-0.219969;-0.99064;-0.0296412;-0.338534;-0.163807;-0.176287;-0.126365;-0.0639625;-0.0733229;-0.132605;-1;-0.0483619;-1;0;-1;-1;+1

44.19;-0.188088;0.101404;-0.351014;-0.0889236;-0.207488;-0.226209;-0.132605;0.148206;-0.444618;-0.50702;-0.475819;0.145086;-0.531981;-0.104524;-0.787831;1;0.416537;-0.191888;-0.569423;-0.132605;0.207488;0.0514821;-0.843994;-0.404056;-0.641186;-0.0140406;-0.25741;-0.937598;0.166927;-0.219969;-0.99064;-0.0296412;-0.338534;-0.163807;-0.176287;-0.126365;-0.0639625;-0.0733229;-0.132605;-1;+1;0;+1;-1;+1

44.24;-0.153605;-0.182527;0.101404;-0.351014;-0.0889236;-0.207488;-0.226209;-0.132605;0.148206;-0.444618;-0.50702;-0.475819;0.145086;-0.531981;-0.104524;-0.787831;1;0.416537;-0.191888;-0.569423;-0.132605;0.207488;0.0514821;-0.843994;-0.404056;-0.641186;-0.0140406;-0.25741;-0.937598;0.166927;-0.219969;-0.99064;-0.0296412;-0.338534;-0.163807;-0.176287;-0.126365;-0.0639625;-0.0733229;-0.132605;-1;0;+1;-1;+1

43.81;-0.304075;-0.148206;-0.182527;0.101404;-0.351014;-0.0889236;-0.207488;-0.226209;-0.132605;0.148206;-0.444618;-0.50702;-0.475819;0.145086;-0.531981;-0.104524;-0.787831;1;0.416537;-0.191888;-0.569423;-0.132605;0.207488;0.0514821;-0.843994;-0.404056;-0.641186;-0.0140406;-0.25741;-0.937598;0.166927;-0.219969;-0.99064;-0.0296412;-0.338534;-0.163807;-0.176287;-0.126365;-0.0639625;-0.0733229;+1;0;-1;-1;+1

44.95;0.188088;-0.297972;-0.148206;-0.182527;0.101404;-0.351014;-0.0889236;-0.207488;-0.226209;-0.132605;0.148206;-0.444618;-0.50702;-0.475819;0.145086;-0.531981;-0.104524;-0.787831;1;0.416537;-0.191888;-0.569423;-0.132605;0.207488;0.0514821;-0.843994;-0.404056;-0.641186;-0.0140406;-0.25741;-0.937598;0.166927;-0.219969;-0.99064;-0.0296412;-0.338534;-0.163807;-0.176287;-0.126365;-0.0639625;+1;0;+1;-1;+1

46;0.159875;0.191888;-0.297972;-0.148206;-0.182527;0.101404;-0.351014;-0.0889236;-0.207488;-0.226209;-0.132605;0.148206;-0.444618;-0.50702;-0.475819;0.145086;-0.531981;-0.104524;-0.787831;1;0.416537;-0.191888;-0.569423;-0.132605;0.207488;0.0514821;-0.843994;-0.404056;-0.641186;-0.0140406;-0.25741;-0.937598;0.166927;-0.219969;-0.99064;-0.0296412;-0.338534;-0.163807;-0.176287;-0.126365;-1;0;+1;-1;+1

45.25;-0.404389;0.163807;0.191888;-0.297972;-0.148206;-0.182527;0.101404;-0.351014;-0.0889236;-0.207488;-0.226209;-0.132605;0.148206;-0.444618;-0.50702;-0.475819;0.145086;-0.531981;-0.104524;-0.787831;1;0.416537;-0.191888;-0.569423;-0.132605;0.207488;0.0514821;-0.843994;-0.404056;-0.641186;-0.0140406;-0.25741;-0.937598;0.166927;-0.219969;-0.99064;-0.0296412;-0.338534;-0.163807;-0.176287;+1;0;+1;-1;+1

46.1;0.0971787;-0.397816;0.163807;0.191888;-0.297972;-0.148206;-0.182527;0.101404;-0.351014;-0.0889236;-0.207488;-0.226209;-0.132605;0.148206;-0.444618;-0.50702;-0.475819;0.145086;-0.531981;-0.104524;-0.787831;1;0.416537;-0.191888;-0.569423;-0.132605;0.207488;0.0514821;-0.843994;-0.404056;-0.641186;-0.0140406;-0.25741;-0.937598;0.166927;-0.219969;-0.99064;-0.0296412;-0.338534;-0.163807;-1;0;-1;-1;+1

44.75;-0.592476;0.101404;-0.397816;0.163807;0.191888;-0.297972;-0.148206;-0.182527;0.101404;-0.351014;-0.0889236;-0.207488;-0.226209;-0.132605;0.148206;-0.444618;-0.50702;-0.475819;0.145086;-0.531981;-0.104524;-0.787831;1;0.416537;-0.191888;-0.569423;-0.132605;0.207488;0.0514821;-0.843994;-0.404056;-0.641186;-0.0140406;-0.25741;-0.937598;0.166927;-0.219969;-0.99064;-0.0296412;-0.338534;-1;0;-1;-1;+1

44.51;-0.244514;-0.585023;0.101404;-0.397816;0.163807;0.191888;-0.297972;-0.148206;-0.182527;0.101404;-0.351014;-0.0889236;-0.207488;-0.226209;-0.132605;0.148206;-0.444618;-0.50702;-0.475819;0.145086;-0.531981;-0.104524;-0.787831;1;0.416537;-0.191888;-0.569423;-0.132605;0.207488;0.0514821;-0.843994;-0.404056;-0.641186;-0.0140406;-0.25741;-0.937598;0.166927;-0.219969;-0.99064;-0.0296412;+1;0;+1;-1;+1

44.52;-0.166144;-0.23869;-0.585023;0.101404;-0.397816;0.163807;0.191888;-0.297972;-0.148206;-0.182527;0.101404;-0.351014;-0.0889236;-0.207488;-0.226209;-0.132605;0.148206;-0.444618;-0.50702;-0.475819;0.145086;-0.531981;-0.104524;-0.787831;1;0.416537;-0.191888;-0.569423;-0.132605;0.207488;0.0514821;-0.843994;-0.404056;-0.641186;-0.0140406;-0.25741;-0.937598;0.166927;-0.219969;-0.99064;+1;0;+1;-1;+1

45.98;0.288401;-0.160686;-0.23869;-0.585023;0.101404;-0.397816;0.163807;0.191888;-0.297972;-0.148206;-0.182527;0.101404;-0.351014;-0.0889236;-0.207488;-0.226209;-0.132605;0.148206;-0.444618;-0.50702;-0.475819;0.145086;-0.531981;-0.104524;-0.787831;1;0.416537;-0.191888;-0.569423;-0.132605;0.207488;0.0514821;-0.843994;-0.404056;-0.641186;-0.0140406;-0.25741;-0.937598;0.166927;-0.219969;+1;0;+1;-1;+1

46.2;-0.100313;0.291732;-0.160686;-0.23869;-0.585023;0.101404;-0.397816;0.163807;0.191888;-0.297972;-0.148206;-0.182527;0.101404;-0.351014;-0.0889236;-0.207488;-0.226209;-0.132605;0.148206;-0.444618;-0.50702;-0.475819;0.145086;-0.531981;-0.104524;-0.787831;1;0.416537;-0.191888;-0.569423;-0.132605;0.207488;0.0514821;-0.843994;-0.404056;-0.641186;-0.0140406;-0.25741;-0.937598;0.166927;-1;0;-1;-1;+1

45;-0.545455;-0.0951638;0.291732;-0.160686;-0.23869;-0.585023;0.101404;-0.397816;0.163807;0.191888;-0.297972;-0.148206;-0.182527;0.101404;-0.351014;-0.0889236;-0.207488;-0.226209;-0.132605;0.148206;-0.444618;-0.50702;-0.475819;0.145086;-0.531981;-0.104524;-0.787831;1;0.416537;-0.191888;-0.569423;-0.132605;0.207488;0.0514821;-0.843994;-0.404056;-0.641186;-0.0140406;-0.25741;-0.937598;-1;0;-1;-1;+1

43.67;-0.586207;-0.538222;-0.0951638;0.291732;-0.160686;-0.23869;-0.585023;0.101404;-0.397816;0.163807;0.191888;-0.297972;-0.148206;-0.182527;0.101404;-0.351014;-0.0889236;-0.207488;-0.226209;-0.132605;0.148206;-0.444618;-0.50702;-0.475819;0.145086;-0.531981;-0.104524;-0.787831;1;0.416537;-0.191888;-0.569423;-0.132605;0.207488;0.0514821;-0.843994;-0.404056;-0.641186;-0.0140406;-0.25741;-1;0;+1;-1;+1

43.5;-0.222571;-0.578783;-0.538222;-0.0951638;0.291732;-0.160686;-0.23869;-0.585023;0.101404;-0.397816;0.163807;0.191888;-0.297972;-0.148206;-0.182527;0.101404;-0.351014;-0.0889236;-0.207488;-0.226209;-0.132605;0.148206;-0.444618;-0.50702;-0.475819;0.145086;-0.531981;-0.104524;-0.787831;1;0.416537;-0.191888;-0.569423;-0.132605;0.207488;0.0514821;-0.843994;-0.404056;-0.641186;-0.0140406;+1;0;+1;-1;+1

43.9;-0.0438871;-0.216849;-0.578783;-0.538222;-0.0951638;0.291732;-0.160686;-0.23869;-0.585023;0.101404;-0.397816;0.163807;0.191888;-0.297972;-0.148206;-0.182527;0.101404;-0.351014;-0.0889236;-0.207488;-0.226209;-0.132605;0.148206;-0.444618;-0.50702;-0.475819;0.145086;-0.531981;-0.104524;-0.787831;1;0.416537;-0.191888;-0.569423;-0.132605;0.207488;0.0514821;-0.843994;-0.404056;-0.641186;+1;0;+1;-1;+1

45.4;0.30094;-0.0390016;-0.216849;-0.578783;-0.538222;-0.0951638;0.291732;-0.160686;-0.23869;-0.585023;0.101404;-0.397816;0.163807;0.191888;-0.297972;-0.148206;-0.182527;0.101404;-0.351014;-0.0889236;-0.207488;-0.226209;-0.132605;0.148206;-0.444618;-0.50702;-0.475819;0.145086;-0.531981;-0.104524;-0.787831;1;0.416537;-0.191888;-0.569423;-0.132605;0.207488;0.0514821;-0.843994;-0.404056;+1;0;-1;-1;+1

47;0.332288;0.304212;-0.0390016;-0.216849;-0.578783;-0.538222;-0.0951638;0.291732;-0.160686;-0.23869;-0.585023;0.101404;-0.397816;0.163807;0.191888;-0.297972;-0.148206;-0.182527;0.101404;-0.351014;-0.0889236;-0.207488;-0.226209;-0.132605;0.148206;-0.444618;-0.50702;-0.475819;0.145086;-0.531981;-0.104524;-0.787831;1;0.416537;-0.191888;-0.569423;-0.132605;0.207488;0.0514821;-0.843994;-1;0;+1;-1;+1

45.69;-0.579937;0.335413;0.304212;-0.0390016;-0.216849;-0.578783;-0.538222;-0.0951638;0.291732;-0.160686;-0.23869;-0.585023;0.101404;-0.397816;0.163807;0.191888;-0.297972;-0.148206;-0.182527;0.101404;-0.351014;-0.0889236;-0.207488;-0.226209;-0.132605;0.148206;-0.444618;-0.50702;-0.475819;0.145086;-0.531981;-0.104524;-0.787831;1;0.416537;-0.191888;-0.569423;-0.132605;0.207488;0.0514821;-1;0;-1;-1;+1

45;-0.38558;-0.572543;0.335413;0.304212;-0.0390016;-0.216849;-0.578783;-0.538222;-0.0951638;0.291732;-0.160686;-0.23869;-0.585023;0.101404;-0.397816;0.163807;0.191888;-0.297972;-0.148206;-0.182527;0.101404;-0.351014;-0.0889236;-0.207488;-0.226209;-0.132605;0.148206;-0.444618;-0.50702;-0.475819;0.145086;-0.531981;-0.104524;-0.787831;1;0.416537;-0.191888;-0.569423;-0.132605;0.207488;+1;0;+1;-1;+1

45.31;-0.0721003;-0.379095;-0.572543;0.335413;0.304212;-0.0390016;-0.216849;-0.578783;-0.538222;-0.0951638;0.291732;-0.160686;-0.23869;-0.585023;0.101404;-0.397816;0.163807;0.191888;-0.297972;-0.148206;-0.182527;0.101404;-0.351014;-0.0889236;-0.207488;-0.226209;-0.132605;0.148206;-0.444618;-0.50702;-0.475819;0.145086;-0.531981;-0.104524;-0.787831;1;0.416537;-0.191888;-0.569423;-0.132605;-1;0;-1;-1;+1

45.29;-0.175549;-0.0670827;-0.379095;-0.572543;0.335413;0.304212;-0.0390016;-0.216849;-0.578783;-0.538222;-0.0951638;0.291732;-0.160686;-0.23869;-0.585023;0.101404;-0.397816;0.163807;0.191888;-0.297972;-0.148206;-0.182527;0.101404;-0.351014;-0.0889236;-0.207488;-0.226209;-0.132605;0.148206;-0.444618;-0.50702;-0.475819;0.145086;-0.531981;-0.104524;-0.787831;1;0.416537;-0.191888;-0.569423;-1;0;-1;-1;+1

45;-0.260188;-0.170047;-0.0670827;-0.379095;-0.572543;0.335413;0.304212;-0.0390016;-0.216849;-0.578783;-0.538222;-0.0951638;0.291732;-0.160686;-0.23869;-0.585023;0.101404;-0.397816;0.163807;0.191888;-0.297972;-0.148206;-0.182527;0.101404;-0.351014;-0.0889236;-0.207488;-0.226209;-0.132605;0.148206;-0.444618;-0.50702;-0.475819;0.145086;-0.531981;-0.104524;-0.787831;1;0.416537;-0.191888;+1;0;-1;-1;+1

45.4;-0.0438871;-0.25429;-0.170047;-0.0670827;-0.379095;-0.572543;0.335413;0.304212;-0.0390016;-0.216849;-0.578783;-0.538222;-0.0951638;0.291732;-0.160686;-0.23869;-0.585023;0.101404;-0.397816;0.163807;0.191888;-0.297972;-0.148206;-0.182527;0.101404;-0.351014;-0.0889236;-0.207488;-0.226209;-0.132605;0.148206;-0.444618;-0.50702;-0.475819;0.145086;-0.531981;-0.104524;-0.787831;1;0.416537;+1;0;+1;-1;+1

46.56;0.194357;-0.0390016;-0.25429;-0.170047;-0.0670827;-0.379095;-0.572543;0.335413;0.304212;-0.0390016;-0.216849;-0.578783;-0.538222;-0.0951638;0.291732;-0.160686;-0.23869;-0.585023;0.101404;-0.397816;0.163807;0.191888;-0.297972;-0.148206;-0.182527;0.101404;-0.351014;-0.0889236;-0.207488;-0.226209;-0.132605;0.148206;-0.444618;-0.50702;-0.475819;0.145086;-0.531981;-0.104524;-0.787831;1;-1;0;+1;-1;+1

46.39;-0.222571;0.198128;-0.0390016;-0.25429;-0.170047;-0.0670827;-0.379095;-0.572543;0.335413;0.304212;-0.0390016;-0.216849;-0.578783;-0.538222;-0.0951638;0.291732;-0.160686;-0.23869;-0.585023;0.101404;-0.397816;0.163807;0.191888;-0.297972;-0.148206;-0.182527;0.101404;-0.351014;-0.0889236;-0.207488;-0.226209;-0.132605;0.148206;-0.444618;-0.50702;-0.475819;0.145086;-0.531981;-0.104524;-0.787831;+1;0;+1;-1;+1

47.2;0.0846395;-0.216849;0.198128;-0.0390016;-0.25429;-0.170047;-0.0670827;-0.379095;-0.572543;0.335413;0.304212;-0.0390016;-0.216849;-0.578783;-0.538222;-0.0951638;0.291732;-0.160686;-0.23869;-0.585023;0.101404;-0.397816;0.163807;0.191888;-0.297972;-0.148206;-0.182527;0.101404;-0.351014;-0.0889236;-0.207488;-0.226209;-0.132605;0.148206;-0.444618;-0.50702;-0.475819;0.145086;-0.531981;-0.104524;+1;0;-1;-1;+1

47.85;0.0344828;0.0889236;-0.216849;0.198128;-0.0390016;-0.25429;-0.170047;-0.0670827;-0.379095;-0.572543;0.335413;0.304212;-0.0390016;-0.216849;-0.578783;-0.538222;-0.0951638;0.291732;-0.160686;-0.23869;-0.585023;0.101404;-0.397816;0.163807;0.191888;-0.297972;-0.148206;-0.182527;0.101404;-0.351014;-0.0889236;-0.207488;-0.226209;-0.132605;0.148206;-0.444618;-0.50702;-0.475819;0.145086;-0.531981;+1;0;+1;-1;+1

48;-0.122257;0.0390016;0.0889236;-0.216849;0.198128;-0.0390016;-0.25429;-0.170047;-0.0670827;-0.379095;-0.572543;0.335413;0.304212;-0.0390016;-0.216849;-0.578783;-0.538222;-0.0951638;0.291732;-0.160686;-0.23869;-0.585023;0.101404;-0.397816;0.163807;0.191888;-0.297972;-0.148206;-0.182527;0.101404;-0.351014;-0.0889236;-0.207488;-0.226209;-0.132605;0.148206;-0.444618;-0.50702;-0.475819;0.145086;+1;0;+1;-1;+1

49.69;0.360502;-0.117005;0.0390016;0.0889236;-0.216849;0.198128;-0.0390016;-0.25429;-0.170047;-0.0670827;-0.379095;-0.572543;0.335413;0.304212;-0.0390016;-0.216849;-0.578783;-0.538222;-0.0951638;0.291732;-0.160686;-0.23869;-0.585023;0.101404;-0.397816;0.163807;0.191888;-0.297972;-0.148206;-0.182527;0.101404;-0.351014;-0.0889236;-0.207488;-0.226209;-0.132605;0.148206;-0.444618;-0.50702;-0.475819;-1;0;-1;-1;+1

49.01;-0.382445;0.363495;-0.117005;0.0390016;0.0889236;-0.216849;0.198128;-0.0390016;-0.25429;-0.170047;-0.0670827;-0.379095;-0.572543;0.335413;0.304212;-0.0390016;-0.216849;-0.578783;-0.538222;-0.0951638;0.291732;-0.160686;-0.23869;-0.585023;0.101404;-0.397816;0.163807;0.191888;-0.297972;-0.148206;-0.182527;0.101404;-0.351014;-0.0889236;-0.207488;-0.226209;-0.132605;0.148206;-0.444618;-0.50702;+1;0;+1;-1;+1

49.06;-0.153605;-0.375975;0.363495;-0.117005;0.0390016;0.0889236;-0.216849;0.198128;-0.0390016;-0.25429;-0.170047;-0.0670827;-0.379095;-0.572543;0.335413;0.304212;-0.0390016;-0.216849;-0.578783;-0.538222;-0.0951638;0.291732;-0.160686;-0.23869;-0.585023;0.101404;-0.397816;0.163807;0.191888;-0.297972;-0.148206;-0.182527;0.101404;-0.351014;-0.0889236;-0.207488;-0.226209;-0.132605;0.148206;-0.444618;+1;0;+1;-1;+1

49.55;-0.015674;-0.148206;-0.375975;0.363495;-0.117005;0.0390016;0.0889236;-0.216849;0.198128;-0.0390016;-0.25429;-0.170047;-0.0670827;-0.379095;-0.572543;0.335413;0.304212;-0.0390016;-0.216849;-0.578783;-0.538222;-0.0951638;0.291732;-0.160686;-0.23869;-0.585023;0.101404;-0.397816;0.163807;0.191888;-0.297972;-0.148206;-0.182527;0.101404;-0.351014;-0.0889236;-0.207488;-0.226209;-0.132605;0.148206;+1;0;+1;-1;+1

50;-0.0282132;-0.0109204;-0.148206;-0.375975;0.363495;-0.117005;0.0390016;0.0889236;-0.216849;0.198128;-0.0390016;-0.25429;-0.170047;-0.0670827;-0.379095;-0.572543;0.335413;0.304212;-0.0390016;-0.216849;-0.578783;-0.538222;-0.0951638;0.291732;-0.160686;-0.23869;-0.585023;0.101404;-0.397816;0.163807;0.191888;-0.297972;-0.148206;-0.182527;0.101404;-0.351014;-0.0889236;-0.207488;-0.226209;-0.132605;-1;0;-1;-1;+1

49.01;-0.479624;-0.0234009;-0.0109204;-0.148206;-0.375975;0.363495;-0.117005;0.0390016;0.0889236;-0.216849;0.198128;-0.0390016;-0.25429;-0.170047;-0.0670827;-0.379095;-0.572543;0.335413;0.304212;-0.0390016;-0.216849;-0.578783;-0.538222;-0.0951638;0.291732;-0.160686;-0.23869;-0.585023;0.101404;-0.397816;0.163807;0.191888;-0.297972;-0.148206;-0.182527;0.101404;-0.351014;-0.0889236;-0.207488;-0.226209;-1;0;-1;-1;+1

48.84;-0.222571;-0.472699;-0.0234009;-0.0109204;-0.148206;-0.375975;0.363495;-0.117005;0.0390016;0.0889236;-0.216849;0.198128;-0.0390016;-0.25429;-0.170047;-0.0670827;-0.379095;-0.572543;0.335413;0.304212;-0.0390016;-0.216849;-0.578783;-0.538222;-0.0951638;0.291732;-0.160686;-0.23869;-0.585023;0.101404;-0.397816;0.163807;0.191888;-0.297972;-0.148206;-0.182527;0.101404;-0.351014;-0.0889236;-0.207488;+1;0;+1;-1;+1

49.4;0.0062696;-0.216849;-0.472699;-0.0234009;-0.0109204;-0.148206;-0.375975;0.363495;-0.117005;0.0390016;0.0889236;-0.216849;0.198128;-0.0390016;-0.25429;-0.170047;-0.0670827;-0.379095;-0.572543;0.335413;0.304212;-0.0390016;-0.216849;-0.578783;-0.538222;-0.0951638;0.291732;-0.160686;-0.23869;-0.585023;0.101404;-0.397816;0.163807;0.191888;-0.297972;-0.148206;-0.182527;0.101404;-0.351014;-0.0889236;+1;0;+1;-1;+1

51.9;0.61442;0.0109204;-0.216849;-0.472699;-0.0234009;-0.0109204;-0.148206;-0.375975;0.363495;-0.117005;0.0390016;0.0889236;-0.216849;0.198128;-0.0390016;-0.25429;-0.170047;-0.0670827;-0.379095;-0.572543;0.335413;0.304212;-0.0390016;-0.216849;-0.578783;-0.538222;-0.0951638;0.291732;-0.160686;-0.23869;-0.585023;0.101404;-0.397816;0.163807;0.191888;-0.297972;-0.148206;-0.182527;0.101404;-0.351014;-1;0;-1;-1;+1

50.81;-0.510972;0.616225;0.0109204;-0.216849;-0.472699;-0.0234009;-0.0109204;-0.148206;-0.375975;0.363495;-0.117005;0.0390016;0.0889236;-0.216849;0.198128;-0.0390016;-0.25429;-0.170047;-0.0670827;-0.379095;-0.572543;0.335413;0.304212;-0.0390016;-0.216849;-0.578783;-0.538222;-0.0951638;0.291732;-0.160686;-0.23869;-0.585023;0.101404;-0.397816;0.163807;0.191888;-0.297972;-0.148206;-0.182527;0.101404;+1;0;+1;-1;+1

51.01;-0.106583;-0.5039;0.616225;0.0109204;-0.216849;-0.472699;-0.0234009;-0.0109204;-0.148206;-0.375975;0.363495;-0.117005;0.0390016;0.0889236;-0.216849;0.198128;-0.0390016;-0.25429;-0.170047;-0.0670827;-0.379095;-0.572543;0.335413;0.304212;-0.0390016;-0.216849;-0.578783;-0.538222;-0.0951638;0.291732;-0.160686;-0.23869;-0.585023;0.101404;-0.397816;0.163807;0.191888;-0.297972;-0.148206;-0.182527;-1;0;-1;-1;+1

50.92;-0.197492;-0.101404;-0.5039;0.616225;0.0109204;-0.216849;-0.472699;-0.0234009;-0.0109204;-0.148206;-0.375975;0.363495;-0.117005;0.0390016;0.0889236;-0.216849;0.198128;-0.0390016;-0.25429;-0.170047;-0.0670827;-0.379095;-0.572543;0.335413;0.304212;-0.0390016;-0.216849;-0.578783;-0.538222;-0.0951638;0.291732;-0.160686;-0.23869;-0.585023;0.101404;-0.397816;0.163807;0.191888;-0.297972;-0.148206;-1;0;+1;-1;+1

49.7;-0.551724;-0.191888;-0.101404;-0.5039;0.616225;0.0109204;-0.216849;-0.472699;-0.0234009;-0.0109204;-0.148206;-0.375975;0.363495;-0.117005;0.0390016;0.0889236;-0.216849;0.198128;-0.0390016;-0.25429;-0.170047;-0.0670827;-0.379095;-0.572543;0.335413;0.304212;-0.0390016;-0.216849;-0.578783;-0.538222;-0.0951638;0.291732;-0.160686;-0.23869;-0.585023;0.101404;-0.397816;0.163807;0.191888;-0.297972;-1;0;-1;-1;+1

47.85;-0.749216;-0.544462;-0.191888;-0.101404;-0.5039;0.616225;0.0109204;-0.216849;-0.472699;-0.0234009;-0.0109204;-0.148206;-0.375975;0.363495;-0.117005;0.0390016;0.0889236;-0.216849;0.198128;-0.0390016;-0.25429;-0.170047;-0.0670827;-0.379095;-0.572543;0.335413;0.304212;-0.0390016;-0.216849;-0.578783;-0.538222;-0.0951638;0.291732;-0.160686;-0.23869;-0.585023;0.101404;-0.397816;0.163807;0.191888;-1;0;-1;-1;+1

47.49;-0.282132;-0.74103;-0.544462;-0.191888;-0.101404;-0.5039;0.616225;0.0109204;-0.216849;-0.472699;-0.0234009;-0.0109204;-0.148206;-0.375975;0.363495;-0.117005;0.0390016;0.0889236;-0.216849;0.198128;-0.0390016;-0.25429;-0.170047;-0.0670827;-0.379095;-0.572543;0.335413;0.304212;-0.0390016;-0.216849;-0.578783;-0.538222;-0.0951638;0.291732;-0.160686;-0.23869;-0.585023;0.101404;-0.397816;0.163807;+1;0;-1;-1;+1

47.8;-0.0721003;-0.276131;-0.74103;-0.544462;-0.191888;-0.101404;-0.5039;0.616225;0.0109204;-0.216849;-0.472699;-0.0234009;-0.0109204;-0.148206;-0.375975;0.363495;-0.117005;0.0390016;0.0889236;-0.216849;0.198128;-0.0390016;-0.25429;-0.170047;-0.0670827;-0.379095;-0.572543;0.335413;0.304212;-0.0390016;-0.216849;-0.578783;-0.538222;-0.0951638;0.291732;-0.160686;-0.23869;-0.585023;0.101404;-0.397816;+1;0;+1;-1;+1

48.21;-0.0407523;-0.0670827;-0.276131;-0.74103;-0.544462;-0.191888;-0.101404;-0.5039;0.616225;0.0109204;-0.216849;-0.472699;-0.0234009;-0.0109204;-0.148206;-0.375975;0.363495;-0.117005;0.0390016;0.0889236;-0.216849;0.198128;-0.0390016;-0.25429;-0.170047;-0.0670827;-0.379095;-0.572543;0.335413;0.304212;-0.0390016;-0.216849;-0.578783;-0.538222;-0.0951638;0.291732;-0.160686;-0.23869;-0.585023;0.101404;+1;0;+1;-1;+1

48.6;-0.0470219;-0.0358814;-0.0670827;-0.276131;-0.74103;-0.544462;-0.191888;-0.101404;-0.5039;0.616225;0.0109204;-0.216849;-0.472699;-0.0234009;-0.0109204;-0.148206;-0.375975;0.363495;-0.117005;0.0390016;0.0889236;-0.216849;0.198128;-0.0390016;-0.25429;-0.170047;-0.0670827;-0.379095;-0.572543;0.335413;0.304212;-0.0390016;-0.216849;-0.578783;-0.538222;-0.0951638;0.291732;-0.160686;-0.23869;-0.585023;+1;0;-1;-1;+1

48.79;-0.109718;-0.0421217;-0.0358814;-0.0670827;-0.276131;-0.74103;-0.544462;-0.191888;-0.101404;-0.5039;0.616225;0.0109204;-0.216849;-0.472699;-0.0234009;-0.0109204;-0.148206;-0.375975;0.363495;-0.117005;0.0390016;0.0889236;-0.216849;0.198128;-0.0390016;-0.25429;-0.170047;-0.0670827;-0.379095;-0.572543;0.335413;0.304212;-0.0390016;-0.216849;-0.578783;-0.538222;-0.0951638;0.291732;-0.160686;-0.23869;-1;0;-1;-1;+1

48.1;-0.38558;-0.104524;-0.0421217;-0.0358814;-0.0670827;-0.276131;-0.74103;-0.544462;-0.191888;-0.101404;-0.5039;0.616225;0.0109204;-0.216849;-0.472699;-0.0234009;-0.0109204;-0.148206;-0.375975;0.363495;-0.117005;0.0390016;0.0889236;-0.216849;0.198128;-0.0390016;-0.25429;-0.170047;-0.0670827;-0.379095;-0.572543;0.335413;0.304212;-0.0390016;-0.216849;-0.578783;-0.538222;-0.0951638;0.291732;-0.160686;+1;0;+1;-1;+1

49.12;0.15047;-0.379095;-0.104524;-0.0421217;-0.0358814;-0.0670827;-0.276131;-0.74103;-0.544462;-0.191888;-0.101404;-0.5039;0.616225;0.0109204;-0.216849;-0.472699;-0.0234009;-0.0109204;-0.148206;-0.375975;0.363495;-0.117005;0.0390016;0.0889236;-0.216849;0.198128;-0.0390016;-0.25429;-0.170047;-0.0670827;-0.379095;-0.572543;0.335413;0.304212;-0.0390016;-0.216849;-0.578783;-0.538222;-0.0951638;0.291732;+1;0;+1;-1;+1

49.73;0.0219436;0.154446;-0.379095;-0.104524;-0.0421217;-0.0358814;-0.0670827;-0.276131;-0.74103;-0.544462;-0.191888;-0.101404;-0.5039;0.616225;0.0109204;-0.216849;-0.472699;-0.0234009;-0.0109204;-0.148206;-0.375975;0.363495;-0.117005;0.0390016;0.0889236;-0.216849;0.198128;-0.0390016;-0.25429;-0.170047;-0.0670827;-0.379095;-0.572543;0.335413;0.304212;-0.0390016;-0.216849;-0.578783;-0.538222;-0.0951638;-1;0;-1;-1;+1

49.2;-0.335423;0.0265211;0.154446;-0.379095;-0.104524;-0.0421217;-0.0358814;-0.0670827;-0.276131;-0.74103;-0.544462;-0.191888;-0.101404;-0.5039;0.616225;0.0109204;-0.216849;-0.472699;-0.0234009;-0.0109204;-0.148206;-0.375975;0.363495;-0.117005;0.0390016;0.0889236;-0.216849;0.198128;-0.0390016;-0.25429;-0.170047;-0.0670827;-0.379095;-0.572543;0.335413;0.304212;-0.0390016;-0.216849;-0.578783;-0.538222;+1;0;-1;-1;+1

49.72;-0.00626959;-0.329173;0.0265211;0.154446;-0.379095;-0.104524;-0.0421217;-0.0358814;-0.0670827;-0.276131;-0.74103;-0.544462;-0.191888;-0.101404;-0.5039;0.616225;0.0109204;-0.216849;-0.472699;-0.0234009;-0.0109204;-0.148206;-0.375975;0.363495;-0.117005;0.0390016;0.0889236;-0.216849;0.198128;-0.0390016;-0.25429;-0.170047;-0.0670827;-0.379095;-0.572543;0.335413;0.304212;-0.0390016;-0.216849;-0.578783;-1;0;+1;-1;+1

49.56;-0.219436;-0.00156006;-0.329173;0.0265211;0.154446;-0.379095;-0.104524;-0.0421217;-0.0358814;-0.0670827;-0.276131;-0.74103;-0.544462;-0.191888;-0.101404;-0.5039;0.616225;0.0109204;-0.216849;-0.472699;-0.0234009;-0.0109204;-0.148206;-0.375975;0.363495;-0.117005;0.0390016;0.0889236;-0.216849;0.198128;-0.0390016;-0.25429;-0.170047;-0.0670827;-0.379095;-0.572543;0.335413;0.304212;-0.0390016;-0.216849;-1;0;-1;-1;+1

49.26;-0.263323;-0.213729;-0.00156006;-0.329173;0.0265211;0.154446;-0.379095;-0.104524;-0.0421217;-0.0358814;-0.0670827;-0.276131;-0.74103;-0.544462;-0.191888;-0.101404;-0.5039;0.616225;0.0109204;-0.216849;-0.472699;-0.0234009;-0.0109204;-0.148206;-0.375975;0.363495;-0.117005;0.0390016;0.0889236;-0.216849;0.198128;-0.0390016;-0.25429;-0.170047;-0.0670827;-0.379095;-0.572543;0.335413;0.304212;-0.0390016;-1;0;-1;-1;+1

48.5;-0.407523;-0.25741;-0.213729;-0.00156006;-0.329173;0.0265211;0.154446;-0.379095;-0.104524;-0.0421217;-0.0358814;-0.0670827;-0.276131;-0.74103;-0.544462;-0.191888;-0.101404;-0.5039;0.616225;0.0109204;-0.216849;-0.472699;-0.0234009;-0.0109204;-0.148206;-0.375975;0.363495;-0.117005;0.0390016;0.0889236;-0.216849;0.198128;-0.0390016;-0.25429;-0.170047;-0.0670827;-0.379095;-0.572543;0.335413;0.304212;+1;0;+1;-1;+1

49;-0.0125392;-0.400936;-0.25741;-0.213729;-0.00156006;-0.329173;0.0265211;0.154446;-0.379095;-0.104524;-0.0421217;-0.0358814;-0.0670827;-0.276131;-0.74103;-0.544462;-0.191888;-0.101404;-0.5039;0.616225;0.0109204;-0.216849;-0.472699;-0.0234009;-0.0109204;-0.148206;-0.375975;0.363495;-0.117005;0.0390016;0.0889236;-0.216849;0.198128;-0.0390016;-0.25429;-0.170047;-0.0670827;-0.379095;-0.572543;0.335413;-1;0;+1;-1;+1

48.62;-0.288401;-0.0078003;-0.400936;-0.25741;-0.213729;-0.00156006;-0.329173;0.0265211;0.154446;-0.379095;-0.104524;-0.0421217;-0.0358814;-0.0670827;-0.276131;-0.74103;-0.544462;-0.191888;-0.101404;-0.5039;0.616225;0.0109204;-0.216849;-0.472699;-0.0234009;-0.0109204;-0.148206;-0.375975;0.363495;-0.117005;0.0390016;0.0889236;-0.216849;0.198128;-0.0390016;-0.25429;-0.170047;-0.0670827;-0.379095;-0.572543;+1;0;+1;-1;+1

48.69;-0.147335;-0.282371;-0.0078003;-0.400936;-0.25741;-0.213729;-0.00156006;-0.329173;0.0265211;0.154446;-0.379095;-0.104524;-0.0421217;-0.0358814;-0.0670827;-0.276131;-0.74103;-0.544462;-0.191888;-0.101404;-0.5039;0.616225;0.0109204;-0.216849;-0.472699;-0.0234009;-0.0109204;-0.148206;-0.375975;0.363495;-0.117005;0.0390016;0.0889236;-0.216849;0.198128;-0.0390016;-0.25429;-0.170047;-0.0670827;-0.379095;+1;0;+1;-1;+1

48.84;-0.122257;-0.141966;-0.282371;-0.0078003;-0.400936;-0.25741;-0.213729;-0.00156006;-0.329173;0.0265211;0.154446;-0.379095;-0.104524;-0.0421217;-0.0358814;-0.0670827;-0.276131;-0.74103;-0.544462;-0.191888;-0.101404;-0.5039;0.616225;0.0109204;-0.216849;-0.472699;-0.0234009;-0.0109204;-0.148206;-0.375975;0.363495;-0.117005;0.0390016;0.0889236;-0.216849;0.198128;-0.0390016;-0.25429;-0.170047;-0.0670827;-1;0;-1;-1;+1

47.31;-0.648903;-0.117005;-0.141966;-0.282371;-0.0078003;-0.400936;-0.25741;-0.213729;-0.00156006;-0.329173;0.0265211;0.154446;-0.379095;-0.104524;-0.0421217;-0.0358814;-0.0670827;-0.276131;-0.74103;-0.544462;-0.191888;-0.101404;-0.5039;0.616225;0.0109204;-0.216849;-0.472699;-0.0234009;-0.0109204;-0.148206;-0.375975;0.363495;-0.117005;0.0390016;0.0889236;-0.216849;0.198128;-0.0390016;-0.25429;-0.170047;+1;0;+1;-1;+1

48.98;0.354232;-0.641186;-0.117005;-0.141966;-0.282371;-0.0078003;-0.400936;-0.25741;-0.213729;-0.00156006;-0.329173;0.0265211;0.154446;-0.379095;-0.104524;-0.0421217;-0.0358814;-0.0670827;-0.276131;-0.74103;-0.544462;-0.191888;-0.101404;-0.5039;0.616225;0.0109204;-0.216849;-0.472699;-0.0234009;-0.0109204;-0.148206;-0.375975;0.363495;-0.117005;0.0390016;0.0889236;-0.216849;0.198128;-0.0390016;-0.25429;+1;0;+1;-1;+1

49.01;-0.159875;0.357254;-0.641186;-0.117005;-0.141966;-0.282371;-0.0078003;-0.400936;-0.25741;-0.213729;-0.00156006;-0.329173;0.0265211;0.154446;-0.379095;-0.104524;-0.0421217;-0.0358814;-0.0670827;-0.276131;-0.74103;-0.544462;-0.191888;-0.101404;-0.5039;0.616225;0.0109204;-0.216849;-0.472699;-0.0234009;-0.0109204;-0.148206;-0.375975;0.363495;-0.117005;0.0390016;0.0889236;-0.216849;0.198128;-0.0390016;-1;0;-1;-1;+1

48.85;-0.219436;-0.154446;0.357254;-0.641186;-0.117005;-0.141966;-0.282371;-0.0078003;-0.400936;-0.25741;-0.213729;-0.00156006;-0.329173;0.0265211;0.154446;-0.379095;-0.104524;-0.0421217;-0.0358814;-0.0670827;-0.276131;-0.74103;-0.544462;-0.191888;-0.101404;-0.5039;0.616225;0.0109204;-0.216849;-0.472699;-0.0234009;-0.0109204;-0.148206;-0.375975;0.363495;-0.117005;0.0390016;0.0889236;-0.216849;0.198128;+1;0;-1;-1;+1

48.99;-0.125392;-0.213729;-0.154446;0.357254;-0.641186;-0.117005;-0.141966;-0.282371;-0.0078003;-0.400936;-0.25741;-0.213729;-0.00156006;-0.329173;0.0265211;0.154446;-0.379095;-0.104524;-0.0421217;-0.0358814;-0.0670827;-0.276131;-0.74103;-0.544462;-0.191888;-0.101404;-0.5039;0.616225;0.0109204;-0.216849;-0.472699;-0.0234009;-0.0109204;-0.148206;-0.375975;0.363495;-0.117005;0.0390016;0.0889236;-0.216849;-1;0;-1;-1;+1

48.05;-0.46395;-0.120125;-0.213729;-0.154446;0.357254;-0.641186;-0.117005;-0.141966;-0.282371;-0.0078003;-0.400936;-0.25741;-0.213729;-0.00156006;-0.329173;0.0265211;0.154446;-0.379095;-0.104524;-0.0421217;-0.0358814;-0.0670827;-0.276131;-0.74103;-0.544462;-0.191888;-0.101404;-0.5039;0.616225;0.0109204;-0.216849;-0.472699;-0.0234009;-0.0109204;-0.148206;-0.375975;0.363495;-0.117005;0.0390016;0.0889236;+1;0;+1;-1;+1

48.69;0.031348;-0.457098;-0.120125;-0.213729;-0.154446;0.357254;-0.641186;-0.117005;-0.141966;-0.282371;-0.0078003;-0.400936;-0.25741;-0.213729;-0.00156006;-0.329173;0.0265211;0.154446;-0.379095;-0.104524;-0.0421217;-0.0358814;-0.0670827;-0.276131;-0.74103;-0.544462;-0.191888;-0.101404;-0.5039;0.616225;0.0109204;-0.216849;-0.472699;-0.0234009;-0.0109204;-0.148206;-0.375975;0.363495;-0.117005;0.0390016;-1;0;-1;-1;+1

48.55;-0.213166;0.0358814;-0.457098;-0.120125;-0.213729;-0.154446;0.357254;-0.641186;-0.117005;-0.141966;-0.282371;-0.0078003;-0.400936;-0.25741;-0.213729;-0.00156006;-0.329173;0.0265211;0.154446;-0.379095;-0.104524;-0.0421217;-0.0358814;-0.0670827;-0.276131;-0.74103;-0.544462;-0.191888;-0.101404;-0.5039;0.616225;0.0109204;-0.216849;-0.472699;-0.0234009;-0.0109204;-0.148206;-0.375975;0.363495;-0.117005;-1;0;+1;-1;+1

48.01;-0.338558;-0.207488;0.0358814;-0.457098;-0.120125;-0.213729;-0.154446;0.357254;-0.641186;-0.117005;-0.141966;-0.282371;-0.0078003;-0.400936;-0.25741;-0.213729;-0.00156006;-0.329173;0.0265211;0.154446;-0.379095;-0.104524;-0.0421217;-0.0358814;-0.0670827;-0.276131;-0.74103;-0.544462;-0.191888;-0.101404;-0.5039;0.616225;0.0109204;-0.216849;-0.472699;-0.0234009;-0.0109204;-0.148206;-0.375975;0.363495;-1;0;+1;-1;+1

