9.87;0.412844;0.174312;-0.137615;-0.0458715;-0.100917;-0.376147;-0.247706;0.00917433;0.027523;-0.155963;-0.449541;-0.155963;-0.724771;-0.798165;-0.46789;0.0458716;-0.522936;0.137615;0.688073;-0.119266;-0.174312;0.192661;-0.926606;-0.229358;-0.229358;-0.87156;0.614679;-0.889908;0.0642202;-0.119266;0.266055;-0.247706;0.412844;-0.0275229;0.376147;-0.834862;-0.321101;-0.633027;-0.449541;-0.284404;0.0825688;0.0825688;0.027523;-0.211009;-0.302752;-0.926606;0.155963;-0.357798;0.174312;-0.0825688;-0.302752;-0.155963;0.454545;0.494949;-0.151515;-0.676768;0.292929;-0.212121;-0.737374;0.212121;0.191919;-0.010101;-0.393939;0.474747;0.494949;-0.212121;0.0909091;0.59596;-0.0909091;-0.414141;-0.030303;0.030303;-0.252525;0.191919;-0.111111;-0.212121;0.292929;-0.414141;0.278351;0.381443;+1;0;0;0;0

10.04;0.119266;0.412844;0.174312;-0.137615;-0.0458715;-0.100917;-0.376147;-0.247706;0.00917433;0.027523;-0.155963;-0.449541;-0.155963;-0.724771;-0.798165;-0.46789;0.0458716;-0.522936;0.137615;0.688073;-0.119266;-0.174312;0.192661;-0.926606;-0.229358;-0.229358;-0.87156;0.614679;-0.889908;0.0642202;-0.119266;0.266055;-0.247706;0.412844;-0.0275229;0.376147;-0.834862;-0.321101;-0.633027;-0.449541;-0.284404;0.0825688;0.0825688;0.027523;-0.211009;-0.302752;-0.926606;0.155963;-0.357798;0.174312;-0.0825688;-0.302752;-0.0707071;0.454545;0.494949;-0.151515;-0.676768;0.292929;-0.212121;-0.737374;0.212121;0.191919;-0.010101;-0.393939;0.474747;0.494949;-0.212121;0.0909091;0.59596;-0.0909091;-0.414141;-0.030303;0.030303;-0.252525;0.191919;-0.111111;-0.212121;0.292929;-0.443299;0.278351;+1;0;0;0;0

10.35;0.376147;0.119266;0.412844;0.174312;-0.137615;-0.0458715;-0.100917;-0.376147;-0.247706;0.00917433;0.027523;-0.155963;-0.449541;-0.155963;-0.724771;-0.798165;-0.46789;0.0458716;-0.522936;0.137615;0.688073;-0.119266;-0.174312;0.192661;-0.926606;-0.229358;-0.229358;-0.87156;0.614679;-0.889908;0.0642202;-0.119266;0.266055;-0.247706;0.412844;-0.0275229;0.376147;-0.834862;-0.321101;-0.633027;-0.449541;-0.284404;0.0825688;0.0825688;0.027523;-0.211009;-0.302752;-0.926606;0.155963;-0.357798;0.174312;-0.0825688;-0.232323;-0.0707071;0.454545;0.494949;-0.151515;-0.676768;0.292929;-0.212121;-0.737374;0.212121;0.191919;-0.010101;-0.393939;0.474747;0.494949;-0.212121;0.0909091;0.59596;-0.0909091;-0.414141;-0.030303;0.030303;-0.252525;0.191919;-0.111111;-0.212121;0.278351;-0.443299;+1;0;0;0;0

10.45;-0.00917429;0.376147;0.119266;0.412844;0.174312;-0.137615;-0.0458715;-0.100917;-0.376147;-0.247706;0.00917433;0.027523;-0.155963;-0.449541;-0.155963;-0.724771;-0.798165;-0.46789;0.0458716;-0.522936;0.137615;0.688073;-0.119266;-0.174312;0.192661;-0.926606;-0.229358;-0.229358;-0.87156;0.614679;-0.889908;0.0642202;-0.119266;0.266055;-0.247706;0.412844;-0.0275229;0.376147;-0.834862;-0.321101;-0.633027;-0.449541;-0.284404;0.0825688;0.0825688;0.027523;-0.211009;-0.302752;-0.926606;0.155963;-0.357798;0.174312;0.010101;-0.232323;-0.0707071;0.454545;0.494949;-0.151515;-0.676768;0.292929;-0.212121;-0.737374;0.212121;0.191919;-0.010101;-0.393939;0.474747;0.494949;-0.212121;0.0909091;0.59596;-0.0909091;-0.414141;-0.030303;0.030303;-0.252525;0.191919;-0.111111;-0.237113;0.278351;+1;0;0;0;0

10.68;0.229358;-0.00917429;0.376147;0.119266;0.412844;0.174312;-0.137615;-0.0458715;-0.100917;-0.376147;-0.247706;0.00917433;0.027523;-0.155963;-0.449541;-0.155963;-0.724771;-0.798165;-0.46789;0.0458716;-0.522936;0.137615;0.688073;-0.119266;-0.174312;0.192661;-0.926606;-0.229358;-0.229358;-0.87156;0.614679;-0.889908;0.0642202;-0.119266;0.266055;-0.247706;0.412844;-0.0275229;0.376147;-0.834862;-0.321101;-0.633027;-0.449541;-0.284404;0.0825688;0.0825688;0.027523;-0.211009;-0.302752;-0.926606;0.155963;-0.357798;0.292929;0.010101;-0.232323;-0.0707071;0.454545;0.494949;-0.151515;-0.676768;0.292929;-0.212121;-0.737374;0.212121;0.191919;-0.010101;-0.393939;0.474747;0.494949;-0.212121;0.0909091;0.59596;-0.0909091;-0.414141;-0.030303;0.030303;-0.252525;0.191919;-0.134021;-0.237113;-1;0;0;0;0

10.65;-0.247706;0.229358;-0.00917429;0.376147;0.119266;0.412844;0.174312;-0.137615;-0.0458715;-0.100917;-0.376147;-0.247706;0.00917433;0.027523;-0.155963;-0.449541;-0.155963;-0.724771;-0.798165;-0.46789;0.0458716;-0.522936;0.137615;0.688073;-0.119266;-0.174312;0.192661;-0.926606;-0.229358;-0.229358;-0.87156;0.614679;-0.889908;0.0642202;-0.119266;0.266055;-0.247706;0.412844;-0.0275229;0.376147;-0.834862;-0.321101;-0.633027;-0.449541;-0.284404;0.0825688;0.0825688;0.027523;-0.211009;-0.302752;-0.926606;0.155963;-0.292929;0.292929;0.010101;-0.232323;-0.0707071;0.454545;0.494949;-0.151515;-0.676768;0.292929;-0.212121;-0.737374;0.212121;0.191919;-0.010101;-0.393939;0.474747;0.494949;-0.212121;0.0909091;0.59596;-0.0909091;-0.414141;-0.030303;0.030303;-0.252525;0.175258;-0.134021;-1;0;0;0;0

10.38;-0.688073;-0.247706;0.229358;-0.00917429;0.376147;0.119266;0.412844;0.174312;-0.137615;-0.0458715;-0.100917;-0.376147;-0.247706;0.00917433;0.027523;-0.155963;-0.449541;-0.155963;-0.724771;-0.798165;-0.46789;0.0458716;-0.522936;0.137615;0.688073;-0.119266;-0.174312;0.192661;-0.926606;-0.229358;-0.229358;-0.87156;0.614679;-0.889908;0.0642202;-0.119266;0.266055;-0.247706;0.412844;-0.0275229;0.376147;-0.834862;-0.321101;-0.633027;-0.449541;-0.284404;0.0825688;0.0825688;0.027523;-0.211009;-0.302752;-0.926606;0.272727;-0.292929;0.292929;0.010101;-0.232323;-0.0707071;0.454545;0.494949;-0.151515;-0.676768;0.292929;-0.212121;-0.737374;0.212121;0.191919;-0.010101;-0.393939;0.474747;0.494949;-0.212121;0.0909091;0.59596;-0.0909091;-0.414141;-0.030303;0.030303;-0.278351;0.175258;-1;0;0;0;0

10.1;-0.706422;-0.688073;-0.247706;0.229358;-0.00917429;0.376147;0.119266;0.412844;0.174312;-0.137615;-0.0458715;-0.100917;-0.376147;-0.247706;0.00917433;0.027523;-0.155963;-0.449541;-0.155963;-0.724771;-0.798165;-0.46789;0.0458716;-0.522936;0.137615;0.688073;-0.119266;-0.174312;0.192661;-0.926606;-0.229358;-0.229358;-0.87156;0.614679;-0.889908;0.0642202;-0.119266;0.266055;-0.247706;0.412844;-0.0275229;0.376147;-0.834862;-0.321101;-0.633027;-0.449541;-0.284404;0.0825688;0.0825688;0.027523;-0.211009;-0.302752;-0.919192;0.272727;-0.292929;0.292929;0.010101;-0.232323;-0.0707071;0.454545;0.494949;-0.151515;-0.676768;0.292929;-0.212121;-0.737374;0.212121;0.191919;-0.010101;-0.393939;0.474747;0.494949;-0.212121;0.0909091;0.59596;-0.0909091;-0.414141;-0.030303;0.0103093;-0.278351;-1;0;0;0;0

9.98;-0.412844;-0.706422;-0.688073;-0.247706;0.229358;-0.00917429;0.376147;0.119266;0.412844;0.174312;-0.137615;-0.0458715;-0.100917;-0.376147;-0.247706;0.00917433;0.027523;-0.155963;-0.449541;-0.155963;-0.724771;-0.798165;-0.46789;0.0458716;-0.522936;0.137615;0.688073;-0.119266;-0.174312;0.192661;-0.926606;-0.229358;-0.229358;-0.87156;0.614679;-0.889908;0.0642202;-0.119266;0.266055;-0.247706;0.412844;-0.0275229;0.376147;-0.834862;-0.321101;-0.633027;-0.449541;-0.284404;0.0825688;0.0825688;0.027523;-0.211009;-0.232323;-0.919192;0.272727;-0.292929;0.292929;0.010101;-0.232323;-0.0707071;0.454545;0.494949;-0.151515;-0.676768;0.292929;-0.212121;-0.737374;0.212121;0.191919;-0.010101;-0.393939;0.474747;0.494949;-0.212121;0.0909091;0.59596;-0.0909091;-0.414141;-0.0515464;0.0103093;-1;0;0;0;0

9.72;-0.669725;-0.412844;-0.706422;-0.688073;-0.247706;0.229358;-0.00917429;0.376147;0.119266;0.412844;0.174312;-0.137615;-0.0458715;-0.100917;-0.376147;-0.247706;0.00917433;0.027523;-0.155963;-0.449541;-0.155963;-0.724771;-0.798165;-0.46789;0.0458716;-0.522936;0.137615;0.688073;-0.119266;-0.174312;0.192661;-0.926606;-0.229358;-0.229358;-0.87156;0.614679;-0.889908;0.0642202;-0.119266;0.266055;-0.247706;0.412844;-0.0275229;0.376147;-0.834862;-0.321101;-0.633027;-0.449541;-0.284404;0.0825688;0.0825688;0.027523;-0.131313;-0.232323;-0.919192;0.272727;-0.292929;0.292929;0.010101;-0.232323;-0.0707071;0.454545;0.494949;-0.151515;-0.676768;0.292929;-0.212121;-0.737374;0.212121;0.191919;-0.010101;-0.393939;0.474747;0.494949;-0.212121;0.0909091;0.59596;-0.0909091;-0.443299;-0.0515464;+1;0;0;0;0

9.8;-0.0458715;-0.669725;-0.412844;-0.706422;-0.688073;-0.247706;0.229358;-0.00917429;0.376147;0.119266;0.412844;0.174312;-0.137615;-0.0458715;-0.100917;-0.376147;-0.247706;0.00917433;0.027523;-0.155963;-0.449541;-0.155963;-0.724771;-0.798165;-0.46789;0.0458716;-0.522936;0.137615;0.688073;-0.119266;-0.174312;0.192661;-0.926606;-0.229358;-0.229358;-0.87156;0.614679;-0.889908;0.0642202;-0.119266;0.266055;-0.247706;0.412844;-0.0275229;0.376147;-0.834862;-0.321101;-0.633027;-0.449541;-0.284404;0.0825688;0.0825688;0.131313;-0.131313;-0.232323;-0.919192;0.272727;-0.292929;0.292929;0.010101;-0.232323;-0.0707071;0.454545;0.494949;-0.151515;-0.676768;0.292929;-0.212121;-0.737374;0.212121;0.191919;-0.010101;-0.393939;0.474747;0.494949;-0.212121;0.0909091;0.59596;-0.113402;-0.443299;-1;0;0;0;0

9.45;-0.834862;-0.0458715;-0.669725;-0.412844;-0.706422;-0.688073;-0.247706;0.229358;-0.00917429;0.376147;0.119266;0.412844;0.174312;-0.137615;-0.0458715;-0.100917;-0.376147;-0.247706;0.00917433;0.027523;-0.155963;-0.449541;-0.155963;-0.724771;-0.798165;-0.46789;0.0458716;-0.522936;0.137615;0.688073;-0.119266;-0.174312;0.192661;-0.926606;-0.229358;-0.229358;-0.87156;0.614679;-0.889908;0.0642202;-0.119266;0.266055;-0.247706;0.412844;-0.0275229;0.376147;-0.834862;-0.321101;-0.633027;-0.449541;-0.284404;0.0825688;0.191919;0.131313;-0.131313;-0.232323;-0.919192;0.272727;-0.292929;0.292929;0.010101;-0.232323;-0.0707071;0.454545;0.494949;-0.151515;-0.676768;0.292929;-0.212121;-0.737374;0.212121;0.191919;-0.010101;-0.393939;0.474747;0.494949;-0.212121;0.0909091;0.587629;-0.113402;-1;0;0;0;0

9.41;-0.266055;-0.834862;-0.0458715;-0.669725;-0.412844;-0.706422;-0.688073;-0.247706;0.229358;-0.00917429;0.376147;0.119266;0.412844;0.174312;-0.137615;-0.0458715;-0.100917;-0.376147;-0.247706;0.00917433;0.027523;-0.155963;-0.449541;-0.155963;-0.724771;-0.798165;-0.46789;0.0458716;-0.522936;0.137615;0.688073;-0.119266;-0.174312;0.192661;-0.926606;-0.229358;-0.229358;-0.87156;0.614679;-0.889908;0.0642202;-0.119266;0.266055;-0.247706;0.412844;-0.0275229;0.376147;-0.834862;-0.321101;-0.633027;-0.449541;-0.284404;0.191919;0.191919;0.131313;-0.131313;-0.232323;-0.919192;0.272727;-0.292929;0.292929;0.010101;-0.232323;-0.0707071;0.454545;0.494949;-0.151515;-0.676768;0.292929;-0.212121;-0.737374;0.212121;0.191919;-0.010101;-0.393939;0.474747;0.494949;-0.212121;0.0721649;0.587629;-1;0;0;0;0

9.22;-0.541284;-0.266055;-0.834862;-0.0458715;-0.669725;-0.412844;-0.706422;-0.688073;-0.247706;0.229358;-0.00917429;0.376147;0.119266;0.412844;0.174312;-0.137615;-0.0458715;-0.100917;-0.376147;-0.247706;0.00917433;0.027523;-0.155963;-0.449541;-0.155963;-0.724771;-0.798165;-0.46789;0.0458716;-0.522936;0.137615;0.688073;-0.119266;-0.174312;0.192661;-0.926606;-0.229358;-0.229358;-0.87156;0.614679;-0.889908;0.0642202;-0.119266;0.266055;-0.247706;0.412844;-0.0275229;0.376147;-0.834862;-0.321101;-0.633027;-0.449541;-0.212121;0.191919;0.191919;0.131313;-0.131313;-0.232323;-0.919192;0.272727;-0.292929;0.292929;0.010101;-0.232323;-0.0707071;0.454545;0.494949;-0.151515;-0.676768;0.292929;-0.212121;-0.737374;0.212121;0.191919;-0.010101;-0.393939;0.474747;0.494949;-0.237113;0.0721649;-1;0;0;0;0

9.04;-0.522936;-0.541284;-0.266055;-0.834862;-0.0458715;-0.669725;-0.412844;-0.706422;-0.688073;-0.247706;0.229358;-0.00917429;0.376147;0.119266;0.412844;0.174312;-0.137615;-0.0458715;-0.100917;-0.376147;-0.247706;0.00917433;0.027523;-0.155963;-0.449541;-0.155963;-0.724771;-0.798165;-0.46789;0.0458716;-0.522936;0.137615;0.688073;-0.119266;-0.174312;0.192661;-0.926606;-0.229358;-0.229358;-0.87156;0.614679;-0.889908;0.0642202;-0.119266;0.266055;-0.247706;0.412844;-0.0275229;0.376147;-0.834862;-0.321101;-0.633027;-0.393939;-0.212121;0.191919;0.191919;0.131313;-0.131313;-0.232323;-0.919192;0.272727;-0.292929;0.292929;0.010101;-0.232323;-0.0707071;0.454545;0.494949;-0.151515;-0.676768;0.292929;-0.212121;-0.737374;0.212121;0.191919;-0.010101;-0.393939;0.474747;0.484536;-0.237113;-1;0;0;0;0

8.83;-0.577982;-0.522936;-0.541284;-0.266055;-0.834862;-0.0458715;-0.669725;-0.412844;-0.706422;-0.688073;-0.247706;0.229358;-0.00917429;0.376147;0.119266;0.412844;0.174312;-0.137615;-0.0458715;-0.100917;-0.376147;-0.247706;0.00917433;0.027523;-0.155963;-0.449541;-0.155963;-0.724771;-0.798165;-0.46789;0.0458716;-0.522936;0.137615;0.688073;-0.119266;-0.174312;0.192661;-0.926606;-0.229358;-0.229358;-0.87156;0.614679;-0.889908;0.0642202;-0.119266;0.266055;-0.247706;0.412844;-0.0275229;0.376147;-0.834862;-0.321101;-0.59596;-0.393939;-0.212121;0.191919;0.191919;0.131313;-0.131313;-0.232323;-0.919192;0.272727;-0.292929;0.292929;0.010101;-0.232323;-0.0707071;0.454545;0.494949;-0.151515;-0.676768;0.292929;-0.212121;-0.737374;0.212121;0.191919;-0.010101;-0.393939;0.463917;0.484536;-1;0;0;0;0

8.45;-0.889908;-0.577982;-0.522936;-0.541284;-0.266055;-0.834862;-0.0458715;-0.669725;-0.412844;-0.706422;-0.688073;-0.247706;0.229358;-0.00917429;0.376147;0.119266;0.412844;0.174312;-0.137615;-0.0458715;-0.100917;-0.376147;-0.247706;0.00917433;0.027523;-0.155963;-0.449541;-0.155963;-0.724771;-0.798165;-0.46789;0.0458716;-0.522936;0.137615;0.688073;-0.119266;-0.174312;0.192661;-0.926606;-0.229358;-0.229358;-0.87156;0.614679;-0.889908;0.0642202;-0.119266;0.266055;-0.247706;0.412844;-0.0275229;0.376147;-0.834862;-0.252525;-0.59596;-0.393939;-0.212121;0.191919;0.191919;0.131313;-0.131313;-0.232323;-0.919192;0.272727;-0.292929;0.292929;0.010101;-0.232323;-0.0707071;0.454545;0.494949;-0.151515;-0.676768;0.292929;-0.212121;-0.737374;0.212121;0.191919;-0.010101;-0.42268;0.463917;+1;0;0;0;0

9;0.816514;-0.889908;-0.577982;-0.522936;-0.541284;-0.266055;-0.834862;-0.0458715;-0.669725;-0.412844;-0.706422;-0.688073;-0.247706;0.229358;-0.00917429;0.376147;0.119266;0.412844;0.174312;-0.137615;-0.0458715;-0.100917;-0.376147;-0.247706;0.00917433;0.027523;-0.155963;-0.449541;-0.155963;-0.724771;-0.798165;-0.46789;0.0458716;-0.522936;0.137615;0.688073;-0.119266;-0.174312;0.192661;-0.926606;-0.229358;-0.229358;-0.87156;0.614679;-0.889908;0.0642202;-0.119266;0.266055;-0.247706;0.412844;-0.0275229;0.376147;-0.818182;-0.252525;-0.59596;-0.393939;-0.212121;0.191919;0.191919;0.131313;-0.131313;-0.232323;-0.919192;0.272727;-0.292929;0.292929;0.010101;-0.232323;-0.0707071;0.454545;0.494949;-0.151515;-0.676768;0.292929;-0.212121;-0.737374;0.212121;0.191919;-0.0309279;-0.42268;+1;0;0;0;0

9.28;0.321101;0.816514;-0.889908;-0.577982;-0.522936;-0.541284;-0.266055;-0.834862;-0.0458715;-0.669725;-0.412844;-0.706422;-0.688073;-0.247706;0.229358;-0.00917429;0.376147;0.119266;0.412844;0.174312;-0.137615;-0.0458715;-0.100917;-0.376147;-0.247706;0.00917433;0.027523;-0.155963;-0.449541;-0.155963;-0.724771;-0.798165;-0.46789;0.0458716;-0.522936;0.137615;0.688073;-0.119266;-0.174312;0.192661;-0.926606;-0.229358;-0.229358;-0.87156;0.614679;-0.889908;0.0642202;-0.119266;0.266055;-0.247706;0.412844;-0.0275229;0.515152;-0.818182;-0.252525;-0.59596;-0.393939;-0.212121;0.191919;0.191919;0.131313;-0.131313;-0.232323;-0.919192;0.272727;-0.292929;0.292929;0.010101;-0.232323;-0.0707071;0.454545;0.494949;-0.151515;-0.676768;0.292929;-0.212121;-0.737374;0.212121;0.175258;-0.0309279;-1;0;0;0;0

9.17;-0.394495;0.321101;0.816514;-0.889908;-0.577982;-0.522936;-0.541284;-0.266055;-0.834862;-0.0458715;-0.669725;-0.412844;-0.706422;-0.688073;-0.247706;0.229358;-0.00917429;0.376147;0.119266;0.412844;0.174312;-0.137615;-0.0458715;-0.100917;-0.376147;-0.247706;0.00917433;0.027523;-0.155963;-0.449541;-0.155963;-0.724771;-0.798165;-0.46789;0.0458716;-0.522936;0.137615;0.688073;-0.119266;-0.174312;0.192661;-0.926606;-0.229358;-0.229358;-0.87156;0.614679;-0.889908;0.0642202;-0.119266;0.266055;-0.247706;0.412844;0.0707071;0.515152;-0.818182;-0.252525;-0.59596;-0.393939;-0.212121;0.191919;0.191919;0.131313;-0.131313;-0.232323;-0.919192;0.272727;-0.292929;0.292929;0.010101;-0.232323;-0.0707071;0.454545;0.494949;-0.151515;-0.676768;0.292929;-0.212121;-0.737374;0.195876;0.175258;-1;0;0;0;0

8.75;-0.963303;-0.394495;0.321101;0.816514;-0.889908;-0.577982;-0.522936;-0.541284;-0.266055;-0.834862;-0.0458715;-0.669725;-0.412844;-0.706422;-0.688073;-0.247706;0.229358;-0.00917429;0.376147;0.119266;0.412844;0.174312;-0.137615;-0.0458715;-0.100917;-0.376147;-0.247706;0.00917433;0.027523;-0.155963;-0.449541;-0.155963;-0.724771;-0.798165;-0.46789;0.0458716;-0.522936;0.137615;0.688073;-0.119266;-0.174312;0.192661;-0.926606;-0.229358;-0.229358;-0.87156;0.614679;-0.889908;0.0642202;-0.119266;0.266055;-0.247706;0.555556;0.0707071;0.515152;-0.818182;-0.252525;-0.59596;-0.393939;-0.212121;0.191919;0.191919;0.131313;-0.131313;-0.232323;-0.919192;0.272727;-0.292929;0.292929;0.010101;-0.232323;-0.0707071;0.454545;0.494949;-0.151515;-0.676768;0.292929;-0.212121;-0.773196;0.195876;+1;0;0;0;0

8.79;-0.119266;-0.963303;-0.394495;0.321101;0.816514;-0.889908;-0.577982;-0.522936;-0.541284;-0.266055;-0.834862;-0.0458715;-0.669725;-0.412844;-0.706422;-0.688073;-0.247706;0.229358;-0.00917429;0.376147;0.119266;0.412844;0.174312;-0.137615;-0.0458715;-0.100917;-0.376147;-0.247706;0.00917433;0.027523;-0.155963;-0.449541;-0.155963;-0.724771;-0.798165;-0.46789;0.0458716;-0.522936;0.137615;0.688073;-0.119266;-0.174312;0.192661;-0.926606;-0.229358;-0.229358;-0.87156;0.614679;-0.889908;0.0642202;-0.119266;0.266055;-0.171717;0.555556;0.0707071;0.515152;-0.818182;-0.252525;-0.59596;-0.393939;-0.212121;0.191919;0.191919;0.131313;-0.131313;-0.232323;-0.919192;0.272727;-0.292929;0.292929;0.010101;-0.232323;-0.0707071;0.454545;0.494949;-0.151515;-0.676768;0.292929;-0.237113;-0.773196;+1;0;0;0;0

8.95;0.100917;-0.119266;-0.963303;-0.394495;0.321101;0.816514;-0.889908;-0.577982;-0.522936;-0.541284;-0.266055;-0.834862;-0.0458715;-0.669725;-0.412844;-0.706422;-0.688073;-0.247706;0.229358;-0.00917429;0.376147;0.119266;0.412844;0.174312;-0.137615;-0.0458715;-0.100917;-0.376147;-0.247706;0.00917433;0.027523;-0.155963;-0.449541;-0.155963;-0.724771;-0.798165;-0.46789;0.0458716;-0.522936;0.137615;0.688073;-0.119266;-0.174312;0.192661;-0.926606;-0.229358;-0.229358;-0.87156;0.614679;-0.889908;0.0642202;-0.119266;0.393939;-0.171717;0.555556;0.0707071;0.515152;-0.818182;-0.252525;-0.59596;-0.393939;-0.212121;0.191919;0.191919;0.131313;-0.131313;-0.232323;-0.919192;0.272727;-0.292929;0.292929;0.010101;-0.232323;-0.0707071;0.454545;0.494949;-0.151515;-0.676768;0.278351;-0.237113;-1;0;0;0;0

8.9;-0.284404;0.100917;-0.119266;-0.963303;-0.394495;0.321101;0.816514;-0.889908;-0.577982;-0.522936;-0.541284;-0.266055;-0.834862;-0.0458715;-0.669725;-0.412844;-0.706422;-0.688073;-0.247706;0.229358;-0.00917429;0.376147;0.119266;0.412844;0.174312;-0.137615;-0.0458715;-0.100917;-0.376147;-0.247706;0.00917433;0.027523;-0.155963;-0.449541;-0.155963;-0.724771;-0.798165;-0.46789;0.0458716;-0.522936;0.137615;0.688073;-0.119266;-0.174312;0.192661;-0.926606;-0.229358;-0.229358;-0.87156;0.614679;-0.889908;0.0642202;-0.030303;0.393939;-0.171717;0.555556;0.0707071;0.515152;-0.818182;-0.252525;-0.59596;-0.393939;-0.212121;0.191919;0.191919;0.131313;-0.131313;-0.232323;-0.919192;0.272727;-0.292929;0.292929;0.010101;-0.232323;-0.0707071;0.454545;0.494949;-0.151515;-0.71134;0.278351;-1;0;0;0;0

8.76;-0.449541;-0.284404;0.100917;-0.119266;-0.963303;-0.394495;0.321101;0.816514;-0.889908;-0.577982;-0.522936;-0.541284;-0.266055;-0.834862;-0.0458715;-0.669725;-0.412844;-0.706422;-0.688073;-0.247706;0.229358;-0.00917429;0.376147;0.119266;0.412844;0.174312;-0.137615;-0.0458715;-0.100917;-0.376147;-0.247706;0.00917433;0.027523;-0.155963;-0.449541;-0.155963;-0.724771;-0.798165;-0.46789;0.0458716;-0.522936;0.137615;0.688073;-0.119266;-0.174312;0.192661;-0.926606;-0.229358;-0.229358;-0.87156;0.614679;-0.889908;0.171717;-0.030303;0.393939;-0.171717;0.555556;0.0707071;0.515152;-0.818182;-0.252525;-0.59596;-0.393939;-0.212121;0.191919;0.191919;0.131313;-0.131313;-0.232323;-0.919192;0.272727;-0.292929;0.292929;0.010101;-0.232323;-0.0707071;0.454545;0.494949;-0.175258;-0.71134;-1;0;0;0;0

8.45;-0.761468;-0.449541;-0.284404;0.100917;-0.119266;-0.963303;-0.394495;0.321101;0.816514;-0.889908;-0.577982;-0.522936;-0.541284;-0.266055;-0.834862;-0.0458715;-0.669725;-0.412844;-0.706422;-0.688073;-0.247706;0.229358;-0.00917429;0.376147;0.119266;0.412844;0.174312;-0.137615;-0.0458715;-0.100917;-0.376147;-0.247706;0.00917433;0.027523;-0.155963;-0.449541;-0.155963;-0.724771;-0.798165;-0.46789;0.0458716;-0.522936;0.137615;0.688073;-0.119266;-0.174312;0.192661;-0.926606;-0.229358;-0.229358;-0.87156;0.614679;-0.878788;0.171717;-0.030303;0.393939;-0.171717;0.555556;0.0707071;0.515152;-0.818182;-0.252525;-0.59596;-0.393939;-0.212121;0.191919;0.191919;0.131313;-0.131313;-0.232323;-0.919192;0.272727;-0.292929;0.292929;0.010101;-0.232323;-0.0707071;0.454545;0.484536;-0.175258;-1;0;0;0;0

8.07;-0.889908;-0.761468;-0.449541;-0.284404;0.100917;-0.119266;-0.963303;-0.394495;0.321101;0.816514;-0.889908;-0.577982;-0.522936;-0.541284;-0.266055;-0.834862;-0.0458715;-0.669725;-0.412844;-0.706422;-0.688073;-0.247706;0.229358;-0.00917429;0.376147;0.119266;0.412844;0.174312;-0.137615;-0.0458715;-0.100917;-0.376147;-0.247706;0.00917433;0.027523;-0.155963;-0.449541;-0.155963;-0.724771;-0.798165;-0.46789;0.0458716;-0.522936;0.137615;0.688073;-0.119266;-0.174312;0.192661;-0.926606;-0.229358;-0.229358;-0.87156;0.777778;-0.878788;0.171717;-0.030303;0.393939;-0.171717;0.555556;0.0707071;0.515152;-0.818182;-0.252525;-0.59596;-0.393939;-0.212121;0.191919;0.191919;0.131313;-0.131313;-0.232323;-0.919192;0.272727;-0.292929;0.292929;0.010101;-0.232323;-0.0707071;0.443299;0.484536;+1;0;0;0;0

8.1;-0.137615;-0.889908;-0.761468;-0.449541;-0.284404;0.100917;-0.119266;-0.963303;-0.394495;0.321101;0.816514;-0.889908;-0.577982;-0.522936;-0.541284;-0.266055;-0.834862;-0.0458715;-0.669725;-0.412844;-0.706422;-0.688073;-0.247706;0.229358;-0.00917429;0.376147;0.119266;0.412844;0.174312;-0.137615;-0.0458715;-0.100917;-0.376147;-0.247706;0.00917433;0.027523;-0.155963;-0.449541;-0.155963;-0.724771;-0.798165;-0.46789;0.0458716;-0.522936;0.137615;0.688073;-0.119266;-0.174312;0.192661;-0.926606;-0.229358;-0.229358;-0.858586;0.777778;-0.878788;0.171717;-0.030303;0.393939;-0.171717;0.555556;0.0707071;0.515152;-0.818182;-0.252525;-0.59596;-0.393939;-0.212121;0.191919;0.191919;0.131313;-0.131313;-0.232323;-0.919192;0.272727;-0.292929;0.292929;0.010101;-0.232323;-0.0927835;0.443299;-1;0;0;0;0

8.08;-0.229358;-0.137615;-0.889908;-0.761468;-0.449541;-0.284404;0.100917;-0.119266;-0.963303;-0.394495;0.321101;0.816514;-0.889908;-0.577982;-0.522936;-0.541284;-0.266055;-0.834862;-0.0458715;-0.669725;-0.412844;-0.706422;-0.688073;-0.247706;0.229358;-0.00917429;0.376147;0.119266;0.412844;0.174312;-0.137615;-0.0458715;-0.100917;-0.376147;-0.247706;0.00917433;0.027523;-0.155963;-0.449541;-0.155963;-0.724771;-0.798165;-0.46789;0.0458716;-0.522936;0.137615;0.688073;-0.119266;-0.174312;0.192661;-0.926606;-0.229358;-0.151515;-0.858586;0.777778;-0.878788;0.171717;-0.030303;0.393939;-0.171717;0.555556;0.0707071;0.515152;-0.818182;-0.252525;-0.59596;-0.393939;-0.212121;0.191919;0.191919;0.131313;-0.131313;-0.232323;-0.919192;0.272727;-0.292929;0.292929;0.010101;-0.257732;-0.0927835;-1;0;0;0;0

7.64;-1;-0.229358;-0.137615;-0.889908;-0.761468;-0.449541;-0.284404;0.100917;-0.119266;-0.963303;-0.394495;0.321101;0.816514;-0.889908;-0.577982;-0.522936;-0.541284;-0.266055;-0.834862;-0.0458715;-0.669725;-0.412844;-0.706422;-0.688073;-0.247706;0.229358;-0.00917429;0.376147;0.119266;0.412844;0.174312;-0.137615;-0.0458715;-0.100917;-0.376147;-0.247706;0.00917433;0.027523;-0.155963;-0.449541;-0.155963;-0.724771;-0.798165;-0.46789;0.0458716;-0.522936;0.137615;0.688073;-0.119266;-0.174312;0.192661;-0.926606;-0.151515;-0.151515;-0.858586;0.777778;-0.878788;0.171717;-0.030303;0.393939;-0.171717;0.555556;0.0707071;0.515152;-0.818182;-0.252525;-0.59596;-0.393939;-0.212121;0.191919;0.191919;0.131313;-0.131313;-0.232323;-0.919192;0.272727;-0.292929;0.292929;-0.0103093;-0.257732;-1;0;0;0;0

7.4;-0.633027;-1;-0.229358;-0.137615;-0.889908;-0.761468;-0.449541;-0.284404;0.100917;-0.119266;-0.963303;-0.394495;0.321101;0.816514;-0.889908;-0.577982;-0.522936;-0.541284;-0.266055;-0.834862;-0.0458715;-0.669725;-0.412844;-0.706422;-0.688073;-0.247706;0.229358;-0.00917429;0.376147;0.119266;0.412844;0.174312;-0.137615;-0.0458715;-0.100917;-0.376147;-0.247706;0.00917433;0.027523;-0.155963;-0.449541;-0.155963;-0.724771;-0.798165;-0.46789;0.0458716;-0.522936;0.137615;0.688073;-0.119266;-0.174312;0.192661;-0.919192;-0.151515;-0.151515;-0.858586;0.777778;-0.878788;0.171717;-0.030303;0.393939;-0.171717;0.555556;0.0707071;0.515152;-0.818182;-0.252525;-0.59596;-0.393939;-0.212121;0.191919;0.191919;0.131313;-0.131313;-0.232323;-0.919192;0.272727;-0.292929;0.278351;-0.0103093;+1;0;0;0;0

7.8;0.541284;-0.633027;-1;-0.229358;-0.137615;-0.889908;-0.761468;-0.449541;-0.284404;0.100917;-0.119266;-0.963303;-0.394495;0.321101;0.816514;-0.889908;-0.577982;-0.522936;-0.541284;-0.266055;-0.834862;-0.0458715;-0.669725;-0.412844;-0.706422;-0.688073;-0.247706;0.229358;-0.00917429;0.376147;0.119266;0.412844;0.174312;-0.137615;-0.0458715;-0.100917;-0.376147;-0.247706;0.00917433;0.027523;-0.155963;-0.449541;-0.155963;-0.724771;-0.798165;-0.46789;0.0458716;-0.522936;0.137615;0.688073;-0.119266;-0.174312;0.313131;-0.919192;-0.151515;-0.151515;-0.858586;0.777778;-0.878788;0.171717;-0.030303;0.393939;-0.171717;0.555556;0.0707071;0.515152;-0.818182;-0.252525;-0.59596;-0.393939;-0.212121;0.191919;0.191919;0.131313;-0.131313;-0.232323;-0.919192;0.272727;-0.319588;0.278351;+1;0;0;0;0

8.2;0.541284;0.541284;-0.633027;-1;-0.229358;-0.137615;-0.889908;-0.761468;-0.449541;-0.284404;0.100917;-0.119266;-0.963303;-0.394495;0.321101;0.816514;-0.889908;-0.577982;-0.522936;-0.541284;-0.266055;-0.834862;-0.0458715;-0.669725;-0.412844;-0.706422;-0.688073;-0.247706;0.229358;-0.00917429;0.376147;0.119266;0.412844;0.174312;-0.137615;-0.0458715;-0.100917;-0.376147;-0.247706;0.00917433;0.027523;-0.155963;-0.449541;-0.155963;-0.724771;-0.798165;-0.46789;0.0458716;-0.522936;0.137615;0.688073;-0.119266;-0.0909091;0.313131;-0.919192;-0.151515;-0.151515;-0.858586;0.777778;-0.878788;0.171717;-0.030303;0.393939;-0.171717;0.555556;0.0707071;0.515152;-0.818182;-0.252525;-0.59596;-0.393939;-0.212121;0.191919;0.191919;0.131313;-0.131313;-0.232323;-0.919192;0.257732;-0.319588;+1;0;0;0;0

8.3;-0.00917429;0.541284;0.541284;-0.633027;-1;-0.229358;-0.137615;-0.889908;-0.761468;-0.449541;-0.284404;0.100917;-0.119266;-0.963303;-0.394495;0.321101;0.816514;-0.889908;-0.577982;-0.522936;-0.541284;-0.266055;-0.834862;-0.0458715;-0.669725;-0.412844;-0.706422;-0.688073;-0.247706;0.229358;-0.00917429;0.376147;0.119266;0.412844;0.174312;-0.137615;-0.0458715;-0.100917;-0.376147;-0.247706;0.00917433;0.027523;-0.155963;-0.449541;-0.155963;-0.724771;-0.798165;-0.46789;0.0458716;-0.522936;0.137615;0.688073;-0.030303;-0.0909091;0.313131;-0.919192;-0.151515;-0.151515;-0.858586;0.777778;-0.878788;0.171717;-0.030303;0.393939;-0.171717;0.555556;0.0707071;0.515152;-0.818182;-0.252525;-0.59596;-0.393939;-0.212121;0.191919;0.191919;0.131313;-0.131313;-0.232323;-0.958763;0.257732;-1;0;0;0;0

8.3;-0.192661;-0.00917429;0.541284;0.541284;-0.633027;-1;-0.229358;-0.137615;-0.889908;-0.761468;-0.449541;-0.284404;0.100917;-0.119266;-0.963303;-0.394495;0.321101;0.816514;-0.889908;-0.577982;-0.522936;-0.541284;-0.266055;-0.834862;-0.0458715;-0.669725;-0.412844;-0.706422;-0.688073;-0.247706;0.229358;-0.00917429;0.376147;0.119266;0.412844;0.174312;-0.137615;-0.0458715;-0.100917;-0.376147;-0.247706;0.00917433;0.027523;-0.155963;-0.449541;-0.155963;-0.724771;-0.798165;-0.46789;0.0458716;-0.522936;0.137615;0.858586;-0.030303;-0.0909091;0.313131;-0.919192;-0.151515;-0.151515;-0.858586;0.777778;-0.878788;0.171717;-0.030303;0.393939;-0.171717;0.555556;0.0707071;0.515152;-0.818182;-0.252525;-0.59596;-0.393939;-0.212121;0.191919;0.191919;0.131313;-0.131313;-0.257732;-0.958763;+1;0;0;0;0

8.49;0.155963;-0.192661;-0.00917429;0.541284;0.541284;-0.633027;-1;-0.229358;-0.137615;-0.889908;-0.761468;-0.449541;-0.284404;0.100917;-0.119266;-0.963303;-0.394495;0.321101;0.816514;-0.889908;-0.577982;-0.522936;-0.541284;-0.266055;-0.834862;-0.0458715;-0.669725;-0.412844;-0.706422;-0.688073;-0.247706;0.229358;-0.00917429;0.376147;0.119266;0.412844;0.174312;-0.137615;-0.0458715;-0.100917;-0.376147;-0.247706;0.00917433;0.027523;-0.155963;-0.449541;-0.155963;-0.724771;-0.798165;-0.46789;0.0458716;-0.522936;0.252525;0.858586;-0.030303;-0.0909091;0.313131;-0.919192;-0.151515;-0.151515;-0.858586;0.777778;-0.878788;0.171717;-0.030303;0.393939;-0.171717;0.555556;0.0707071;0.515152;-0.818182;-0.252525;-0.59596;-0.393939;-0.212121;0.191919;0.191919;0.131313;-0.154639;-0.257732;-1;0;0;0;0

8.32;-0.504587;0.155963;-0.192661;-0.00917429;0.541284;0.541284;-0.633027;-1;-0.229358;-0.137615;-0.889908;-0.761468;-0.449541;-0.284404;0.100917;-0.119266;-0.963303;-0.394495;0.321101;0.816514;-0.889908;-0.577982;-0.522936;-0.541284;-0.266055;-0.834862;-0.0458715;-0.669725;-0.412844;-0.706422;-0.688073;-0.247706;0.229358;-0.00917429;0.376147;0.119266;0.412844;0.174312;-0.137615;-0.0458715;-0.100917;-0.376147;-0.247706;0.00917433;0.027523;-0.155963;-0.449541;-0.155963;-0.724771;-0.798165;-0.46789;0.0458716;-0.474748;0.252525;0.858586;-0.030303;-0.0909091;0.313131;-0.919192;-0.151515;-0.151515;-0.858586;0.777778;-0.878788;0.171717;-0.030303;0.393939;-0.171717;0.555556;0.0707071;0.515152;-0.818182;-0.252525;-0.59596;-0.393939;-0.212121;0.191919;0.191919;0.113402;-0.154639;+1;0;0;0;0

8.45;0.0458716;-0.504587;0.155963;-0.192661;-0.00917429;0.541284;0.541284;-0.633027;-1;-0.229358;-0.137615;-0.889908;-0.761468;-0.449541;-0.284404;0.100917;-0.119266;-0.963303;-0.394495;0.321101;0.816514;-0.889908;-0.577982;-0.522936;-0.541284;-0.266055;-0.834862;-0.0458715;-0.669725;-0.412844;-0.706422;-0.688073;-0.247706;0.229358;-0.00917429;0.376147;0.119266;0.412844;0.174312;-0.137615;-0.0458715;-0.100917;-0.376147;-0.247706;0.00917433;0.027523;-0.155963;-0.449541;-0.155963;-0.724771;-0.798165;-0.46789;0.151515;-0.474748;0.252525;0.858586;-0.030303;-0.0909091;0.313131;-0.919192;-0.151515;-0.151515;-0.858586;0.777778;-0.878788;0.171717;-0.030303;0.393939;-0.171717;0.555556;0.0707071;0.515152;-0.818182;-0.252525;-0.59596;-0.393939;-0.212121;0.191919;0.175258;0.113402;-1;0;0;0;0

8.34;-0.394495;0.0458716;-0.504587;0.155963;-0.192661;-0.00917429;0.541284;0.541284;-0.633027;-1;-0.229358;-0.137615;-0.889908;-0.761468;-0.449541;-0.284404;0.100917;-0.119266;-0.963303;-0.394495;0.321101;0.816514;-0.889908;-0.577982;-0.522936;-0.541284;-0.266055;-0.834862;-0.0458715;-0.669725;-0.412844;-0.706422;-0.688073;-0.247706;0.229358;-0.00917429;0.376147;0.119266;0.412844;0.174312;-0.137615;-0.0458715;-0.100917;-0.376147;-0.247706;0.00917433;0.027523;-0.155963;-0.449541;-0.155963;-0.724771;-0.798165;-0.414141;0.151515;-0.474748;0.252525;0.858586;-0.030303;-0.0909091;0.313131;-0.919192;-0.151515;-0.151515;-0.858586;0.777778;-0.878788;0.171717;-0.030303;0.393939;-0.171717;0.555556;0.0707071;0.515152;-0.818182;-0.252525;-0.59596;-0.393939;-0.212121;0.175258;0.175258;-1;0;0;0;0

8.2;-0.449541;-0.394495;0.0458716;-0.504587;0.155963;-0.192661;-0.00917429;0.541284;0.541284;-0.633027;-1;-0.229358;-0.137615;-0.889908;-0.761468;-0.449541;-0.284404;0.100917;-0.119266;-0.963303;-0.394495;0.321101;0.816514;-0.889908;-0.577982;-0.522936;-0.541284;-0.266055;-0.834862;-0.0458715;-0.669725;-0.412844;-0.706422;-0.688073;-0.247706;0.229358;-0.00917429;0.376147;0.119266;0.412844;0.174312;-0.137615;-0.0458715;-0.100917;-0.376147;-0.247706;0.00917433;0.027523;-0.155963;-0.449541;-0.155963;-0.724771;-0.777778;-0.414141;0.151515;-0.474748;0.252525;0.858586;-0.030303;-0.0909091;0.313131;-0.919192;-0.151515;-0.151515;-0.858586;0.777778;-0.878788;0.171717;-0.030303;0.393939;-0.171717;0.555556;0.0707071;0.515152;-0.818182;-0.252525;-0.59596;-0.393939;-0.237113;0.175258;-1;0;0;0;0

8.15;-0.284404;-0.449541;-0.394495;0.0458716;-0.504587;0.155963;-0.192661;-0.00917429;0.541284;0.541284;-0.633027;-1;-0.229358;-0.137615;-0.889908;-0.761468;-0.449541;-0.284404;0.100917;-0.119266;-0.963303;-0.394495;0.321101;0.816514;-0.889908;-0.577982;-0.522936;-0.541284;-0.266055;-0.834862;-0.0458715;-0.669725;-0.412844;-0.706422;-0.688073;-0.247706;0.229358;-0.00917429;0.376147;0.119266;0.412844;0.174312;-0.137615;-0.0458715;-0.100917;-0.376147;-0.247706;0.00917433;0.027523;-0.155963;-0.449541;-0.155963;-0.69697;-0.777778;-0.414141;0.151515;-0.474748;0.252525;0.858586;-0.030303;-0.0909091;0.313131;-0.919192;-0.151515;-0.151515;-0.858586;0.777778;-0.878788;0.171717;-0.030303;0.393939;-0.171717;0.555556;0.0707071;0.515152;-0.818182;-0.252525;-0.59596;-0.42268;-0.237113;+1;0;0;0;0

8.7;0.816514;-0.284404;-0.449541;-0.394495;0.0458716;-0.504587;0.155963;-0.192661;-0.00917429;0.541284;0.541284;-0.633027;-1;-0.229358;-0.137615;-0.889908;-0.761468;-0.449541;-0.284404;0.100917;-0.119266;-0.963303;-0.394495;0.321101;0.816514;-0.889908;-0.577982;-0.522936;-0.541284;-0.266055;-0.834862;-0.0458715;-0.669725;-0.412844;-0.706422;-0.688073;-0.247706;0.229358;-0.00917429;0.376147;0.119266;0.412844;0.174312;-0.137615;-0.0458715;-0.100917;-0.376147;-0.247706;0.00917433;0.027523;-0.155963;-0.449541;-0.0707071;-0.69697;-0.777778;-0.414141;0.151515;-0.474748;0.252525;0.858586;-0.030303;-0.0909091;0.313131;-0.919192;-0.151515;-0.151515;-0.858586;0.777778;-0.878788;0.171717;-0.030303;0.393939;-0.171717;0.555556;0.0707071;0.515152;-0.818182;-0.252525;-0.628866;-0.42268;+1;0;0;0;0

8.72;-0.155963;0.816514;-0.284404;-0.449541;-0.394495;0.0458716;-0.504587;0.155963;-0.192661;-0.00917429;0.541284;0.541284;-0.633027;-1;-0.229358;-0.137615;-0.889908;-0.761468;-0.449541;-0.284404;0.100917;-0.119266;-0.963303;-0.394495;0.321101;0.816514;-0.889908;-0.577982;-0.522936;-0.541284;-0.266055;-0.834862;-0.0458715;-0.669725;-0.412844;-0.706422;-0.688073;-0.247706;0.229358;-0.00917429;0.376147;0.119266;0.412844;0.174312;-0.137615;-0.0458715;-0.100917;-0.376147;-0.247706;0.00917433;0.027523;-0.155963;-0.393939;-0.0707071;-0.69697;-0.777778;-0.414141;0.151515;-0.474748;0.252525;0.858586;-0.030303;-0.0909091;0.313131;-0.919192;-0.151515;-0.151515;-0.858586;0.777778;-0.878788;0.171717;-0.030303;0.393939;-0.171717;0.555556;0.0707071;0.515152;-0.818182;-0.278351;-0.628866;+1;0;0;0;0

9;0.321101;-0.155963;0.816514;-0.284404;-0.449541;-0.394495;0.0458716;-0.504587;0.155963;-0.192661;-0.00917429;0.541284;0.541284;-0.633027;-1;-0.229358;-0.137615;-0.889908;-0.761468;-0.449541;-0.284404;0.100917;-0.119266;-0.963303;-0.394495;0.321101;0.816514;-0.889908;-0.577982;-0.522936;-0.541284;-0.266055;-0.834862;-0.0458715;-0.669725;-0.412844;-0.706422;-0.688073;-0.247706;0.229358;-0.00917429;0.376147;0.119266;0.412844;0.174312;-0.137615;-0.0458715;-0.100917;-0.376147;-0.247706;0.00917433;0.027523;-0.0707071;-0.393939;-0.0707071;-0.69697;-0.777778;-0.414141;0.151515;-0.474748;0.252525;0.858586;-0.030303;-0.0909091;0.313131;-0.919192;-0.151515;-0.151515;-0.858586;0.777778;-0.878788;0.171717;-0.030303;0.393939;-0.171717;0.555556;0.0707071;0.515152;-0.85567;-0.278351;-1;0;0;0;0

9;-0.192661;0.321101;-0.155963;0.816514;-0.284404;-0.449541;-0.394495;0.0458716;-0.504587;0.155963;-0.192661;-0.00917429;0.541284;0.541284;-0.633027;-1;-0.229358;-0.137615;-0.889908;-0.761468;-0.449541;-0.284404;0.100917;-0.119266;-0.963303;-0.394495;0.321101;0.816514;-0.889908;-0.577982;-0.522936;-0.541284;-0.266055;-0.834862;-0.0458715;-0.669725;-0.412844;-0.706422;-0.688073;-0.247706;0.229358;-0.00917429;0.376147;0.119266;0.412844;0.174312;-0.137615;-0.0458715;-0.100917;-0.376147;-0.247706;0.00917433;0.131313;-0.0707071;-0.393939;-0.0707071;-0.69697;-0.777778;-0.414141;0.151515;-0.474748;0.252525;0.858586;-0.030303;-0.0909091;0.313131;-0.919192;-0.151515;-0.151515;-0.858586;0.777778;-0.878788;0.171717;-0.030303;0.393939;-0.171717;0.555556;0.0707071;0.505155;-0.85567;-1;0;0;0;0

8.74;-0.669725;-0.192661;0.321101;-0.155963;0.816514;-0.284404;-0.449541;-0.394495;0.0458716;-0.504587;0.155963;-0.192661;-0.00917429;0.541284;0.541284;-0.633027;-1;-0.229358;-0.137615;-0.889908;-0.761468;-0.449541;-0.284404;0.100917;-0.119266;-0.963303;-0.394495;0.321101;0.816514;-0.889908;-0.577982;-0.522936;-0.541284;-0.266055;-0.834862;-0.0458715;-0.669725;-0.412844;-0.706422;-0.688073;-0.247706;0.229358;-0.00917429;0.376147;0.119266;0.412844;0.174312;-0.137615;-0.0458715;-0.100917;-0.376147;-0.247706;0.111111;0.131313;-0.0707071;-0.393939;-0.0707071;-0.69697;-0.777778;-0.414141;0.151515;-0.474748;0.252525;0.858586;-0.030303;-0.0909091;0.313131;-0.919192;-0.151515;-0.151515;-0.858586;0.777778;-0.878788;0.171717;-0.030303;0.393939;-0.171717;0.555556;0.0515464;0.505155;+1;0;0;0;0

8.84;-0.00917429;-0.669725;-0.192661;0.321101;-0.155963;0.816514;-0.284404;-0.449541;-0.394495;0.0458716;-0.504587;0.155963;-0.192661;-0.00917429;0.541284;0.541284;-0.633027;-1;-0.229358;-0.137615;-0.889908;-0.761468;-0.449541;-0.284404;0.100917;-0.119266;-0.963303;-0.394495;0.321101;0.816514;-0.889908;-0.577982;-0.522936;-0.541284;-0.266055;-0.834862;-0.0458715;-0.669725;-0.412844;-0.706422;-0.688073;-0.247706;0.229358;-0.00917429;0.376147;0.119266;0.412844;0.174312;-0.137615;-0.0458715;-0.100917;-0.376147;-0.171717;0.111111;0.131313;-0.0707071;-0.393939;-0.0707071;-0.69697;-0.777778;-0.414141;0.151515;-0.474748;0.252525;0.858586;-0.030303;-0.0909091;0.313131;-0.919192;-0.151515;-0.151515;-0.858586;0.777778;-0.878788;0.171717;-0.030303;0.393939;-0.171717;0.546392;0.0515464;-1;0;0;0;0

8.7;-0.449541;-0.00917429;-0.669725;-0.192661;0.321101;-0.155963;0.816514;-0.284404;-0.449541;-0.394495;0.0458716;-0.504587;0.155963;-0.192661;-0.00917429;0.541284;0.541284;-0.633027;-1;-0.229358;-0.137615;-0.889908;-0.761468;-0.449541;-0.284404;0.100917;-0.119266;-0.963303;-0.394495;0.321101;0.816514;-0.889908;-0.577982;-0.522936;-0.541284;-0.266055;-0.834862;-0.0458715;-0.669725;-0.412844;-0.706422;-0.688073;-0.247706;0.229358;-0.00917429;0.376147;0.119266;0.412844;0.174312;-0.137615;-0.0458715;-0.100917;-0.313131;-0.171717;0.111111;0.131313;-0.0707071;-0.393939;-0.0707071;-0.69697;-0.777778;-0.414141;0.151515;-0.474748;0.252525;0.858586;-0.030303;-0.0909091;0.313131;-0.919192;-0.151515;-0.151515;-0.858586;0.777778;-0.878788;0.171717;-0.030303;0.393939;-0.195876;0.546392;-1;0;0;0;0

8.67;-0.247706;-0.449541;-0.00917429;-0.669725;-0.192661;0.321101;-0.155963;0.816514;-0.284404;-0.449541;-0.394495;0.0458716;-0.504587;0.155963;-0.192661;-0.00917429;0.541284;0.541284;-0.633027;-1;-0.229358;-0.137615;-0.889908;-0.761468;-0.449541;-0.284404;0.100917;-0.119266;-0.963303;-0.394495;0.321101;0.816514;-0.889908;-0.577982;-0.522936;-0.541284;-0.266055;-0.834862;-0.0458715;-0.669725;-0.412844;-0.706422;-0.688073;-0.247706;0.229358;-0.00917429;0.376147;0.119266;0.412844;0.174312;-0.137615;-0.0458715;-0.010101;-0.313131;-0.171717;0.111111;0.131313;-0.0707071;-0.393939;-0.0707071;-0.69697;-0.777778;-0.414141;0.151515;-0.474748;0.252525;0.858586;-0.030303;-0.0909091;0.313131;-0.919192;-0.151515;-0.151515;-0.858586;0.777778;-0.878788;0.171717;-0.030303;0.381443;-0.195876;+1;0;0;0;0

8.71;-0.119266;-0.247706;-0.449541;-0.00917429;-0.669725;-0.192661;0.321101;-0.155963;0.816514;-0.284404;-0.449541;-0.394495;0.0458716;-0.504587;0.155963;-0.192661;-0.00917429;0.541284;0.541284;-0.633027;-1;-0.229358;-0.137615;-0.889908;-0.761468;-0.449541;-0.284404;0.100917;-0.119266;-0.963303;-0.394495;0.321101;0.816514;-0.889908;-0.577982;-0.522936;-0.541284;-0.266055;-0.834862;-0.0458715;-0.669725;-0.412844;-0.706422;-0.688073;-0.247706;0.229358;-0.00917429;0.376147;0.119266;0.412844;0.174312;-0.137615;0.050505;-0.010101;-0.313131;-0.171717;0.111111;0.131313;-0.0707071;-0.393939;-0.0707071;-0.69697;-0.777778;-0.414141;0.151515;-0.474748;0.252525;0.858586;-0.030303;-0.0909091;0.313131;-0.919192;-0.151515;-0.151515;-0.858586;0.777778;-0.878788;0.171717;-0.0515464;0.381443;-1;0;0;0;0

8.53;-0.522936;-0.119266;-0.247706;-0.449541;-0.00917429;-0.669725;-0.192661;0.321101;-0.155963;0.816514;-0.284404;-0.449541;-0.394495;0.0458716;-0.504587;0.155963;-0.192661;-0.00917429;0.541284;0.541284;-0.633027;-1;-0.229358;-0.137615;-0.889908;-0.761468;-0.449541;-0.284404;0.100917;-0.119266;-0.963303;-0.394495;0.321101;0.816514;-0.889908;-0.577982;-0.522936;-0.541284;-0.266055;-0.834862;-0.0458715;-0.669725;-0.412844;-0.706422;-0.688073;-0.247706;0.229358;-0.00917429;0.376147;0.119266;0.412844;0.174312;-0.0505051;0.050505;-0.010101;-0.313131;-0.171717;0.111111;0.131313;-0.0707071;-0.393939;-0.0707071;-0.69697;-0.777778;-0.414141;0.151515;-0.474748;0.252525;0.858586;-0.030303;-0.0909091;0.313131;-0.919192;-0.151515;-0.151515;-0.858586;0.777778;-0.878788;0.154639;-0.0515464;-1;0;0;0;0

8.33;-0.559633;-0.522936;-0.119266;-0.247706;-0.449541;-0.00917429;-0.669725;-0.192661;0.321101;-0.155963;0.816514;-0.284404;-0.449541;-0.394495;0.0458716;-0.504587;0.155963;-0.192661;-0.00917429;0.541284;0.541284;-0.633027;-1;-0.229358;-0.137615;-0.889908;-0.761468;-0.449541;-0.284404;0.100917;-0.119266;-0.963303;-0.394495;0.321101;0.816514;-0.889908;-0.577982;-0.522936;-0.541284;-0.266055;-0.834862;-0.0458715;-0.669725;-0.412844;-0.706422;-0.688073;-0.247706;0.229358;-0.00917429;0.376147;0.119266;0.412844;0.292929;-0.0505051;0.050505;-0.010101;-0.313131;-0.171717;0.111111;0.131313;-0.0707071;-0.393939;-0.0707071;-0.69697;-0.777778;-0.414141;0.151515;-0.474748;0.252525;0.858586;-0.030303;-0.0909091;0.313131;-0.919192;-0.151515;-0.151515;-0.858586;0.777778;-0.917526;0.154639;-1;0;0;0;0

8.28;-0.284404;-0.559633;-0.522936;-0.119266;-0.247706;-0.449541;-0.00917429;-0.669725;-0.192661;0.321101;-0.155963;0.816514;-0.284404;-0.449541;-0.394495;0.0458716;-0.504587;0.155963;-0.192661;-0.00917429;0.541284;0.541284;-0.633027;-1;-0.229358;-0.137615;-0.889908;-0.761468;-0.449541;-0.284404;0.100917;-0.119266;-0.963303;-0.394495;0.321101;0.816514;-0.889908;-0.577982;-0.522936;-0.541284;-0.266055;-0.834862;-0.0458715;-0.669725;-0.412844;-0.706422;-0.688073;-0.247706;0.229358;-0.00917429;0.376147;0.119266;0.555556;0.292929;-0.0505051;0.050505;-0.010101;-0.313131;-0.171717;0.111111;0.131313;-0.0707071;-0.393939;-0.0707071;-0.69697;-0.777778;-0.414141;0.151515;-0.474748;0.252525;0.858586;-0.030303;-0.0909091;0.313131;-0.919192;-0.151515;-0.151515;-0.858586;0.773196;-0.917526;-1;0;0;0;0

8.15;-0.431193;-0.284404;-0.559633;-0.522936;-0.119266;-0.247706;-0.449541;-0.00917429;-0.669725;-0.192661;0.321101;-0.155963;0.816514;-0.284404;-0.449541;-0.394495;0.0458716;-0.504587;0.155963;-0.192661;-0.00917429;0.541284;0.541284;-0.633027;-1;-0.229358;-0.137615;-0.889908;-0.761468;-0.449541;-0.284404;0.100917;-0.119266;-0.963303;-0.394495;0.321101;0.816514;-0.889908;-0.577982;-0.522936;-0.541284;-0.266055;-0.834862;-0.0458715;-0.669725;-0.412844;-0.706422;-0.688073;-0.247706;0.229358;-0.00917429;0.376147;0.232323;0.555556;0.292929;-0.0505051;0.050505;-0.010101;-0.313131;-0.171717;0.111111;0.131313;-0.0707071;-0.393939;-0.0707071;-0.69697;-0.777778;-0.414141;0.151515;-0.474748;0.252525;0.858586;-0.030303;-0.0909091;0.313131;-0.919192;-0.151515;-0.151515;-0.896907;0.773196;+1;0;0;0;0

8.2;-0.100917;-0.431193;-0.284404;-0.559633;-0.522936;-0.119266;-0.247706;-0.449541;-0.00917429;-0.669725;-0.192661;0.321101;-0.155963;0.816514;-0.284404;-0.449541;-0.394495;0.0458716;-0.504587;0.155963;-0.192661;-0.00917429;0.541284;0.541284;-0.633027;-1;-0.229358;-0.137615;-0.889908;-0.761468;-0.449541;-0.284404;0.100917;-0.119266;-0.963303;-0.394495;0.321101;0.816514;-0.889908;-0.577982;-0.522936;-0.541284;-0.266055;-0.834862;-0.0458715;-0.669725;-0.412844;-0.706422;-0.688073;-0.247706;0.229358;-0.00917429;0.515152;0.232323;0.555556;0.292929;-0.0505051;0.050505;-0.010101;-0.313131;-0.171717;0.111111;0.131313;-0.0707071;-0.393939;-0.0707071;-0.69697;-0.777778;-0.414141;0.151515;-0.474748;0.252525;0.858586;-0.030303;-0.0909091;0.313131;-0.919192;-0.151515;-0.175258;-0.896907;+1;0;0;0;0

8.85;1;-0.100917;-0.431193;-0.284404;-0.559633;-0.522936;-0.119266;-0.247706;-0.449541;-0.00917429;-0.669725;-0.192661;0.321101;-0.155963;0.816514;-0.284404;-0.449541;-0.394495;0.0458716;-0.504587;0.155963;-0.192661;-0.00917429;0.541284;0.541284;-0.633027;-1;-0.229358;-0.137615;-0.889908;-0.761468;-0.449541;-0.284404;0.100917;-0.119266;-0.963303;-0.394495;0.321101;0.816514;-0.889908;-0.577982;-0.522936;-0.541284;-0.266055;-0.834862;-0.0458715;-0.669725;-0.412844;-0.706422;-0.688073;-0.247706;0.229358;0.0909091;0.515152;0.232323;0.555556;0.292929;-0.0505051;0.050505;-0.010101;-0.313131;-0.171717;0.111111;0.131313;-0.0707071;-0.393939;-0.0707071;-0.69697;-0.777778;-0.414141;0.151515;-0.474748;0.252525;0.858586;-0.030303;-0.0909091;0.313131;-0.919192;-0.175258;-0.175258;-1;0;0;0;0

8.71;-0.449541;1;-0.100917;-0.431193;-0.284404;-0.559633;-0.522936;-0.119266;-0.247706;-0.449541;-0.00917429;-0.669725;-0.192661;0.321101;-0.155963;0.816514;-0.284404;-0.449541;-0.394495;0.0458716;-0.504587;0.155963;-0.192661;-0.00917429;0.541284;0.541284;-0.633027;-1;-0.229358;-0.137615;-0.889908;-0.761468;-0.449541;-0.284404;0.100917;-0.119266;-0.963303;-0.394495;0.321101;0.816514;-0.889908;-0.577982;-0.522936;-0.541284;-0.266055;-0.834862;-0.0458715;-0.669725;-0.412844;-0.706422;-0.688073;-0.247706;0.353535;0.0909091;0.515152;0.232323;0.555556;0.292929;-0.0505051;0.050505;-0.010101;-0.313131;-0.171717;0.111111;0.131313;-0.0707071;-0.393939;-0.0707071;-0.69697;-0.777778;-0.414141;0.151515;-0.474748;0.252525;0.858586;-0.030303;-0.0909091;0.313131;-0.958763;-0.175258;+1;0;0;0;0

8.75;-0.119266;-0.449541;1;-0.100917;-0.431193;-0.284404;-0.559633;-0.522936;-0.119266;-0.247706;-0.449541;-0.00917429;-0.669725;-0.192661;0.321101;-0.155963;0.816514;-0.284404;-0.449541;-0.394495;0.0458716;-0.504587;0.155963;-0.192661;-0.00917429;0.541284;0.541284;-0.633027;-1;-0.229358;-0.137615;-0.889908;-0.761468;-0.449541;-0.284404;0.100917;-0.119266;-0.963303;-0.394495;0.321101;0.816514;-0.889908;-0.577982;-0.522936;-0.541284;-0.266055;-0.834862;-0.0458715;-0.669725;-0.412844;-0.706422;-0.688073;-0.171717;0.353535;0.0909091;0.515152;0.232323;0.555556;0.292929;-0.0505051;0.050505;-0.010101;-0.313131;-0.171717;0.111111;0.131313;-0.0707071;-0.393939;-0.0707071;-0.69697;-0.777778;-0.414141;0.151515;-0.474748;0.252525;0.858586;-0.030303;-0.0909091;0.298969;-0.958763;+1;0;0;0;0

9.05;0.357798;-0.119266;-0.449541;1;-0.100917;-0.431193;-0.284404;-0.559633;-0.522936;-0.119266;-0.247706;-0.449541;-0.00917429;-0.669725;-0.192661;0.321101;-0.155963;0.816514;-0.284404;-0.449541;-0.394495;0.0458716;-0.504587;0.155963;-0.192661;-0.00917429;0.541284;0.541284;-0.633027;-1;-0.229358;-0.137615;-0.889908;-0.761468;-0.449541;-0.284404;0.100917;-0.119266;-0.963303;-0.394495;0.321101;0.816514;-0.889908;-0.577982;-0.522936;-0.541284;-0.266055;-0.834862;-0.0458715;-0.669725;-0.412844;-0.706422;-0.656566;-0.171717;0.353535;0.0909091;0.515152;0.232323;0.555556;0.292929;-0.0505051;0.050505;-0.010101;-0.313131;-0.171717;0.111111;0.131313;-0.0707071;-0.393939;-0.0707071;-0.69697;-0.777778;-0.414141;0.151515;-0.474748;0.252525;0.858586;-0.030303;-0.113402;0.298969;+1;0;0;0;0

9.11;-0.0825688;0.357798;-0.119266;-0.449541;1;-0.100917;-0.431193;-0.284404;-0.559633;-0.522936;-0.119266;-0.247706;-0.449541;-0.00917429;-0.669725;-0.192661;0.321101;-0.155963;0.816514;-0.284404;-0.449541;-0.394495;0.0458716;-0.504587;0.155963;-0.192661;-0.00917429;0.541284;0.541284;-0.633027;-1;-0.229358;-0.137615;-0.889908;-0.761468;-0.449541;-0.284404;0.100917;-0.119266;-0.963303;-0.394495;0.321101;0.816514;-0.889908;-0.577982;-0.522936;-0.541284;-0.266055;-0.834862;-0.0458715;-0.669725;-0.412844;-0.676768;-0.656566;-0.171717;0.353535;0.0909091;0.515152;0.232323;0.555556;0.292929;-0.0505051;0.050505;-0.010101;-0.313131;-0.171717;0.111111;0.131313;-0.0707071;-0.393939;-0.0707071;-0.69697;-0.777778;-0.414141;0.151515;-0.474748;0.252525;0.858586;-0.0515464;-0.113402;-1;0;0;0;0

9.06;-0.284404;-0.0825688;0.357798;-0.119266;-0.449541;1;-0.100917;-0.431193;-0.284404;-0.559633;-0.522936;-0.119266;-0.247706;-0.449541;-0.00917429;-0.669725;-0.192661;0.321101;-0.155963;0.816514;-0.284404;-0.449541;-0.394495;0.0458716;-0.504587;0.155963;-0.192661;-0.00917429;0.541284;0.541284;-0.633027;-1;-0.229358;-0.137615;-0.889908;-0.761468;-0.449541;-0.284404;0.100917;-0.119266;-0.963303;-0.394495;0.321101;0.816514;-0.889908;-0.577982;-0.522936;-0.541284;-0.266055;-0.834862;-0.0458715;-0.669725;-0.353535;-0.676768;-0.656566;-0.171717;0.353535;0.0909091;0.515152;0.232323;0.555556;0.292929;-0.0505051;0.050505;-0.010101;-0.313131;-0.171717;0.111111;0.131313;-0.0707071;-0.393939;-0.0707071;-0.69697;-0.777778;-0.414141;0.151515;-0.474748;0.252525;0.85567;-0.0515464;-1;0;0;0;0

8.85;-0.577982;-0.284404;-0.0825688;0.357798;-0.119266;-0.449541;1;-0.100917;-0.431193;-0.284404;-0.559633;-0.522936;-0.119266;-0.247706;-0.449541;-0.00917429;-0.669725;-0.192661;0.321101;-0.155963;0.816514;-0.284404;-0.449541;-0.394495;0.0458716;-0.504587;0.155963;-0.192661;-0.00917429;0.541284;0.541284;-0.633027;-1;-0.229358;-0.137615;-0.889908;-0.761468;-0.449541;-0.284404;0.100917;-0.119266;-0.963303;-0.394495;0.321101;0.816514;-0.889908;-0.577982;-0.522936;-0.541284;-0.266055;-0.834862;-0.0458715;-0.636364;-0.353535;-0.676768;-0.656566;-0.171717;0.353535;0.0909091;0.515152;0.232323;0.555556;0.292929;-0.0505051;0.050505;-0.010101;-0.313131;-0.171717;0.111111;0.131313;-0.0707071;-0.393939;-0.0707071;-0.69697;-0.777778;-0.414141;0.151515;-0.474748;0.237113;0.85567;+1;0;0;0;0

8.94;-0.0275229;-0.577982;-0.284404;-0.0825688;0.357798;-0.119266;-0.449541;1;-0.100917;-0.431193;-0.284404;-0.559633;-0.522936;-0.119266;-0.247706;-0.449541;-0.00917429;-0.669725;-0.192661;0.321101;-0.155963;0.816514;-0.284404;-0.449541;-0.394495;0.0458716;-0.504587;0.155963;-0.192661;-0.00917429;0.541284;0.541284;-0.633027;-1;-0.229358;-0.137615;-0.889908;-0.761468;-0.449541;-0.284404;0.100917;-0.119266;-0.963303;-0.394495;0.321101;0.816514;-0.889908;-0.577982;-0.522936;-0.541284;-0.266055;-0.834862;0.050505;-0.636364;-0.353535;-0.676768;-0.656566;-0.171717;0.353535;0.0909091;0.515152;0.232323;0.555556;0.292929;-0.0505051;0.050505;-0.010101;-0.313131;-0.171717;0.111111;0.131313;-0.0707071;-0.393939;-0.0707071;-0.69697;-0.777778;-0.414141;0.151515;-0.505155;0.237113;+1;0;0;0;0

9;-0.0825688;-0.0275229;-0.577982;-0.284404;-0.0825688;0.357798;-0.119266;-0.449541;1;-0.100917;-0.431193;-0.284404;-0.559633;-0.522936;-0.119266;-0.247706;-0.449541;-0.00917429;-0.669725;-0.192661;0.321101;-0.155963;0.816514;-0.284404;-0.449541;-0.394495;0.0458716;-0.504587;0.155963;-0.192661;-0.00917429;0.541284;0.541284;-0.633027;-1;-0.229358;-0.137615;-0.889908;-0.761468;-0.449541;-0.284404;0.100917;-0.119266;-0.963303;-0.394495;0.321101;0.816514;-0.889908;-0.577982;-0.522936;-0.541284;-0.266055;-0.818182;0.050505;-0.636364;-0.353535;-0.676768;-0.656566;-0.171717;0.353535;0.0909091;0.515152;0.232323;0.555556;0.292929;-0.0505051;0.050505;-0.010101;-0.313131;-0.171717;0.111111;0.131313;-0.0707071;-0.393939;-0.0707071;-0.69697;-0.777778;-0.414141;0.134021;-0.505155;-1;0;0;0;0

8.8;-0.559633;-0.0825688;-0.0275229;-0.577982;-0.284404;-0.0825688;0.357798;-0.119266;-0.449541;1;-0.100917;-0.431193;-0.284404;-0.559633;-0.522936;-0.119266;-0.247706;-0.449541;-0.00917429;-0.669725;-0.192661;0.321101;-0.155963;0.816514;-0.284404;-0.449541;-0.394495;0.0458716;-0.504587;0.155963;-0.192661;-0.00917429;0.541284;0.541284;-0.633027;-1;-0.229358;-0.137615;-0.889908;-0.761468;-0.449541;-0.284404;0.100917;-0.119266;-0.963303;-0.394495;0.321101;0.816514;-0.889908;-0.577982;-0.522936;-0.541284;-0.191919;-0.818182;0.050505;-0.636364;-0.353535;-0.676768;-0.656566;-0.171717;0.353535;0.0909091;0.515152;0.232323;0.555556;0.292929;-0.0505051;0.050505;-0.010101;-0.313131;-0.171717;0.111111;0.131313;-0.0707071;-0.393939;-0.0707071;-0.69697;-0.777778;-0.443299;0.134021;+1;0;0;0;0

8.82;-0.155963;-0.559633;-0.0825688;-0.0275229;-0.577982;-0.284404;-0.0825688;0.357798;-0.119266;-0.449541;1;-0.100917;-0.431193;-0.284404;-0.559633;-0.522936;-0.119266;-0.247706;-0.449541;-0.00917429;-0.669725;-0.192661;0.321101;-0.155963;0.816514;-0.284404;-0.449541;-0.394495;0.0458716;-0.504587;0.155963;-0.192661;-0.00917429;0.541284;0.541284;-0.633027;-1;-0.229358;-0.137615;-0.889908;-0.761468;-0.449541;-0.284404;0.100917;-0.119266;-0.963303;-0.394495;0.321101;0.816514;-0.889908;-0.577982;-0.522936;-0.494949;-0.191919;-0.818182;0.050505;-0.636364;-0.353535;-0.676768;-0.656566;-0.171717;0.353535;0.0909091;0.515152;0.232323;0.555556;0.292929;-0.0505051;0.050505;-0.010101;-0.313131;-0.171717;0.111111;0.131313;-0.0707071;-0.393939;-0.0707071;-0.69697;-0.814433;-0.443299;-1;0;0;0;0

8.78;-0.266055;-0.155963;-0.559633;-0.0825688;-0.0275229;-0.577982;-0.284404;-0.0825688;0.357798;-0.119266;-0.449541;1;-0.100917;-0.431193;-0.284404;-0.559633;-0.522936;-0.119266;-0.247706;-0.449541;-0.00917429;-0.669725;-0.192661;0.321101;-0.155963;0.816514;-0.284404;-0.449541;-0.394495;0.0458716;-0.504587;0.155963;-0.192661;-0.00917429;0.541284;0.541284;-0.633027;-1;-0.229358;-0.137615;-0.889908;-0.761468;-0.449541;-0.284404;0.100917;-0.119266;-0.963303;-0.394495;0.321101;0.816514;-0.889908;-0.577982;-0.474748;-0.494949;-0.191919;-0.818182;0.050505;-0.636364;-0.353535;-0.676768;-0.656566;-0.171717;0.353535;0.0909091;0.515152;0.232323;0.555556;0.292929;-0.0505051;0.050505;-0.010101;-0.313131;-0.171717;0.111111;0.131313;-0.0707071;-0.393939;-0.0707071;-0.731959;-0.814433;+1;0;0;0;0

8.94;0.100917;-0.266055;-0.155963;-0.559633;-0.0825688;-0.0275229;-0.577982;-0.284404;-0.0825688;0.357798;-0.119266;-0.449541;1;-0.100917;-0.431193;-0.284404;-0.559633;-0.522936;-0.119266;-0.247706;-0.449541;-0.00917429;-0.669725;-0.192661;0.321101;-0.155963;0.816514;-0.284404;-0.449541;-0.394495;0.0458716;-0.504587;0.155963;-0.192661;-0.00917429;0.541284;0.541284;-0.633027;-1;-0.229358;-0.137615;-0.889908;-0.761468;-0.449541;-0.284404;0.100917;-0.119266;-0.963303;-0.394495;0.321101;0.816514;-0.889908;-0.535354;-0.474748;-0.494949;-0.191919;-0.818182;0.050505;-0.636364;-0.353535;-0.676768;-0.656566;-0.171717;0.353535;0.0909091;0.515152;0.232323;0.555556;0.292929;-0.0505051;0.050505;-0.010101;-0.313131;-0.171717;0.111111;0.131313;-0.0707071;-0.393939;-0.0927835;-0.731959;-1;0;0;0;0

8.88;-0.302752;0.100917;-0.266055;-0.155963;-0.559633;-0.0825688;-0.0275229;-0.577982;-0.284404;-0.0825688;0.357798;-0.119266;-0.449541;1;-0.100917;-0.431193;-0.284404;-0.559633;-0.522936;-0.119266;-0.247706;-0.449541;-0.00917429;-0.669725;-0.192661;0.321101;-0.155963;0.816514;-0.284404;-0.449541;-0.394495;0.0458716;-0.504587;0.155963;-0.192661;-0.00917429;0.541284;0.541284;-0.633027;-1;-0.229358;-0.137615;-0.889908;-0.761468;-0.449541;-0.284404;0.100917;-0.119266;-0.963303;-0.394495;0.321101;0.816514;-0.878788;-0.535354;-0.474748;-0.494949;-0.191919;-0.818182;0.050505;-0.636364;-0.353535;-0.676768;-0.656566;-0.171717;0.353535;0.0909091;0.515152;0.232323;0.555556;0.292929;-0.0505051;0.050505;-0.010101;-0.313131;-0.171717;0.111111;0.131313;-0.0707071;-0.42268;-0.0927835;-1;0;0;0;0

8.87;-0.211009;-0.302752;0.100917;-0.266055;-0.155963;-0.559633;-0.0825688;-0.0275229;-0.577982;-0.284404;-0.0825688;0.357798;-0.119266;-0.449541;1;-0.100917;-0.431193;-0.284404;-0.559633;-0.522936;-0.119266;-0.247706;-0.449541;-0.00917429;-0.669725;-0.192661;0.321101;-0.155963;0.816514;-0.284404;-0.449541;-0.394495;0.0458716;-0.504587;0.155963;-0.192661;-0.00917429;0.541284;0.541284;-0.633027;-1;-0.229358;-0.137615;-0.889908;-0.761468;-0.449541;-0.284404;0.100917;-0.119266;-0.963303;-0.394495;0.321101;1;-0.878788;-0.535354;-0.474748;-0.494949;-0.191919;-0.818182;0.050505;-0.636364;-0.353535;-0.676768;-0.656566;-0.171717;0.353535;0.0909091;0.515152;0.232323;0.555556;0.292929;-0.0505051;0.050505;-0.010101;-0.313131;-0.171717;0.111111;0.131313;-0.0927835;-0.42268;+1;0;0;0;0

8.95;-0.0458715;-0.211009;-0.302752;0.100917;-0.266055;-0.155963;-0.559633;-0.0825688;-0.0275229;-0.577982;-0.284404;-0.0825688;0.357798;-0.119266;-0.449541;1;-0.100917;-0.431193;-0.284404;-0.559633;-0.522936;-0.119266;-0.247706;-0.449541;-0.00917429;-0.669725;-0.192661;0.321101;-0.155963;0.816514;-0.284404;-0.449541;-0.394495;0.0458716;-0.504587;0.155963;-0.192661;-0.00917429;0.541284;0.541284;-0.633027;-1;-0.229358;-0.137615;-0.889908;-0.761468;-0.449541;-0.284404;0.100917;-0.119266;-0.963303;-0.394495;0.454545;1;-0.878788;-0.535354;-0.474748;-0.494949;-0.191919;-0.818182;0.050505;-0.636364;-0.353535;-0.676768;-0.656566;-0.171717;0.353535;0.0909091;0.515152;0.232323;0.555556;0.292929;-0.0505051;0.050505;-0.010101;-0.313131;-0.171717;0.111111;0.113402;-0.0927835;+1;0;0;0;0

9;-0.100917;-0.0458715;-0.211009;-0.302752;0.100917;-0.266055;-0.155963;-0.559633;-0.0825688;-0.0275229;-0.577982;-0.284404;-0.0825688;0.357798;-0.119266;-0.449541;1;-0.100917;-0.431193;-0.284404;-0.559633;-0.522936;-0.119266;-0.247706;-0.449541;-0.00917429;-0.669725;-0.192661;0.321101;-0.155963;0.816514;-0.284404;-0.449541;-0.394495;0.0458716;-0.504587;0.155963;-0.192661;-0.00917429;0.541284;0.541284;-0.633027;-1;-0.229358;-0.137615;-0.889908;-0.761468;-0.449541;-0.284404;0.100917;-0.119266;-0.963303;-0.333333;0.454545;1;-0.878788;-0.535354;-0.474748;-0.494949;-0.191919;-0.818182;0.050505;-0.636364;-0.353535;-0.676768;-0.656566;-0.171717;0.353535;0.0909091;0.515152;0.232323;0.555556;0.292929;-0.0505051;0.050505;-0.010101;-0.313131;-0.171717;0.0927835;0.113402;-1;0;0;0;0

8.85;-0.46789;-0.100917;-0.0458715;-0.211009;-0.302752;0.100917;-0.266055;-0.155963;-0.559633;-0.0825688;-0.0275229;-0.577982;-0.284404;-0.0825688;0.357798;-0.119266;-0.449541;1;-0.100917;-0.431193;-0.284404;-0.559633;-0.522936;-0.119266;-0.247706;-0.449541;-0.00917429;-0.669725;-0.192661;0.321101;-0.155963;0.816514;-0.284404;-0.449541;-0.394495;0.0458716;-0.504587;0.155963;-0.192661;-0.00917429;0.541284;0.541284;-0.633027;-1;-0.229358;-0.137615;-0.889908;-0.761468;-0.449541;-0.284404;0.100917;-0.119266;-0.959596;-0.333333;0.454545;1;-0.878788;-0.535354;-0.474748;-0.494949;-0.191919;-0.818182;0.050505;-0.636364;-0.353535;-0.676768;-0.656566;-0.171717;0.353535;0.0909091;0.515152;0.232323;0.555556;0.292929;-0.0505051;0.050505;-0.010101;-0.313131;-0.195876;0.0927835;-1;0;0;0;0

8.78;-0.321101;-0.46789;-0.100917;-0.0458715;-0.211009;-0.302752;0.100917;-0.266055;-0.155963;-0.559633;-0.0825688;-0.0275229;-0.577982;-0.284404;-0.0825688;0.357798;-0.119266;-0.449541;1;-0.100917;-0.431193;-0.284404;-0.559633;-0.522936;-0.119266;-0.247706;-0.449541;-0.00917429;-0.669725;-0.192661;0.321101;-0.155963;0.816514;-0.284404;-0.449541;-0.394495;0.0458716;-0.504587;0.155963;-0.192661;-0.00917429;0.541284;0.541284;-0.633027;-1;-0.229358;-0.137615;-0.889908;-0.761468;-0.449541;-0.284404;0.100917;-0.030303;-0.959596;-0.333333;0.454545;1;-0.878788;-0.535354;-0.474748;-0.494949;-0.191919;-0.818182;0.050505;-0.636364;-0.353535;-0.676768;-0.656566;-0.171717;0.353535;0.0909091;0.515152;0.232323;0.555556;0.292929;-0.0505051;0.050505;-0.010101;-0.340206;-0.195876;+1;0;0;0;0

9.2;0.577982;-0.321101;-0.46789;-0.100917;-0.0458715;-0.211009;-0.302752;0.100917;-0.266055;-0.155963;-0.559633;-0.0825688;-0.0275229;-0.577982;-0.284404;-0.0825688;0.357798;-0.119266;-0.449541;1;-0.100917;-0.431193;-0.284404;-0.559633;-0.522936;-0.119266;-0.247706;-0.449541;-0.00917429;-0.669725;-0.192661;0.321101;-0.155963;0.816514;-0.284404;-0.449541;-0.394495;0.0458716;-0.504587;0.155963;-0.192661;-0.00917429;0.541284;0.541284;-0.633027;-1;-0.229358;-0.137615;-0.889908;-0.761468;-0.449541;-0.284404;0.212121;-0.030303;-0.959596;-0.333333;0.454545;1;-0.878788;-0.535354;-0.474748;-0.494949;-0.191919;-0.818182;0.050505;-0.636364;-0.353535;-0.676768;-0.656566;-0.171717;0.353535;0.0909091;0.515152;0.232323;0.555556;0.292929;-0.0505051;0.050505;-0.0309279;-0.340206;+1;0;0;0;0

9.35;0.0825688;0.577982;-0.321101;-0.46789;-0.100917;-0.0458715;-0.211009;-0.302752;0.100917;-0.266055;-0.155963;-0.559633;-0.0825688;-0.0275229;-0.577982;-0.284404;-0.0825688;0.357798;-0.119266;-0.449541;1;-0.100917;-0.431193;-0.284404;-0.559633;-0.522936;-0.119266;-0.247706;-0.449541;-0.00917429;-0.669725;-0.192661;0.321101;-0.155963;0.816514;-0.284404;-0.449541;-0.394495;0.0458716;-0.504587;0.155963;-0.192661;-0.00917429;0.541284;0.541284;-0.633027;-1;-0.229358;-0.137615;-0.889908;-0.761468;-0.449541;-0.212121;0.212121;-0.030303;-0.959596;-0.333333;0.454545;1;-0.878788;-0.535354;-0.474748;-0.494949;-0.191919;-0.818182;0.050505;-0.636364;-0.353535;-0.676768;-0.656566;-0.171717;0.353535;0.0909091;0.515152;0.232323;0.555556;0.292929;-0.0505051;0.0309278;-0.0309279;+1;0;0;0;0

9.45;-0.00917429;0.0825688;0.577982;-0.321101;-0.46789;-0.100917;-0.0458715;-0.211009;-0.302752;0.100917;-0.266055;-0.155963;-0.559633;-0.0825688;-0.0275229;-0.577982;-0.284404;-0.0825688;0.357798;-0.119266;-0.449541;1;-0.100917;-0.431193;-0.284404;-0.559633;-0.522936;-0.119266;-0.247706;-0.449541;-0.00917429;-0.669725;-0.192661;0.321101;-0.155963;0.816514;-0.284404;-0.449541;-0.394495;0.0458716;-0.504587;0.155963;-0.192661;-0.00917429;0.541284;0.541284;-0.633027;-1;-0.229358;-0.137615;-0.889908;-0.761468;-0.393939;-0.212121;0.212121;-0.030303;-0.959596;-0.333333;0.454545;1;-0.878788;-0.535354;-0.474748;-0.494949;-0.191919;-0.818182;0.050505;-0.636364;-0.353535;-0.676768;-0.656566;-0.171717;0.353535;0.0909091;0.515152;0.232323;0.555556;0.292929;-0.072165;0.0309278;-1;0;0;0;0

9.29;-0.486239;-0.00917429;0.0825688;0.577982;-0.321101;-0.46789;-0.100917;-0.0458715;-0.211009;-0.302752;0.100917;-0.266055;-0.155963;-0.559633;-0.0825688;-0.0275229;-0.577982;-0.284404;-0.0825688;0.357798;-0.119266;-0.449541;1;-0.100917;-0.431193;-0.284404;-0.559633;-0.522936;-0.119266;-0.247706;-0.449541;-0.00917429;-0.669725;-0.192661;0.321101;-0.155963;0.816514;-0.284404;-0.449541;-0.394495;0.0458716;-0.504587;0.155963;-0.192661;-0.00917429;0.541284;0.541284;-0.633027;-1;-0.229358;-0.137615;-0.889908;-0.737374;-0.393939;-0.212121;0.212121;-0.030303;-0.959596;-0.333333;0.454545;1;-0.878788;-0.535354;-0.474748;-0.494949;-0.191919;-0.818182;0.050505;-0.636364;-0.353535;-0.676768;-0.656566;-0.171717;0.353535;0.0909091;0.515152;0.232323;0.555556;0.278351;-0.072165;-1;0;0;0;0

9.1;-0.541284;-0.486239;-0.00917429;0.0825688;0.577982;-0.321101;-0.46789;-0.100917;-0.0458715;-0.211009;-0.302752;0.100917;-0.266055;-0.155963;-0.559633;-0.0825688;-0.0275229;-0.577982;-0.284404;-0.0825688;0.357798;-0.119266;-0.449541;1;-0.100917;-0.431193;-0.284404;-0.559633;-0.522936;-0.119266;-0.247706;-0.449541;-0.00917429;-0.669725;-0.192661;0.321101;-0.155963;0.816514;-0.284404;-0.449541;-0.394495;0.0458716;-0.504587;0.155963;-0.192661;-0.00917429;0.541284;0.541284;-0.633027;-1;-0.229358;-0.137615;-0.878788;-0.737374;-0.393939;-0.212121;0.212121;-0.030303;-0.959596;-0.333333;0.454545;1;-0.878788;-0.535354;-0.474748;-0.494949;-0.191919;-0.818182;0.050505;-0.636364;-0.353535;-0.676768;-0.656566;-0.171717;0.353535;0.0909091;0.515152;0.232323;0.546392;0.278351;+1;0;0;0;0

9.19;-0.0275229;-0.541284;-0.486239;-0.00917429;0.0825688;0.577982;-0.321101;-0.46789;-0.100917;-0.0458715;-0.211009;-0.302752;0.100917;-0.266055;-0.155963;-0.559633;-0.0825688;-0.0275229;-0.577982;-0.284404;-0.0825688;0.357798;-0.119266;-0.449541;1;-0.100917;-0.431193;-0.284404;-0.559633;-0.522936;-0.119266;-0.247706;-0.449541;-0.00917429;-0.669725;-0.192661;0.321101;-0.155963;0.816514;-0.284404;-0.449541;-0.394495;0.0458716;-0.504587;0.155963;-0.192661;-0.00917429;0.541284;0.541284;-0.633027;-1;-0.229358;-0.0505051;-0.878788;-0.737374;-0.393939;-0.212121;0.212121;-0.030303;-0.959596;-0.333333;0.454545;1;-0.878788;-0.535354;-0.474748;-0.494949;-0.191919;-0.818182;0.050505;-0.636364;-0.353535;-0.676768;-0.656566;-0.171717;0.353535;0.0909091;0.515152;0.216495;0.546392;-1;0;0;0;0

9;-0.541284;-0.0275229;-0.541284;-0.486239;-0.00917429;0.0825688;0.577982;-0.321101;-0.46789;-0.100917;-0.0458715;-0.211009;-0.302752;0.100917;-0.266055;-0.155963;-0.559633;-0.0825688;-0.0275229;-0.577982;-0.284404;-0.0825688;0.357798;-0.119266;-0.449541;1;-0.100917;-0.431193;-0.284404;-0.559633;-0.522936;-0.119266;-0.247706;-0.449541;-0.00917429;-0.669725;-0.192661;0.321101;-0.155963;0.816514;-0.284404;-0.449541;-0.394495;0.0458716;-0.504587;0.155963;-0.192661;-0.00917429;0.541284;0.541284;-0.633027;-1;-0.151515;-0.0505051;-0.878788;-0.737374;-0.393939;-0.212121;0.212121;-0.030303;-0.959596;-0.333333;0.454545;1;-0.878788;-0.535354;-0.474748;-0.494949;-0.191919;-0.818182;0.050505;-0.636364;-0.353535;-0.676768;-0.656566;-0.171717;0.353535;0.0909091;0.505155;0.216495;-1;0;0;0;0

8.91;-0.357798;-0.541284;-0.0275229;-0.541284;-0.486239;-0.00917429;0.0825688;0.577982;-0.321101;-0.46789;-0.100917;-0.0458715;-0.211009;-0.302752;0.100917;-0.266055;-0.155963;-0.559633;-0.0825688;-0.0275229;-0.577982;-0.284404;-0.0825688;0.357798;-0.119266;-0.449541;1;-0.100917;-0.431193;-0.284404;-0.559633;-0.522936;-0.119266;-0.247706;-0.449541;-0.00917429;-0.669725;-0.192661;0.321101;-0.155963;0.816514;-0.284404;-0.449541;-0.394495;0.0458716;-0.504587;0.155963;-0.192661;-0.00917429;0.541284;0.541284;-0.633027;-1;-0.151515;-0.0505051;-0.878788;-0.737374;-0.393939;-0.212121;0.212121;-0.030303;-0.959596;-0.333333;0.454545;1;-0.878788;-0.535354;-0.474748;-0.494949;-0.191919;-0.818182;0.050505;-0.636364;-0.353535;-0.676768;-0.656566;-0.171717;0.353535;0.0721649;0.505155;-1;0;0;0;0

8.82;-0.357798;-0.357798;-0.541284;-0.0275229;-0.541284;-0.486239;-0.00917429;0.0825688;0.577982;-0.321101;-0.46789;-0.100917;-0.0458715;-0.211009;-0.302752;0.100917;-0.266055;-0.155963;-0.559633;-0.0825688;-0.0275229;-0.577982;-0.284404;-0.0825688;0.357798;-0.119266;-0.449541;1;-0.100917;-0.431193;-0.284404;-0.559633;-0.522936;-0.119266;-0.247706;-0.449541;-0.00917429;-0.669725;-0.192661;0.321101;-0.155963;0.816514;-0.284404;-0.449541;-0.394495;0.0458716;-0.504587;0.155963;-0.192661;-0.00917429;0.541284;0.541284;-0.59596;-1;-0.151515;-0.0505051;-0.878788;-0.737374;-0.393939;-0.212121;0.212121;-0.030303;-0.959596;-0.333333;0.454545;1;-0.878788;-0.535354;-0.474748;-0.494949;-0.191919;-0.818182;0.050505;-0.636364;-0.353535;-0.676768;-0.656566;-0.171717;0.340206;0.0721649;+1;0;0;0;0

9.09;0.302752;-0.357798;-0.357798;-0.541284;-0.0275229;-0.541284;-0.486239;-0.00917429;0.0825688;0.577982;-0.321101;-0.46789;-0.100917;-0.0458715;-0.211009;-0.302752;0.100917;-0.266055;-0.155963;-0.559633;-0.0825688;-0.0275229;-0.577982;-0.284404;-0.0825688;0.357798;-0.119266;-0.449541;1;-0.100917;-0.431193;-0.284404;-0.559633;-0.522936;-0.119266;-0.247706;-0.449541;-0.00917429;-0.669725;-0.192661;0.321101;-0.155963;0.816514;-0.284404;-0.449541;-0.394495;0.0458716;-0.504587;0.155963;-0.192661;-0.00917429;0.541284;0.69697;-0.59596;-1;-0.151515;-0.0505051;-0.878788;-0.737374;-0.393939;-0.212121;0.212121;-0.030303;-0.959596;-0.333333;0.454545;1;-0.878788;-0.535354;-0.474748;-0.494949;-0.191919;-0.818182;0.050505;-0.636364;-0.353535;-0.676768;-0.656566;-0.195876;0.340206;+1;0;0;0;0

9.12;-0.137615;0.302752;-0.357798;-0.357798;-0.541284;-0.0275229;-0.541284;-0.486239;-0.00917429;0.0825688;0.577982;-0.321101;-0.46789;-0.100917;-0.0458715;-0.211009;-0.302752;0.100917;-0.266055;-0.155963;-0.559633;-0.0825688;-0.0275229;-0.577982;-0.284404;-0.0825688;0.357798;-0.119266;-0.449541;1;-0.100917;-0.431193;-0.284404;-0.559633;-0.522936;-0.119266;-0.247706;-0.449541;-0.00917429;-0.669725;-0.192661;0.321101;-0.155963;0.816514;-0.284404;-0.449541;-0.394495;0.0458716;-0.504587;0.155963;-0.192661;-0.00917429;0.69697;0.69697;-0.59596;-1;-0.151515;-0.0505051;-0.878788;-0.737374;-0.393939;-0.212121;0.212121;-0.030303;-0.959596;-0.333333;0.454545;1;-0.878788;-0.535354;-0.474748;-0.494949;-0.191919;-0.818182;0.050505;-0.636364;-0.353535;-0.676768;-0.690722;-0.195876;-1;0;0;0;0

9.11;-0.211009;-0.137615;0.302752;-0.357798;-0.357798;-0.541284;-0.0275229;-0.541284;-0.486239;-0.00917429;0.0825688;0.577982;-0.321101;-0.46789;-0.100917;-0.0458715;-0.211009;-0.302752;0.100917;-0.266055;-0.155963;-0.559633;-0.0825688;-0.0275229;-0.577982;-0.284404;-0.0825688;0.357798;-0.119266;-0.449541;1;-0.100917;-0.431193;-0.284404;-0.559633;-0.522936;-0.119266;-0.247706;-0.449541;-0.00917429;-0.669725;-0.192661;0.321101;-0.155963;0.816514;-0.284404;-0.449541;-0.394495;0.0458716;-0.504587;0.155963;-0.192661;0.0909091;0.69697;0.69697;-0.59596;-1;-0.151515;-0.0505051;-0.878788;-0.737374;-0.393939;-0.212121;0.212121;-0.030303;-0.959596;-0.333333;0.454545;1;-0.878788;-0.535354;-0.474748;-0.494949;-0.191919;-0.818182;0.050505;-0.636364;-0.353535;-0.71134;-0.690722;-1;0;0;0;0

9.05;-0.302752;-0.211009;-0.137615;0.302752;-0.357798;-0.357798;-0.541284;-0.0275229;-0.541284;-0.486239;-0.00917429;0.0825688;0.577982;-0.321101;-0.46789;-0.100917;-0.0458715;-0.211009;-0.302752;0.100917;-0.266055;-0.155963;-0.559633;-0.0825688;-0.0275229;-0.577982;-0.284404;-0.0825688;0.357798;-0.119266;-0.449541;1;-0.100917;-0.431193;-0.284404;-0.559633;-0.522936;-0.119266;-0.247706;-0.449541;-0.00917429;-0.669725;-0.192661;0.321101;-0.155963;0.816514;-0.284404;-0.449541;-0.394495;0.0458716;-0.504587;0.155963;-0.111111;0.0909091;0.69697;0.69697;-0.59596;-1;-0.151515;-0.0505051;-0.878788;-0.737374;-0.393939;-0.212121;0.212121;-0.030303;-0.959596;-0.333333;0.454545;1;-0.878788;-0.535354;-0.474748;-0.494949;-0.191919;-0.818182;0.050505;-0.636364;-0.381443;-0.71134;+1;0;0;0;0

9.35;0.357798;-0.302752;-0.211009;-0.137615;0.302752;-0.357798;-0.357798;-0.541284;-0.0275229;-0.541284;-0.486239;-0.00917429;0.0825688;0.577982;-0.321101;-0.46789;-0.100917;-0.0458715;-0.211009;-0.302752;0.100917;-0.266055;-0.155963;-0.559633;-0.0825688;-0.0275229;-0.577982;-0.284404;-0.0825688;0.357798;-0.119266;-0.449541;1;-0.100917;-0.431193;-0.284404;-0.559633;-0.522936;-0.119266;-0.247706;-0.449541;-0.00917429;-0.669725;-0.192661;0.321101;-0.155963;0.816514;-0.284404;-0.449541;-0.394495;0.0458716;-0.504587;0.272727;-0.111111;0.0909091;0.69697;0.69697;-0.59596;-1;-0.151515;-0.0505051;-0.878788;-0.737374;-0.393939;-0.212121;0.212121;-0.030303;-0.959596;-0.333333;0.454545;1;-0.878788;-0.535354;-0.474748;-0.494949;-0.191919;-0.818182;0.050505;-0.670103;-0.381443;+1;0;0;0;0

9.42;-0.0642202;0.357798;-0.302752;-0.211009;-0.137615;0.302752;-0.357798;-0.357798;-0.541284;-0.0275229;-0.541284;-0.486239;-0.00917429;0.0825688;0.577982;-0.321101;-0.46789;-0.100917;-0.0458715;-0.211009;-0.302752;0.100917;-0.266055;-0.155963;-0.559633;-0.0825688;-0.0275229;-0.577982;-0.284404;-0.0825688;0.357798;-0.119266;-0.449541;1;-0.100917;-0.431193;-0.284404;-0.559633;-0.522936;-0.119266;-0.247706;-0.449541;-0.00917429;-0.669725;-0.192661;0.321101;-0.155963;0.816514;-0.284404;-0.449541;-0.394495;0.0458716;-0.454545;0.272727;-0.111111;0.0909091;0.69697;0.69697;-0.59596;-1;-0.151515;-0.0505051;-0.878788;-0.737374;-0.393939;-0.212121;0.212121;-0.030303;-0.959596;-0.333333;0.454545;1;-0.878788;-0.535354;-0.474748;-0.494949;-0.191919;-0.818182;0.0309278;-0.670103;-1;0;0;0;0

9.32;-0.376147;-0.0642202;0.357798;-0.302752;-0.211009;-0.137615;0.302752;-0.357798;-0.357798;-0.541284;-0.0275229;-0.541284;-0.486239;-0.00917429;0.0825688;0.577982;-0.321101;-0.46789;-0.100917;-0.0458715;-0.211009;-0.302752;0.100917;-0.266055;-0.155963;-0.559633;-0.0825688;-0.0275229;-0.577982;-0.284404;-0.0825688;0.357798;-0.119266;-0.449541;1;-0.100917;-0.431193;-0.284404;-0.559633;-0.522936;-0.119266;-0.247706;-0.449541;-0.00917429;-0.669725;-0.192661;0.321101;-0.155963;0.816514;-0.284404;-0.449541;-0.394495;0.151515;-0.454545;0.272727;-0.111111;0.0909091;0.69697;0.69697;-0.59596;-1;-0.151515;-0.0505051;-0.878788;-0.737374;-0.393939;-0.212121;0.212121;-0.030303;-0.959596;-0.333333;0.454545;1;-0.878788;-0.535354;-0.474748;-0.494949;-0.191919;-0.85567;0.0309278;-1;0;0;0;0

9.14;-0.522936;-0.376147;-0.0642202;0.357798;-0.302752;-0.211009;-0.137615;0.302752;-0.357798;-0.357798;-0.541284;-0.0275229;-0.541284;-0.486239;-0.00917429;0.0825688;0.577982;-0.321101;-0.46789;-0.100917;-0.0458715;-0.211009;-0.302752;0.100917;-0.266055;-0.155963;-0.559633;-0.0825688;-0.0275229;-0.577982;-0.284404;-0.0825688;0.357798;-0.119266;-0.449541;1;-0.100917;-0.431193;-0.284404;-0.559633;-0.522936;-0.119266;-0.247706;-0.449541;-0.00917429;-0.669725;-0.192661;0.321101;-0.155963;0.816514;-0.284404;-0.449541;-0.333333;0.151515;-0.454545;0.272727;-0.111111;0.0909091;0.69697;0.69697;-0.59596;-1;-0.151515;-0.0505051;-0.878788;-0.737374;-0.393939;-0.212121;0.212121;-0.030303;-0.959596;-0.333333;0.454545;1;-0.878788;-0.535354;-0.474748;-0.494949;-0.216495;-0.85567;-1;0;0;0;0

9.09;-0.284404;-0.522936;-0.376147;-0.0642202;0.357798;-0.302752;-0.211009;-0.137615;0.302752;-0.357798;-0.357798;-0.541284;-0.0275229;-0.541284;-0.486239;-0.00917429;0.0825688;0.577982;-0.321101;-0.46789;-0.100917;-0.0458715;-0.211009;-0.302752;0.100917;-0.266055;-0.155963;-0.559633;-0.0825688;-0.0275229;-0.577982;-0.284404;-0.0825688;0.357798;-0.119266;-0.449541;1;-0.100917;-0.431193;-0.284404;-0.559633;-0.522936;-0.119266;-0.247706;-0.449541;-0.00917429;-0.669725;-0.192661;0.321101;-0.155963;0.816514;-0.284404;-0.393939;-0.333333;0.151515;-0.454545;0.272727;-0.111111;0.0909091;0.69697;0.69697;-0.59596;-1;-0.151515;-0.0505051;-0.878788;-0.737374;-0.393939;-0.212121;0.212121;-0.030303;-0.959596;-0.333333;0.454545;1;-0.878788;-0.535354;-0.474748;-0.525773;-0.216495;-1;0;0;0;0

8.88;-0.577982;-0.284404;-0.522936;-0.376147;-0.0642202;0.357798;-0.302752;-0.211009;-0.137615;0.302752;-0.357798;-0.357798;-0.541284;-0.0275229;-0.541284;-0.486239;-0.00917429;0.0825688;0.577982;-0.321101;-0.46789;-0.100917;-0.0458715;-0.211009;-0.302752;0.100917;-0.266055;-0.155963;-0.559633;-0.0825688;-0.0275229;-0.577982;-0.284404;-0.0825688;0.357798;-0.119266;-0.449541;1;-0.100917;-0.431193;-0.284404;-0.559633;-0.522936;-0.119266;-0.247706;-0.449541;-0.00917429;-0.669725;-0.192661;0.321101;-0.155963;0.816514;-0.212121;-0.393939;-0.333333;0.151515;-0.454545;0.272727;-0.111111;0.0909091;0.69697;0.69697;-0.59596;-1;-0.151515;-0.0505051;-0.878788;-0.737374;-0.393939;-0.212121;0.212121;-0.030303;-0.959596;-0.333333;0.454545;1;-0.878788;-0.535354;-0.505155;-0.525773;+1;0;0;0;0

9.19;0.376147;-0.577982;-0.284404;-0.522936;-0.376147;-0.0642202;0.357798;-0.302752;-0.211009;-0.137615;0.302752;-0.357798;-0.357798;-0.541284;-0.0275229;-0.541284;-0.486239;-0.00917429;0.0825688;0.577982;-0.321101;-0.46789;-0.100917;-0.0458715;-0.211009;-0.302752;0.100917;-0.266055;-0.155963;-0.559633;-0.0825688;-0.0275229;-0.577982;-0.284404;-0.0825688;0.357798;-0.119266;-0.449541;1;-0.100917;-0.431193;-0.284404;-0.559633;-0.522936;-0.119266;-0.247706;-0.449541;-0.00917429;-0.669725;-0.192661;0.321101;-0.155963;1;-0.212121;-0.393939;-0.333333;0.151515;-0.454545;0.272727;-0.111111;0.0909091;0.69697;0.69697;-0.59596;-1;-0.151515;-0.0505051;-0.878788;-0.737374;-0.393939;-0.212121;0.212121;-0.030303;-0.959596;-0.333333;0.454545;1;-0.878788;-0.56701;-0.505155;+1;0;0;0;0

9.24;-0.100917;0.376147;-0.577982;-0.284404;-0.522936;-0.376147;-0.0642202;0.357798;-0.302752;-0.211009;-0.137615;0.302752;-0.357798;-0.357798;-0.541284;-0.0275229;-0.541284;-0.486239;-0.00917429;0.0825688;0.577982;-0.321101;-0.46789;-0.100917;-0.0458715;-0.211009;-0.302752;0.100917;-0.266055;-0.155963;-0.559633;-0.0825688;-0.0275229;-0.577982;-0.284404;-0.0825688;0.357798;-0.119266;-0.449541;1;-0.100917;-0.431193;-0.284404;-0.559633;-0.522936;-0.119266;-0.247706;-0.449541;-0.00917429;-0.669725;-0.192661;0.321101;-0.0707071;1;-0.212121;-0.393939;-0.333333;0.151515;-0.454545;0.272727;-0.111111;0.0909091;0.69697;0.69697;-0.59596;-1;-0.151515;-0.0505051;-0.878788;-0.737374;-0.393939;-0.212121;0.212121;-0.030303;-0.959596;-0.333333;0.454545;1;-0.917526;-0.56701;-1;0;0;0;0

9.2;-0.266055;-0.100917;0.376147;-0.577982;-0.284404;-0.522936;-0.376147;-0.0642202;0.357798;-0.302752;-0.211009;-0.137615;0.302752;-0.357798;-0.357798;-0.541284;-0.0275229;-0.541284;-0.486239;-0.00917429;0.0825688;0.577982;-0.321101;-0.46789;-0.100917;-0.0458715;-0.211009;-0.302752;0.100917;-0.266055;-0.155963;-0.559633;-0.0825688;-0.0275229;-0.577982;-0.284404;-0.0825688;0.357798;-0.119266;-0.449541;1;-0.100917;-0.431193;-0.284404;-0.559633;-0.522936;-0.119266;-0.247706;-0.449541;-0.00917429;-0.669725;-0.192661;0.454545;-0.0707071;1;-0.212121;-0.393939;-0.333333;0.151515;-0.454545;0.272727;-0.111111;0.0909091;0.69697;0.69697;-0.59596;-1;-0.151515;-0.0505051;-0.878788;-0.737374;-0.393939;-0.212121;0.212121;-0.030303;-0.959596;-0.333333;0.454545;1;-0.917526;+1;0;0;0;0

9.26;-0.0825688;-0.266055;-0.100917;0.376147;-0.577982;-0.284404;-0.522936;-0.376147;-0.0642202;0.357798;-0.302752;-0.211009;-0.137615;0.302752;-0.357798;-0.357798;-0.541284;-0.0275229;-0.541284;-0.486239;-0.00917429;0.0825688;0.577982;-0.321101;-0.46789;-0.100917;-0.0458715;-0.211009;-0.302752;0.100917;-0.266055;-0.155963;-0.559633;-0.0825688;-0.0275229;-0.577982;-0.284404;-0.0825688;0.357798;-0.119266;-0.449541;1;-0.100917;-0.431193;-0.284404;-0.559633;-0.522936;-0.119266;-0.247706;-0.449541;-0.00917429;-0.669725;-0.111111;0.454545;-0.0707071;1;-0.212121;-0.393939;-0.333333;0.151515;-0.454545;0.272727;-0.111111;0.0909091;0.69697;0.69697;-0.59596;-1;-0.151515;-0.0505051;-0.878788;-0.737374;-0.393939;-0.212121;0.212121;-0.030303;-0.959596;-0.333333;0.443299;1;-1;0;0;0;0

9.25;-0.211009;-0.0825688;-0.266055;-0.100917;0.376147;-0.577982;-0.284404;-0.522936;-0.376147;-0.0642202;0.357798;-0.302752;-0.211009;-0.137615;0.302752;-0.357798;-0.357798;-0.541284;-0.0275229;-0.541284;-0.486239;-0.00917429;0.0825688;0.577982;-0.321101;-0.46789;-0.100917;-0.0458715;-0.211009;-0.302752;0.100917;-0.266055;-0.155963;-0.559633;-0.0825688;-0.0275229;-0.577982;-0.284404;-0.0825688;0.357798;-0.119266;-0.449541;1;-0.100917;-0.431193;-0.284404;-0.559633;-0.522936;-0.119266;-0.247706;-0.449541;-0.00917429;-0.636364;-0.111111;0.454545;-0.0707071;1;-0.212121;-0.393939;-0.333333;0.151515;-0.454545;0.272727;-0.111111;0.0909091;0.69697;0.69697;-0.59596;-1;-0.151515;-0.0505051;-0.878788;-0.737374;-0.393939;-0.212121;0.212121;-0.030303;-0.959596;-0.360825;0.443299;-1;0;0;0;0

9.08;-0.504587;-0.211009;-0.0825688;-0.266055;-0.100917;0.376147;-0.577982;-0.284404;-0.522936;-0.376147;-0.0642202;0.357798;-0.302752;-0.211009;-0.137615;0.302752;-0.357798;-0.357798;-0.541284;-0.0275229;-0.541284;-0.486239;-0.00917429;0.0825688;0.577982;-0.321101;-0.46789;-0.100917;-0.0458715;-0.211009;-0.302752;0.100917;-0.266055;-0.155963;-0.559633;-0.0825688;-0.0275229;-0.577982;-0.284404;-0.0825688;0.357798;-0.119266;-0.449541;1;-0.100917;-0.431193;-0.284404;-0.559633;-0.522936;-0.119266;-0.247706;-0.449541;0.0909091;-0.636364;-0.111111;0.454545;-0.0707071;1;-0.212121;-0.393939;-0.333333;0.151515;-0.454545;0.272727;-0.111111;0.0909091;0.69697;0.69697;-0.59596;-1;-0.151515;-0.0505051;-0.878788;-0.737374;-0.393939;-0.212121;0.212121;-0.030303;-1;-0.360825;-1;0;0;0;0

9.04;-0.266055;-0.504587;-0.211009;-0.0825688;-0.266055;-0.100917;0.376147;-0.577982;-0.284404;-0.522936;-0.376147;-0.0642202;0.357798;-0.302752;-0.211009;-0.137615;0.302752;-0.357798;-0.357798;-0.541284;-0.0275229;-0.541284;-0.486239;-0.00917429;0.0825688;0.577982;-0.321101;-0.46789;-0.100917;-0.0458715;-0.211009;-0.302752;0.100917;-0.266055;-0.155963;-0.559633;-0.0825688;-0.0275229;-0.577982;-0.284404;-0.0825688;0.357798;-0.119266;-0.449541;1;-0.100917;-0.431193;-0.284404;-0.559633;-0.522936;-0.119266;-0.247706;-0.393939;0.0909091;-0.636364;-0.111111;0.454545;-0.0707071;1;-0.212121;-0.393939;-0.333333;0.151515;-0.454545;0.272727;-0.111111;0.0909091;0.69697;0.69697;-0.59596;-1;-0.151515;-0.0505051;-0.878788;-0.737374;-0.393939;-0.212121;0.212121;-0.0515464;-1;-1;0;0;0;0

8.78;-0.669725;-0.266055;-0.504587;-0.211009;-0.0825688;-0.266055;-0.100917;0.376147;-0.577982;-0.284404;-0.522936;-0.376147;-0.0642202;0.357798;-0.302752;-0.211009;-0.137615;0.302752;-0.357798;-0.357798;-0.541284;-0.0275229;-0.541284;-0.486239;-0.00917429;0.0825688;0.577982;-0.321101;-0.46789;-0.100917;-0.0458715;-0.211009;-0.302752;0.100917;-0.266055;-0.155963;-0.559633;-0.0825688;-0.0275229;-0.577982;-0.284404;-0.0825688;0.357798;-0.119266;-0.449541;1;-0.100917;-0.431193;-0.284404;-0.559633;-0.522936;-0.119266;-0.171717;-0.393939;0.0909091;-0.636364;-0.111111;0.454545;-0.0707071;1;-0.212121;-0.393939;-0.333333;0.151515;-0.454545;0.272727;-0.111111;0.0909091;0.69697;0.69697;-0.59596;-1;-0.151515;-0.0505051;-0.878788;-0.737374;-0.393939;-0.212121;0.195876;-0.0515464;-1;0;0;0;0

8.62;-0.486239;-0.669725;-0.266055;-0.504587;-0.211009;-0.0825688;-0.266055;-0.100917;0.376147;-0.577982;-0.284404;-0.522936;-0.376147;-0.0642202;0.357798;-0.302752;-0.211009;-0.137615;0.302752;-0.357798;-0.357798;-0.541284;-0.0275229;-0.541284;-0.486239;-0.00917429;0.0825688;0.577982;-0.321101;-0.46789;-0.100917;-0.0458715;-0.211009;-0.302752;0.100917;-0.266055;-0.155963;-0.559633;-0.0825688;-0.0275229;-0.577982;-0.284404;-0.0825688;0.357798;-0.119266;-0.449541;1;-0.100917;-0.431193;-0.284404;-0.559633;-0.522936;-0.030303;-0.171717;-0.393939;0.0909091;-0.636364;-0.111111;0.454545;-0.0707071;1;-0.212121;-0.393939;-0.333333;0.151515;-0.454545;0.272727;-0.111111;0.0909091;0.69697;0.69697;-0.59596;-1;-0.151515;-0.0505051;-0.878788;-0.737374;-0.393939;-0.237113;0.195876;+1;0;0;0;0

8.71;-0.0275229;-0.486239;-0.669725;-0.266055;-0.504587;-0.211009;-0.0825688;-0.266055;-0.100917;0.376147;-0.577982;-0.284404;-0.522936;-0.376147;-0.0642202;0.357798;-0.302752;-0.211009;-0.137615;0.302752;-0.357798;-0.357798;-0.541284;-0.0275229;-0.541284;-0.486239;-0.00917429;0.0825688;0.577982;-0.321101;-0.46789;-0.100917;-0.0458715;-0.211009;-0.302752;0.100917;-0.266055;-0.155963;-0.559633;-0.0825688;-0.0275229;-0.577982;-0.284404;-0.0825688;0.357798;-0.119266;-0.449541;1;-0.100917;-0.431193;-0.284404;-0.559633;-0.474748;-0.030303;-0.171717;-0.393939;0.0909091;-0.636364;-0.111111;0.454545;-0.0707071;1;-0.212121;-0.393939;-0.333333;0.151515;-0.454545;0.272727;-0.111111;0.0909091;0.69697;0.69697;-0.59596;-1;-0.151515;-0.0505051;-0.878788;-0.737374;-0.42268;-0.237113;+1;0;0;0;0

8.85;0.0642202;-0.0275229;-0.486239;-0.669725;-0.266055;-0.504587;-0.211009;-0.0825688;-0.266055;-0.100917;0.376147;-0.577982;-0.284404;-0.522936;-0.376147;-0.0642202;0.357798;-0.302752;-0.211009;-0.137615;0.302752;-0.357798;-0.357798;-0.541284;-0.0275229;-0.541284;-0.486239;-0.00917429;0.0825688;0.577982;-0.321101;-0.46789;-0.100917;-0.0458715;-0.211009;-0.302752;0.100917;-0.266055;-0.155963;-0.559633;-0.0825688;-0.0275229;-0.577982;-0.284404;-0.0825688;0.357798;-0.119266;-0.449541;1;-0.100917;-0.431193;-0.284404;-0.515152;-0.474748;-0.030303;-0.171717;-0.393939;0.0909091;-0.636364;-0.111111;0.454545;-0.0707071;1;-0.212121;-0.393939;-0.333333;0.151515;-0.454545;0.272727;-0.111111;0.0909091;0.69697;0.69697;-0.59596;-1;-0.151515;-0.0505051;-0.878788;-0.773196;-0.42268;-1;0;0;0;0

8.8;-0.284404;0.0642202;-0.0275229;-0.486239;-0.669725;-0.266055;-0.504587;-0.211009;-0.0825688;-0.266055;-0.100917;0.376147;-0.577982;-0.284404;-0.522936;-0.376147;-0.0642202;0.357798;-0.302752;-0.211009;-0.137615;0.302752;-0.357798;-0.357798;-0.541284;-0.0275229;-0.541284;-0.486239;-0.00917429;0.0825688;0.577982;-0.321101;-0.46789;-0.100917;-0.0458715;-0.211009;-0.302752;0.100917;-0.266055;-0.155963;-0.559633;-0.0825688;-0.0275229;-0.577982;-0.284404;-0.0825688;0.357798;-0.119266;-0.449541;1;-0.100917;-0.431193;-0.212121;-0.515152;-0.474748;-0.030303;-0.171717;-0.393939;0.0909091;-0.636364;-0.111111;0.454545;-0.0707071;1;-0.212121;-0.393939;-0.333333;0.151515;-0.454545;0.272727;-0.111111;0.0909091;0.69697;0.69697;-0.59596;-1;-0.151515;-0.0505051;-0.917526;-0.773196;+1;0;0;0;0

9.05;0.266055;-0.284404;0.0642202;-0.0275229;-0.486239;-0.669725;-0.266055;-0.504587;-0.211009;-0.0825688;-0.266055;-0.100917;0.376147;-0.577982;-0.284404;-0.522936;-0.376147;-0.0642202;0.357798;-0.302752;-0.211009;-0.137615;0.302752;-0.357798;-0.357798;-0.541284;-0.0275229;-0.541284;-0.486239;-0.00917429;0.0825688;0.577982;-0.321101;-0.46789;-0.100917;-0.0458715;-0.211009;-0.302752;0.100917;-0.266055;-0.155963;-0.559633;-0.0825688;-0.0275229;-0.577982;-0.284404;-0.0825688;0.357798;-0.119266;-0.449541;1;-0.100917;-0.373737;-0.212121;-0.515152;-0.474748;-0.030303;-0.171717;-0.393939;0.0909091;-0.636364;-0.111111;0.454545;-0.0707071;1;-0.212121;-0.393939;-0.333333;0.151515;-0.454545;0.272727;-0.111111;0.0909091;0.69697;0.69697;-0.59596;-1;-0.151515;-0.072165;-0.917526;-1;0;0;0;0

8.95;-0.376147;0.266055;-0.284404;0.0642202;-0.0275229;-0.486239;-0.669725;-0.266055;-0.504587;-0.211009;-0.0825688;-0.266055;-0.100917;0.376147;-0.577982;-0.284404;-0.522936;-0.376147;-0.0642202;0.357798;-0.302752;-0.211009;-0.137615;0.302752;-0.357798;-0.357798;-0.541284;-0.0275229;-0.541284;-0.486239;-0.00917429;0.0825688;0.577982;-0.321101;-0.46789;-0.100917;-0.0458715;-0.211009;-0.302752;0.100917;-0.266055;-0.155963;-0.559633;-0.0825688;-0.0275229;-0.577982;-0.284404;-0.0825688;0.357798;-0.119266;-0.449541;1;-0.010101;-0.373737;-0.212121;-0.515152;-0.474748;-0.030303;-0.171717;-0.393939;0.0909091;-0.636364;-0.111111;0.454545;-0.0707071;1;-0.212121;-0.393939;-0.333333;0.151515;-0.454545;0.272727;-0.111111;0.0909091;0.69697;0.69697;-0.59596;-1;-0.175258;-0.072165;-1;0;0;0;0

