13.08;-0.566667;-0.0222222;-0.933333;0.188889;-0.0222222;-0.5;1;-1;-0.523013;0.648536;-0.732218;0.0376569;-0.121339;-0.146443;0.330544;0.0460251;-0.539749;-0.414226;-0.146443;0.90795;-0.665272;-0.58159;-0.16318;-0.246862;-0.405858;-0.841004;0.0292887;-0.246862;0.154812;-0.380753;-0.0962343;-0.271967;-0.246862;-0.372385;-0.00418407;0.430962;0.0292887;-0.899582;-0.179916;0.0209205;-0.497908;0.338912;0.205021;0.380753;0.430962;-0.807531;-0.288703;-0.188284;-0.0376569;0.16318;-0.698745;0.305439;0.497908;0.146444;0.606695;0.874477;-1;-1;-0.322382;0.474333;0.26078;0.671458;0.897331;0.400411;0.301848;0.141684;0.125257;0.921971;0.273101;0.954825;0.880903;-0.166324;0.0390144;0.223819;0.38809;0.967146;1;0.22288;1;0.679144;+1;0;+1;+1;+1

13.17;-0.122222;-0.566667;-0.0222222;-0.933333;0.188889;-0.0222222;-0.547739;1;-1;-0.523013;0.648536;-0.732218;0.0376569;-0.121339;-0.146443;0.330544;0.0460251;-0.539749;-0.414226;-0.146443;0.90795;-0.665272;-0.58159;-0.16318;-0.246862;-0.405858;-0.841004;0.0292887;-0.246862;0.154812;-0.380753;-0.0962343;-0.271967;-0.246862;-0.372385;-0.00418407;0.430962;0.0292887;-0.899582;-0.179916;0.0209205;-0.497908;0.338912;0.205021;0.380753;0.430962;-0.807531;-0.288703;-0.188284;-0.0376569;0.16318;-0.698745;0.305439;0.497908;0.146444;0.606695;0.876033;0.00616016;-1;-0.322382;0.474333;0.26078;0.671458;0.897331;0.400411;0.301848;0.141684;0.125257;0.921971;0.273101;0.954825;0.880903;-0.166324;0.0390144;0.223819;0.38809;0.889546;1;0.105169;1;-1;0;-1;-1;+1

13;-0.411111;-0.122222;-0.566667;-0.0222222;-0.933333;0.188889;-0.115578;-0.288703;1;-1;-0.523013;0.648536;-0.732218;0.0376569;-0.121339;-0.146443;0.330544;0.0460251;-0.539749;-0.414226;-0.146443;0.90795;-0.665272;-0.58159;-0.16318;-0.246862;-0.405858;-0.841004;0.0292887;-0.246862;0.154812;-0.380753;-0.0962343;-0.271967;-0.246862;-0.372385;-0.00418407;0.430962;0.0292887;-0.899582;-0.179916;0.0209205;-0.497908;0.338912;0.205021;0.380753;0.430962;-0.807531;-0.288703;-0.188284;-0.0376569;0.16318;-0.698745;0.305439;0.497908;0.146444;0.61157;0.938398;0.00616016;-1;-0.322382;0.474333;0.26078;0.671458;0.897331;0.400411;0.301848;0.141684;0.125257;0.921971;0.273101;0.954825;0.880903;-0.166324;0.0390144;0.223819;0.333333;0.889546;0.807487;0.105169;+1;0;+1;+1;+1

13.15;-0.0555556;-0.411111;-0.122222;-0.566667;-0.0222222;-0.933333;0.0753769;0.0711297;-0.288703;1;-1;-0.523013;0.648536;-0.732218;0.0376569;-0.121339;-0.146443;0.330544;0.0460251;-0.539749;-0.414226;-0.146443;0.90795;-0.665272;-0.58159;-0.16318;-0.246862;-0.405858;-0.841004;0.0292887;-0.246862;0.154812;-0.380753;-0.0962343;-0.271967;-0.246862;-0.372385;-0.00418407;0.430962;0.0292887;-0.899582;-0.179916;0.0209205;-0.497908;0.338912;0.205021;0.380753;0.430962;-0.807531;-0.288703;-0.188284;-0.0376569;0.16318;-0.698745;0.305439;0.497908;0.157025;0.806982;0.938398;0.00616016;-1;-0.322382;0.474333;0.26078;0.671458;0.897331;0.400411;0.301848;0.141684;0.125257;0.921971;0.273101;0.954825;0.880903;-0.166324;0.0390144;0.175542;0.333333;0.707665;0.807487;+1;0;+1;+1;+1

13.2;-0.166667;-0.0555556;-0.411111;-0.122222;-0.566667;-0.0222222;-0.939699;0.230126;0.0711297;-0.288703;1;-1;-0.523013;0.648536;-0.732218;0.0376569;-0.121339;-0.146443;0.330544;0.0460251;-0.539749;-0.414226;-0.146443;0.90795;-0.665272;-0.58159;-0.16318;-0.246862;-0.405858;-0.841004;0.0292887;-0.246862;0.154812;-0.380753;-0.0962343;-0.271967;-0.246862;-0.372385;-0.00418407;0.430962;0.0292887;-0.899582;-0.179916;0.0209205;-0.497908;0.338912;0.205021;0.380753;0.430962;-0.807531;-0.288703;-0.188284;-0.0376569;0.16318;-0.698745;0.305439;0.504132;0.581109;0.806982;0.938398;0.00616016;-1;-0.322382;0.474333;0.26078;0.671458;0.897331;0.400411;0.301848;0.141684;0.125257;0.921971;0.273101;0.954825;0.880903;-0.166324;-0.00197238;0.175542;0.204991;0.707665;+1;0;+1;+1;+1

14.3;1;-0.166667;-0.0555556;-0.411111;-0.122222;-0.566667;-0.115578;-0.615063;0.230126;0.0711297;-0.288703;1;-1;-0.523013;0.648536;-0.732218;0.0376569;-0.121339;-0.146443;0.330544;0.0460251;-0.539749;-0.414226;-0.146443;0.90795;-0.665272;-0.58159;-0.16318;-0.246862;-0.405858;-0.841004;0.0292887;-0.246862;0.154812;-0.380753;-0.0962343;-0.271967;-0.246862;-0.372385;-0.00418407;0.430962;0.0292887;-0.899582;-0.179916;0.0209205;-0.497908;0.338912;0.205021;0.380753;0.430962;-0.807531;-0.288703;-0.188284;-0.0376569;0.16318;-0.698745;0.31405;0.753593;0.581109;0.806982;0.938398;0.00616016;-1;-0.322382;0.474333;0.26078;0.671458;0.897331;0.400411;0.301848;0.141684;0.125257;0.921971;0.273101;0.954825;0.880903;-0.199211;-0.00197238;0.0623886;0.204991;+1;0;+1;+1;+1

14.5;-1.65568e-008;1;-0.166667;-0.0555556;-0.411111;-0.122222;-0.60804;0.0711297;-0.615063;0.230126;0.0711297;-0.288703;1;-1;-0.523013;0.648536;-0.732218;0.0376569;-0.121339;-0.146443;0.330544;0.0460251;-0.539749;-0.414226;-0.146443;0.90795;-0.665272;-0.58159;-0.16318;-0.246862;-0.405858;-0.841004;0.0292887;-0.246862;0.154812;-0.380753;-0.0962343;-0.271967;-0.246862;-0.372385;-0.00418407;0.430962;0.0292887;-0.899582;-0.179916;0.0209205;-0.497908;0.338912;0.205021;0.380753;0.430962;-0.807531;-0.288703;-0.188284;-0.0376569;0.16318;-0.677686;0.659138;0.753593;0.581109;0.806982;0.938398;0.00616016;-1;-0.322382;0.474333;0.26078;0.671458;0.897331;0.400411;0.301848;0.141684;0.125257;0.921971;0.273101;0.954825;0.806706;-0.199211;-0.0980392;0.0623886;+1;0;+1;-1;+1

14.59;-0.122222;-1.65568e-008;1;-0.166667;-0.0555556;-0.411111;-0.20603;-0.338912;0.0711297;-0.615063;0.230126;0.0711297;-0.288703;1;-1;-0.523013;0.648536;-0.732218;0.0376569;-0.121339;-0.146443;0.330544;0.0460251;-0.539749;-0.414226;-0.146443;0.90795;-0.665272;-0.58159;-0.16318;-0.246862;-0.405858;-0.841004;0.0292887;-0.246862;0.154812;-0.380753;-0.0962343;-0.271967;-0.246862;-0.372385;-0.00418407;0.430962;0.0292887;-0.899582;-0.179916;0.0209205;-0.497908;0.338912;0.205021;0.380753;0.430962;-0.807531;-0.288703;-0.188284;-0.0376569;0.173554;0.166324;0.659138;0.753593;0.581109;0.806982;0.938398;0.00616016;-1;-0.322382;0.474333;0.26078;0.671458;0.897331;0.400411;0.301848;0.141684;0.125257;0.921971;0.273101;0.877712;0.806706;-0.276292;-0.0980392;+1;0;+1;+1;+1

14.67;-0.133333;-0.122222;-1.65568e-008;1;-0.166667;-0.0555556;-0.467337;-0.00418407;-0.338912;0.0711297;-0.615063;0.230126;0.0711297;-0.288703;1;-1;-0.523013;0.648536;-0.732218;0.0376569;-0.121339;-0.146443;0.330544;0.0460251;-0.539749;-0.414226;-0.146443;0.90795;-0.665272;-0.58159;-0.16318;-0.246862;-0.405858;-0.841004;0.0292887;-0.246862;0.154812;-0.380753;-0.0962343;-0.271967;-0.246862;-0.372385;-0.00418407;0.430962;0.0292887;-0.899582;-0.179916;0.0209205;-0.497908;0.338912;0.205021;0.380753;0.430962;-0.807531;-0.288703;-0.188284;-0.0247934;0.589322;0.166324;0.659138;0.753593;0.581109;0.806982;0.938398;0.00616016;-1;-0.322382;0.474333;0.26078;0.671458;0.897331;0.400411;0.301848;0.141684;0.125257;0.921971;0.22288;0.877712;0.632799;-0.276292;-1;0;-1;-1;+1

14.31;-0.622222;-0.133333;-0.122222;-1.65568e-008;1;-0.166667;-0.145729;-0.221757;-0.00418407;-0.338912;0.0711297;-0.615063;0.230126;0.0711297;-0.288703;1;-1;-0.523013;0.648536;-0.732218;0.0376569;-0.121339;-0.146443;0.330544;0.0460251;-0.539749;-0.414226;-0.146443;0.90795;-0.665272;-0.58159;-0.16318;-0.246862;-0.405858;-0.841004;0.0292887;-0.246862;0.154812;-0.380753;-0.0962343;-0.271967;-0.246862;-0.372385;-0.00418407;0.430962;0.0292887;-0.899582;-0.179916;0.0209205;-0.497908;0.338912;0.205021;0.380753;0.430962;-0.807531;-0.288703;-0.173554;0.49076;0.589322;0.166324;0.659138;0.753593;0.581109;0.806982;0.938398;0.00616016;-1;-0.322382;0.474333;0.26078;0.671458;0.897331;0.400411;0.301848;0.141684;0.125257;0.846154;0.22288;0.69697;0.632799;+1;0;+1;+1;+1

14.63;0.133333;-0.622222;-0.133333;-0.122222;-1.65568e-008;1;-0.246231;0.0460251;-0.221757;-0.00418407;-0.338912;0.0711297;-0.615063;0.230126;0.0711297;-0.288703;1;-1;-0.523013;0.648536;-0.732218;0.0376569;-0.121339;-0.146443;0.330544;0.0460251;-0.539749;-0.414226;-0.146443;0.90795;-0.665272;-0.58159;-0.16318;-0.246862;-0.405858;-0.841004;0.0292887;-0.246862;0.154812;-0.380753;-0.0962343;-0.271967;-0.246862;-0.372385;-0.00418407;0.430962;0.0292887;-0.899582;-0.179916;0.0209205;-0.497908;0.338912;0.205021;0.380753;0.430962;-0.807531;-0.272727;0.416838;0.49076;0.589322;0.166324;0.659138;0.753593;0.581109;0.806982;0.938398;0.00616016;-1;-0.322382;0.474333;0.26078;0.671458;0.897331;0.400411;0.301848;0.141684;0.0808678;0.846154;0.105169;0.69697;+1;0;+1;+1;+1

15;0.188889;0.133333;-0.622222;-0.133333;-0.122222;-1.65568e-008;0.809045;-0.0376569;0.0460251;-0.221757;-0.00418407;-0.338912;0.0711297;-0.615063;0.230126;0.0711297;-0.288703;1;-1;-0.523013;0.648536;-0.732218;0.0376569;-0.121339;-0.146443;0.330544;0.0460251;-0.539749;-0.414226;-0.146443;0.90795;-0.665272;-0.58159;-0.16318;-0.246862;-0.405858;-0.841004;0.0292887;-0.246862;0.154812;-0.380753;-0.0962343;-0.271967;-0.246862;-0.372385;-0.00418407;0.430962;0.0292887;-0.899582;-0.179916;0.0209205;-0.497908;0.338912;0.205021;0.380753;0.430962;-0.785124;0.367556;0.416838;0.49076;0.589322;0.166324;0.659138;0.753593;0.581109;0.806982;0.938398;0.00616016;-1;-0.322382;0.474333;0.26078;0.671458;0.897331;0.400411;0.301848;0.0966469;0.0808678;0.668449;0.105169;+1;0;+1;+1;+1

15.35;0.166667;0.188889;0.133333;-0.622222;-0.133333;-0.122222;-0.0954774;0.841004;-0.0376569;0.0460251;-0.221757;-0.00418407;-0.338912;0.0711297;-0.615063;0.230126;0.0711297;-0.288703;1;-1;-0.523013;0.648536;-0.732218;0.0376569;-0.121339;-0.146443;0.330544;0.0460251;-0.539749;-0.414226;-0.146443;0.90795;-0.665272;-0.58159;-0.16318;-0.246862;-0.405858;-0.841004;0.0292887;-0.246862;0.154812;-0.380753;-0.0962343;-0.271967;-0.246862;-0.372385;-0.00418407;0.430962;0.0292887;-0.899582;-0.179916;0.0209205;-0.497908;0.338912;0.205021;0.380753;0.438017;0.112936;0.367556;0.416838;0.49076;0.589322;0.166324;0.659138;0.753593;0.581109;0.806982;0.938398;0.00616016;-1;-0.322382;0.474333;0.26078;0.671458;0.897331;0.400411;0.250493;0.0966469;-0.0231729;0.668449;+1;0;+1;+1;+1

15.4;-0.166667;0.166667;0.188889;0.133333;-0.622222;-0.133333;-0.20603;0.0878661;0.841004;-0.0376569;0.0460251;-0.221757;-0.00418407;-0.338912;0.0711297;-0.615063;0.230126;0.0711297;-0.288703;1;-1;-0.523013;0.648536;-0.732218;0.0376569;-0.121339;-0.146443;0.330544;0.0460251;-0.539749;-0.414226;-0.146443;0.90795;-0.665272;-0.58159;-0.16318;-0.246862;-0.405858;-0.841004;0.0292887;-0.246862;0.154812;-0.380753;-0.0962343;-0.271967;-0.246862;-0.372385;-0.00418407;0.430962;0.0292887;-0.899582;-0.179916;0.0209205;-0.497908;0.338912;0.205021;0.38843;0.720739;0.112936;0.367556;0.416838;0.49076;0.589322;0.166324;0.659138;0.753593;0.581109;0.806982;0.938398;0.00616016;-1;-0.322382;0.474333;0.26078;0.671458;0.897331;0.345168;0.250493;-0.00891267;-0.0231729;+1;0;+1;+1;+1

15.5;-0.111111;-0.166667;0.166667;0.188889;0.133333;-0.622222;-0.21608;-0.00418407;0.0878661;0.841004;-0.0376569;0.0460251;-0.221757;-0.00418407;-0.338912;0.0711297;-0.615063;0.230126;0.0711297;-0.288703;1;-1;-0.523013;0.648536;-0.732218;0.0376569;-0.121339;-0.146443;0.330544;0.0460251;-0.539749;-0.414226;-0.146443;0.90795;-0.665272;-0.58159;-0.16318;-0.246862;-0.405858;-0.841004;0.0292887;-0.246862;0.154812;-0.380753;-0.0962343;-0.271967;-0.246862;-0.372385;-0.00418407;0.430962;0.0292887;-0.899582;-0.179916;0.0209205;-0.497908;0.338912;0.214876;0.696099;0.720739;0.112936;0.367556;0.416838;0.49076;0.589322;0.166324;0.659138;0.753593;0.581109;0.806982;0.938398;0.00616016;-1;-0.322382;0.474333;0.26078;0.671458;0.822485;0.345168;0.130125;-0.00891267;-1;0;-1;-1;+1

14.85;-0.944444;-0.111111;-0.166667;0.166667;0.188889;0.133333;-0.658291;-0.0125523;-0.00418407;0.0878661;0.841004;-0.0376569;0.0460251;-0.221757;-0.00418407;-0.338912;0.0711297;-0.615063;0.230126;0.0711297;-0.288703;1;-1;-0.523013;0.648536;-0.732218;0.0376569;-0.121339;-0.146443;0.330544;0.0460251;-0.539749;-0.414226;-0.146443;0.90795;-0.665272;-0.58159;-0.16318;-0.246862;-0.405858;-0.841004;0.0292887;-0.246862;0.154812;-0.380753;-0.0962343;-0.271967;-0.246862;-0.372385;-0.00418407;0.430962;0.0292887;-0.899582;-0.179916;0.0209205;-0.497908;0.347107;0.609856;0.696099;0.720739;0.112936;0.367556;0.416838;0.49076;0.589322;0.166324;0.659138;0.753593;0.581109;0.806982;0.938398;0.00616016;-1;-0.322382;0.474333;0.26078;0.605523;0.822485;0.215686;0.130125;-1;0;-1;-1;+1

14.4;-0.722222;-0.944444;-0.111111;-0.166667;0.166667;0.188889;0.0251256;-0.380753;-0.0125523;-0.00418407;0.0878661;0.841004;-0.0376569;0.0460251;-0.221757;-0.00418407;-0.338912;0.0711297;-0.615063;0.230126;0.0711297;-0.288703;1;-1;-0.523013;0.648536;-0.732218;0.0376569;-0.121339;-0.146443;0.330544;0.0460251;-0.539749;-0.414226;-0.146443;0.90795;-0.665272;-0.58159;-0.16318;-0.246862;-0.405858;-0.841004;0.0292887;-0.246862;0.154812;-0.380753;-0.0962343;-0.271967;-0.246862;-0.372385;-0.00418407;0.430962;0.0292887;-0.899582;-0.179916;0.0209205;-0.479339;0.675565;0.609856;0.696099;0.720739;0.112936;0.367556;0.416838;0.49076;0.589322;0.166324;0.659138;0.753593;0.581109;0.806982;0.938398;0.00616016;-1;-0.322382;0.474333;0.211045;0.605523;0.647059;0.215686;-1;0;-1;-1;+1

14.28;-0.355556;-0.722222;-0.944444;-0.111111;-0.166667;0.166667;0.0753769;0.188285;-0.380753;-0.0125523;-0.00418407;0.0878661;0.841004;-0.0376569;0.0460251;-0.221757;-0.00418407;-0.338912;0.0711297;-0.615063;0.230126;0.0711297;-0.288703;1;-1;-0.523013;0.648536;-0.732218;0.0376569;-0.121339;-0.146443;0.330544;0.0460251;-0.539749;-0.414226;-0.146443;0.90795;-0.665272;-0.58159;-0.16318;-0.246862;-0.405858;-0.841004;0.0292887;-0.246862;0.154812;-0.380753;-0.0962343;-0.271967;-0.246862;-0.372385;-0.00418407;0.430962;0.0292887;-0.899582;-0.179916;0.0330579;0.264887;0.675565;0.609856;0.696099;0.720739;0.112936;0.367556;0.416838;0.49076;0.589322;0.166324;0.659138;0.753593;0.581109;0.806982;0.938398;0.00616016;-1;-0.322382;0.416174;0.211045;0.45098;0.647059;+1;0;+1;+1;+1

14.31;-0.188889;-0.355556;-0.722222;-0.944444;-0.111111;-0.166667;0.0552764;0.230126;0.188285;-0.380753;-0.0125523;-0.00418407;0.0878661;0.841004;-0.0376569;0.0460251;-0.221757;-0.00418407;-0.338912;0.0711297;-0.615063;0.230126;0.0711297;-0.288703;1;-1;-0.523013;0.648536;-0.732218;0.0376569;-0.121339;-0.146443;0.330544;0.0460251;-0.539749;-0.414226;-0.146443;0.90795;-0.665272;-0.58159;-0.16318;-0.246862;-0.405858;-0.841004;0.0292887;-0.246862;0.154812;-0.380753;-0.0962343;-0.271967;-0.246862;-0.372385;-0.00418407;0.430962;0.0292887;-0.899582;-0.165289;0.519507;0.264887;0.675565;0.609856;0.696099;0.720739;0.112936;0.367556;0.416838;0.49076;0.589322;0.166324;0.659138;0.753593;0.581109;0.806982;0.938398;0.00616016;-1;-0.349112;0.416174;0.0944742;0.45098;+1;0;+1;+1;+1

15.4;0.988889;-0.188889;-0.355556;-0.722222;-0.944444;-0.111111;-0.246231;0.213389;0.230126;0.188285;-0.380753;-0.0125523;-0.00418407;0.0878661;0.841004;-0.0376569;0.0460251;-0.221757;-0.00418407;-0.338912;0.0711297;-0.615063;0.230126;0.0711297;-0.288703;1;-1;-0.523013;0.648536;-0.732218;0.0376569;-0.121339;-0.146443;0.330544;0.0460251;-0.539749;-0.414226;-0.146443;0.90795;-0.665272;-0.58159;-0.16318;-0.246862;-0.405858;-0.841004;0.0292887;-0.246862;0.154812;-0.380753;-0.0962343;-0.271967;-0.246862;-0.372385;-0.00418407;0.430962;0.0292887;-0.876033;0.420945;0.519507;0.264887;0.675565;0.609856;0.696099;0.720739;0.112936;0.367556;0.416838;0.49076;0.589322;0.166324;0.659138;0.753593;0.581109;0.806982;0.938398;0.00616016;-1;-0.349112;0.279857;0.0944742;-1;0;+1;-1;+1

15.3;-0.333333;0.988889;-0.188889;-0.355556;-0.722222;-0.944444;-0.19598;-0.0376569;0.213389;0.230126;0.188285;-0.380753;-0.0125523;-0.00418407;0.0878661;0.841004;-0.0376569;0.0460251;-0.221757;-0.00418407;-0.338912;0.0711297;-0.615063;0.230126;0.0711297;-0.288703;1;-1;-0.523013;0.648536;-0.732218;0.0376569;-0.121339;-0.146443;0.330544;0.0460251;-0.539749;-0.414226;-0.146443;0.90795;-0.665272;-0.58159;-0.16318;-0.246862;-0.405858;-0.841004;0.0292887;-0.246862;0.154812;-0.380753;-0.0962343;-0.271967;-0.246862;-0.372385;-0.00418407;0.430962;0.0413223;0.0677618;0.420945;0.519507;0.264887;0.675565;0.609856;0.696099;0.720739;0.112936;0.367556;0.416838;0.49076;0.589322;0.166324;0.659138;0.753593;0.581109;0.806982;0.938398;-0.0335306;-1;-0.411765;0.279857;+1;0;+1;+1;+1

15.39;-0.122222;-0.333333;0.988889;-0.188889;-0.355556;-0.722222;-0.949749;0.00418413;-0.0376569;0.213389;0.230126;0.188285;-0.380753;-0.0125523;-0.00418407;0.0878661;0.841004;-0.0376569;0.0460251;-0.221757;-0.00418407;-0.338912;0.0711297;-0.615063;0.230126;0.0711297;-0.288703;1;-1;-0.523013;0.648536;-0.732218;0.0376569;-0.121339;-0.146443;0.330544;0.0460251;-0.539749;-0.414226;-0.146443;0.90795;-0.665272;-0.58159;-0.16318;-0.246862;-0.405858;-0.841004;0.0292887;-0.246862;0.154812;-0.380753;-0.0962343;-0.271967;-0.246862;-0.372385;-0.00418407;0.438017;0.523614;0.0677618;0.420945;0.519507;0.264887;0.675565;0.609856;0.696099;0.720739;0.112936;0.367556;0.416838;0.49076;0.589322;0.166324;0.659138;0.753593;0.581109;0.806982;0.861933;-0.0335306;-1;-0.411765;+1;0;+1;+1;+1

15.5;-0.1;-0.122222;-0.333333;0.988889;-0.188889;-0.355556;-0.748744;-0.623431;0.00418413;-0.0376569;0.213389;0.230126;0.188285;-0.380753;-0.0125523;-0.00418407;0.0878661;0.841004;-0.0376569;0.0460251;-0.221757;-0.00418407;-0.338912;0.0711297;-0.615063;0.230126;0.0711297;-0.288703;1;-1;-0.523013;0.648536;-0.732218;0.0376569;-0.121339;-0.146443;0.330544;0.0460251;-0.539749;-0.414226;-0.146443;0.90795;-0.665272;-0.58159;-0.16318;-0.246862;-0.405858;-0.841004;0.0292887;-0.246862;0.154812;-0.380753;-0.0962343;-0.271967;-0.246862;-0.372385;0.00826448;0.720739;0.523614;0.0677618;0.420945;0.519507;0.264887;0.675565;0.609856;0.696099;0.720739;0.112936;0.367556;0.416838;0.49076;0.589322;0.166324;0.659138;0.753593;0.581109;0.7357;0.861933;-0.12656;-1;-1;0;-1;-1;+1

15.2;-0.555556;-0.1;-0.122222;-0.333333;0.988889;-0.188889;-0.417085;-0.456067;-0.623431;0.00418413;-0.0376569;0.213389;0.230126;0.188285;-0.380753;-0.0125523;-0.00418407;0.0878661;0.841004;-0.0376569;0.0460251;-0.221757;-0.00418407;-0.338912;0.0711297;-0.615063;0.230126;0.0711297;-0.288703;1;-1;-0.523013;0.648536;-0.732218;0.0376569;-0.121339;-0.146443;0.330544;0.0460251;-0.539749;-0.414226;-0.146443;0.90795;-0.665272;-0.58159;-0.16318;-0.246862;-0.405858;-0.841004;0.0292887;-0.246862;0.154812;-0.380753;-0.0962343;-0.271967;-0.246862;-0.355372;0.507187;0.720739;0.523614;0.0677618;0.420945;0.519507;0.264887;0.675565;0.609856;0.696099;0.720739;0.112936;0.367556;0.416838;0.49076;0.589322;0.166324;0.659138;0.753593;0.518738;0.7357;0.682709;-0.12656;-1;0;-1;-1;+1

14.85;-0.611111;-0.555556;-0.1;-0.122222;-0.333333;0.988889;-0.266332;-0.179916;-0.456067;-0.623431;0.00418413;-0.0376569;0.213389;0.230126;0.188285;-0.380753;-0.0125523;-0.00418407;0.0878661;0.841004;-0.0376569;0.0460251;-0.221757;-0.00418407;-0.338912;0.0711297;-0.615063;0.230126;0.0711297;-0.288703;1;-1;-0.523013;0.648536;-0.732218;0.0376569;-0.121339;-0.146443;0.330544;0.0460251;-0.539749;-0.414226;-0.146443;0.90795;-0.665272;-0.58159;-0.16318;-0.246862;-0.405858;-0.841004;0.0292887;-0.246862;0.154812;-0.380753;-0.0962343;-0.271967;-0.231405;0.326489;0.507187;0.720739;0.523614;0.0677618;0.420945;0.519507;0.264887;0.675565;0.609856;0.696099;0.720739;0.112936;0.367556;0.416838;0.49076;0.589322;0.166324;0.659138;0.684418;0.518738;0.568627;0.682709;-1;0;-1;-1;+1

14.62;-0.477778;-0.611111;-0.555556;-0.1;-0.122222;-0.333333;0.798995;-0.0543933;-0.179916;-0.456067;-0.623431;0.00418413;-0.0376569;0.213389;0.230126;0.188285;-0.380753;-0.0125523;-0.00418407;0.0878661;0.841004;-0.0376569;0.0460251;-0.221757;-0.00418407;-0.338912;0.0711297;-0.615063;0.230126;0.0711297;-0.288703;1;-1;-0.523013;0.648536;-0.732218;0.0376569;-0.121339;-0.146443;0.330544;0.0460251;-0.539749;-0.414226;-0.146443;0.90795;-0.665272;-0.58159;-0.16318;-0.246862;-0.405858;-0.841004;0.0292887;-0.246862;0.154812;-0.380753;-0.0962343;-0.256198;0.38809;0.326489;0.507187;0.720739;0.523614;0.0677618;0.420945;0.519507;0.264887;0.675565;0.609856;0.696099;0.720739;0.112936;0.367556;0.416838;0.49076;0.589322;0.166324;0.593688;0.684418;0.372549;0.568627;+1;0;+1;+1;+1

15.26;0.488889;-0.477778;-0.611111;-0.555556;-0.1;-0.122222;-0.396985;0.832636;-0.0543933;-0.179916;-0.456067;-0.623431;0.00418413;-0.0376569;0.213389;0.230126;0.188285;-0.380753;-0.0125523;-0.00418407;0.0878661;0.841004;-0.0376569;0.0460251;-0.221757;-0.00418407;-0.338912;0.0711297;-0.615063;0.230126;0.0711297;-0.288703;1;-1;-0.523013;0.648536;-0.732218;0.0376569;-0.121339;-0.146443;0.330544;0.0460251;-0.539749;-0.414226;-0.146443;0.90795;-0.665272;-0.58159;-0.16318;-0.246862;-0.405858;-0.841004;0.0292887;-0.246862;0.154812;-0.380753;-0.0826446;0.37577;0.38809;0.326489;0.507187;0.720739;0.523614;0.0677618;0.420945;0.519507;0.264887;0.675565;0.609856;0.696099;0.720739;0.112936;0.367556;0.416838;0.49076;0.589322;0.120316;0.593688;0.522282;0.372549;-1;0;-1;-1;+1

14.96;-0.555556;0.488889;-0.477778;-0.611111;-0.555556;-0.1;-0.20603;-0.16318;0.832636;-0.0543933;-0.179916;-0.456067;-0.623431;0.00418413;-0.0376569;0.213389;0.230126;0.188285;-0.380753;-0.0125523;-0.00418407;0.0878661;0.841004;-0.0376569;0.0460251;-0.221757;-0.00418407;-0.338912;0.0711297;-0.615063;0.230126;0.0711297;-0.288703;1;-1;-0.523013;0.648536;-0.732218;0.0376569;-0.121339;-0.146443;0.330544;0.0460251;-0.539749;-0.414226;-0.146443;0.90795;-0.665272;-0.58159;-0.16318;-0.246862;-0.405858;-0.841004;0.0292887;-0.246862;0.154812;-0.363636;0.462012;0.37577;0.38809;0.326489;0.507187;0.720739;0.523614;0.0677618;0.420945;0.519507;0.264887;0.675565;0.609856;0.696099;0.720739;0.112936;0.367556;0.416838;0.49076;0.526627;0.120316;0.440285;0.522282;-1;0;-1;-1;+1

14.8;-0.4;-0.555556;0.488889;-0.477778;-0.611111;-0.555556;-0.18593;-0.00418407;-0.16318;0.832636;-0.0543933;-0.179916;-0.456067;-0.623431;0.00418413;-0.0376569;0.213389;0.230126;0.188285;-0.380753;-0.0125523;-0.00418407;0.0878661;0.841004;-0.0376569;0.0460251;-0.221757;-0.00418407;-0.338912;0.0711297;-0.615063;0.230126;0.0711297;-0.288703;1;-1;-0.523013;0.648536;-0.732218;0.0376569;-0.121339;-0.146443;0.330544;0.0460251;-0.539749;-0.414226;-0.146443;0.90795;-0.665272;-0.58159;-0.16318;-0.246862;-0.405858;-0.841004;0.0292887;-0.246862;0.165289;0.322382;0.462012;0.37577;0.38809;0.326489;0.507187;0.720739;0.523614;0.0677618;0.420945;0.519507;0.264887;0.675565;0.609856;0.696099;0.720739;0.112936;0.367556;0.416838;0.431953;0.526627;0.0124777;0.440285;+1;0;+1;+1;+1

15.14;0.155556;-0.4;-0.555556;0.488889;-0.477778;-0.611111;-0.59799;0.0125523;-0.00418407;-0.16318;0.832636;-0.0543933;-0.179916;-0.456067;-0.623431;0.00418413;-0.0376569;0.213389;0.230126;0.188285;-0.380753;-0.0125523;-0.00418407;0.0878661;0.841004;-0.0376569;0.0460251;-0.221757;-0.00418407;-0.338912;0.0711297;-0.615063;0.230126;0.0711297;-0.288703;1;-1;-0.523013;0.648536;-0.732218;0.0376569;-0.121339;-0.146443;0.330544;0.0460251;-0.539749;-0.414226;-0.146443;0.90795;-0.665272;-0.58159;-0.16318;-0.246862;-0.405858;-0.841004;0.0292887;-0.231405;0.585216;0.322382;0.462012;0.37577;0.38809;0.326489;0.507187;0.720739;0.523614;0.0677618;0.420945;0.519507;0.264887;0.675565;0.609856;0.696099;0.720739;0.112936;0.367556;0.360947;0.431953;0.379679;0.0124777;-1;0;-1;-1;+1

15.1;-0.266667;0.155556;-0.4;-0.555556;0.488889;-0.477778;-0.648241;-0.330544;0.0125523;-0.00418407;-0.16318;0.832636;-0.0543933;-0.179916;-0.456067;-0.623431;0.00418413;-0.0376569;0.213389;0.230126;0.188285;-0.380753;-0.0125523;-0.00418407;0.0878661;0.841004;-0.0376569;0.0460251;-0.221757;-0.00418407;-0.338912;0.0711297;-0.615063;0.230126;0.0711297;-0.288703;1;-1;-0.523013;0.648536;-0.732218;0.0376569;-0.121339;-0.146443;0.330544;0.0460251;-0.539749;-0.414226;-0.146443;0.90795;-0.665272;-0.58159;-0.16318;-0.246862;-0.405858;-0.841004;0.0413223;0.38809;0.585216;0.322382;0.462012;0.37577;0.38809;0.326489;0.507187;0.720739;0.523614;0.0677618;0.420945;0.519507;0.264887;0.675565;0.609856;0.696099;0.720739;0.112936;0.313609;0.360947;0.294118;0.379679;-1;0;-1;-1;+1

15.02;-0.311111;-0.266667;0.155556;-0.4;-0.555556;0.488889;-0.527638;-0.372385;-0.330544;0.0125523;-0.00418407;-0.16318;0.832636;-0.0543933;-0.179916;-0.456067;-0.623431;0.00418413;-0.0376569;0.213389;0.230126;0.188285;-0.380753;-0.0125523;-0.00418407;0.0878661;0.841004;-0.0376569;0.0460251;-0.221757;-0.00418407;-0.338912;0.0711297;-0.615063;0.230126;0.0711297;-0.288703;1;-1;-0.523013;0.648536;-0.732218;0.0376569;-0.121339;-0.146443;0.330544;0.0460251;-0.539749;-0.414226;-0.146443;0.90795;-0.665272;-0.58159;-0.16318;-0.246862;-0.405858;-0.818182;0.523614;0.38809;0.585216;0.322382;0.462012;0.37577;0.38809;0.326489;0.507187;0.720739;0.523614;0.0677618;0.420945;0.519507;0.264887;0.675565;0.609856;0.696099;0.720739;0.0690335;0.313609;0.229947;0.294118;+1;0;+1;+1;+1

15.12;-0.111111;-0.311111;-0.266667;0.155556;-0.4;-0.555556;0.346734;-0.271967;-0.372385;-0.330544;0.0125523;-0.00418407;-0.16318;0.832636;-0.0543933;-0.179916;-0.456067;-0.623431;0.00418413;-0.0376569;0.213389;0.230126;0.188285;-0.380753;-0.0125523;-0.00418407;0.0878661;0.841004;-0.0376569;0.0460251;-0.221757;-0.00418407;-0.338912;0.0711297;-0.615063;0.230126;0.0711297;-0.288703;1;-1;-0.523013;0.648536;-0.732218;0.0376569;-0.121339;-0.146443;0.330544;0.0460251;-0.539749;-0.414226;-0.146443;0.90795;-0.665272;-0.58159;-0.16318;-0.246862;-0.38843;0.0965092;0.523614;0.38809;0.585216;0.322382;0.462012;0.37577;0.38809;0.326489;0.507187;0.720739;0.523614;0.0677618;0.420945;0.519507;0.264887;0.675565;0.609856;0.696099;0.65286;0.0690335;0.187166;0.229947;+1;0;+1;+1;+1

15.3;-0.0222222;-0.111111;-0.311111;-0.266667;0.155556;-0.4;-0.59799;0.456067;-0.271967;-0.372385;-0.330544;0.0125523;-0.00418407;-0.16318;0.832636;-0.0543933;-0.179916;-0.456067;-0.623431;0.00418413;-0.0376569;0.213389;0.230126;0.188285;-0.380753;-0.0125523;-0.00418407;0.0878661;0.841004;-0.0376569;0.0460251;-0.221757;-0.00418407;-0.338912;0.0711297;-0.615063;0.230126;0.0711297;-0.288703;1;-1;-0.523013;0.648536;-0.732218;0.0376569;-0.121339;-0.146443;0.330544;0.0460251;-0.539749;-0.414226;-0.146443;0.90795;-0.665272;-0.58159;-0.16318;-0.231405;0.310062;0.0965092;0.523614;0.38809;0.585216;0.322382;0.462012;0.37577;0.38809;0.326489;0.507187;0.720739;0.523614;0.0677618;0.420945;0.519507;0.264887;0.675565;0.609856;0.629191;0.65286;-0.0338681;0.187166;-1;0;-1;-1;+1

15.2;-0.333333;-0.0222222;-0.111111;-0.311111;-0.266667;0.155556;-0.457286;-0.330544;0.456067;-0.271967;-0.372385;-0.330544;0.0125523;-0.00418407;-0.16318;0.832636;-0.0543933;-0.179916;-0.456067;-0.623431;0.00418413;-0.0376569;0.213389;0.230126;0.188285;-0.380753;-0.0125523;-0.00418407;0.0878661;0.841004;-0.0376569;0.0460251;-0.221757;-0.00418407;-0.338912;0.0711297;-0.615063;0.230126;0.0711297;-0.288703;1;-1;-0.523013;0.648536;-0.732218;0.0376569;-0.121339;-0.146443;0.330544;0.0460251;-0.539749;-0.414226;-0.146443;0.90795;-0.665272;-0.58159;-0.14876;0.38809;0.310062;0.0965092;0.523614;0.38809;0.585216;0.322382;0.462012;0.37577;0.38809;0.326489;0.507187;0.720739;0.523614;0.0677618;0.420945;0.519507;0.264887;0.675565;0.546351;0.629191;0.493761;-0.0338681;+1;0;+1;+1;+1

15.7;0.333333;-0.333333;-0.0222222;-0.111111;-0.311111;-0.266667;0.0452261;-0.213389;-0.330544;0.456067;-0.271967;-0.372385;-0.330544;0.0125523;-0.00418407;-0.16318;0.832636;-0.0543933;-0.179916;-0.456067;-0.623431;0.00418413;-0.0376569;0.213389;0.230126;0.188285;-0.380753;-0.0125523;-0.00418407;0.0878661;0.841004;-0.0376569;0.0460251;-0.221757;-0.00418407;-0.338912;0.0711297;-0.615063;0.230126;0.0711297;-0.288703;1;-1;-0.523013;0.648536;-0.732218;0.0376569;-0.121339;-0.146443;0.330544;0.0460251;-0.539749;-0.414226;-0.146443;0.90795;-0.665272;-0.561983;0.429158;0.38809;0.310062;0.0965092;0.523614;0.38809;0.585216;0.322382;0.462012;0.37577;0.38809;0.326489;0.507187;0.720739;0.523614;0.0677618;0.420945;0.519507;0.264887;0.609467;0.546351;0.472371;0.493761;-1;0;-1;-1;+1

15.52;-0.422222;0.333333;-0.333333;-0.0222222;-0.111111;-0.311111;-0.336683;0.205021;-0.213389;-0.330544;0.456067;-0.271967;-0.372385;-0.330544;0.0125523;-0.00418407;-0.16318;0.832636;-0.0543933;-0.179916;-0.456067;-0.623431;0.00418413;-0.0376569;0.213389;0.230126;0.188285;-0.380753;-0.0125523;-0.00418407;0.0878661;0.841004;-0.0376569;0.0460251;-0.221757;-0.00418407;-0.338912;0.0711297;-0.615063;0.230126;0.0711297;-0.288703;1;-1;-0.523013;0.648536;-0.732218;0.0376569;-0.121339;-0.146443;0.330544;0.0460251;-0.539749;-0.414226;-0.146443;0.90795;-0.644628;0.223819;0.429158;0.38809;0.310062;0.0965092;0.523614;0.38809;0.585216;0.322382;0.462012;0.37577;0.38809;0.326489;0.507187;0.720739;0.523614;0.0677618;0.420945;0.519507;0.21499;0.609467;0.397504;0.472371;-1;0;-1;-1;+1

15.39;-0.366667;-0.422222;0.333333;-0.333333;-0.0222222;-0.111111;-0.376884;-0.112971;0.205021;-0.213389;-0.330544;0.456067;-0.271967;-0.372385;-0.330544;0.0125523;-0.00418407;-0.16318;0.832636;-0.0543933;-0.179916;-0.456067;-0.623431;0.00418413;-0.0376569;0.213389;0.230126;0.188285;-0.380753;-0.0125523;-0.00418407;0.0878661;0.841004;-0.0376569;0.0460251;-0.221757;-0.00418407;-0.338912;0.0711297;-0.615063;0.230126;0.0711297;-0.288703;1;-1;-0.523013;0.648536;-0.732218;0.0376569;-0.121339;-0.146443;0.330544;0.0460251;-0.539749;-0.414226;-0.146443;0.909091;0.182752;0.223819;0.429158;0.38809;0.310062;0.0965092;0.523614;0.38809;0.585216;0.322382;0.462012;0.37577;0.38809;0.326489;0.507187;0.720739;0.523614;0.0677618;0.420945;0.459566;0.21499;0.454545;0.397504;+1;0;+1;+1;+1

16.3;0.788889;-0.366667;-0.422222;0.333333;-0.333333;-0.0222222;-0.19598;-0.146443;-0.112971;0.205021;-0.213389;-0.330544;0.456067;-0.271967;-0.372385;-0.330544;0.0125523;-0.00418407;-0.16318;0.832636;-0.0543933;-0.179916;-0.456067;-0.623431;0.00418413;-0.0376569;0.213389;0.230126;0.188285;-0.380753;-0.0125523;-0.00418407;0.0878661;0.841004;-0.0376569;0.0460251;-0.221757;-0.00418407;-0.338912;0.0711297;-0.615063;0.230126;0.0711297;-0.288703;1;-1;-0.523013;0.648536;-0.732218;0.0376569;-0.121339;-0.146443;0.330544;0.0460251;-0.539749;-0.414226;-0.132231;0.954825;0.182752;0.223819;0.429158;0.38809;0.310062;0.0965092;0.523614;0.38809;0.585216;0.322382;0.462012;0.37577;0.38809;0.326489;0.507187;0.720739;0.523614;0.0677618;0.364891;0.459566;0.0980392;0.454545;+1;0;+1;+1;+1

16.49;-0.0111111;0.788889;-0.366667;-0.422222;0.333333;-0.333333;-0.115578;0.00418413;-0.146443;-0.112971;0.205021;-0.213389;-0.330544;0.456067;-0.271967;-0.372385;-0.330544;0.0125523;-0.00418407;-0.16318;0.832636;-0.0543933;-0.179916;-0.456067;-0.623431;0.00418413;-0.0376569;0.213389;0.230126;0.188285;-0.380753;-0.0125523;-0.00418407;0.0878661;0.841004;-0.0376569;0.0460251;-0.221757;-0.00418407;-0.338912;0.0711297;-0.615063;0.230126;0.0711297;-0.288703;1;-1;-0.523013;0.648536;-0.732218;0.0376569;-0.121339;-0.146443;0.330544;0.0460251;-0.539749;-0.396694;0.437372;0.954825;0.182752;0.223819;0.429158;0.38809;0.310062;0.0965092;0.523614;0.38809;0.585216;0.322382;0.462012;0.37577;0.38809;0.326489;0.507187;0.720739;0.523614;0.025641;0.364891;0.319073;0.0980392;+1;0;+1;+1;+1

16.66;-0.0333333;-0.0111111;0.788889;-0.366667;-0.422222;0.333333;-0.396985;0.0711297;0.00418413;-0.146443;-0.112971;0.205021;-0.213389;-0.330544;0.456067;-0.271967;-0.372385;-0.330544;0.0125523;-0.00418407;-0.16318;0.832636;-0.0543933;-0.179916;-0.456067;-0.623431;0.00418413;-0.0376569;0.213389;0.230126;0.188285;-0.380753;-0.0125523;-0.00418407;0.0878661;0.841004;-0.0376569;0.0460251;-0.221757;-0.00418407;-0.338912;0.0711297;-0.615063;0.230126;0.0711297;-0.288703;1;-1;-0.523013;0.648536;-0.732218;0.0376569;-0.121339;-0.146443;0.330544;0.0460251;-0.520661;0.305955;0.437372;0.954825;0.182752;0.223819;0.429158;0.38809;0.310062;0.0965092;0.523614;0.38809;0.585216;0.322382;0.462012;0.37577;0.38809;0.326489;0.507187;0.720739;0.463511;0.025641;0.233512;0.319073;-1;0;-1;-1;+1

16.11;-0.833333;-0.0333333;-0.0111111;0.788889;-0.366667;-0.422222;0.20603;-0.16318;0.0711297;0.00418413;-0.146443;-0.112971;0.205021;-0.213389;-0.330544;0.456067;-0.271967;-0.372385;-0.330544;0.0125523;-0.00418407;-0.16318;0.832636;-0.0543933;-0.179916;-0.456067;-0.623431;0.00418413;-0.0376569;0.213389;0.230126;0.188285;-0.380753;-0.0125523;-0.00418407;0.0878661;0.841004;-0.0376569;0.0460251;-0.221757;-0.00418407;-0.338912;0.0711297;-0.615063;0.230126;0.0711297;-0.288703;1;-1;-0.523013;0.648536;-0.732218;0.0376569;-0.121339;-0.146443;0.330544;0.0578513;0.244353;0.305955;0.437372;0.954825;0.182752;0.223819;0.429158;0.38809;0.310062;0.0965092;0.523614;0.38809;0.585216;0.322382;0.462012;0.37577;0.38809;0.326489;0.507187;0.65286;0.463511;-0.0730838;0.233512;-1;0;-1;-1;+1

15.5;-0.9;-0.833333;-0.0333333;-0.0111111;0.788889;-0.366667;-0.477387;0.338912;-0.16318;0.0711297;0.00418413;-0.146443;-0.112971;0.205021;-0.213389;-0.330544;0.456067;-0.271967;-0.372385;-0.330544;0.0125523;-0.00418407;-0.16318;0.832636;-0.0543933;-0.179916;-0.456067;-0.623431;0.00418413;-0.0376569;0.213389;0.230126;0.188285;-0.380753;-0.0125523;-0.00418407;0.0878661;0.841004;-0.0376569;0.0460251;-0.221757;-0.00418407;-0.338912;0.0711297;-0.615063;0.230126;0.0711297;-0.288703;1;-1;-0.523013;0.648536;-0.732218;0.0376569;-0.121339;-0.146443;0.338843;0.531828;0.244353;0.305955;0.437372;0.954825;0.182752;0.223819;0.429158;0.38809;0.310062;0.0965092;0.523614;0.38809;0.585216;0.322382;0.462012;0.37577;0.38809;0.326489;0.447732;0.65286;0.322638;-0.0730838;-1;0;-1;-1;+1

15;-0.777778;-0.9;-0.833333;-0.0333333;-0.0111111;0.788889;-0.427136;-0.230126;0.338912;-0.16318;0.0711297;0.00418413;-0.146443;-0.112971;0.205021;-0.213389;-0.330544;0.456067;-0.271967;-0.372385;-0.330544;0.0125523;-0.00418407;-0.16318;0.832636;-0.0543933;-0.179916;-0.456067;-0.623431;0.00418413;-0.0376569;0.213389;0.230126;0.188285;-0.380753;-0.0125523;-0.00418407;0.0878661;0.841004;-0.0376569;0.0460251;-0.221757;-0.00418407;-0.338912;0.0711297;-0.615063;0.230126;0.0711297;-0.288703;1;-1;-0.523013;0.648536;-0.732218;0.0376569;-0.121339;-0.132231;0.671458;0.531828;0.244353;0.305955;0.437372;0.954825;0.182752;0.223819;0.429158;0.38809;0.310062;0.0965092;0.523614;0.38809;0.585216;0.322382;0.462012;0.37577;0.38809;0.274162;0.447732;0.493761;0.322638;-1;0;-1;-1;+1

14.92;-0.311111;-0.777778;-0.9;-0.833333;-0.0333333;-0.0111111;0.618091;-0.188284;-0.230126;0.338912;-0.16318;0.0711297;0.00418413;-0.146443;-0.112971;0.205021;-0.213389;-0.330544;0.456067;-0.271967;-0.372385;-0.330544;0.0125523;-0.00418407;-0.16318;0.832636;-0.0543933;-0.179916;-0.456067;-0.623431;0.00418413;-0.0376569;0.213389;0.230126;0.188285;-0.380753;-0.0125523;-0.00418407;0.0878661;0.841004;-0.0376569;0.0460251;-0.221757;-0.00418407;-0.338912;0.0711297;-0.615063;0.230126;0.0711297;-0.288703;1;-1;-0.523013;0.648536;-0.732218;0.0376569;-0.107438;0.437372;0.671458;0.531828;0.244353;0.305955;0.437372;0.954825;0.182752;0.223819;0.429158;0.38809;0.310062;0.0965092;0.523614;0.38809;0.585216;0.322382;0.462012;0.37577;0.333333;0.274162;0.308378;0.493761;+1;0;+1;+1;+1

15.4;0.311111;-0.311111;-0.777778;-0.9;-0.833333;-0.0333333;-0.105528;0.682008;-0.188284;-0.230126;0.338912;-0.16318;0.0711297;0.00418413;-0.146443;-0.112971;0.205021;-0.213389;-0.330544;0.456067;-0.271967;-0.372385;-0.330544;0.0125523;-0.00418407;-0.16318;0.832636;-0.0543933;-0.179916;-0.456067;-0.623431;0.00418413;-0.0376569;0.213389;0.230126;0.188285;-0.380753;-0.0125523;-0.00418407;0.0878661;0.841004;-0.0376569;0.0460251;-0.221757;-0.00418407;-0.338912;0.0711297;-0.615063;0.230126;0.0711297;-0.288703;1;-1;-0.523013;0.648536;-0.732218;0.0495868;0.449692;0.437372;0.671458;0.531828;0.244353;0.305955;0.437372;0.954825;0.182752;0.223819;0.429158;0.38809;0.310062;0.0965092;0.523614;0.38809;0.585216;0.322382;0.462012;0.321499;0.333333;0.151515;0.308378;+1;0;+1;+1;+1

16.09;0.544444;0.311111;-0.311111;-0.777778;-0.9;-0.833333;-0.125628;0.0794979;0.682008;-0.188284;-0.230126;0.338912;-0.16318;0.0711297;0.00418413;-0.146443;-0.112971;0.205021;-0.213389;-0.330544;0.456067;-0.271967;-0.372385;-0.330544;0.0125523;-0.00418407;-0.16318;0.832636;-0.0543933;-0.179916;-0.456067;-0.623431;0.00418413;-0.0376569;0.213389;0.230126;0.188285;-0.380753;-0.0125523;-0.00418407;0.0878661;0.841004;-0.0376569;0.0460251;-0.221757;-0.00418407;-0.338912;0.0711297;-0.615063;0.230126;0.0711297;-0.288703;1;-1;-0.523013;0.648536;-0.710744;0.527721;0.449692;0.437372;0.671458;0.531828;0.244353;0.305955;0.437372;0.954825;0.182752;0.223819;0.429158;0.38809;0.310062;0.0965092;0.523614;0.38809;0.585216;0.322382;0.404339;0.321499;0.204991;0.151515;-1;0;-1;-1;+1

15.69;-0.666667;0.544444;0.311111;-0.311111;-0.777778;-0.9;-0.849246;0.0627615;0.0794979;0.682008;-0.188284;-0.230126;0.338912;-0.16318;0.0711297;0.00418413;-0.146443;-0.112971;0.205021;-0.213389;-0.330544;0.456067;-0.271967;-0.372385;-0.330544;0.0125523;-0.00418407;-0.16318;0.832636;-0.0543933;-0.179916;-0.456067;-0.623431;0.00418413;-0.0376569;0.213389;0.230126;0.188285;-0.380753;-0.0125523;-0.00418407;0.0878661;0.841004;-0.0376569;0.0460251;-0.221757;-0.00418407;-0.338912;0.0711297;-0.615063;0.230126;0.0711297;-0.288703;1;-1;-0.523013;0.652893;0.149897;0.527721;0.449692;0.437372;0.671458;0.531828;0.244353;0.305955;0.437372;0.954825;0.182752;0.223819;0.429158;0.38809;0.310062;0.0965092;0.523614;0.38809;0.585216;0.270217;0.404339;0.194296;0.204991;-1;0;-1;-1;+1

15.6;-0.322222;-0.666667;0.544444;0.311111;-0.311111;-0.777778;-0.909548;-0.539749;0.0627615;0.0794979;0.682008;-0.188284;-0.230126;0.338912;-0.16318;0.0711297;0.00418413;-0.146443;-0.112971;0.205021;-0.213389;-0.330544;0.456067;-0.271967;-0.372385;-0.330544;0.0125523;-0.00418407;-0.16318;0.832636;-0.0543933;-0.179916;-0.456067;-0.623431;0.00418413;-0.0376569;0.213389;0.230126;0.188285;-0.380753;-0.0125523;-0.00418407;0.0878661;0.841004;-0.0376569;0.0460251;-0.221757;-0.00418407;-0.338912;0.0711297;-0.615063;0.230126;0.0711297;-0.288703;1;-1;-0.504132;0.827515;0.149897;0.527721;0.449692;0.437372;0.671458;0.531828;0.244353;0.305955;0.437372;0.954825;0.182752;0.223819;0.429158;0.38809;0.310062;0.0965092;0.523614;0.38809;0.522682;0.270217;0.269162;0.194296;+1;0;+1;+1;+1

15.88;0.0888889;-0.322222;-0.666667;0.544444;0.311111;-0.311111;-0.798995;-0.589958;-0.539749;0.0627615;0.0794979;0.682008;-0.188284;-0.230126;0.338912;-0.16318;0.0711297;0.00418413;-0.146443;-0.112971;0.205021;-0.213389;-0.330544;0.456067;-0.271967;-0.372385;-0.330544;0.0125523;-0.00418407;-0.16318;0.832636;-0.0543933;-0.179916;-0.456067;-0.623431;0.00418413;-0.0376569;0.213389;0.230126;0.188285;-0.380753;-0.0125523;-0.00418407;0.0878661;0.841004;-0.0376569;0.0460251;-0.221757;-0.00418407;-0.338912;0.0711297;-0.615063;0.230126;0.0711297;-0.288703;1;-0.975207;0.252567;0.827515;0.149897;0.527721;0.449692;0.437372;0.671458;0.531828;0.244353;0.305955;0.437372;0.954825;0.182752;0.223819;0.429158;0.38809;0.310062;0.0965092;0.523614;0.333333;0.522682;0.14795;0.269162;-1;0;-1;-1;+1

15.73;-0.388889;0.0888889;-0.322222;-0.666667;0.544444;0.311111;-0.376884;-0.497908;-0.589958;-0.539749;0.0627615;0.0794979;0.682008;-0.188284;-0.230126;0.338912;-0.16318;0.0711297;0.00418413;-0.146443;-0.112971;0.205021;-0.213389;-0.330544;0.456067;-0.271967;-0.372385;-0.330544;0.0125523;-0.00418407;-0.16318;0.832636;-0.0543933;-0.179916;-0.456067;-0.623431;0.00418413;-0.0376569;0.213389;0.230126;0.188285;-0.380753;-0.0125523;-0.00418407;0.0878661;0.841004;-0.0376569;0.0460251;-0.221757;-0.00418407;-0.338912;0.0711297;-0.615063;0.230126;0.0711297;-0.288703;1;0.0184805;0.252567;0.827515;0.149897;0.527721;0.449692;0.437372;0.671458;0.531828;0.244353;0.305955;0.437372;0.954825;0.182752;0.223819;0.429158;0.38809;0.310062;0.0965092;0.463511;0.333333;0.376114;0.14795;+1;0;+1;+1;+1

16.6;0.744444;-0.388889;0.0888889;-0.322222;-0.666667;0.544444;0.18593;-0.146443;-0.497908;-0.589958;-0.539749;0.0627615;0.0794979;0.682008;-0.188284;-0.230126;0.338912;-0.16318;0.0711297;0.00418413;-0.146443;-0.112971;0.205021;-0.213389;-0.330544;0.456067;-0.271967;-0.372385;-0.330544;0.0125523;-0.00418407;-0.16318;0.832636;-0.0543933;-0.179916;-0.456067;-0.623431;0.00418413;-0.0376569;0.213389;0.230126;0.188285;-0.380753;-0.0125523;-0.00418407;0.0878661;0.841004;-0.0376569;0.0460251;-0.221757;-0.00418407;-0.338912;0.0711297;-0.615063;0.230126;0.0711297;-0.272727;1;0.0184805;0.252567;0.827515;0.149897;0.527721;0.449692;0.437372;0.671458;0.531828;0.244353;0.305955;0.437372;0.954825;0.182752;0.223819;0.429158;0.38809;0.310062;0.0532544;0.463511;0.204991;0.376114;-1;0;+1;+1;+1

16.54;-0.288889;0.744444;-0.388889;0.0888889;-0.322222;-0.666667;0.396985;0.322176;-0.146443;-0.497908;-0.589958;-0.539749;0.0627615;0.0794979;0.682008;-0.188284;-0.230126;0.338912;-0.16318;0.0711297;0.00418413;-0.146443;-0.112971;0.205021;-0.213389;-0.330544;0.456067;-0.271967;-0.372385;-0.330544;0.0125523;-0.00418407;-0.16318;0.832636;-0.0543933;-0.179916;-0.456067;-0.623431;0.00418413;-0.0376569;0.213389;0.230126;0.188285;-0.380753;-0.0125523;-0.00418407;0.0878661;0.841004;-0.0376569;0.0460251;-0.221757;-0.00418407;-0.338912;0.0711297;-0.615063;0.230126;0.0826446;0.367556;1;0.0184805;0.252567;0.827515;0.149897;0.527721;0.449692;0.437372;0.671458;0.531828;0.244353;0.305955;0.437372;0.954825;0.182752;0.223819;0.429158;0.38809;0.258383;0.0532544;0.322638;0.204991;+1;0;+1;+1;+1

17.19;0.5;-0.288889;0.744444;-0.388889;0.0888889;-0.322222;-0.698492;0.497908;0.322176;-0.146443;-0.497908;-0.589958;-0.539749;0.0627615;0.0794979;0.682008;-0.188284;-0.230126;0.338912;-0.16318;0.0711297;0.00418413;-0.146443;-0.112971;0.205021;-0.213389;-0.330544;0.456067;-0.271967;-0.372385;-0.330544;0.0125523;-0.00418407;-0.16318;0.832636;-0.0543933;-0.179916;-0.456067;-0.623431;0.00418413;-0.0376569;0.213389;0.230126;0.188285;-0.380753;-0.0125523;-0.00418407;0.0878661;0.841004;-0.0376569;0.0460251;-0.221757;-0.00418407;-0.338912;0.0711297;-0.615063;0.239669;0.544148;0.367556;1;0.0184805;0.252567;0.827515;0.149897;0.527721;0.449692;0.437372;0.671458;0.531828;0.244353;0.305955;0.437372;0.954825;0.182752;0.223819;0.429158;0.333333;0.258383;-0.0481284;0.322638;+1;0;+1;+1;+1

17.26;-0.144444;0.5;-0.288889;0.744444;-0.388889;0.0888889;-0.386935;-0.414226;0.497908;0.322176;-0.146443;-0.497908;-0.589958;-0.539749;0.0627615;0.0794979;0.682008;-0.188284;-0.230126;0.338912;-0.16318;0.0711297;0.00418413;-0.146443;-0.112971;0.205021;-0.213389;-0.330544;0.456067;-0.271967;-0.372385;-0.330544;0.0125523;-0.00418407;-0.16318;0.832636;-0.0543933;-0.179916;-0.456067;-0.623431;0.00418413;-0.0376569;0.213389;0.230126;0.188285;-0.380753;-0.0125523;-0.00418407;0.0878661;0.841004;-0.0376569;0.0460251;-0.221757;-0.00418407;-0.338912;0.0711297;-0.595041;0.622177;0.544148;0.367556;1;0.0184805;0.252567;0.827515;0.149897;0.527721;0.449692;0.437372;0.671458;0.531828;0.244353;0.305955;0.437372;0.954825;0.182752;0.223819;0.372781;0.333333;0.137255;-0.0481284;+1;0;+1;-1;+1

17.54;0.0888889;-0.144444;0.5;-0.288889;0.744444;-0.388889;-0.0150754;-0.154812;-0.414226;0.497908;0.322176;-0.146443;-0.497908;-0.589958;-0.539749;0.0627615;0.0794979;0.682008;-0.188284;-0.230126;0.338912;-0.16318;0.0711297;0.00418413;-0.146443;-0.112971;0.205021;-0.213389;-0.330544;0.456067;-0.271967;-0.372385;-0.330544;0.0125523;-0.00418407;-0.16318;0.832636;-0.0543933;-0.179916;-0.456067;-0.623431;0.00418413;-0.0376569;0.213389;0.230126;0.188285;-0.380753;-0.0125523;-0.00418407;0.0878661;0.841004;-0.0376569;0.0460251;-0.221757;-0.00418407;-0.338912;0.0826446;0.207392;0.622177;0.544148;0.367556;1;0.0184805;0.252567;0.827515;0.149897;0.527721;0.449692;0.437372;0.671458;0.531828;0.244353;0.305955;0.437372;0.954825;0.182752;0.175542;0.372781;0.204991;0.137255;-1;0;-1;-1;+1

17;-0.822222;0.0888889;-0.144444;0.5;-0.288889;0.744444;-0.447236;0.154812;-0.154812;-0.414226;0.497908;0.322176;-0.146443;-0.497908;-0.589958;-0.539749;0.0627615;0.0794979;0.682008;-0.188284;-0.230126;0.338912;-0.16318;0.0711297;0.00418413;-0.146443;-0.112971;0.205021;-0.213389;-0.330544;0.456067;-0.271967;-0.372385;-0.330544;0.0125523;-0.00418407;-0.16318;0.832636;-0.0543933;-0.179916;-0.456067;-0.623431;0.00418413;-0.0376569;0.213389;0.230126;0.188285;-0.380753;-0.0125523;-0.00418407;0.0878661;0.841004;-0.0376569;0.0460251;-0.221757;-0.00418407;-0.322314;0.544148;0.207392;0.622177;0.544148;0.367556;1;0.0184805;0.252567;0.827515;0.149897;0.527721;0.449692;0.437372;0.671458;0.531828;0.244353;0.305955;0.437372;0.954825;0.136095;0.175542;0.240642;0.204991;-1;0;-1;-1;+1

16.51;-0.766667;-0.822222;0.0888889;-0.144444;0.5;-0.288889;0.57789;-0.205021;0.154812;-0.154812;-0.414226;0.497908;0.322176;-0.146443;-0.497908;-0.589958;-0.539749;0.0627615;0.0794979;0.682008;-0.188284;-0.230126;0.338912;-0.16318;0.0711297;0.00418413;-0.146443;-0.112971;0.205021;-0.213389;-0.330544;0.456067;-0.271967;-0.372385;-0.330544;0.0125523;-0.00418407;-0.16318;0.832636;-0.0543933;-0.179916;-0.456067;-0.623431;0.00418413;-0.0376569;0.213389;0.230126;0.188285;-0.380753;-0.0125523;-0.00418407;0.0878661;0.841004;-0.0376569;0.0460251;-0.221757;0.00826448;0.342916;0.544148;0.207392;0.622177;0.544148;0.367556;1;0.0184805;0.252567;0.827515;0.149897;0.527721;0.449692;0.437372;0.671458;0.531828;0.244353;0.305955;0.437372;0.877712;0.136095;0.0623886;0.240642;+1;0;+1;+1;+1

16.7;-0.0111111;-0.766667;-0.822222;0.0888889;-0.144444;0.5;-0.356784;0.648536;-0.205021;0.154812;-0.154812;-0.414226;0.497908;0.322176;-0.146443;-0.497908;-0.589958;-0.539749;0.0627615;0.0794979;0.682008;-0.188284;-0.230126;0.338912;-0.16318;0.0711297;0.00418413;-0.146443;-0.112971;0.205021;-0.213389;-0.330544;0.456067;-0.271967;-0.372385;-0.330544;0.0125523;-0.00418407;-0.16318;0.832636;-0.0543933;-0.179916;-0.456067;-0.623431;0.00418413;-0.0376569;0.213389;0.230126;0.188285;-0.380753;-0.0125523;-0.00418407;0.0878661;0.841004;-0.0376569;0.0460251;-0.206612;0.507187;0.342916;0.544148;0.207392;0.622177;0.544148;0.367556;1;0.0184805;0.252567;0.827515;0.149897;0.527721;0.449692;0.437372;0.671458;0.531828;0.244353;0.305955;0.380671;0.877712;0.026738;0.0623886;-1;0;+1;+1;+1

16.6;-0.333333;-0.0111111;-0.766667;-0.822222;0.0888889;-0.144444;0.356784;-0.129707;0.648536;-0.205021;0.154812;-0.154812;-0.414226;0.497908;0.322176;-0.146443;-0.497908;-0.589958;-0.539749;0.0627615;0.0794979;0.682008;-0.188284;-0.230126;0.338912;-0.16318;0.0711297;0.00418413;-0.146443;-0.112971;0.205021;-0.213389;-0.330544;0.456067;-0.271967;-0.372385;-0.330544;0.0125523;-0.00418407;-0.16318;0.832636;-0.0543933;-0.179916;-0.456067;-0.623431;0.00418413;-0.0376569;0.213389;0.230126;0.188285;-0.380753;-0.0125523;-0.00418407;0.0878661;0.841004;-0.0376569;0.0578513;0.400411;0.507187;0.342916;0.544148;0.207392;0.622177;0.544148;0.367556;1;0.0184805;0.252567;0.827515;0.149897;0.527721;0.449692;0.437372;0.671458;0.531828;0.244353;0.254438;0.380671;0.69697;0.026738;+1;0;+1;+1;+1

16.77;-0.0333333;-0.333333;-0.0111111;-0.766667;-0.822222;0.0888889;-0.226131;0.464435;-0.129707;0.648536;-0.205021;0.154812;-0.154812;-0.414226;0.497908;0.322176;-0.146443;-0.497908;-0.589958;-0.539749;0.0627615;0.0794979;0.682008;-0.188284;-0.230126;0.338912;-0.16318;0.0711297;0.00418413;-0.146443;-0.112971;0.205021;-0.213389;-0.330544;0.456067;-0.271967;-0.372385;-0.330544;0.0125523;-0.00418407;-0.16318;0.832636;-0.0543933;-0.179916;-0.456067;-0.623431;0.00418413;-0.0376569;0.213389;0.230126;0.188285;-0.380753;-0.0125523;-0.00418407;0.0878661;0.841004;-0.0247934;0.531828;0.400411;0.507187;0.342916;0.544148;0.207392;0.622177;0.544148;0.367556;1;0.0184805;0.252567;0.827515;0.149897;0.527721;0.449692;0.437372;0.671458;0.531828;0.195266;0.254438;0.247772;0.69697;+1;0;+1;+1;+1

16.98;0.0111111;-0.0333333;-0.333333;-0.0111111;-0.766667;-0.822222;-0.0150754;-0.0209205;0.464435;-0.129707;0.648536;-0.205021;0.154812;-0.154812;-0.414226;0.497908;0.322176;-0.146443;-0.497908;-0.589958;-0.539749;0.0627615;0.0794979;0.682008;-0.188284;-0.230126;0.338912;-0.16318;0.0711297;0.00418413;-0.146443;-0.112971;0.205021;-0.213389;-0.330544;0.456067;-0.271967;-0.372385;-0.330544;0.0125523;-0.00418407;-0.16318;0.832636;-0.0543933;-0.179916;-0.456067;-0.623431;0.00418413;-0.0376569;0.213389;0.230126;0.188285;-0.380753;-0.0125523;-0.00418407;0.0878661;0.842975;0.49076;0.531828;0.400411;0.507187;0.342916;0.544148;0.207392;0.622177;0.544148;0.367556;1;0.0184805;0.252567;0.827515;0.149897;0.527721;0.449692;0.437372;0.671458;0.4714;0.195266;0.13369;0.247772;-1;0;+1;-1;+1

16.45;-0.811111;0.0111111;-0.0333333;-0.333333;-0.0111111;-0.766667;-0.839196;0.154812;-0.0209205;0.464435;-0.129707;0.648536;-0.205021;0.154812;-0.154812;-0.414226;0.497908;0.322176;-0.146443;-0.497908;-0.589958;-0.539749;0.0627615;0.0794979;0.682008;-0.188284;-0.230126;0.338912;-0.16318;0.0711297;0.00418413;-0.146443;-0.112971;0.205021;-0.213389;-0.330544;0.456067;-0.271967;-0.372385;-0.330544;0.0125523;-0.00418407;-0.16318;0.832636;-0.0543933;-0.179916;-0.456067;-0.623431;0.00418413;-0.0376569;0.213389;0.230126;0.188285;-0.380753;-0.0125523;-0.00418407;0.0991736;0.921971;0.49076;0.531828;0.400411;0.507187;0.342916;0.544148;0.207392;0.622177;0.544148;0.367556;1;0.0184805;0.252567;0.827515;0.149897;0.527721;0.449692;0.437372;0.605523;0.4714;0.0802139;0.13369;-1;0;-1;-1;+1

15.75;-1;-0.811111;0.0111111;-0.0333333;-0.333333;-0.0111111;-0.788945;-0.531381;0.154812;-0.0209205;0.464435;-0.129707;0.648536;-0.205021;0.154812;-0.154812;-0.414226;0.497908;0.322176;-0.146443;-0.497908;-0.589958;-0.539749;0.0627615;0.0794979;0.682008;-0.188284;-0.230126;0.338912;-0.16318;0.0711297;0.00418413;-0.146443;-0.112971;0.205021;-0.213389;-0.330544;0.456067;-0.271967;-0.372385;-0.330544;0.0125523;-0.00418407;-0.16318;0.832636;-0.0543933;-0.179916;-0.456067;-0.623431;0.00418413;-0.0376569;0.213389;0.230126;0.188285;-0.380753;-0.0125523;0.00826448;0.552361;0.921971;0.49076;0.531828;0.400411;0.507187;0.342916;0.544148;0.207392;0.622177;0.544148;0.367556;1;0.0184805;0.252567;0.827515;0.149897;0.527721;0.449692;0.380671;0.605523;0.329768;0.0802139;-1;0;-1;-1;+1

15.1;-0.944444;-1;-0.811111;0.0111111;-0.0333333;-0.333333;-0.105528;-0.48954;-0.531381;0.154812;-0.0209205;0.464435;-0.129707;0.648536;-0.205021;0.154812;-0.154812;-0.414226;0.497908;0.322176;-0.146443;-0.497908;-0.589958;-0.539749;0.0627615;0.0794979;0.682008;-0.188284;-0.230126;0.338912;-0.16318;0.0711297;0.00418413;-0.146443;-0.112971;0.205021;-0.213389;-0.330544;0.456067;-0.271967;-0.372385;-0.330544;0.0125523;-0.00418407;-0.16318;0.832636;-0.0543933;-0.179916;-0.456067;-0.623431;0.00418413;-0.0376569;0.213389;0.230126;0.188285;-0.380753;1.2315e-008;0.507187;0.552361;0.921971;0.49076;0.531828;0.400411;0.507187;0.342916;0.544148;0.207392;0.622177;0.544148;0.367556;1;0.0184805;0.252567;0.827515;0.149897;0.527721;0.392505;0.380671;0.45098;0.329768;+1;0;+1;+1;+1

15.9;0.666667;-0.944444;-1;-0.811111;0.0111111;-0.0333333;-0.396985;0.0794979;-0.48954;-0.531381;0.154812;-0.0209205;0.464435;-0.129707;0.648536;-0.205021;0.154812;-0.154812;-0.414226;0.497908;0.322176;-0.146443;-0.497908;-0.589958;-0.539749;0.0627615;0.0794979;0.682008;-0.188284;-0.230126;0.338912;-0.16318;0.0711297;0.00418413;-0.146443;-0.112971;0.205021;-0.213389;-0.330544;0.456067;-0.271967;-0.372385;-0.330544;0.0125523;-0.00418407;-0.16318;0.832636;-0.0543933;-0.179916;-0.456067;-0.623431;0.00418413;-0.0376569;0.213389;0.230126;0.188285;-0.363636;0.50308;0.507187;0.552361;0.921971;0.49076;0.531828;0.400411;0.507187;0.342916;0.544148;0.207392;0.622177;0.544148;0.367556;1;0.0184805;0.252567;0.827515;0.149897;0.467456;0.392505;0.247772;0.45098;+1;0;+1;+1;+1

16.1;-1.65568e-008;0.666667;-0.944444;-1;-0.811111;0.0111111;-0.125628;-0.16318;0.0794979;-0.48954;-0.531381;0.154812;-0.0209205;0.464435;-0.129707;0.648536;-0.205021;0.154812;-0.154812;-0.414226;0.497908;0.322176;-0.146443;-0.497908;-0.589958;-0.539749;0.0627615;0.0794979;0.682008;-0.188284;-0.230126;0.338912;-0.16318;0.0711297;0.00418413;-0.146443;-0.112971;0.205021;-0.213389;-0.330544;0.456067;-0.271967;-0.372385;-0.330544;0.0125523;-0.00418407;-0.16318;0.832636;-0.0543933;-0.179916;-0.456067;-0.623431;0.00418413;-0.0376569;0.213389;0.230126;0.198347;0.322382;0.50308;0.507187;0.552361;0.921971;0.49076;0.531828;0.400411;0.507187;0.342916;0.544148;0.207392;0.622177;0.544148;0.367556;1;0.0184805;0.252567;0.827515;0.104536;0.467456;0.258467;0.247772;+1;0;+1;+1;+1

16.59;0.322222;-1.65568e-008;0.666667;-0.944444;-1;-0.811111;-0.0854271;0.0627615;-0.16318;0.0794979;-0.48954;-0.531381;0.154812;-0.0209205;0.464435;-0.129707;0.648536;-0.205021;0.154812;-0.154812;-0.414226;0.497908;0.322176;-0.146443;-0.497908;-0.589958;-0.539749;0.0627615;0.0794979;0.682008;-0.188284;-0.230126;0.338912;-0.16318;0.0711297;0.00418413;-0.146443;-0.112971;0.205021;-0.213389;-0.330544;0.456067;-0.271967;-0.372385;-0.330544;0.0125523;-0.00418407;-0.16318;0.832636;-0.0543933;-0.179916;-0.456067;-0.623431;0.00418413;-0.0376569;0.213389;0.239669;0.601643;0.322382;0.50308;0.507187;0.552361;0.921971;0.49076;0.531828;0.400411;0.507187;0.342916;0.544148;0.207392;0.622177;0.544148;0.367556;1;0.0184805;0.252567;0.755424;0.104536;0.326203;0.258467;-1;0;-1;-1;+1

16;-0.877778;0.322222;-1.65568e-008;0.666667;-0.944444;-1;-0.829146;0.0962343;0.0627615;-0.16318;0.0794979;-0.48954;-0.531381;0.154812;-0.0209205;0.464435;-0.129707;0.648536;-0.205021;0.154812;-0.154812;-0.414226;0.497908;0.322176;-0.146443;-0.497908;-0.589958;-0.539749;0.0627615;0.0794979;0.682008;-0.188284;-0.230126;0.338912;-0.16318;0.0711297;0.00418413;-0.146443;-0.112971;0.205021;-0.213389;-0.330544;0.456067;-0.271967;-0.372385;-0.330544;0.0125523;-0.00418407;-0.16318;0.832636;-0.0543933;-0.179916;-0.456067;-0.623431;0.00418413;-0.0376569;0.223141;0.622177;0.601643;0.322382;0.50308;0.507187;0.552361;0.921971;0.49076;0.531828;0.400411;0.507187;0.342916;0.544148;0.207392;0.622177;0.544148;0.367556;1;0.0184805;0.203156;0.755424;-0.00178253;0.326203;-1;0;-1;-1;+1

15.98;-0.244444;-0.877778;0.322222;-1.65568e-008;0.666667;-0.944444;-1;-0.523013;0.0962343;0.0627615;-0.16318;0.0794979;-0.48954;-0.531381;0.154812;-0.0209205;0.464435;-0.129707;0.648536;-0.205021;0.154812;-0.154812;-0.414226;0.497908;0.322176;-0.146443;-0.497908;-0.589958;-0.539749;0.0627615;0.0794979;0.682008;-0.188284;-0.230126;0.338912;-0.16318;0.0711297;0.00418413;-0.146443;-0.112971;0.205021;-0.213389;-0.330544;0.456067;-0.271967;-0.372385;-0.330544;0.0125523;-0.00418407;-0.16318;0.832636;-0.0543933;-0.179916;-0.456067;-0.623431;0.00418413;-0.0247934;0.613963;0.622177;0.601643;0.322382;0.50308;0.507187;0.552361;0.921971;0.49076;0.531828;0.400411;0.507187;0.342916;0.544148;0.207392;0.622177;0.544148;0.367556;1;-0.0216963;0.203156;0.586453;-0.00178253;-1;0;+1;-1;+1

15.8;-0.422222;-0.244444;-0.877778;0.322222;-1.65568e-008;0.666667;-0.949749;-0.665272;-0.523013;0.0962343;0.0627615;-0.16318;0.0794979;-0.48954;-0.531381;0.154812;-0.0209205;0.464435;-0.129707;0.648536;-0.205021;0.154812;-0.154812;-0.414226;0.497908;0.322176;-0.146443;-0.497908;-0.589958;-0.539749;0.0627615;0.0794979;0.682008;-0.188284;-0.230126;0.338912;-0.16318;0.0711297;0.00418413;-0.146443;-0.112971;0.205021;-0.213389;-0.330544;0.456067;-0.271967;-0.372385;-0.330544;0.0125523;-0.00418407;-0.16318;0.832636;-0.0543933;-0.179916;-0.456067;-0.623431;0.0165289;0.49076;0.613963;0.622177;0.601643;0.322382;0.50308;0.507187;0.552361;0.921971;0.49076;0.531828;0.400411;0.507187;0.342916;0.544148;0.207392;0.622177;0.544148;0.367556;0.921104;-0.0216963;0.087344;0.586453;-1;0;-1;-1;+1

