19.3;-0.20;-1.04;0.19;0.15;0.00;0.16;0.22;0.22;0.48;-0.34;0.27;-0.20;-0.21;-0.40;0.40;-0.40;0.00;-0.10;0.58;-0.68;+1;0;0;0;0

19.4;0.10;-0.20;-1.04;0.19;0.15;0.00;0.16;0.22;0.22;0.48;-0.34;0.27;-0.20;-0.21;-0.40;0.40;-0.40;0.00;-0.10;0.58;-1;0;0;0;0

19.14;-0.26;0.10;-0.20;-1.04;0.19;0.15;0.00;0.16;0.22;0.22;0.48;-0.34;0.27;-0.20;-0.21;-0.40;0.40;-0.40;0.00;-0.10;+1;0;0;0;0

19.2;0.06;-0.26;0.10;-0.20;-1.04;0.19;0.15;0.00;0.16;0.22;0.22;0.48;-0.34;0.27;-0.20;-0.21;-0.40;0.40;-0.40;0.00;+1;0;0;0;0

19.6;0.40;0.06;-0.26;0.10;-0.20;-1.04;0.19;0.15;0.00;0.16;0.22;0.22;0.48;-0.34;0.27;-0.20;-0.21;-0.40;0.40;-0.40;-1;0;0;0;0

19.6;0.00;0.40;0.06;-0.26;0.10;-0.20;-1.04;0.19;0.15;0.00;0.16;0.22;0.22;0.48;-0.34;0.27;-0.20;-0.21;-0.40;0.40;+1;0;0;0;0

19.8;0.20;0.00;0.40;0.06;-0.26;0.10;-0.20;-1.04;0.19;0.15;0.00;0.16;0.22;0.22;0.48;-0.34;0.27;-0.20;-0.21;-0.40;+1;0;0;0;0

19.91;0.11;0.20;0.00;0.40;0.06;-0.26;0.10;-0.20;-1.04;0.19;0.15;0.00;0.16;0.22;0.22;0.48;-0.34;0.27;-0.20;-0.21;-1;0;0;0;0

19.2;-0.71;0.11;0.20;0.00;0.40;0.06;-0.26;0.10;-0.20;-1.04;0.19;0.15;0.00;0.16;0.22;0.22;0.48;-0.34;0.27;-0.20;-1;0;0;0;0

18.5;-0.70;-0.71;0.11;0.20;0.00;0.40;0.06;-0.26;0.10;-0.20;-1.04;0.19;0.15;0.00;0.16;0.22;0.22;0.48;-0.34;0.27;+1;0;0;0;0

19;0.50;-0.70;-0.71;0.11;0.20;0.00;0.40;0.06;-0.26;0.10;-0.20;-1.04;0.19;0.15;0.00;0.16;0.22;0.22;0.48;-0.34;-1;0;0;0;0

19;0.00;0.50;-0.70;-0.71;0.11;0.20;0.00;0.40;0.06;-0.26;0.10;-0.20;-1.04;0.19;0.15;0.00;0.16;0.22;0.22;0.48;-1;0;0;0;0

18.71;-0.29;0.00;0.50;-0.70;-0.71;0.11;0.20;0.00;0.40;0.06;-0.26;0.10;-0.20;-1.04;0.19;0.15;0.00;0.16;0.22;0.22;+1;0;0;0;0

18.9;0.19;-0.29;0.00;0.50;-0.70;-0.71;0.11;0.20;0.00;0.40;0.06;-0.26;0.10;-0.20;-1.04;0.19;0.15;0.00;0.16;0.22;+1;0;0;0;0

19.15;0.25;0.19;-0.29;0.00;0.50;-0.70;-0.71;0.11;0.20;0.00;0.40;0.06;-0.26;0.10;-0.20;-1.04;0.19;0.15;0.00;0.16;-1;0;0;0;0

18.6;-0.55;0.25;0.19;-0.29;0.00;0.50;-0.70;-0.71;0.11;0.20;0.00;0.40;0.06;-0.26;0.10;-0.20;-1.04;0.19;0.15;0.00;+1;0;0;0;0

18.75;0.15;-0.55;0.25;0.19;-0.29;0.00;0.50;-0.70;-0.71;0.11;0.20;0.00;0.40;0.06;-0.26;0.10;-0.20;-1.04;0.19;0.15;+1;0;0;0;0

19.06;0.31;0.15;-0.55;0.25;0.19;-0.29;0.00;0.50;-0.70;-0.71;0.11;0.20;0.00;0.40;0.06;-0.26;0.10;-0.20;-1.04;0.19;+1;0;0;0;0

19.4;0.34;0.31;0.15;-0.55;0.25;0.19;-0.29;0.00;0.50;-0.70;-0.71;0.11;0.20;0.00;0.40;0.06;-0.26;0.10;-0.20;-1.04;-1;0;0;0;0

19;-0.40;0.34;0.31;0.15;-0.55;0.25;0.19;-0.29;0.00;0.50;-0.70;-0.71;0.11;0.20;0.00;0.40;0.06;-0.26;0.10;-0.20;+1;0;0;0;0

19.4;0.40;-0.40;0.34;0.31;0.15;-0.55;0.25;0.19;-0.29;0.00;0.50;-0.70;-0.71;0.11;0.20;0.00;0.40;0.06;-0.26;0.10;-1;0;0;0;0

18.95;-0.45;0.40;-0.40;0.34;0.31;0.15;-0.55;0.25;0.19;-0.29;0.00;0.50;-0.70;-0.71;0.11;0.20;0.00;0.40;0.06;-0.26;+1;0;0;0;0

19.5;0.55;-0.45;0.40;-0.40;0.34;0.31;0.15;-0.55;0.25;0.19;-0.29;0.00;0.50;-0.70;-0.71;0.11;0.20;0.00;0.40;0.06;+1;0;0;0;0

19.66;0.16;0.55;-0.45;0.40;-0.40;0.34;0.31;0.15;-0.55;0.25;0.19;-0.29;0.00;0.50;-0.70;-0.71;0.11;0.20;0.00;0.40;-1;0;0;0;0

19.24;-0.42;0.16;0.55;-0.45;0.40;-0.40;0.34;0.31;0.15;-0.55;0.25;0.19;-0.29;0.00;0.50;-0.70;-0.71;0.11;0.20;0.00;-1;0;0;0;0

18.49;-0.75;-0.42;0.16;0.55;-0.45;0.40;-0.40;0.34;0.31;0.15;-0.55;0.25;0.19;-0.29;0.00;0.50;-0.70;-0.71;0.11;0.20;+1;0;0;0;0

18.75;0.26;-0.75;-0.42;0.16;0.55;-0.45;0.40;-0.40;0.34;0.31;0.15;-0.55;0.25;0.19;-0.29;0.00;0.50;-0.70;-0.71;0.11;+1;0;0;0;0

19.21;0.46;0.26;-0.75;-0.42;0.16;0.55;-0.45;0.40;-0.40;0.34;0.31;0.15;-0.55;0.25;0.19;-0.29;0.00;0.50;-0.70;-0.71;+1;0;0;0;0

19.41;0.20;0.46;0.26;-0.75;-0.42;0.16;0.55;-0.45;0.40;-0.40;0.34;0.31;0.15;-0.55;0.25;0.19;-0.29;0.00;0.50;-0.70;+1;0;0;0;0

19.5;0.09;0.20;0.46;0.26;-0.75;-0.42;0.16;0.55;-0.45;0.40;-0.40;0.34;0.31;0.15;-0.55;0.25;0.19;-0.29;0.00;0.50;-1;0;0;0;0

18.96;-0.54;0.09;0.20;0.46;0.26;-0.75;-0.42;0.16;0.55;-0.45;0.40;-0.40;0.34;0.31;0.15;-0.55;0.25;0.19;-0.29;0.00;-1;0;0;0;0

18.7;-0.26;-0.54;0.09;0.20;0.46;0.26;-0.75;-0.42;0.16;0.55;-0.45;0.40;-0.40;0.34;0.31;0.15;-0.55;0.25;0.19;-0.29;+1;0;0;0;0

19.5;0.80;-0.26;-0.54;0.09;0.20;0.46;0.26;-0.75;-0.42;0.16;0.55;-0.45;0.40;-0.40;0.34;0.31;0.15;-0.55;0.25;0.19;-1;0;0;0;0

19.25;-0.25;0.80;-0.26;-0.54;0.09;0.20;0.46;0.26;-0.75;-0.42;0.16;0.55;-0.45;0.40;-0.40;0.34;0.31;0.15;-0.55;0.25;-1;0;0;0;0

19.17;-0.08;-0.25;0.80;-0.26;-0.54;0.09;0.20;0.46;0.26;-0.75;-0.42;0.16;0.55;-0.45;0.40;-0.40;0.34;0.31;0.15;-0.55;+1;0;0;0;0

19.5;0.33;-0.08;-0.25;0.80;-0.26;-0.54;0.09;0.20;0.46;0.26;-0.75;-0.42;0.16;0.55;-0.45;0.40;-0.40;0.34;0.31;0.15;-1;0;0;0;0

19.3;-0.20;0.33;-0.08;-0.25;0.80;-0.26;-0.54;0.09;0.20;0.46;0.26;-0.75;-0.42;0.16;0.55;-0.45;0.40;-0.40;0.34;0.31;-1;0;0;0;0

19.3;0.00;-0.20;0.33;-0.08;-0.25;0.80;-0.26;-0.54;0.09;0.20;0.46;0.26;-0.75;-0.42;0.16;0.55;-0.45;0.40;-0.40;0.34;+1;0;0;0;0

19.7;0.40;0.00;-0.20;0.33;-0.08;-0.25;0.80;-0.26;-0.54;0.09;0.20;0.46;0.26;-0.75;-0.42;0.16;0.55;-0.45;0.40;-0.40;-1;0;0;0;0

19;-0.70;0.40;0.00;-0.20;0.33;-0.08;-0.25;0.80;-0.26;-0.54;0.09;0.20;0.46;0.26;-0.75;-0.42;0.16;0.55;-0.45;0.40;+1;0;0;0;0

19.34;0.34;-0.70;0.40;0.00;-0.20;0.33;-0.08;-0.25;0.80;-0.26;-0.54;0.09;0.20;0.46;0.26;-0.75;-0.42;0.16;0.55;-0.45;+1;0;0;0;0

19.63;0.29;0.34;-0.70;0.40;0.00;-0.20;0.33;-0.08;-0.25;0.80;-0.26;-0.54;0.09;0.20;0.46;0.26;-0.75;-0.42;0.16;0.55;+1;0;0;0;0

19.8;0.17;0.29;0.34;-0.70;0.40;0.00;-0.20;0.33;-0.08;-0.25;0.80;-0.26;-0.54;0.09;0.20;0.46;0.26;-0.75;-0.42;0.16;-1;0;0;0;0

19.8;0.00;0.17;0.29;0.34;-0.70;0.40;0.00;-0.20;0.33;-0.08;-0.25;0.80;-0.26;-0.54;0.09;0.20;0.46;0.26;-0.75;-0.42;+1;0;0;0;0

20.08;0.28;0.00;0.17;0.29;0.34;-0.70;0.40;0.00;-0.20;0.33;-0.08;-0.25;0.80;-0.26;-0.54;0.09;0.20;0.46;0.26;-0.75;-1;0;0;0;0

19.71;-0.37;0.28;0.00;0.17;0.29;0.34;-0.70;0.40;0.00;-0.20;0.33;-0.08;-0.25;0.80;-0.26;-0.54;0.09;0.20;0.46;0.26;+1;0;0;0;0

19.88;0.17;-0.37;0.28;0.00;0.17;0.29;0.34;-0.70;0.40;0.00;-0.20;0.33;-0.08;-0.25;0.80;-0.26;-0.54;0.09;0.20;0.46;-1;0;0;0;0

19.69;-0.19;0.17;-0.37;0.28;0.00;0.17;0.29;0.34;-0.70;0.40;0.00;-0.20;0.33;-0.08;-0.25;0.80;-0.26;-0.54;0.09;0.20;-1;0;0;0;0

19.59;-0.10;-0.19;0.17;-0.37;0.28;0.00;0.17;0.29;0.34;-0.70;0.40;0.00;-0.20;0.33;-0.08;-0.25;0.80;-0.26;-0.54;0.09;+1;0;0;0;0

19.9;0.31;-0.10;-0.19;0.17;-0.37;0.28;0.00;0.17;0.29;0.34;-0.70;0.40;0.00;-0.20;0.33;-0.08;-0.25;0.80;-0.26;-0.54;-1;0;0;0;0

19.79;-0.11;0.31;-0.10;-0.19;0.17;-0.37;0.28;0.00;0.17;0.29;0.34;-0.70;0.40;0.00;-0.20;0.33;-0.08;-0.25;0.80;-0.26;-1;0;0;0;0

18.76;-1.03;-0.11;0.31;-0.10;-0.19;0.17;-0.37;0.28;0.00;0.17;0.29;0.34;-0.70;0.40;0.00;-0.20;0.33;-0.08;-0.25;0.80;-1;0;0;0;0

18.42;-0.34;-1.03;-0.11;0.31;-0.10;-0.19;0.17;-0.37;0.28;0.00;0.17;0.29;0.34;-0.70;0.40;0.00;-0.20;0.33;-0.08;-0.25;-1;0;0;0;0

18.25;-0.17;-0.34;-1.03;-0.11;0.31;-0.10;-0.19;0.17;-0.37;0.28;0.00;0.17;0.29;0.34;-0.70;0.40;0.00;-0.20;0.33;-0.08;-1;0;0;0;0

18.2;-0.05;-0.17;-0.34;-1.03;-0.11;0.31;-0.10;-0.19;0.17;-0.37;0.28;0.00;0.17;0.29;0.34;-0.70;0.40;0.00;-0.20;0.33;+1;0;0;0;0

18.8;0.60;-0.05;-0.17;-0.34;-1.03;-0.11;0.31;-0.10;-0.19;0.17;-0.37;0.28;0.00;0.17;0.29;0.34;-0.70;0.40;0.00;-0.20;-1;0;0;0;0

18.61;-0.19;0.60;-0.05;-0.17;-0.34;-1.03;-0.11;0.31;-0.10;-0.19;0.17;-0.37;0.28;0.00;0.17;0.29;0.34;-0.70;0.40;0.00;-1;0;0;0;0

18.6;-0.01;-0.19;0.60;-0.05;-0.17;-0.34;-1.03;-0.11;0.31;-0.10;-0.19;0.17;-0.37;0.28;0.00;0.17;0.29;0.34;-0.70;0.40;+1;0;0;0;0

19.15;0.55;-0.01;-0.19;0.60;-0.05;-0.17;-0.34;-1.03;-0.11;0.31;-0.10;-0.19;0.17;-0.37;0.28;0.00;0.17;0.29;0.34;-0.70;+1;0;0;0;0

19.61;0.46;0.55;-0.01;-0.19;0.60;-0.05;-0.17;-0.34;-1.03;-0.11;0.31;-0.10;-0.19;0.17;-0.37;0.28;0.00;0.17;0.29;0.34;-1;0;0;0;0

19.52;-0.09;0.46;0.55;-0.01;-0.19;0.60;-0.05;-0.17;-0.34;-1.03;-0.11;0.31;-0.10;-0.19;0.17;-0.37;0.28;0.00;0.17;0.29;-1;0;0;0;0

19.3;-0.22;-0.09;0.46;0.55;-0.01;-0.19;0.60;-0.05;-0.17;-0.34;-1.03;-0.11;0.31;-0.10;-0.19;0.17;-0.37;0.28;0.00;0.17;-1;0;0;0;0

18.85;-0.45;-0.22;-0.09;0.46;0.55;-0.01;-0.19;0.60;-0.05;-0.17;-0.34;-1.03;-0.11;0.31;-0.10;-0.19;0.17;-0.37;0.28;0.00;-1;0;0;0;0

18.4;-0.45;-0.45;-0.22;-0.09;0.46;0.55;-0.01;-0.19;0.60;-0.05;-0.17;-0.34;-1.03;-0.11;0.31;-0.10;-0.19;0.17;-0.37;0.28;+1;0;0;0;0

18.65;0.25;-0.45;-0.45;-0.22;-0.09;0.46;0.55;-0.01;-0.19;0.60;-0.05;-0.17;-0.34;-1.03;-0.11;0.31;-0.10;-0.19;0.17;-0.37;+1;0;0;0;0

18.74;0.09;0.25;-0.45;-0.45;-0.22;-0.09;0.46;0.55;-0.01;-0.19;0.60;-0.05;-0.17;-0.34;-1.03;-0.11;0.31;-0.10;-0.19;0.17;-1;0;0;0;0

18.7;-0.04;0.09;0.25;-0.45;-0.45;-0.22;-0.09;0.46;0.55;-0.01;-0.19;0.60;-0.05;-0.17;-0.34;-1.03;-0.11;0.31;-0.10;-0.19;-1;0;0;0;0

18.5;-0.20;-0.04;0.09;0.25;-0.45;-0.45;-0.22;-0.09;0.46;0.55;-0.01;-0.19;0.60;-0.05;-0.17;-0.34;-1.03;-0.11;0.31;-0.10;-1;0;0;0;0

18.45;-0.05;-0.20;-0.04;0.09;0.25;-0.45;-0.45;-0.22;-0.09;0.46;0.55;-0.01;-0.19;0.60;-0.05;-0.17;-0.34;-1.03;-0.11;0.31;-1;0;0;0;0

18.31;-0.14;-0.05;-0.20;-0.04;0.09;0.25;-0.45;-0.45;-0.22;-0.09;0.46;0.55;-0.01;-0.19;0.60;-0.05;-0.17;-0.34;-1.03;-0.11;-1;0;0;0;0

18.3;-0.01;-0.14;-0.05;-0.20;-0.04;0.09;0.25;-0.45;-0.45;-0.22;-0.09;0.46;0.55;-0.01;-0.19;0.60;-0.05;-0.17;-0.34;-1.03;+1;0;0;0;0

18.34;0.04;-0.01;-0.14;-0.05;-0.20;-0.04;0.09;0.25;-0.45;-0.45;-0.22;-0.09;0.46;0.55;-0.01;-0.19;0.60;-0.05;-0.17;-0.34;-1;0;0;0;0

18.2;-0.14;0.04;-0.01;-0.14;-0.05;-0.20;-0.04;0.09;0.25;-0.45;-0.45;-0.22;-0.09;0.46;0.55;-0.01;-0.19;0.60;-0.05;-0.17;+1;0;0;0;0

18.35;0.15;-0.14;0.04;-0.01;-0.14;-0.05;-0.20;-0.04;0.09;0.25;-0.45;-0.45;-0.22;-0.09;0.46;0.55;-0.01;-0.19;0.60;-0.05;+1;0;0;0;0

18.95;0.60;0.15;-0.14;0.04;-0.01;-0.14;-0.05;-0.20;-0.04;0.09;0.25;-0.45;-0.45;-0.22;-0.09;0.46;0.55;-0.01;-0.19;0.60;+1;0;0;0;0

19.25;0.30;0.60;0.15;-0.14;0.04;-0.01;-0.14;-0.05;-0.20;-0.04;0.09;0.25;-0.45;-0.45;-0.22;-0.09;0.46;0.55;-0.01;-0.19;-1;0;0;0;0

19.05;-0.20;0.30;0.60;0.15;-0.14;0.04;-0.01;-0.14;-0.05;-0.20;-0.04;0.09;0.25;-0.45;-0.45;-0.22;-0.09;0.46;0.55;-0.01;+1;0;0;0;0

19.15;0.10;-0.20;0.30;0.60;0.15;-0.14;0.04;-0.01;-0.14;-0.05;-0.20;-0.04;0.09;0.25;-0.45;-0.45;-0.22;-0.09;0.46;0.55;-1;0;0;0;0

19.02;-0.13;0.10;-0.20;0.30;0.60;0.15;-0.14;0.04;-0.01;-0.14;-0.05;-0.20;-0.04;0.09;0.25;-0.45;-0.45;-0.22;-0.09;0.46;+1;0;0;0;0

19.5;0.48;-0.13;0.10;-0.20;0.30;0.60;0.15;-0.14;0.04;-0.01;-0.14;-0.05;-0.20;-0.04;0.09;0.25;-0.45;-0.45;-0.22;-0.09;-1;0;0;0;0

19.3;-0.20;0.48;-0.13;0.10;-0.20;0.30;0.60;0.15;-0.14;0.04;-0.01;-0.14;-0.05;-0.20;-0.04;0.09;0.25;-0.45;-0.45;-0.22;-1;0;0;0;0

19.05;-0.25;-0.20;0.48;-0.13;0.10;-0.20;0.30;0.60;0.15;-0.14;0.04;-0.01;-0.14;-0.05;-0.20;-0.04;0.09;0.25;-0.45;-0.45;+1;0;0;0;0

19.1;0.05;-0.25;-0.20;0.48;-0.13;0.10;-0.20;0.30;0.60;0.15;-0.14;0.04;-0.01;-0.14;-0.05;-0.20;-0.04;0.09;0.25;-0.45;+1;0;0;0;0

19.44;0.34;0.05;-0.25;-0.20;0.48;-0.13;0.10;-0.20;0.30;0.60;0.15;-0.14;0.04;-0.01;-0.14;-0.05;-0.20;-0.04;0.09;0.25;-1;0;0;0;0

19.44;0.00;0.34;0.05;-0.25;-0.20;0.48;-0.13;0.10;-0.20;0.30;0.60;0.15;-0.14;0.04;-0.01;-0.14;-0.05;-0.20;-0.04;0.09;+1;0;0;0;0

20.61;1.17;0.00;0.34;0.05;-0.25;-0.20;0.48;-0.13;0.10;-0.20;0.30;0.60;0.15;-0.14;0.04;-0.01;-0.14;-0.05;-0.20;-0.04;+1;0;0;0;0

20.99;0.38;1.17;0.00;0.34;0.05;-0.25;-0.20;0.48;-0.13;0.10;-0.20;0.30;0.60;0.15;-0.14;0.04;-0.01;-0.14;-0.05;-0.20;+1;0;0;0;0

21.2;0.21;0.38;1.17;0.00;0.34;0.05;-0.25;-0.20;0.48;-0.13;0.10;-0.20;0.30;0.60;0.15;-0.14;0.04;-0.01;-0.14;-0.05;+1;0;0;0;0

21.85;0.65;0.21;0.38;1.17;0.00;0.34;0.05;-0.25;-0.20;0.48;-0.13;0.10;-0.20;0.30;0.60;0.15;-0.14;0.04;-0.01;-0.14;-1;0;0;0;0

21.26;-0.59;0.65;0.21;0.38;1.17;0.00;0.34;0.05;-0.25;-0.20;0.48;-0.13;0.10;-0.20;0.30;0.60;0.15;-0.14;0.04;-0.01;-1;0;0;0;0

21.2;-0.06;-0.59;0.65;0.21;0.38;1.17;0.00;0.34;0.05;-0.25;-0.20;0.48;-0.13;0.10;-0.20;0.30;0.60;0.15;-0.14;0.04;+1;0;0;0;0

22.51;1.31;-0.06;-0.59;0.65;0.21;0.38;1.17;0.00;0.34;0.05;-0.25;-0.20;0.48;-0.13;0.10;-0.20;0.30;0.60;0.15;-0.14;-1;0;0;0;0

22.45;-0.06;1.31;-0.06;-0.59;0.65;0.21;0.38;1.17;0.00;0.34;0.05;-0.25;-0.20;0.48;-0.13;0.10;-0.20;0.30;0.60;0.15;-1;0;0;0;0

22.17;-0.28;-0.06;1.31;-0.06;-0.59;0.65;0.21;0.38;1.17;0.00;0.34;0.05;-0.25;-0.20;0.48;-0.13;0.10;-0.20;0.30;0.60;+1;0;0;0;0

22.2;0.03;-0.28;-0.06;1.31;-0.06;-0.59;0.65;0.21;0.38;1.17;0.00;0.34;0.05;-0.25;-0.20;0.48;-0.13;0.10;-0.20;0.30;-1;0;0;0;0

22.05;-0.15;0.03;-0.28;-0.06;1.31;-0.06;-0.59;0.65;0.21;0.38;1.17;0.00;0.34;0.05;-0.25;-0.20;0.48;-0.13;0.10;-0.20;-1;0;0;0;0

21.9;-0.15;-0.15;0.03;-0.28;-0.06;1.31;-0.06;-0.59;0.65;0.21;0.38;1.17;0.00;0.34;0.05;-0.25;-0.20;0.48;-0.13;0.10;+1;0;0;0;0

21.99;0.09;-0.15;-0.15;0.03;-0.28;-0.06;1.31;-0.06;-0.59;0.65;0.21;0.38;1.17;0.00;0.34;0.05;-0.25;-0.20;0.48;-0.13;+1;0;0;0;0

22.05;0.06;0.09;-0.15;-0.15;0.03;-0.28;-0.06;1.31;-0.06;-0.59;0.65;0.21;0.38;1.17;0.00;0.34;0.05;-0.25;-0.20;0.48;+1;0;0;0;0

22.41;0.36;0.06;0.09;-0.15;-0.15;0.03;-0.28;-0.06;1.31;-0.06;-0.59;0.65;0.21;0.38;1.17;0.00;0.34;0.05;-0.25;-0.20;-1;0;0;0;0

22.05;-0.36;0.36;0.06;0.09;-0.15;-0.15;0.03;-0.28;-0.06;1.31;-0.06;-0.59;0.65;0.21;0.38;1.17;0.00;0.34;0.05;-0.25;-1;0;0;0;0

21.91;-0.14;-0.36;0.36;0.06;0.09;-0.15;-0.15;0.03;-0.28;-0.06;1.31;-0.06;-0.59;0.65;0.21;0.38;1.17;0.00;0.34;0.05;+1;0;0;0;0

22.05;0.14;-0.14;-0.36;0.36;0.06;0.09;-0.15;-0.15;0.03;-0.28;-0.06;1.31;-0.06;-0.59;0.65;0.21;0.38;1.17;0.00;0.34;-1;0;0;0;0

22;-0.05;0.14;-0.14;-0.36;0.36;0.06;0.09;-0.15;-0.15;0.03;-0.28;-0.06;1.31;-0.06;-0.59;0.65;0.21;0.38;1.17;0.00;-1;0;0;0;0

21.9;-0.10;-0.05;0.14;-0.14;-0.36;0.36;0.06;0.09;-0.15;-0.15;0.03;-0.28;-0.06;1.31;-0.06;-0.59;0.65;0.21;0.38;1.17;-1;0;0;0;0

21.3;-0.60;-0.10;-0.05;0.14;-0.14;-0.36;0.36;0.06;0.09;-0.15;-0.15;0.03;-0.28;-0.06;1.31;-0.06;-0.59;0.65;0.21;0.38;-1;0;0;0;0

21.3;0.00;-0.60;-0.10;-0.05;0.14;-0.14;-0.36;0.36;0.06;0.09;-0.15;-0.15;0.03;-0.28;-0.06;1.31;-0.06;-0.59;0.65;0.21;-1;0;0;0;0

