49.3;0.777004;0.132404;-0.522648;-0.167247;0.198606;-0.390244;0.432056;0.425087;-0.341463;0.501742;-0.0243902;0.0801394;-0.512195;-0.202091;-0.473868;-0.202091;-0.163763;0.414634;0.724739;0.254355;0.0801394;0.585366;-1;-0.145242;0.245409;-0.445743;0.585977;-0.499165;0.368948;-0.248748;0.345576;0.0918197;0.235392;0.0350585;0.385643;-0.529215;0.33222;-0.469115;-1;-0.12945;0.705502;1;0.80814;0.334302;-0.290698;-0.104651;0.0436046;-0.363372;0.0930232;-0.0639535;-0.0843023;-0.232558;0.232558;-0.0290698;0.523256;0.0843023;-0.840116;-0.726744;-1;-0.193084;-1;0;0;0;0

49;-0.0940766;0.777004;0.132404;-0.522648;-0.167247;0.198606;-0.390244;0.432056;0.425087;-0.341463;0.501742;-0.0243902;0.0801394;-0.512195;-0.202091;-0.473868;-0.202091;-0.163763;0.414634;0.724739;0.254355;0.0801394;0.602671;-1;-0.145242;0.245409;-0.445743;0.585977;-0.499165;0.368948;-0.248748;0.345576;0.0918197;0.235392;0.0350585;0.385643;-0.529215;0.33222;-0.423948;-1;-0.12945;0.531977;1;0.80814;0.334302;-0.290698;-0.104651;0.0436046;-0.363372;0.0930232;-0.0639535;-0.0843023;-0.232558;0.232558;-0.0290698;0.523256;0.0843023;-0.840116;-0.711816;-1;-1;0;0;0;0

49;0.010453;-0.0940766;0.777004;0.132404;-0.522648;-0.167247;0.198606;-0.390244;0.432056;0.425087;-0.341463;0.501742;-0.0243902;0.0801394;-0.512195;-0.202091;-0.473868;-0.202091;-0.163763;0.414634;0.724739;0.254355;0.118531;0.602671;-1;-0.145242;0.245409;-0.445743;0.585977;-0.499165;0.368948;-0.248748;0.345576;0.0918197;0.235392;0.0350585;0.385643;-0.529215;0.352751;-0.423948;-1;-0.218023;0.531977;1;0.80814;0.334302;-0.290698;-0.104651;0.0436046;-0.363372;0.0930232;-0.0639535;-0.0843023;-0.232558;0.232558;-0.0290698;0.523256;0.0843023;-0.824207;-0.711816;+1;0;0;0;0

50;0.358885;0.010453;-0.0940766;0.777004;0.132404;-0.522648;-0.167247;0.198606;-0.390244;0.432056;0.425087;-0.341463;0.501742;-0.0243902;0.0801394;-0.512195;-0.202091;-0.473868;-0.202091;-0.163763;0.414634;0.724739;0.285476;0.118531;0.602671;-1;-0.145242;0.245409;-0.445743;0.585977;-0.499165;0.368948;-0.248748;0.345576;0.0918197;0.235392;0.0350585;0.385643;-0.482201;0.352751;-0.423948;-1;-0.218023;0.531977;1;0.80814;0.334302;-0.290698;-0.104651;0.0436046;-0.363372;0.0930232;-0.0639535;-0.0843023;-0.232558;0.232558;-0.0290698;0.523256;0.092219;-0.824207;-1;0;0;0;0

49.6;-0.12892;0.358885;0.010453;-0.0940766;0.777004;0.132404;-0.522648;-0.167247;0.198606;-0.390244;0.432056;0.425087;-0.341463;0.501742;-0.0243902;0.0801394;-0.512195;-0.202091;-0.473868;-0.202091;-0.163763;0.414634;0.736227;0.285476;0.118531;0.602671;-1;-0.145242;0.245409;-0.445743;0.585977;-0.499165;0.368948;-0.248748;0.345576;0.0918197;0.235392;0.0350585;0.404531;-0.482201;0.352751;-0.482558;-1;-0.218023;0.531977;1;0.80814;0.334302;-0.290698;-0.104651;0.0436046;-0.363372;0.0930232;-0.0639535;-0.0843023;-0.232558;0.232558;-0.0290698;0.527378;0.092219;+1;0;0;0;0

51;0.498258;-0.12892;0.358885;0.010453;-0.0940766;0.777004;0.132404;-0.522648;-0.167247;0.198606;-0.390244;0.432056;0.425087;-0.341463;0.501742;-0.0243902;0.0801394;-0.512195;-0.202091;-0.473868;-0.202091;-0.163763;0.439065;0.736227;0.285476;0.118531;0.602671;-1;-0.145242;0.245409;-0.445743;0.585977;-0.499165;0.368948;-0.248748;0.345576;0.0918197;0.235392;0.0647249;0.404531;-0.482201;0.215116;-0.482558;-1;-0.218023;0.531977;1;0.80814;0.334302;-0.290698;-0.104651;0.0436046;-0.363372;0.0930232;-0.0639535;-0.0843023;-0.232558;0.232558;-0.0201729;0.527378;-1;0;0;0;0

50.31;-0.229965;0.498258;-0.12892;0.358885;0.010453;-0.0940766;0.777004;0.132404;-0.522648;-0.167247;0.198606;-0.390244;0.432056;0.425087;-0.341463;0.501742;-0.0243902;0.0801394;-0.512195;-0.202091;-0.473868;-0.202091;-0.115192;0.439065;0.736227;0.285476;0.118531;0.602671;-1;-0.145242;0.245409;-0.445743;0.585977;-0.499165;0.368948;-0.248748;0.345576;0.0918197;0.2589;0.0647249;0.404531;-0.534884;0.215116;-0.482558;-1;-0.218023;0.531977;1;0.80814;0.334302;-0.290698;-0.104651;0.0436046;-0.363372;0.0930232;-0.0639535;-0.0843023;-0.232558;0.239193;-0.0201729;-1;0;0;0;0

50;-0.0975609;-0.229965;0.498258;-0.12892;0.358885;0.010453;-0.0940766;0.777004;0.132404;-0.522648;-0.167247;0.198606;-0.390244;0.432056;0.425087;-0.341463;0.501742;-0.0243902;0.0801394;-0.512195;-0.202091;-0.473868;-0.15192;-0.115192;0.439065;0.736227;0.285476;0.118531;0.602671;-1;-0.145242;0.245409;-0.445743;0.585977;-0.499165;0.368948;-0.248748;0.345576;0.119741;0.2589;0.0647249;0.261628;-0.534884;0.215116;-0.482558;-1;-0.218023;0.531977;1;0.80814;0.334302;-0.290698;-0.104651;0.0436046;-0.363372;0.0930232;-0.0639535;-0.0843023;-0.221902;0.239193;+1;0;0;0;0

52;0.707317;-0.0975609;-0.229965;0.498258;-0.12892;0.358885;0.010453;-0.0940766;0.777004;0.132404;-0.522648;-0.167247;0.198606;-0.390244;0.432056;0.425087;-0.341463;0.501742;-0.0243902;0.0801394;-0.512195;-0.202091;-0.412354;-0.15192;-0.115192;0.439065;0.736227;0.285476;0.118531;0.602671;-1;-0.145242;0.245409;-0.445743;0.585977;-0.499165;0.368948;-0.248748;0.365696;0.119741;0.2589;-0.0436047;0.261628;-0.534884;0.215116;-0.482558;-1;-0.218023;0.531977;1;0.80814;0.334302;-0.290698;-0.104651;0.0436046;-0.363372;0.0930232;-0.0639535;-0.0749279;-0.221902;-1;0;0;0;0

50.9;-0.372822;0.707317;-0.0975609;-0.229965;0.498258;-0.12892;0.358885;0.010453;-0.0940766;0.777004;0.132404;-0.522648;-0.167247;0.198606;-0.390244;0.432056;0.425087;-0.341463;0.501742;-0.0243902;0.0801394;-0.512195;-0.15192;-0.412354;-0.15192;-0.115192;0.439065;0.736227;0.285476;0.118531;0.602671;-1;-0.145242;0.245409;-0.445743;0.585977;-0.499165;0.368948;-0.210356;0.365696;0.119741;0.130814;-0.0436047;0.261628;-0.534884;0.215116;-0.482558;-1;-0.218023;0.531977;1;0.80814;0.334302;-0.290698;-0.104651;0.0436046;-0.363372;0.0930232;-0.054755;-0.0749279;-1;0;0;0;0

50.1;-0.268293;-0.372822;0.707317;-0.0975609;-0.229965;0.498258;-0.12892;0.358885;0.010453;-0.0940766;0.777004;0.132404;-0.522648;-0.167247;0.198606;-0.390244;0.432056;0.425087;-0.341463;0.501742;-0.0243902;0.0801394;-0.449082;-0.15192;-0.412354;-0.15192;-0.115192;0.439065;0.736227;0.285476;0.118531;0.602671;-1;-0.145242;0.245409;-0.445743;0.585977;-0.499165;0.38835;-0.210356;0.365696;0.00581395;0.130814;-0.0436047;0.261628;-0.534884;0.215116;-0.482558;-1;-0.218023;0.531977;1;0.80814;0.334302;-0.290698;-0.104651;0.0436046;-0.363372;0.100865;-0.054755;-1;0;0;0;0

49.5;-0.198606;-0.268293;-0.372822;0.707317;-0.0975609;-0.229965;0.498258;-0.12892;0.358885;0.010453;-0.0940766;0.777004;0.132404;-0.522648;-0.167247;0.198606;-0.390244;0.432056;0.425087;-0.341463;0.501742;-0.0243902;0.118531;-0.449082;-0.15192;-0.412354;-0.15192;-0.115192;0.439065;0.736227;0.285476;0.118531;0.602671;-1;-0.145242;0.245409;-0.445743;0.585977;-0.453074;0.38835;-0.210356;0.226744;0.00581395;0.130814;-0.0436047;0.261628;-0.534884;0.215116;-0.482558;-1;-0.218023;0.531977;1;0.80814;0.334302;-0.290698;-0.104651;0.0436046;-0.351585;0.100865;+1;0;0;0;0

50;0.184669;-0.198606;-0.268293;-0.372822;0.707317;-0.0975609;-0.229965;0.498258;-0.12892;0.358885;0.010453;-0.0940766;0.777004;0.132404;-0.522648;-0.167247;0.198606;-0.390244;0.432056;0.425087;-0.341463;0.501742;0.018364;0.118531;-0.449082;-0.15192;-0.412354;-0.15192;-0.115192;0.439065;0.736227;0.285476;0.118531;0.602671;-1;-0.145242;0.245409;-0.445743;0.598706;-0.453074;0.38835;-0.290698;0.226744;0.00581395;0.130814;-0.0436047;0.261628;-0.534884;0.215116;-0.482558;-1;-0.218023;0.531977;1;0.80814;0.334302;-0.290698;-0.104651;0.0518732;-0.351585;+1;0;0;0;0

51.1;0.393728;0.184669;-0.198606;-0.268293;-0.372822;0.707317;-0.0975609;-0.229965;0.498258;-0.12892;0.358885;0.010453;-0.0940766;0.777004;0.132404;-0.522648;-0.167247;0.198606;-0.390244;0.432056;0.425087;-0.341463;0.522538;0.018364;0.118531;-0.449082;-0.15192;-0.412354;-0.15192;-0.115192;0.439065;0.736227;0.285476;0.118531;0.602671;-1;-0.145242;0.245409;-0.401294;0.598706;-0.453074;0.247093;-0.290698;0.226744;0.00581395;0.130814;-0.0436047;0.261628;-0.534884;0.215116;-0.482558;-1;-0.218023;0.531977;1;0.80814;0.334302;-0.290698;-0.0951008;0.0518732;-1;0;0;0;0

48.2;-1;0.393728;0.184669;-0.198606;-0.268293;-0.372822;0.707317;-0.0975609;-0.229965;0.498258;-0.12892;0.358885;0.010453;-0.0940766;0.777004;0.132404;-0.522648;-0.167247;0.198606;-0.390244;0.432056;0.425087;-0.285476;0.522538;0.018364;0.118531;-0.449082;-0.15192;-0.412354;-0.15192;-0.115192;0.439065;0.736227;0.285476;0.118531;0.602671;-1;-0.145242;0.268608;-0.401294;0.598706;-0.508721;0.247093;-0.290698;0.226744;0.00581395;0.130814;-0.0436047;0.261628;-0.534884;0.215116;-0.482558;-1;-0.218023;0.531977;1;0.80814;0.334302;-0.279539;-0.0951008;+1;0;0;0;0

49;0.289199;-1;0.393728;0.184669;-0.198606;-0.268293;-0.372822;0.707317;-0.0975609;-0.229965;0.498258;-0.12892;0.358885;0.010453;-0.0940766;0.777004;0.132404;-0.522648;-0.167247;0.198606;-0.390244;0.432056;0.449082;-0.285476;0.522538;0.018364;0.118531;-0.449082;-0.15192;-0.412354;-0.15192;-0.115192;0.439065;0.736227;0.285476;0.118531;0.602671;-1;-0.110032;0.268608;-0.401294;0.436047;-0.508721;0.247093;-0.290698;0.226744;0.00581395;0.130814;-0.0436047;0.261628;-0.534884;0.215116;-0.482558;-1;-0.218023;0.531977;1;0.80814;0.340058;-0.279539;-1;0;0;0;0

46.29;-0.933798;0.289199;-1;0.393728;0.184669;-0.198606;-0.268293;-0.372822;0.707317;-0.0975609;-0.229965;0.498258;-0.12892;0.358885;0.010453;-0.0940766;0.777004;0.132404;-0.522648;-0.167247;0.198606;-0.390244;0.45576;0.449082;-0.285476;0.522538;0.018364;0.118531;-0.449082;-0.15192;-0.412354;-0.15192;-0.115192;0.439065;0.736227;0.285476;0.118531;0.602671;-0.938511;-0.110032;0.268608;-0.462209;0.436047;-0.508721;0.247093;-0.290698;0.226744;0.00581395;0.130814;-0.0436047;0.261628;-0.534884;0.215116;-0.482558;-1;-0.218023;0.531977;1;0.809798;0.340058;-1;0;0;0;0

45.45;-0.28223;-0.933798;0.289199;-1;0.393728;0.184669;-0.198606;-0.268293;-0.372822;0.707317;-0.0975609;-0.229965;0.498258;-0.12892;0.358885;0.010453;-0.0940766;0.777004;0.132404;-0.522648;-0.167247;0.198606;-0.33222;0.45576;0.449082;-0.285476;0.522538;0.018364;0.118531;-0.449082;-0.15192;-0.412354;-0.15192;-0.115192;0.439065;0.736227;0.285476;0.118531;0.614887;-0.938511;-0.110032;0.139535;-0.462209;0.436047;-0.508721;0.247093;-0.290698;0.226744;0.00581395;0.130814;-0.0436047;0.261628;-0.534884;0.215116;-0.482558;-1;-0.218023;0.531977;1;0.809798;+1;0;0;0;0

46;0.202091;-0.28223;-0.933798;0.289199;-1;0.393728;0.184669;-0.198606;-0.268293;-0.372822;0.707317;-0.0975609;-0.229965;0.498258;-0.12892;0.358885;0.010453;-0.0940766;0.777004;0.132404;-0.522648;-0.167247;0.232053;-0.33222;0.45576;0.449082;-0.285476;0.522538;0.018364;0.118531;-0.449082;-0.15192;-0.412354;-0.15192;-0.115192;0.439065;0.736227;0.285476;0.145631;0.614887;-0.938511;-0.200581;0.139535;-0.462209;0.436047;-0.508721;0.247093;-0.290698;0.226744;0.00581395;0.130814;-0.0436047;0.261628;-0.534884;0.215116;-0.482558;-1;-0.218023;0.536023;1;-1;0;0;0;0

45.1;-0.303136;0.202091;-0.28223;-0.933798;0.289199;-1;0.393728;0.184669;-0.198606;-0.268293;-0.372822;0.707317;-0.0975609;-0.229965;0.498258;-0.12892;0.358885;0.010453;-0.0940766;0.777004;0.132404;-0.522648;-0.118531;0.232053;-0.33222;0.45576;0.449082;-0.285476;0.522538;0.018364;0.118531;-0.449082;-0.15192;-0.412354;-0.15192;-0.115192;0.439065;0.736227;0.307443;0.145631;0.614887;-0.944767;-0.200581;0.139535;-0.462209;0.436047;-0.508721;0.247093;-0.290698;0.226744;0.00581395;0.130814;-0.0436047;0.261628;-0.534884;0.215116;-0.482558;-1;-0.207493;0.536023;-1;0;0;0;0

43.3;-0.616725;-0.303136;0.202091;-0.28223;-0.933798;0.289199;-1;0.393728;0.184669;-0.198606;-0.268293;-0.372822;0.707317;-0.0975609;-0.229965;0.498258;-0.12892;0.358885;0.010453;-0.0940766;0.777004;0.132404;-0.459098;-0.118531;0.232053;-0.33222;0.45576;0.449082;-0.285476;0.522538;0.018364;0.118531;-0.449082;-0.15192;-0.412354;-0.15192;-0.115192;0.439065;0.744337;0.307443;0.145631;0.450581;-0.944767;-0.200581;0.139535;-0.462209;0.436047;-0.508721;0.247093;-0.290698;0.226744;0.00581395;0.130814;-0.0436047;0.261628;-0.534884;0.215116;-0.482558;-0.982709;-0.207493;-1;0;0;0;0

42.6;-0.233449;-0.616725;-0.303136;0.202091;-0.28223;-0.933798;0.289199;-1;0.393728;0.184669;-0.198606;-0.268293;-0.372822;0.707317;-0.0975609;-0.229965;0.498258;-0.12892;0.358885;0.010453;-0.0940766;0.777004;0.168614;-0.459098;-0.118531;0.232053;-0.33222;0.45576;0.449082;-0.285476;0.522538;0.018364;0.118531;-0.449082;-0.15192;-0.412354;-0.15192;-0.115192;0.456311;0.744337;0.307443;0.0290698;0.450581;-0.944767;-0.200581;0.139535;-0.462209;0.436047;-0.508721;0.247093;-0.290698;0.226744;0.00581395;0.130814;-0.0436047;0.261628;-0.534884;0.215116;-0.469741;-0.982709;+1;0;0;0;0

44.27;0.592335;-0.233449;-0.616725;-0.303136;0.202091;-0.28223;-0.933798;0.289199;-1;0.393728;0.184669;-0.198606;-0.268293;-0.372822;0.707317;-0.0975609;-0.229965;0.498258;-0.12892;0.358885;0.010453;-0.0940766;0.786311;0.168614;-0.459098;-0.118531;0.232053;-0.33222;0.45576;0.449082;-0.285476;0.522538;0.018364;0.118531;-0.449082;-0.15192;-0.412354;-0.15192;-0.0809062;0.456311;0.744337;0.174419;0.0290698;0.450581;-0.944767;-0.200581;0.139535;-0.462209;0.436047;-0.508721;0.247093;-0.290698;0.226744;0.00581395;0.130814;-0.0436047;0.261628;-0.534884;0.221902;-0.469741;-1;0;0;0;0

44.12;-0.0418118;0.592335;-0.233449;-0.616725;-0.303136;0.202091;-0.28223;-0.933798;0.289199;-1;0.393728;0.184669;-0.198606;-0.268293;-0.372822;0.707317;-0.0975609;-0.229965;0.498258;-0.12892;0.358885;0.010453;-0.048414;0.786311;0.168614;-0.459098;-0.118531;0.232053;-0.33222;0.45576;0.449082;-0.285476;0.522538;0.018364;0.118531;-0.449082;-0.15192;-0.412354;-0.116505;-0.0809062;0.456311;0.56686;0.174419;0.0290698;0.450581;-0.944767;-0.200581;0.139535;-0.462209;0.436047;-0.508721;0.247093;-0.290698;0.226744;0.00581395;0.130814;-0.0436047;0.261628;-0.521614;0.221902;+1;0;0;0;0

44.4;0.108014;-0.0418118;0.592335;-0.233449;-0.616725;-0.303136;0.202091;-0.28223;-0.933798;0.289199;-1;0.393728;0.184669;-0.198606;-0.268293;-0.372822;0.707317;-0.0975609;-0.229965;0.498258;-0.12892;0.358885;0.051753;-0.048414;0.786311;0.168614;-0.459098;-0.118531;0.232053;-0.33222;0.45576;0.449082;-0.285476;0.522538;0.018364;0.118531;-0.449082;-0.15192;-0.368932;-0.116505;-0.0809062;0.30814;0.56686;0.174419;0.0290698;0.450581;-0.944767;-0.200581;0.139535;-0.462209;0.436047;-0.508721;0.247093;-0.290698;0.226744;0.00581395;0.130814;-0.0436047;0.268012;-0.521614;-1;0;0;0;0

44;-0.12892;0.108014;-0.0418118;0.592335;-0.233449;-0.616725;-0.303136;0.202091;-0.28223;-0.933798;0.289199;-1;0.393728;0.184669;-0.198606;-0.268293;-0.372822;0.707317;-0.0975609;-0.229965;0.498258;-0.12892;0.385643;0.051753;-0.048414;0.786311;0.168614;-0.459098;-0.118531;0.232053;-0.33222;0.45576;0.449082;-0.285476;0.522538;0.018364;0.118531;-0.449082;-0.116505;-0.368932;-0.116505;-0.174419;0.30814;0.56686;0.174419;0.0290698;0.450581;-0.944767;-0.200581;0.139535;-0.462209;0.436047;-0.508721;0.247093;-0.290698;0.226744;0.00581395;0.130814;-0.0345821;0.268012;-1;0;0;0;0

43;-0.337979;-0.12892;0.108014;-0.0418118;0.592335;-0.233449;-0.616725;-0.303136;0.202091;-0.28223;-0.933798;0.289199;-1;0.393728;0.184669;-0.198606;-0.268293;-0.372822;0.707317;-0.0975609;-0.229965;0.498258;-0.081803;0.385643;0.051753;-0.048414;0.786311;0.168614;-0.459098;-0.118531;0.232053;-0.33222;0.45576;0.449082;-0.285476;0.522538;0.018364;0.118531;-0.404531;-0.116505;-0.368932;-0.206395;-0.174419;0.30814;0.56686;0.174419;0.0290698;0.450581;-0.944767;-0.200581;0.139535;-0.462209;0.436047;-0.508721;0.247093;-0.290698;0.226744;0.00581395;0.138329;-0.0345821;-1;0;0;0;0

42;-0.337979;-0.337979;-0.12892;0.108014;-0.0418118;0.592335;-0.233449;-0.616725;-0.303136;0.202091;-0.28223;-0.933798;0.289199;-1;0.393728;0.184669;-0.198606;-0.268293;-0.372822;0.707317;-0.0975609;-0.229965;0.519199;-0.081803;0.385643;0.051753;-0.048414;0.786311;0.168614;-0.459098;-0.118531;0.232053;-0.33222;0.45576;0.449082;-0.285476;0.522538;0.018364;0.145631;-0.404531;-0.116505;-0.43314;-0.206395;-0.174419;0.30814;0.56686;0.174419;0.0290698;0.450581;-0.944767;-0.200581;0.139535;-0.462209;0.436047;-0.508721;0.247093;-0.290698;0.226744;0.0144092;0.138329;+1;0;0;0;0

43.8;0.637631;-0.337979;-0.337979;-0.12892;0.108014;-0.0418118;0.592335;-0.233449;-0.616725;-0.303136;0.202091;-0.28223;-0.933798;0.289199;-1;0.393728;0.184669;-0.198606;-0.268293;-0.372822;0.707317;-0.0975609;-0.178631;0.519199;-0.081803;0.385643;0.051753;-0.048414;0.786311;0.168614;-0.459098;-0.118531;0.232053;-0.33222;0.45576;0.449082;-0.285476;0.522538;0.0485437;0.145631;-0.404531;-0.206395;-0.43314;-0.206395;-0.174419;0.30814;0.56686;0.174419;0.0290698;0.450581;-0.944767;-0.200581;0.139535;-0.462209;0.436047;-0.508721;0.247093;-0.290698;0.233429;0.0144092;-1;0;0;0;0

43;-0.268293;0.637631;-0.337979;-0.337979;-0.12892;0.108014;-0.0418118;0.592335;-0.233449;-0.616725;-0.303136;0.202091;-0.28223;-0.933798;0.289199;-1;0.393728;0.184669;-0.198606;-0.268293;-0.372822;0.707317;-0.0517529;-0.178631;0.519199;-0.081803;0.385643;0.051753;-0.048414;0.786311;0.168614;-0.459098;-0.118531;0.232053;-0.33222;0.45576;0.449082;-0.285476;0.537217;0.0485437;0.145631;-0.465116;-0.206395;-0.43314;-0.206395;-0.174419;0.30814;0.56686;0.174419;0.0290698;0.450581;-0.944767;-0.200581;0.139535;-0.462209;0.436047;-0.508721;0.247093;-0.279539;0.233429;-1;0;0;0;0

41.1;-0.651568;-0.268293;0.637631;-0.337979;-0.337979;-0.12892;0.108014;-0.0418118;0.592335;-0.233449;-0.616725;-0.303136;0.202091;-0.28223;-0.933798;0.289199;-1;0.393728;0.184669;-0.198606;-0.268293;-0.372822;0.719533;-0.0517529;-0.178631;0.519199;-0.081803;0.385643;0.051753;-0.048414;0.786311;0.168614;-0.459098;-0.118531;0.232053;-0.33222;0.45576;0.449082;-0.245955;0.537217;0.0485437;0.0290698;-0.465116;-0.206395;-0.43314;-0.206395;-0.174419;0.30814;0.56686;0.174419;0.0290698;0.450581;-0.944767;-0.200581;0.139535;-0.462209;0.436047;-0.508721;0.253602;-0.279539;-1;0;0;0;0

39.3;-0.616725;-0.651568;-0.268293;0.637631;-0.337979;-0.337979;-0.12892;0.108014;-0.0418118;0.592335;-0.233449;-0.616725;-0.303136;0.202091;-0.28223;-0.933798;0.289199;-1;0.393728;0.184669;-0.198606;-0.268293;-0.315526;0.719533;-0.0517529;-0.178631;0.519199;-0.081803;0.385643;0.051753;-0.048414;0.786311;0.168614;-0.459098;-0.118531;0.232053;-0.33222;0.45576;0.466019;-0.245955;0.537217;-0.0581395;0.0290698;-0.465116;-0.206395;-0.43314;-0.206395;-0.174419;0.30814;0.56686;0.174419;0.0290698;0.450581;-0.944767;-0.200581;0.139535;-0.462209;0.436047;-0.495677;0.253602;+1;0;0;0;0

41;0.602787;-0.616725;-0.651568;-0.268293;0.637631;-0.337979;-0.337979;-0.12892;0.108014;-0.0418118;0.592335;-0.233449;-0.616725;-0.303136;0.202091;-0.28223;-0.933798;0.289199;-1;0.393728;0.184669;-0.198606;-0.215359;-0.315526;0.719533;-0.0517529;-0.178631;0.519199;-0.081803;0.385643;0.051753;-0.048414;0.786311;0.168614;-0.459098;-0.118531;0.232053;-0.33222;0.472492;0.466019;-0.245955;0.380814;-0.0581395;0.0290698;-0.465116;-0.206395;-0.43314;-0.206395;-0.174419;0.30814;0.56686;0.174419;0.0290698;0.450581;-0.944767;-0.200581;0.139535;-0.462209;0.440922;-0.495677;+1;0;0;0;0

41.5;0.184669;0.602787;-0.616725;-0.651568;-0.268293;0.637631;-0.337979;-0.337979;-0.12892;0.108014;-0.0418118;0.592335;-0.233449;-0.616725;-0.303136;0.202091;-0.28223;-0.933798;0.289199;-1;0.393728;0.184669;-0.148581;-0.215359;-0.315526;0.719533;-0.0517529;-0.178631;0.519199;-0.081803;0.385643;0.051753;-0.048414;0.786311;0.168614;-0.459098;-0.118531;0.232053;-0.291262;0.472492;0.466019;-0.322674;0.380814;-0.0581395;0.0290698;-0.465116;-0.206395;-0.43314;-0.206395;-0.174419;0.30814;0.56686;0.174419;0.0290698;0.450581;-0.944767;-0.200581;0.139535;-0.449568;0.440922;+1;0;0;0;0

42.08;0.212544;0.184669;0.602787;-0.616725;-0.651568;-0.268293;0.637631;-0.337979;-0.337979;-0.12892;0.108014;-0.0418118;0.592335;-0.233449;-0.616725;-0.303136;0.202091;-0.28223;-0.933798;0.289199;-1;0.393728;0.218698;-0.148581;-0.215359;-0.315526;0.719533;-0.0517529;-0.178631;0.519199;-0.081803;0.385643;0.051753;-0.048414;0.786311;0.168614;-0.459098;-0.118531;0.255663;-0.291262;0.472492;0.31686;-0.322674;0.380814;-0.0581395;0.0290698;-0.465116;-0.206395;-0.43314;-0.206395;-0.174419;0.30814;0.56686;0.174419;0.0290698;0.450581;-0.944767;-0.200581;0.146974;-0.449568;-1;0;0;0;0

41.61;-0.15331;0.212544;0.184669;0.602787;-0.616725;-0.651568;-0.268293;0.637631;-0.337979;-0.337979;-0.12892;0.108014;-0.0418118;0.592335;-0.233449;-0.616725;-0.303136;0.202091;-0.28223;-0.933798;0.289199;-1;0.419032;0.218698;-0.148581;-0.215359;-0.315526;0.719533;-0.0517529;-0.178631;0.519199;-0.081803;0.385643;0.051753;-0.048414;0.786311;0.168614;-0.459098;-0.0841424;0.255663;-0.291262;0.322674;0.31686;-0.322674;0.380814;-0.0581395;0.0290698;-0.465116;-0.206395;-0.43314;-0.206395;-0.174419;0.30814;0.56686;0.174419;0.0290698;0.450581;-0.944767;-0.190202;0.146974;+1;0;0;0;0

42.59;0.351916;-0.15331;0.212544;0.184669;0.602787;-0.616725;-0.651568;-0.268293;0.637631;-0.337979;-0.337979;-0.12892;0.108014;-0.0418118;0.592335;-0.233449;-0.616725;-0.303136;0.202091;-0.28223;-0.933798;0.289199;-0.916528;0.419032;0.218698;-0.148581;-0.215359;-0.315526;0.719533;-0.0517529;-0.178631;0.519199;-0.081803;0.385643;0.051753;-0.048414;0.786311;0.168614;-0.414239;-0.0841424;0.255663;-0.363372;0.322674;0.31686;-0.322674;0.380814;-0.0581395;0.0290698;-0.465116;-0.206395;-0.43314;-0.206395;-0.174419;0.30814;0.56686;0.174419;0.0290698;0.450581;-0.927954;-0.190202;+1;0;0;0;0

43.2;0.222997;0.351916;-0.15331;0.212544;0.184669;0.602787;-0.616725;-0.651568;-0.268293;0.637631;-0.337979;-0.337979;-0.12892;0.108014;-0.0418118;0.592335;-0.233449;-0.616725;-0.303136;0.202091;-0.28223;-0.933798;0.318865;-0.916528;0.419032;0.218698;-0.148581;-0.215359;-0.315526;0.719533;-0.0517529;-0.178631;0.519199;-0.081803;0.385643;0.051753;-0.048414;0.786311;0.194175;-0.414239;-0.0841424;0.127907;-0.363372;0.322674;0.31686;-0.322674;0.380814;-0.0581395;0.0290698;-0.465116;-0.206395;-0.43314;-0.206395;-0.174419;0.30814;0.56686;0.174419;0.0290698;0.455331;-0.927954;-1;0;0;0;0

41.81;-0.473868;0.222997;0.351916;-0.15331;0.212544;0.184669;0.602787;-0.616725;-0.651568;-0.268293;0.637631;-0.337979;-0.337979;-0.12892;0.108014;-0.0418118;0.592335;-0.233449;-0.616725;-0.303136;0.202091;-0.28223;-0.853088;0.318865;-0.916528;0.419032;0.218698;-0.148581;-0.215359;-0.315526;0.719533;-0.0517529;-0.178631;0.519199;-0.081803;0.385643;0.051753;-0.048414;0.79288;0.194175;-0.414239;-0.177326;0.127907;-0.363372;0.322674;0.31686;-0.322674;0.380814;-0.0581395;0.0290698;-0.465116;-0.206395;-0.43314;-0.206395;-0.174419;0.30814;0.56686;0.174419;0.037464;0.455331;-1;0;0;0;0

41.05;-0.254355;-0.473868;0.222997;0.351916;-0.15331;0.212544;0.184669;0.602787;-0.616725;-0.651568;-0.268293;0.637631;-0.337979;-0.337979;-0.12892;0.108014;-0.0418118;0.592335;-0.233449;-0.616725;-0.303136;0.202091;-0.228714;-0.853088;0.318865;-0.916528;0.419032;0.218698;-0.148581;-0.215359;-0.315526;0.719533;-0.0517529;-0.178631;0.519199;-0.081803;0.385643;0.051753;-0.0161812;0.79288;0.194175;-0.473837;-0.177326;0.127907;-0.363372;0.322674;0.31686;-0.322674;0.380814;-0.0581395;0.0290698;-0.465116;-0.206395;-0.43314;-0.206395;-0.174419;0.30814;0.56686;0.181556;0.037464;+1;0;0;0;0

41.81;0.275261;-0.254355;-0.473868;0.222997;0.351916;-0.15331;0.212544;0.184669;0.602787;-0.616725;-0.651568;-0.268293;0.637631;-0.337979;-0.337979;-0.12892;0.108014;-0.0418118;0.592335;-0.233449;-0.616725;-0.303136;0.235392;-0.228714;-0.853088;0.318865;-0.916528;0.419032;0.218698;-0.148581;-0.215359;-0.315526;0.719533;-0.0517529;-0.178631;0.519199;-0.081803;0.385643;0.0809062;-0.0161812;0.79288;0.0726744;-0.473837;-0.177326;0.127907;-0.363372;0.322674;0.31686;-0.322674;0.380814;-0.0581395;0.0290698;-0.465116;-0.206395;-0.43314;-0.206395;-0.174419;0.30814;0.570605;0.181556;+1;0;0;0;0

44.65;1;0.275261;-0.254355;-0.473868;0.222997;0.351916;-0.15331;0.212544;0.184669;0.602787;-0.616725;-0.651568;-0.268293;0.637631;-0.337979;-0.337979;-0.12892;0.108014;-0.0418118;0.592335;-0.233449;-0.616725;-0.248748;0.235392;-0.228714;-0.853088;0.318865;-0.916528;0.419032;0.218698;-0.148581;-0.215359;-0.315526;0.719533;-0.0517529;-0.178631;0.519199;-0.081803;0.404531;0.0809062;-0.0161812;0.610465;0.0726744;-0.473837;-0.177326;0.127907;-0.363372;0.322674;0.31686;-0.322674;0.380814;-0.0581395;0.0290698;-0.465116;-0.206395;-0.43314;-0.206395;-0.174419;0.314121;0.570605;+1;0;0;0;0

46;0.480836;1;0.275261;-0.254355;-0.473868;0.222997;0.351916;-0.15331;0.212544;0.184669;0.602787;-0.616725;-0.651568;-0.268293;0.637631;-0.337979;-0.337979;-0.12892;0.108014;-0.0418118;0.592335;-0.233449;-0.549249;-0.248748;0.235392;-0.228714;-0.853088;0.318865;-0.916528;0.419032;0.218698;-0.148581;-0.215359;-0.315526;0.719533;-0.0517529;-0.178631;0.519199;-0.0485437;0.404531;0.0809062;-0.116279;0.610465;0.0726744;-0.473837;-0.177326;0.127907;-0.363372;0.322674;0.31686;-0.322674;0.380814;-0.0581395;0.0290698;-0.465116;-0.206395;-0.43314;-0.206395;-0.164265;0.314121;+1;0;0;0;0

47.1;0.393728;0.480836;1;0.275261;-0.254355;-0.473868;0.222997;0.351916;-0.15331;0.212544;0.184669;0.602787;-0.616725;-0.651568;-0.268293;0.637631;-0.337979;-0.337979;-0.12892;0.108014;-0.0418118;0.592335;-0.18197;-0.549249;-0.248748;0.235392;-0.228714;-0.853088;0.318865;-0.916528;0.419032;0.218698;-0.148581;-0.215359;-0.315526;0.719533;-0.0517529;-0.178631;0.533981;-0.0485437;0.404531;-0.0290698;-0.116279;0.610465;0.0726744;-0.473837;-0.177326;0.127907;-0.363372;0.322674;0.31686;-0.322674;0.380814;-0.0581395;0.0290698;-0.465116;-0.206395;-0.43314;-0.195965;-0.164265;-1;0;0;0;0

46.35;-0.250871;0.393728;0.480836;1;0.275261;-0.254355;-0.473868;0.222997;0.351916;-0.15331;0.212544;0.184669;0.602787;-0.616725;-0.651568;-0.268293;0.637631;-0.337979;-0.337979;-0.12892;0.108014;-0.0418118;0.609349;-0.18197;-0.549249;-0.248748;0.235392;-0.228714;-0.853088;0.318865;-0.916528;0.419032;0.218698;-0.148581;-0.215359;-0.315526;0.719533;-0.0517529;-0.142395;0.533981;-0.0485437;0.261628;-0.0290698;-0.116279;0.610465;0.0726744;-0.473837;-0.177326;0.127907;-0.363372;0.322674;0.31686;-0.322674;0.380814;-0.0581395;0.0290698;-0.465116;-0.206395;-0.420749;-0.195965;-1;0;0;0;0

44.98;-0.466899;-0.250871;0.393728;0.480836;1;0.275261;-0.254355;-0.473868;0.222997;0.351916;-0.15331;0.212544;0.184669;0.602787;-0.616725;-0.651568;-0.268293;0.637631;-0.337979;-0.337979;-0.12892;0.108014;0.00166948;0.609349;-0.18197;-0.549249;-0.248748;0.235392;-0.228714;-0.853088;0.318865;-0.916528;0.419032;0.218698;-0.148581;-0.215359;-0.315526;0.719533;-0.0194175;-0.142395;0.533981;-0.145349;0.261628;-0.0290698;-0.116279;0.610465;0.0726744;-0.473837;-0.177326;0.127907;-0.363372;0.322674;0.31686;-0.322674;0.380814;-0.0581395;0.0290698;-0.465116;-0.195965;-0.420749;-1;0;0;0;0

44.62;-0.114983;-0.466899;-0.250871;0.393728;0.480836;1;0.275261;-0.254355;-0.473868;0.222997;0.351916;-0.15331;0.212544;0.184669;0.602787;-0.616725;-0.651568;-0.268293;0.637631;-0.337979;-0.337979;-0.12892;0.145242;0.00166948;0.609349;-0.18197;-0.549249;-0.248748;0.235392;-0.228714;-0.853088;0.318865;-0.916528;0.419032;0.218698;-0.148581;-0.215359;-0.315526;0.728155;-0.0194175;-0.142395;0.377907;-0.145349;0.261628;-0.0290698;-0.116279;0.610465;0.0726744;-0.473837;-0.177326;0.127907;-0.363372;0.322674;0.31686;-0.322674;0.380814;-0.0581395;0.0290698;-0.45245;-0.195965;+1;0;0;0;0

44.94;0.121951;-0.114983;-0.466899;-0.250871;0.393728;0.480836;1;0.275261;-0.254355;-0.473868;0.222997;0.351916;-0.15331;0.212544;0.184669;0.602787;-0.616725;-0.651568;-0.268293;0.637631;-0.337979;-0.337979;-0.081803;0.145242;0.00166948;0.609349;-0.18197;-0.549249;-0.248748;0.235392;-0.228714;-0.853088;0.318865;-0.916528;0.419032;0.218698;-0.148581;-0.215359;-0.275081;0.728155;-0.0194175;-0.229651;0.377907;-0.145349;0.261628;-0.0290698;-0.116279;0.610465;0.0726744;-0.473837;-0.177326;0.127907;-0.363372;0.322674;0.31686;-0.322674;0.380814;-0.0581395;0.037464;-0.45245;-1;0;0;0;0

44.7;-0.0731707;0.121951;-0.114983;-0.466899;-0.250871;0.393728;0.480836;1;0.275261;-0.254355;-0.473868;0.222997;0.351916;-0.15331;0.212544;0.184669;0.602787;-0.616725;-0.651568;-0.268293;0.637631;-0.337979;-0.282137;-0.081803;0.145242;0.00166948;0.609349;-0.18197;-0.549249;-0.248748;0.235392;-0.228714;-0.853088;0.318865;-0.916528;0.419032;0.218698;-0.148581;-0.177994;-0.275081;0.728155;-0.119186;-0.229651;0.377907;-0.145349;0.261628;-0.0290698;-0.116279;0.610465;0.0726744;-0.473837;-0.177326;0.127907;-0.363372;0.322674;0.31686;-0.322674;0.380814;-0.0489913;0.037464;+1;0;0;0;0

45.5;0.289199;-0.0731707;0.121951;-0.114983;-0.466899;-0.250871;0.393728;0.480836;1;0.275261;-0.254355;-0.473868;0.222997;0.351916;-0.15331;0.212544;0.184669;0.602787;-0.616725;-0.651568;-0.268293;0.637631;-0.282137;-0.282137;-0.081803;0.145242;0.00166948;0.609349;-0.18197;-0.549249;-0.248748;0.235392;-0.228714;-0.853088;0.318865;-0.916528;0.419032;0.218698;-0.113269;-0.177994;-0.275081;0.552326;-0.119186;-0.229651;0.377907;-0.145349;0.261628;-0.0290698;-0.116279;0.610465;0.0726744;-0.473837;-0.177326;0.127907;-0.363372;0.322674;0.31686;-0.322674;0.386167;-0.0489913;+1;0;0;0;0

45.8;0.114983;0.289199;-0.0731707;0.121951;-0.114983;-0.466899;-0.250871;0.393728;0.480836;1;0.275261;-0.254355;-0.473868;0.222997;0.351916;-0.15331;0.212544;0.184669;0.602787;-0.616725;-0.651568;-0.268293;0.652755;-0.282137;-0.282137;-0.081803;0.145242;0.00166948;0.609349;-0.18197;-0.549249;-0.248748;0.235392;-0.228714;-0.853088;0.318865;-0.916528;0.419032;0.242718;-0.113269;-0.177994;-0.348837;0.552326;-0.119186;-0.229651;0.377907;-0.145349;0.261628;-0.0290698;-0.116279;0.610465;0.0726744;-0.473837;-0.177326;0.127907;-0.363372;0.322674;0.31686;-0.311239;0.386167;+1;0;0;0;0

46;0.0801394;0.114983;0.289199;-0.0731707;0.121951;-0.114983;-0.466899;-0.250871;0.393728;0.480836;1;0.275261;-0.254355;-0.473868;0.222997;0.351916;-0.15331;0.212544;0.184669;0.602787;-0.616725;-0.651568;-0.215359;0.652755;-0.282137;-0.282137;-0.081803;0.145242;0.00166948;0.609349;-0.18197;-0.549249;-0.248748;0.235392;-0.228714;-0.853088;0.318865;-0.916528;0.436893;0.242718;-0.113269;-0.261628;-0.348837;0.552326;-0.119186;-0.229651;0.377907;-0.145349;0.261628;-0.0290698;-0.116279;0.610465;0.0726744;-0.473837;-0.177326;0.127907;-0.363372;0.322674;0.322767;-0.311239;+1;0;0;0;0

46.5;0.184669;0.0801394;0.114983;0.289199;-0.0731707;0.121951;-0.114983;-0.466899;-0.250871;0.393728;0.480836;1;0.275261;-0.254355;-0.473868;0.222997;0.351916;-0.15331;0.212544;0.184669;0.602787;-0.616725;-0.582638;-0.215359;0.652755;-0.282137;-0.282137;-0.081803;0.145242;0.00166948;0.609349;-0.18197;-0.549249;-0.248748;0.235392;-0.228714;-0.853088;0.318865;-0.857605;0.436893;0.242718;-0.203488;-0.261628;-0.348837;0.552326;-0.119186;-0.229651;0.377907;-0.145349;0.261628;-0.0290698;-0.116279;0.610465;0.0726744;-0.473837;-0.177326;0.127907;-0.363372;0.32853;0.322767;-1;0;0;0;0

46.2;-0.0940766;0.184669;0.0801394;0.114983;0.289199;-0.0731707;0.121951;-0.114983;-0.466899;-0.250871;0.393728;0.480836;1;0.275261;-0.254355;-0.473868;0.222997;0.351916;-0.15331;0.212544;0.184669;0.602787;-0.549249;-0.582638;-0.215359;0.652755;-0.282137;-0.282137;-0.081803;0.145242;0.00166948;0.609349;-0.18197;-0.549249;-0.248748;0.235392;-0.228714;-0.853088;0.339806;-0.857605;0.436893;0.116279;-0.203488;-0.261628;-0.348837;0.552326;-0.119186;-0.229651;0.377907;-0.145349;0.261628;-0.0290698;-0.116279;0.610465;0.0726744;-0.473837;-0.177326;0.127907;-0.351585;0.32853;+1;0;0;0;0

46.3;0.0452962;-0.0940766;0.184669;0.0801394;0.114983;0.289199;-0.0731707;0.121951;-0.114983;-0.466899;-0.250871;0.393728;0.480836;1;0.275261;-0.254355;-0.473868;0.222997;0.351916;-0.15331;0.212544;0.184669;0.619366;-0.549249;-0.582638;-0.215359;0.652755;-0.282137;-0.282137;-0.081803;0.145242;0.00166948;0.609349;-0.18197;-0.549249;-0.248748;0.235392;-0.228714;-0.796117;0.339806;-0.857605;0.290698;0.116279;-0.203488;-0.261628;-0.348837;0.552326;-0.119186;-0.229651;0.377907;-0.145349;0.261628;-0.0290698;-0.116279;0.610465;0.0726744;-0.473837;-0.177326;0.135447;-0.351585;+1;0;0;0;0

46.52;0.087108;0.0452962;-0.0940766;0.184669;0.0801394;0.114983;0.289199;-0.0731707;0.121951;-0.114983;-0.466899;-0.250871;0.393728;0.480836;1;0.275261;-0.254355;-0.473868;0.222997;0.351916;-0.15331;0.212544;0.218698;0.619366;-0.549249;-0.582638;-0.215359;0.652755;-0.282137;-0.282137;-0.081803;0.145242;0.00166948;0.609349;-0.18197;-0.549249;-0.248748;0.235392;-0.190939;-0.796117;0.339806;-0.872093;0.290698;0.116279;-0.203488;-0.261628;-0.348837;0.552326;-0.119186;-0.229651;0.377907;-0.145349;0.261628;-0.0290698;-0.116279;0.610465;0.0726744;-0.473837;-0.167147;0.135447;-1;0;0;0;0

45.61;-0.30662;0.087108;0.0452962;-0.0940766;0.184669;0.0801394;0.114983;0.289199;-0.0731707;0.121951;-0.114983;-0.466899;-0.250871;0.393728;0.480836;1;0.275261;-0.254355;-0.473868;0.222997;0.351916;-0.15331;0.245409;0.218698;0.619366;-0.549249;-0.582638;-0.215359;0.652755;-0.282137;-0.282137;-0.081803;0.145242;0.00166948;0.609349;-0.18197;-0.549249;-0.248748;0.2589;-0.190939;-0.796117;0.203488;-0.872093;0.290698;0.116279;-0.203488;-0.261628;-0.348837;0.552326;-0.119186;-0.229651;0.377907;-0.145349;0.261628;-0.0290698;-0.116279;0.610465;0.0726744;-0.461095;-0.167147;+1;0;0;0;0

45.99;0.142857;-0.30662;0.087108;0.0452962;-0.0940766;0.184669;0.0801394;0.114983;0.289199;-0.0731707;0.121951;-0.114983;-0.466899;-0.250871;0.393728;0.480836;1;0.275261;-0.254355;-0.473868;0.222997;0.351916;-0.105175;0.245409;0.218698;0.619366;-0.549249;-0.582638;-0.215359;0.652755;-0.282137;-0.282137;-0.081803;0.145242;0.00166948;0.609349;-0.18197;-0.549249;-0.210356;0.2589;-0.190939;-0.81686;0.203488;-0.872093;0.290698;0.116279;-0.203488;-0.261628;-0.348837;0.552326;-0.119186;-0.229651;0.377907;-0.145349;0.261628;-0.0290698;-0.116279;0.610465;0.0806917;-0.461095;+1;0;0;0;0

47;0.362369;0.142857;-0.30662;0.087108;0.0452962;-0.0940766;0.184669;0.0801394;0.114983;0.289199;-0.0731707;0.121951;-0.114983;-0.466899;-0.250871;0.393728;0.480836;1;0.275261;-0.254355;-0.473868;0.222997;0.378965;-0.105175;0.245409;0.218698;0.619366;-0.549249;-0.582638;-0.215359;0.652755;-0.282137;-0.282137;-0.081803;0.145242;0.00166948;0.609349;-0.18197;-0.501618;-0.210356;0.2589;-0.273256;-0.81686;0.203488;-0.872093;0.290698;0.116279;-0.203488;-0.261628;-0.348837;0.552326;-0.119186;-0.229651;0.377907;-0.145349;0.261628;-0.0290698;-0.116279;0.613833;0.0806917;+1;0;0;0;0

47.36;0.135889;0.362369;0.142857;-0.30662;0.087108;0.0452962;-0.0940766;0.184669;0.0801394;0.114983;0.289199;-0.0731707;0.121951;-0.114983;-0.466899;-0.250871;0.393728;0.480836;1;0.275261;-0.254355;-0.473868;0.255426;0.378965;-0.105175;0.245409;0.218698;0.619366;-0.549249;-0.582638;-0.215359;0.652755;-0.282137;-0.282137;-0.081803;0.145242;0.00166948;0.609349;-0.145631;-0.501618;-0.210356;0.130814;-0.273256;-0.81686;0.203488;-0.872093;0.290698;0.116279;-0.203488;-0.261628;-0.348837;0.552326;-0.119186;-0.229651;0.377907;-0.145349;0.261628;-0.0290698;-0.106628;0.613833;-1;0;0;0;0

46.25;-0.376307;0.135889;0.362369;0.142857;-0.30662;0.087108;0.0452962;-0.0940766;0.184669;0.0801394;0.114983;0.289199;-0.0731707;0.121951;-0.114983;-0.466899;-0.250871;0.393728;0.480836;1;0.275261;-0.254355;-0.412354;0.255426;0.378965;-0.105175;0.245409;0.218698;0.619366;-0.549249;-0.582638;-0.215359;0.652755;-0.282137;-0.282137;-0.081803;0.145242;0.00166948;0.621359;-0.145631;-0.501618;-0.290698;0.130814;-0.273256;-0.81686;0.203488;-0.872093;0.290698;0.116279;-0.203488;-0.261628;-0.348837;0.552326;-0.119186;-0.229651;0.377907;-0.145349;0.261628;-0.0201729;-0.106628;-1;0;0;0;0

46;-0.076655;-0.376307;0.135889;0.362369;0.142857;-0.30662;0.087108;0.0452962;-0.0940766;0.184669;0.0801394;0.114983;0.289199;-0.0731707;0.121951;-0.114983;-0.466899;-0.250871;0.393728;0.480836;1;0.275261;-0.202003;-0.412354;0.255426;0.378965;-0.105175;0.245409;0.218698;0.619366;-0.549249;-0.582638;-0.215359;0.652755;-0.282137;-0.282137;-0.081803;0.145242;0.0323625;0.621359;-0.145631;-0.552326;-0.290698;0.130814;-0.273256;-0.81686;0.203488;-0.872093;0.290698;0.116279;-0.203488;-0.261628;-0.348837;0.552326;-0.119186;-0.229651;0.377907;-0.145349;0.268012;-0.0201729;+1;0;0;0;0

46.1;0.0452962;-0.076655;-0.376307;0.135889;0.362369;0.142857;-0.30662;0.087108;0.0452962;-0.0940766;0.184669;0.0801394;0.114983;0.289199;-0.0731707;0.121951;-0.114983;-0.466899;-0.250871;0.393728;0.480836;1;0.305509;-0.202003;-0.412354;0.255426;0.378965;-0.105175;0.245409;0.218698;0.619366;-0.549249;-0.582638;-0.215359;0.652755;-0.282137;-0.282137;-0.081803;0.171521;0.0323625;0.621359;-0.232558;-0.552326;-0.290698;0.130814;-0.273256;-0.81686;0.203488;-0.872093;0.290698;0.116279;-0.203488;-0.261628;-0.348837;0.552326;-0.119186;-0.229651;0.377907;-0.135447;0.268012;-1;0;0;0;0

45.05;-0.355401;0.0452962;-0.076655;-0.376307;0.135889;0.362369;0.142857;-0.30662;0.087108;0.0452962;-0.0940766;0.184669;0.0801394;0.114983;0.289199;-0.0731707;0.121951;-0.114983;-0.466899;-0.250871;0.393728;0.480836;1;0.305509;-0.202003;-0.412354;0.255426;0.378965;-0.105175;0.245409;0.218698;0.619366;-0.549249;-0.582638;-0.215359;0.652755;-0.282137;-0.282137;-0.0485437;0.171521;0.0323625;0.456395;-0.232558;-0.552326;-0.290698;0.130814;-0.273256;-0.81686;0.203488;-0.872093;0.290698;0.116279;-0.203488;-0.261628;-0.348837;0.552326;-0.119186;-0.229651;0.383285;-0.135447;+1;0;0;0;0

45.09;0.0243903;-0.355401;0.0452962;-0.076655;-0.376307;0.135889;0.362369;0.142857;-0.30662;0.087108;0.0452962;-0.0940766;0.184669;0.0801394;0.114983;0.289199;-0.0731707;0.121951;-0.114983;-0.466899;-0.250871;0.393728;0.502504;1;0.305509;-0.202003;-0.412354;0.255426;0.378965;-0.105175;0.245409;0.218698;0.619366;-0.549249;-0.582638;-0.215359;0.652755;-0.282137;-0.242718;-0.0485437;0.171521;-0.0726744;0.456395;-0.232558;-0.552326;-0.290698;0.130814;-0.273256;-0.81686;0.203488;-0.872093;0.290698;0.116279;-0.203488;-0.261628;-0.348837;0.552326;-0.119186;-0.21902;0.383285;-1;0;0;0;0

45;-0.0209059;0.0243903;-0.355401;0.0452962;-0.076655;-0.376307;0.135889;0.362369;0.142857;-0.30662;0.087108;0.0452962;-0.0940766;0.184669;0.0801394;0.114983;0.289199;-0.0731707;0.121951;-0.114983;-0.466899;-0.250871;0.419032;0.502504;1;0.305509;-0.202003;-0.412354;0.255426;0.378965;-0.105175;0.245409;0.218698;0.619366;-0.549249;-0.582638;-0.215359;0.652755;-0.242718;-0.242718;-0.0485437;0.0523256;-0.0726744;0.456395;-0.232558;-0.552326;-0.290698;0.130814;-0.273256;-0.81686;0.203488;-0.872093;0.290698;0.116279;-0.203488;-0.261628;-0.348837;0.552326;-0.10951;-0.21902;+1;0;0;0;0

45.3;0.114983;-0.0209059;0.0243903;-0.355401;0.0452962;-0.076655;-0.376307;0.135889;0.362369;0.142857;-0.30662;0.087108;0.0452962;-0.0940766;0.184669;0.0801394;0.114983;0.289199;-0.0731707;0.121951;-0.114983;-0.466899;-0.198664;0.419032;0.502504;1;0.305509;-0.202003;-0.412354;0.255426;0.378965;-0.105175;0.245409;0.218698;0.619366;-0.549249;-0.582638;-0.215359;0.66343;-0.242718;-0.242718;-0.145349;0.0523256;-0.0726744;0.456395;-0.232558;-0.552326;-0.290698;0.130814;-0.273256;-0.81686;0.203488;-0.872093;0.290698;0.116279;-0.203488;-0.261628;-0.348837;0.556196;-0.10951;+1;0;0;0;0

47;0.602787;0.114983;-0.0209059;0.0243903;-0.355401;0.0452962;-0.076655;-0.376307;0.135889;0.362369;0.142857;-0.30662;0.087108;0.0452962;-0.0940766;0.184669;0.0801394;0.114983;0.289199;-0.0731707;0.121951;-0.114983;-0.405676;-0.198664;0.419032;0.502504;1;0.305509;-0.202003;-0.412354;0.255426;0.378965;-0.105175;0.245409;0.218698;0.619366;-0.549249;-0.582638;-0.177994;0.66343;-0.242718;-0.319767;-0.145349;0.0523256;-0.0726744;0.456395;-0.232558;-0.552326;-0.290698;0.130814;-0.273256;-0.81686;0.203488;-0.872093;0.290698;0.116279;-0.203488;-0.261628;-0.337176;0.556196;+1;0;0;0;0

47.05;0.0278746;0.602787;0.114983;-0.0209059;0.0243903;-0.355401;0.0452962;-0.076655;-0.376307;0.135889;0.362369;0.142857;-0.30662;0.087108;0.0452962;-0.0940766;0.184669;0.0801394;0.114983;0.289199;-0.0731707;0.121951;-0.0684474;-0.405676;-0.198664;0.419032;0.502504;1;0.305509;-0.202003;-0.412354;0.255426;0.378965;-0.105175;0.245409;0.218698;0.619366;-0.549249;-0.533981;-0.177994;0.66343;-0.319767;-0.319767;-0.145349;0.0523256;-0.0726744;0.456395;-0.232558;-0.552326;-0.290698;0.130814;-0.273256;-0.81686;0.203488;-0.872093;0.290698;0.116279;-0.203488;-0.25072;-0.337176;+1;0;0;0;0

47.8;0.271777;0.0278746;0.602787;0.114983;-0.0209059;0.0243903;-0.355401;0.0452962;-0.076655;-0.376307;0.135889;0.362369;0.142857;-0.30662;0.087108;0.0452962;-0.0940766;0.184669;0.0801394;0.114983;0.289199;-0.0731707;0.158598;-0.0684474;-0.405676;-0.198664;0.419032;0.502504;1;0.305509;-0.202003;-0.412354;0.255426;0.378965;-0.105175;0.245409;0.218698;0.619366;-0.501618;-0.533981;-0.177994;0.494186;-0.319767;-0.319767;-0.145349;0.0523256;-0.0726744;0.456395;-0.232558;-0.552326;-0.290698;0.130814;-0.273256;-0.81686;0.203488;-0.872093;0.290698;0.116279;-0.193084;-0.25072;+1;0;0;0;0

48;0.0801394;0.271777;0.0278746;0.602787;0.114983;-0.0209059;0.0243903;-0.355401;0.0452962;-0.076655;-0.376307;0.135889;0.362369;0.142857;-0.30662;0.087108;0.0452962;-0.0940766;0.184669;0.0801394;0.114983;0.289199;-0.0283806;0.158598;-0.0684474;-0.405676;-0.198664;0.419032;0.502504;1;0.305509;-0.202003;-0.412354;0.255426;0.378965;-0.105175;0.245409;0.218698;0.631068;-0.501618;-0.533981;-0.261628;0.494186;-0.319767;-0.319767;-0.145349;0.0523256;-0.0726744;0.456395;-0.232558;-0.552326;-0.290698;0.130814;-0.273256;-0.81686;0.203488;-0.872093;0.290698;0.123919;-0.193084;+1;0;0;0;0

50.02;0.714286;0.0801394;0.271777;0.0278746;0.602787;0.114983;-0.0209059;0.0243903;-0.355401;0.0452962;-0.076655;-0.376307;0.135889;0.362369;0.142857;-0.30662;0.087108;0.0452962;-0.0940766;0.184669;0.0801394;0.114983;0.318865;-0.0283806;0.158598;-0.0684474;-0.405676;-0.198664;0.419032;0.502504;1;0.305509;-0.202003;-0.412354;0.255426;0.378965;-0.105175;0.245409;0.242718;0.631068;-0.501618;-0.581395;-0.261628;0.494186;-0.319767;-0.319767;-0.145349;0.0523256;-0.0726744;0.456395;-0.232558;-0.552326;-0.290698;0.130814;-0.273256;-0.81686;0.203488;-0.872093;0.29683;0.123919;-1;0;0;0;0

48.2;-0.623693;0.714286;0.0801394;0.271777;0.0278746;0.602787;0.114983;-0.0209059;0.0243903;-0.355401;0.0452962;-0.076655;-0.376307;0.135889;0.362369;0.142857;-0.30662;0.087108;0.0452962;-0.0940766;0.184669;0.0801394;0.15192;0.318865;-0.0283806;0.158598;-0.0684474;-0.405676;-0.198664;0.419032;0.502504;1;0.305509;-0.202003;-0.412354;0.255426;0.378965;-0.105175;0.268608;0.242718;0.631068;-0.552326;-0.581395;-0.261628;0.494186;-0.319767;-0.319767;-0.145349;0.0523256;-0.0726744;0.456395;-0.232558;-0.552326;-0.290698;0.130814;-0.273256;-0.81686;0.203488;-0.855908;0.29683;-1;0;0;0;0

47;-0.407665;-0.623693;0.714286;0.0801394;0.271777;0.0278746;0.602787;0.114983;-0.0209059;0.0243903;-0.355401;0.0452962;-0.076655;-0.376307;0.135889;0.362369;0.142857;-0.30662;0.087108;0.0452962;-0.0940766;0.184669;0.118531;0.15192;0.318865;-0.0283806;0.158598;-0.0684474;-0.405676;-0.198664;0.419032;0.502504;1;0.305509;-0.202003;-0.412354;0.255426;0.378965;-0.0711974;0.268608;0.242718;0.465116;-0.552326;-0.581395;-0.261628;0.494186;-0.319767;-0.319767;-0.145349;0.0523256;-0.0726744;0.456395;-0.232558;-0.552326;-0.290698;0.130814;-0.273256;-0.81686;0.210375;-0.855908;-1;0;0;0;0

45.57;-0.487805;-0.407665;-0.623693;0.714286;0.0801394;0.271777;0.0278746;0.602787;0.114983;-0.0209059;0.0243903;-0.355401;0.0452962;-0.076655;-0.376307;0.135889;0.362369;0.142857;-0.30662;0.087108;0.0452962;-0.0940766;0.218698;0.118531;0.15192;0.318865;-0.0283806;0.158598;-0.0684474;-0.405676;-0.198664;0.419032;0.502504;1;0.305509;-0.202003;-0.412354;0.255426;0.398058;-0.0711974;0.268608;0.116279;0.465116;-0.552326;-0.581395;-0.261628;0.494186;-0.319767;-0.319767;-0.145349;0.0523256;-0.0726744;0.456395;-0.232558;-0.552326;-0.290698;0.130814;-0.273256;-0.801153;0.210375;-1;0;0;0;0

44.75;-0.275261;-0.487805;-0.407665;-0.623693;0.714286;0.0801394;0.271777;0.0278746;0.602787;0.114983;-0.0209059;0.0243903;-0.355401;0.0452962;-0.076655;-0.376307;0.135889;0.362369;0.142857;-0.30662;0.087108;0.0452962;-0.048414;0.218698;0.118531;0.15192;0.318865;-0.0283806;0.158598;-0.0684474;-0.405676;-0.198664;0.419032;0.502504;1;0.305509;-0.202003;-0.412354;0.278317;0.398058;-0.0711974;0.139535;0.116279;0.465116;-0.552326;-0.581395;-0.261628;0.494186;-0.319767;-0.319767;-0.145349;0.0523256;-0.0726744;0.456395;-0.232558;-0.552326;-0.290698;0.130814;-0.262248;-0.801153;-1;0;0;0;0

44.2;-0.181185;-0.275261;-0.487805;-0.407665;-0.623693;0.714286;0.0801394;0.271777;0.0278746;0.602787;0.114983;-0.0209059;0.0243903;-0.355401;0.0452962;-0.076655;-0.376307;0.135889;0.362369;0.142857;-0.30662;0.087108;0.0851419;-0.048414;0.218698;0.118531;0.15192;0.318865;-0.0283806;0.158598;-0.0684474;-0.405676;-0.198664;0.419032;0.502504;1;0.305509;-0.202003;-0.368932;0.278317;0.398058;-0.165698;0.139535;0.116279;0.465116;-0.552326;-0.581395;-0.261628;0.494186;-0.319767;-0.319767;-0.145349;0.0523256;-0.0726744;0.456395;-0.232558;-0.552326;-0.290698;0.138329;-0.262248;+1;0;0;0;0

44.53;0.125436;-0.181185;-0.275261;-0.487805;-0.407665;-0.623693;0.714286;0.0801394;0.271777;0.0278746;0.602787;0.114983;-0.0209059;0.0243903;-0.355401;0.0452962;-0.076655;-0.376307;0.135889;0.362369;0.142857;-0.30662;0.125209;0.0851419;-0.048414;0.218698;0.118531;0.15192;0.318865;-0.0283806;0.158598;-0.0684474;-0.405676;-0.198664;0.419032;0.502504;1;0.305509;-0.165049;-0.368932;0.278317;0.255814;-0.165698;0.139535;0.116279;0.465116;-0.552326;-0.581395;-0.261628;0.494186;-0.319767;-0.319767;-0.145349;0.0523256;-0.0726744;0.456395;-0.232558;-0.552326;-0.279539;0.138329;+1;0;0;0;0

44.76;0.0905924;0.125436;-0.181185;-0.275261;-0.487805;-0.407665;-0.623693;0.714286;0.0801394;0.271777;0.0278746;0.602787;0.114983;-0.0209059;0.0243903;-0.355401;0.0452962;-0.076655;-0.376307;0.135889;0.362369;0.142857;-0.252087;0.125209;0.0851419;-0.048414;0.218698;0.118531;0.15192;0.318865;-0.0283806;0.158598;-0.0684474;-0.405676;-0.198664;0.419032;0.502504;1;0.326861;-0.165049;-0.368932;0.148256;0.255814;-0.165698;0.139535;0.116279;0.465116;-0.552326;-0.581395;-0.261628;0.494186;-0.319767;-0.319767;-0.145349;0.0523256;-0.0726744;0.456395;-0.232558;-0.538905;-0.279539;-1;0;0;0;0

43.9;-0.289199;0.0905924;0.125436;-0.181185;-0.275261;-0.487805;-0.407665;-0.623693;0.714286;0.0801394;0.271777;0.0278746;0.602787;0.114983;-0.0209059;0.0243903;-0.355401;0.0452962;-0.076655;-0.376307;0.135889;0.362369;0.178631;-0.252087;0.125209;0.0851419;-0.048414;0.218698;0.118531;0.15192;0.318865;-0.0283806;0.158598;-0.0684474;-0.405676;-0.198664;0.419032;0.502504;1;0.326861;-0.165049;-0.43314;0.148256;0.255814;-0.165698;0.139535;0.116279;0.465116;-0.552326;-0.581395;-0.261628;0.494186;-0.319767;-0.319767;-0.145349;0.0523256;-0.0726744;0.456395;-0.221902;-0.538905;-1;0;0;0;0

42.2;-0.581882;-0.289199;0.0905924;0.125436;-0.181185;-0.275261;-0.487805;-0.407665;-0.623693;0.714286;0.0801394;0.271777;0.0278746;0.602787;0.114983;-0.0209059;0.0243903;-0.355401;0.0452962;-0.076655;-0.376307;0.135889;0.388982;0.178631;-0.252087;0.125209;0.0851419;-0.048414;0.218698;0.118531;0.15192;0.318865;-0.0283806;0.158598;-0.0684474;-0.405676;-0.198664;0.419032;0.517799;1;0.326861;-0.25;-0.43314;0.148256;0.255814;-0.165698;0.139535;0.116279;0.465116;-0.552326;-0.581395;-0.261628;0.494186;-0.319767;-0.319767;-0.145349;0.0523256;-0.0726744;0.461095;-0.221902;+1;0;0;0;0

42.4;0.0801394;-0.581882;-0.289199;0.0905924;0.125436;-0.181185;-0.275261;-0.487805;-0.407665;-0.623693;0.714286;0.0801394;0.271777;0.0278746;0.602787;0.114983;-0.0209059;0.0243903;-0.355401;0.0452962;-0.076655;-0.376307;0.171953;0.388982;0.178631;-0.252087;0.125209;0.0851419;-0.048414;0.218698;0.118531;0.15192;0.318865;-0.0283806;0.158598;-0.0684474;-0.405676;-0.198664;0.436893;0.517799;1;0.19186;-0.25;-0.43314;0.148256;0.255814;-0.165698;0.139535;0.116279;0.465116;-0.552326;-0.581395;-0.261628;0.494186;-0.319767;-0.319767;-0.145349;0.0523256;-0.0634006;0.461095;+1;0;0;0;0

43;0.219512;0.0801394;-0.581882;-0.289199;0.0905924;0.125436;-0.181185;-0.275261;-0.487805;-0.407665;-0.623693;0.714286;0.0801394;0.271777;0.0278746;0.602787;0.114983;-0.0209059;0.0243903;-0.355401;0.0452962;-0.076655;-0.318865;0.171953;0.388982;0.178631;-0.252087;0.125209;0.0851419;-0.048414;0.218698;0.118531;0.15192;0.318865;-0.0283806;0.158598;-0.0684474;-0.405676;-0.161812;0.436893;0.517799;0.796512;0.19186;-0.25;-0.43314;0.148256;0.255814;-0.165698;0.139535;0.116279;0.465116;-0.552326;-0.581395;-0.261628;0.494186;-0.319767;-0.319767;-0.145349;0.0605188;-0.0634006;-1;0;0;0;0

42.03;-0.327526;0.219512;0.0801394;-0.581882;-0.289199;0.0905924;0.125436;-0.181185;-0.275261;-0.487805;-0.407665;-0.623693;0.714286;0.0801394;0.271777;0.0278746;0.602787;0.114983;-0.0209059;0.0243903;-0.355401;0.0452962;-0.0317195;-0.318865;0.171953;0.388982;0.178631;-0.252087;0.125209;0.0851419;-0.048414;0.218698;0.118531;0.15192;0.318865;-0.0283806;0.158598;-0.0684474;-0.36246;-0.161812;0.436893;0.363372;0.796512;0.19186;-0.25;-0.43314;0.148256;0.255814;-0.165698;0.139535;0.116279;0.465116;-0.552326;-0.581395;-0.261628;0.494186;-0.319767;-0.319767;-0.135447;0.0605188;-1;0;0;0;0

41.99;-0.00348429;-0.327526;0.219512;0.0801394;-0.581882;-0.289199;0.0905924;0.125436;-0.181185;-0.275261;-0.487805;-0.407665;-0.623693;0.714286;0.0801394;0.271777;0.0278746;0.602787;0.114983;-0.0209059;0.0243903;-0.355401;0.0851419;-0.0317195;-0.318865;0.171953;0.388982;0.178631;-0.252087;0.125209;0.0851419;-0.048414;0.218698;0.118531;0.15192;0.318865;-0.0283806;0.158598;-0.0355987;-0.36246;-0.161812;0.290698;0.363372;0.796512;0.19186;-0.25;-0.43314;0.148256;0.255814;-0.165698;0.139535;0.116279;0.465116;-0.552326;-0.581395;-0.261628;0.494186;-0.319767;-0.308357;-0.135447;+1;0;0;0;0

42;0.0139373;-0.00348429;-0.327526;0.219512;0.0801394;-0.581882;-0.289199;0.0905924;0.125436;-0.181185;-0.275261;-0.487805;-0.407665;-0.623693;0.714286;0.0801394;0.271777;0.0278746;0.602787;0.114983;-0.0209059;0.0243903;-0.298831;0.0851419;-0.0317195;-0.318865;0.171953;0.388982;0.178631;-0.252087;0.125209;0.0851419;-0.048414;0.218698;0.118531;0.15192;0.318865;-0.0283806;0.184466;-0.0355987;-0.36246;-0.247093;0.290698;0.363372;0.796512;0.19186;-0.25;-0.43314;0.148256;0.255814;-0.165698;0.139535;0.116279;0.465116;-0.552326;-0.581395;-0.261628;0.494186;-0.308357;-0.308357;+1;0;0;0;0

43.02;0.365854;0.0139373;-0.00348429;-0.327526;0.219512;0.0801394;-0.581882;-0.289199;0.0905924;0.125436;-0.181185;-0.275261;-0.487805;-0.407665;-0.623693;0.714286;0.0801394;0.271777;0.0278746;0.602787;0.114983;-0.0209059;0.0651085;-0.298831;0.0851419;-0.0317195;-0.318865;0.171953;0.388982;0.178631;-0.252087;0.125209;0.0851419;-0.048414;0.218698;0.118531;0.15192;0.318865;0.00323625;0.184466;-0.0355987;-0.427326;-0.247093;0.290698;0.363372;0.796512;0.19186;-0.25;-0.43314;0.148256;0.255814;-0.165698;0.139535;0.116279;0.465116;-0.552326;-0.581395;-0.261628;0.498559;-0.308357;+1;0;0;0;0

44.65;0.578397;0.365854;0.0139373;-0.00348429;-0.327526;0.219512;0.0801394;-0.581882;-0.289199;0.0905924;0.125436;-0.181185;-0.275261;-0.487805;-0.407665;-0.623693;0.714286;0.0801394;0.271777;0.0278746;0.602787;0.114983;0.0217029;0.0651085;-0.298831;0.0851419;-0.0317195;-0.318865;0.171953;0.388982;0.178631;-0.252087;0.125209;0.0851419;-0.048414;0.218698;0.118531;0.15192;0.339806;0.00323625;0.184466;-0.133721;-0.427326;-0.247093;0.290698;0.363372;0.796512;0.19186;-0.25;-0.43314;0.148256;0.255814;-0.165698;0.139535;0.116279;0.465116;-0.552326;-0.581395;-0.25072;0.498559;-1;0;0;0;0

44.5;-0.0418118;0.578397;0.365854;0.0139373;-0.00348429;-0.327526;0.219512;0.0801394;-0.581882;-0.289199;0.0905924;0.125436;-0.181185;-0.275261;-0.487805;-0.407665;-0.623693;0.714286;0.0801394;0.271777;0.0278746;0.602787;0.15192;0.0217029;0.0651085;-0.298831;0.0851419;-0.0317195;-0.318865;0.171953;0.388982;0.178631;-0.252087;0.125209;0.0851419;-0.048414;0.218698;0.118531;0.177994;0.339806;0.00323625;0.0639535;-0.133721;-0.427326;-0.247093;0.290698;0.363372;0.796512;0.19186;-0.25;-0.43314;0.148256;0.255814;-0.165698;0.139535;0.116279;0.465116;-0.552326;-0.567723;-0.25072;+1;0;0;0;0

44.56;0.0313589;-0.0418118;0.578397;0.365854;0.0139373;-0.00348429;-0.327526;0.219512;0.0801394;-0.581882;-0.289199;0.0905924;0.125436;-0.181185;-0.275261;-0.487805;-0.407665;-0.623693;0.714286;0.0801394;0.271777;0.0278746;0.619366;0.15192;0.0217029;0.0651085;-0.298831;0.0851419;-0.0317195;-0.318865;0.171953;0.388982;0.178631;-0.252087;0.125209;0.0851419;-0.048414;0.218698;0.145631;0.177994;0.339806;-0.0988372;0.0639535;-0.133721;-0.427326;-0.247093;0.290698;0.363372;0.796512;0.19186;-0.25;-0.43314;0.148256;0.255814;-0.165698;0.139535;0.116279;0.465116;-0.538905;-0.567723;+1;0;0;0;0

44.8;0.0940767;0.0313589;-0.0418118;0.578397;0.365854;0.0139373;-0.00348429;-0.327526;0.219512;0.0801394;-0.581882;-0.289199;0.0905924;0.125436;-0.181185;-0.275261;-0.487805;-0.407665;-0.623693;0.714286;0.0801394;0.271777;0.0684474;0.619366;0.15192;0.0217029;0.0651085;-0.298831;0.0851419;-0.0317195;-0.318865;0.171953;0.388982;0.178631;-0.252087;0.125209;0.0851419;-0.048414;0.242718;0.145631;0.177994;0.203488;-0.0988372;0.0639535;-0.133721;-0.427326;-0.247093;0.290698;0.363372;0.796512;0.19186;-0.25;-0.43314;0.148256;0.255814;-0.165698;0.139535;0.116279;0.469741;-0.538905;-1;0;0;0;0

44.8;0.010453;0.0940767;0.0313589;-0.0418118;0.578397;0.365854;0.0139373;-0.00348429;-0.327526;0.219512;0.0801394;-0.581882;-0.289199;0.0905924;0.125436;-0.181185;-0.275261;-0.487805;-0.407665;-0.623693;0.714286;0.0801394;0.30217;0.0684474;0.619366;0.15192;0.0217029;0.0651085;-0.298831;0.0851419;-0.0317195;-0.318865;0.171953;0.388982;0.178631;-0.252087;0.125209;0.0851419;-0.0161812;0.242718;0.145631;0.0581395;0.203488;-0.0988372;0.0639535;-0.133721;-0.427326;-0.247093;0.290698;0.363372;0.796512;0.19186;-0.25;-0.43314;0.148256;0.255814;-0.165698;0.139535;0.123919;0.469741;-1;0;0;0;0

44.21;-0.195122;0.010453;0.0940767;0.0313589;-0.0418118;0.578397;0.365854;0.0139373;-0.00348429;-0.327526;0.219512;0.0801394;-0.581882;-0.289199;0.0905924;0.125436;-0.181185;-0.275261;-0.487805;-0.407665;-0.623693;0.714286;0.118531;0.30217;0.0684474;0.619366;0.15192;0.0217029;0.0651085;-0.298831;0.0851419;-0.0317195;-0.318865;0.171953;0.388982;0.178631;-0.252087;0.125209;0.113269;-0.0161812;0.242718;0.0290698;0.0581395;0.203488;-0.0988372;0.0639535;-0.133721;-0.427326;-0.247093;0.290698;0.363372;0.796512;0.19186;-0.25;-0.43314;0.148256;0.255814;-0.165698;0.146974;0.123919;+1;0;0;0;0

44.22;0.0139373;-0.195122;0.010453;0.0940767;0.0313589;-0.0418118;0.578397;0.365854;0.0139373;-0.00348429;-0.327526;0.219512;0.0801394;-0.581882;-0.289199;0.0905924;0.125436;-0.181185;-0.275261;-0.487805;-0.407665;-0.623693;0.72621;0.118531;0.30217;0.0684474;0.619366;0.15192;0.0217029;0.0651085;-0.298831;0.0851419;-0.0317195;-0.318865;0.171953;0.388982;0.178631;-0.252087;0.152104;0.113269;-0.0161812;0.116279;0.0290698;0.0581395;0.203488;-0.0988372;0.0639535;-0.133721;-0.427326;-0.247093;0.290698;0.363372;0.796512;0.19186;-0.25;-0.43314;0.148256;0.255814;-0.15562;0.146974;+1;0;0;0;0

45.4;0.421603;0.0139373;-0.195122;0.010453;0.0940767;0.0313589;-0.0418118;0.578397;0.365854;0.0139373;-0.00348429;-0.327526;0.219512;0.0801394;-0.581882;-0.289199;0.0905924;0.125436;-0.181185;-0.275261;-0.487805;-0.407665;-0.555927;0.72621;0.118531;0.30217;0.0684474;0.619366;0.15192;0.0217029;0.0651085;-0.298831;0.0851419;-0.0317195;-0.318865;0.171953;0.388982;0.178631;-0.213592;0.152104;0.113269;-0.116279;0.116279;0.0290698;0.0581395;0.203488;-0.0988372;0.0639535;-0.133721;-0.427326;-0.247093;0.290698;0.363372;0.796512;0.19186;-0.25;-0.43314;0.148256;0.262248;-0.15562;-1;0;0;0;0

45;-0.12892;0.421603;0.0139373;-0.195122;0.010453;0.0940767;0.0313589;-0.0418118;0.578397;0.365854;0.0139373;-0.00348429;-0.327526;0.219512;0.0801394;-0.581882;-0.289199;0.0905924;0.125436;-0.181185;-0.275261;-0.487805;-0.348915;-0.555927;0.72621;0.118531;0.30217;0.0684474;0.619366;0.15192;0.0217029;0.0651085;-0.298831;0.0851419;-0.0317195;-0.318865;0.171953;0.388982;0.203883;-0.213592;0.152104;-6.4976e-009;-0.116279;0.116279;0.0290698;0.0581395;0.203488;-0.0988372;0.0639535;-0.133721;-0.427326;-0.247093;0.290698;0.363372;0.796512;0.19186;-0.25;-0.43314;0.15562;0.262248;+1;0;0;0;0

46.4;0.498258;-0.12892;0.421603;0.0139373;-0.195122;0.010453;0.0940767;0.0313589;-0.0418118;0.578397;0.365854;0.0139373;-0.00348429;-0.327526;0.219512;0.0801394;-0.581882;-0.289199;0.0905924;0.125436;-0.181185;-0.275261;-0.425709;-0.348915;-0.555927;0.72621;0.118531;0.30217;0.0684474;0.619366;0.15192;0.0217029;0.0651085;-0.298831;0.0851419;-0.0317195;-0.318865;0.171953;0.407767;0.203883;-0.213592;0.0348837;-6.4976e-009;-0.116279;0.116279;0.0290698;0.0581395;0.203488;-0.0988372;0.0639535;-0.133721;-0.427326;-0.247093;0.290698;0.363372;0.796512;0.19186;-0.25;-0.420749;0.15562;-1;0;0;0;0

45.12;-0.43554;0.498258;-0.12892;0.421603;0.0139373;-0.195122;0.010453;0.0940767;0.0313589;-0.0418118;0.578397;0.365854;0.0139373;-0.00348429;-0.327526;0.219512;0.0801394;-0.581882;-0.289199;0.0905924;0.125436;-0.181185;-0.222037;-0.425709;-0.348915;-0.555927;0.72621;0.118531;0.30217;0.0684474;0.619366;0.15192;0.0217029;0.0651085;-0.298831;0.0851419;-0.0317195;-0.318865;0.197411;0.407767;0.203883;-0.293605;0.0348837;-6.4976e-009;-0.116279;0.116279;0.0290698;0.0581395;0.203488;-0.0988372;0.0639535;-0.133721;-0.427326;-0.247093;0.290698;0.363372;0.796512;0.19186;-0.239193;-0.420749;-1;0;0;0;0

44.25;-0.292683;-0.43554;0.498258;-0.12892;0.421603;0.0139373;-0.195122;0.010453;0.0940767;0.0313589;-0.0418118;0.578397;0.365854;0.0139373;-0.00348429;-0.327526;0.219512;0.0801394;-0.581882;-0.289199;0.0905924;0.125436;-0.131886;-0.222037;-0.425709;-0.348915;-0.555927;0.72621;0.118531;0.30217;0.0684474;0.619366;0.15192;0.0217029;0.0651085;-0.298831;0.0851419;-0.0317195;-0.278317;0.197411;0.407767;0.0813953;-0.293605;0.0348837;-6.4976e-009;-0.116279;0.116279;0.0290698;0.0581395;0.203488;-0.0988372;0.0639535;-0.133721;-0.427326;-0.247093;0.290698;0.363372;0.796512;0.198847;-0.239193;-1;0;0;0;0

42.56;-0.578397;-0.292683;-0.43554;0.498258;-0.12892;0.421603;0.0139373;-0.195122;0.010453;0.0940767;0.0313589;-0.0418118;0.578397;0.365854;0.0139373;-0.00348429;-0.327526;0.219512;0.0801394;-0.581882;-0.289199;0.0905924;0.161937;-0.131886;-0.222037;-0.425709;-0.348915;-0.555927;0.72621;0.118531;0.30217;0.0684474;0.619366;0.15192;0.0217029;0.0651085;-0.298831;0.0851419;0;-0.278317;0.197411;0.264535;0.0813953;-0.293605;0.0348837;-6.4976e-009;-0.116279;0.116279;0.0290698;0.0581395;0.203488;-0.0988372;0.0639535;-0.133721;-0.427326;-0.247093;0.290698;0.363372;0.798271;0.198847;-1;0;0;0;0

41.31;-0.425087;-0.578397;-0.292683;-0.43554;0.498258;-0.12892;0.421603;0.0139373;-0.195122;0.010453;0.0940767;0.0313589;-0.0418118;0.578397;0.365854;0.0139373;-0.00348429;-0.327526;0.219512;0.0801394;-0.581882;-0.289199;0.128548;0.161937;-0.131886;-0.222037;-0.425709;-0.348915;-0.555927;0.72621;0.118531;0.30217;0.0684474;0.619366;0.15192;0.0217029;0.0651085;-0.298831;0.113269;0;-0.278317;0.0755814;0.264535;0.0813953;-0.293605;0.0348837;-6.4976e-009;-0.116279;0.116279;0.0290698;0.0581395;0.203488;-0.0988372;0.0639535;-0.133721;-0.427326;-0.247093;0.290698;0.368876;0.798271;+1;0;0;0;0

42.7;0.494774;-0.425087;-0.578397;-0.292683;-0.43554;0.498258;-0.12892;0.421603;0.0139373;-0.195122;0.010453;0.0940767;0.0313589;-0.0418118;0.578397;0.365854;0.0139373;-0.00348429;-0.327526;0.219512;0.0801394;-0.581882;-0.235392;0.128548;0.161937;-0.131886;-0.222037;-0.425709;-0.348915;-0.555927;0.72621;0.118531;0.30217;0.0684474;0.619366;0.15192;0.0217029;0.0651085;-0.2589;0.113269;0;-0.351744;0.0755814;0.264535;0.0813953;-0.293605;0.0348837;-6.4976e-009;-0.116279;0.116279;0.0290698;0.0581395;0.203488;-0.0988372;0.0639535;-0.133721;-0.427326;-0.247093;0.29683;0.368876;-1;0;0;0;0

42.3;-0.12892;0.494774;-0.425087;-0.578397;-0.292683;-0.43554;0.498258;-0.12892;0.421603;0.0139373;-0.195122;0.010453;0.0940767;0.0313589;-0.0418118;0.578397;0.365854;0.0139373;-0.00348429;-0.327526;0.219512;0.0801394;-0.51586;-0.235392;0.128548;0.161937;-0.131886;-0.222037;-0.425709;-0.348915;-0.555927;0.72621;0.118531;0.30217;0.0684474;0.619366;0.15192;0.0217029;0.0938511;-0.2589;0.113269;-0.101744;-0.351744;0.0755814;0.264535;0.0813953;-0.293605;0.0348837;-6.4976e-009;-0.116279;0.116279;0.0290698;0.0581395;0.203488;-0.0988372;0.0639535;-0.133721;-0.427326;-0.236311;0.29683;-1;0;0;0;0

41.9;-0.12892;-0.12892;0.494774;-0.425087;-0.578397;-0.292683;-0.43554;0.498258;-0.12892;0.421603;0.0139373;-0.195122;0.010453;0.0940767;0.0313589;-0.0418118;0.578397;0.365854;0.0139373;-0.00348429;-0.327526;0.219512;0.118531;-0.51586;-0.235392;0.128548;0.161937;-0.131886;-0.222037;-0.425709;-0.348915;-0.555927;0.72621;0.118531;0.30217;0.0684474;0.619366;0.15192;0.0517799;0.0938511;-0.2589;-6.4976e-009;-0.101744;-0.351744;0.0755814;0.264535;0.0813953;-0.293605;0.0348837;-6.4976e-009;-0.116279;0.116279;0.0290698;0.0581395;0.203488;-0.0988372;0.0639535;-0.133721;-0.414986;-0.236311;+1;0;0;0;0

42.49;0.216028;-0.12892;-0.12892;0.494774;-0.425087;-0.578397;-0.292683;-0.43554;0.498258;-0.12892;0.421603;0.0139373;-0.195122;0.010453;0.0940767;0.0313589;-0.0418118;0.578397;0.365854;0.0139373;-0.00348429;-0.327526;0.252087;0.118531;-0.51586;-0.235392;0.128548;0.161937;-0.131886;-0.222037;-0.425709;-0.348915;-0.555927;0.72621;0.118531;0.30217;0.0684474;0.619366;0.177994;0.0517799;0.0938511;-0.334302;-6.4976e-009;-0.101744;-0.351744;0.0755814;0.264535;0.0813953;-0.293605;0.0348837;-6.4976e-009;-0.116279;0.116279;0.0290698;0.0581395;0.203488;-0.0988372;0.0639535;-0.123919;-0.414986;+1;0;0;0;0

43.5;0.362369;0.216028;-0.12892;-0.12892;0.494774;-0.425087;-0.578397;-0.292683;-0.43554;0.498258;-0.12892;0.421603;0.0139373;-0.195122;0.010453;0.0940767;0.0313589;-0.0418118;0.578397;0.365854;0.0139373;-0.00348429;-0.27212;0.252087;0.118531;-0.51586;-0.235392;0.128548;0.161937;-0.131886;-0.222037;-0.425709;-0.348915;-0.555927;0.72621;0.118531;0.30217;0.0684474;0.631068;0.177994;0.0517799;-0.0174419;-0.334302;-6.4976e-009;-0.101744;-0.351744;0.0755814;0.264535;0.0813953;-0.293605;0.0348837;-6.4976e-009;-0.116279;0.116279;0.0290698;0.0581395;0.203488;-0.0988372;0.0720461;-0.123919;-1;0;0;0;0

43.33;-0.0487805;0.362369;0.216028;-0.12892;-0.12892;0.494774;-0.425087;-0.578397;-0.292683;-0.43554;0.498258;-0.12892;0.421603;0.0139373;-0.195122;0.010453;0.0940767;0.0313589;-0.0418118;0.578397;0.365854;0.0139373;0.0383974;-0.27212;0.252087;0.118531;-0.51586;-0.235392;0.128548;0.161937;-0.131886;-0.222037;-0.425709;-0.348915;-0.555927;0.72621;0.118531;0.30217;0.0970874;0.631068;0.177994;-0.0552326;-0.0174419;-0.334302;-6.4976e-009;-0.101744;-0.351744;0.0755814;0.264535;0.0813953;-0.293605;0.0348837;-6.4976e-009;-0.116279;0.116279;0.0290698;0.0581395;0.203488;-0.0893372;0.0720461;-1;0;0;0;0

