15.56;15.78;15.4;15.76;18804;-0.26;0.22;0.16;-0.08;-0.38;0.03;-0.03;0.61;0.11;-0.30;0.18;-0.20;-0.27;-0.07;-0.25;-0.12;0.43;-0.10;0.08;-0.40;-0.10;-0.15;-0.05;0.35;-0.15;-0.02;-0.18;0.20;-0.05;0.25;-0.02;-0.17;0.01;-0.38;0.19;-0.42;-0.28;0.28;0.71;0.24;-0.11;-0.41;0.01;0.33;0.43;-0.06;-0.22;0.20;-0.03;0.30;0.05;-0.15;0.45;0.09;0.06;-0.15;-0.50;0.15;-0.80;0.30;-1;0;0;0;0

15.25;15.43;14.94;15.31;41532;-0.31;-0.26;0.22;0.16;-0.08;-0.38;0.03;-0.03;0.61;0.11;-0.30;0.18;-0.20;-0.27;-0.07;-0.25;-0.12;0.43;-0.10;0.08;-0.40;-0.10;-0.15;-0.05;0.35;-0.15;-0.02;-0.18;0.20;-0.05;0.25;-0.02;-0.17;0.01;-0.38;0.19;-0.42;-0.28;0.28;0.71;0.24;-0.11;-0.41;0.01;0.33;0.43;-0.06;-0.22;0.20;-0.03;0.30;0.05;-0.15;0.45;0.09;0.06;-0.15;-0.50;0.15;-0.80;-1;0;0;0;0

14.93;15.32;14.91;15.01;40338;-0.32;-0.31;-0.26;0.22;0.16;-0.08;-0.38;0.03;-0.03;0.61;0.11;-0.30;0.18;-0.20;-0.27;-0.07;-0.25;-0.12;0.43;-0.10;0.08;-0.40;-0.10;-0.15;-0.05;0.35;-0.15;-0.02;-0.18;0.20;-0.05;0.25;-0.02;-0.17;0.01;-0.38;0.19;-0.42;-0.28;0.28;0.71;0.24;-0.11;-0.41;0.01;0.33;0.43;-0.06;-0.22;0.20;-0.03;0.30;0.05;-0.15;0.45;0.09;0.06;-0.15;-0.50;0.15;-1;0;0;0;0

14.15;15.06;13.5;14.9;64700;-0.78;-0.32;-0.31;-0.26;0.22;0.16;-0.08;-0.38;0.03;-0.03;0.61;0.11;-0.30;0.18;-0.20;-0.27;-0.07;-0.25;-0.12;0.43;-0.10;0.08;-0.40;-0.10;-0.15;-0.05;0.35;-0.15;-0.02;-0.18;0.20;-0.05;0.25;-0.02;-0.17;0.01;-0.38;0.19;-0.42;-0.28;0.28;0.71;0.24;-0.11;-0.41;0.01;0.33;0.43;-0.06;-0.22;0.20;-0.03;0.30;0.05;-0.15;0.45;0.09;0.06;-0.15;-0.50;+1;0;0;0;0

14.45;14.45;13.65;14.15;32672;0.30;-0.78;-0.32;-0.31;-0.26;0.22;0.16;-0.08;-0.38;0.03;-0.03;0.61;0.11;-0.30;0.18;-0.20;-0.27;-0.07;-0.25;-0.12;0.43;-0.10;0.08;-0.40;-0.10;-0.15;-0.05;0.35;-0.15;-0.02;-0.18;0.20;-0.05;0.25;-0.02;-0.17;0.01;-0.38;0.19;-0.42;-0.28;0.28;0.71;0.24;-0.11;-0.41;0.01;0.33;0.43;-0.06;-0.22;0.20;-0.03;0.30;0.05;-0.15;0.45;0.09;0.06;-0.15;+1;0;0;0;0

14.8;15.27;14.8;15;26736;0.35;0.30;-0.78;-0.32;-0.31;-0.26;0.22;0.16;-0.08;-0.38;0.03;-0.03;0.61;0.11;-0.30;0.18;-0.20;-0.27;-0.07;-0.25;-0.12;0.43;-0.10;0.08;-0.40;-0.10;-0.15;-0.05;0.35;-0.15;-0.02;-0.18;0.20;-0.05;0.25;-0.02;-0.17;0.01;-0.38;0.19;-0.42;-0.28;0.28;0.71;0.24;-0.11;-0.41;0.01;0.33;0.43;-0.06;-0.22;0.20;-0.03;0.30;0.05;-0.15;0.45;0.09;0.06;+1;0;0;0;0

15.09;15.12;14.6;14.7;14940;0.29;0.35;0.30;-0.78;-0.32;-0.31;-0.26;0.22;0.16;-0.08;-0.38;0.03;-0.03;0.61;0.11;-0.30;0.18;-0.20;-0.27;-0.07;-0.25;-0.12;0.43;-0.10;0.08;-0.40;-0.10;-0.15;-0.05;0.35;-0.15;-0.02;-0.18;0.20;-0.05;0.25;-0.02;-0.17;0.01;-0.38;0.19;-0.42;-0.28;0.28;0.71;0.24;-0.11;-0.41;0.01;0.33;0.43;-0.06;-0.22;0.20;-0.03;0.30;0.05;-0.15;0.45;0.09;-1;0;0;0;0

14.7;15.21;14.61;15.21;21007;-0.39;0.29;0.35;0.30;-0.78;-0.32;-0.31;-0.26;0.22;0.16;-0.08;-0.38;0.03;-0.03;0.61;0.11;-0.30;0.18;-0.20;-0.27;-0.07;-0.25;-0.12;0.43;-0.10;0.08;-0.40;-0.10;-0.15;-0.05;0.35;-0.15;-0.02;-0.18;0.20;-0.05;0.25;-0.02;-0.17;0.01;-0.38;0.19;-0.42;-0.28;0.28;0.71;0.24;-0.11;-0.41;0.01;0.33;0.43;-0.06;-0.22;0.20;-0.03;0.30;0.05;-0.15;0.45;-1;0;0;0;0

14.42;14.81;14.3;14.8;18568;-0.28;-0.39;0.29;0.35;0.30;-0.78;-0.32;-0.31;-0.26;0.22;0.16;-0.08;-0.38;0.03;-0.03;0.61;0.11;-0.30;0.18;-0.20;-0.27;-0.07;-0.25;-0.12;0.43;-0.10;0.08;-0.40;-0.10;-0.15;-0.05;0.35;-0.15;-0.02;-0.18;0.20;-0.05;0.25;-0.02;-0.17;0.01;-0.38;0.19;-0.42;-0.28;0.28;0.71;0.24;-0.11;-0.41;0.01;0.33;0.43;-0.06;-0.22;0.20;-0.03;0.30;0.05;-0.15;-1;0;0;0;0

14.18;14.42;14.03;14.3;13872;-0.24;-0.28;-0.39;0.29;0.35;0.30;-0.78;-0.32;-0.31;-0.26;0.22;0.16;-0.08;-0.38;0.03;-0.03;0.61;0.11;-0.30;0.18;-0.20;-0.27;-0.07;-0.25;-0.12;0.43;-0.10;0.08;-0.40;-0.10;-0.15;-0.05;0.35;-0.15;-0.02;-0.18;0.20;-0.05;0.25;-0.02;-0.17;0.01;-0.38;0.19;-0.42;-0.28;0.28;0.71;0.24;-0.11;-0.41;0.01;0.33;0.43;-0.06;-0.22;0.20;-0.03;0.30;0.05;-1;0;0;0;0

13.93;14.29;13.65;14.17;17987;-0.25;-0.24;-0.28;-0.39;0.29;0.35;0.30;-0.78;-0.32;-0.31;-0.26;0.22;0.16;-0.08;-0.38;0.03;-0.03;0.61;0.11;-0.30;0.18;-0.20;-0.27;-0.07;-0.25;-0.12;0.43;-0.10;0.08;-0.40;-0.10;-0.15;-0.05;0.35;-0.15;-0.02;-0.18;0.20;-0.05;0.25;-0.02;-0.17;0.01;-0.38;0.19;-0.42;-0.28;0.28;0.71;0.24;-0.11;-0.41;0.01;0.33;0.43;-0.06;-0.22;0.20;-0.03;0.30;-1;0;0;0;0

13.9;14.16;13.5;13.98;25299;-0.03;-0.25;-0.24;-0.28;-0.39;0.29;0.35;0.30;-0.78;-0.32;-0.31;-0.26;0.22;0.16;-0.08;-0.38;0.03;-0.03;0.61;0.11;-0.30;0.18;-0.20;-0.27;-0.07;-0.25;-0.12;0.43;-0.10;0.08;-0.40;-0.10;-0.15;-0.05;0.35;-0.15;-0.02;-0.18;0.20;-0.05;0.25;-0.02;-0.17;0.01;-0.38;0.19;-0.42;-0.28;0.28;0.71;0.24;-0.11;-0.41;0.01;0.33;0.43;-0.06;-0.22;0.20;-0.03;-1;0;0;0;0

13.51;13.8;13.16;13.8;33848;-0.39;-0.03;-0.25;-0.24;-0.28;-0.39;0.29;0.35;0.30;-0.78;-0.32;-0.31;-0.26;0.22;0.16;-0.08;-0.38;0.03;-0.03;0.61;0.11;-0.30;0.18;-0.20;-0.27;-0.07;-0.25;-0.12;0.43;-0.10;0.08;-0.40;-0.10;-0.15;-0.05;0.35;-0.15;-0.02;-0.18;0.20;-0.05;0.25;-0.02;-0.17;0.01;-0.38;0.19;-0.42;-0.28;0.28;0.71;0.24;-0.11;-0.41;0.01;0.33;0.43;-0.06;-0.22;0.20;-1;0;0;0;0

13.05;13.15;12.78;13;54044;-0.46;-0.39;-0.03;-0.25;-0.24;-0.28;-0.39;0.29;0.35;0.30;-0.78;-0.32;-0.31;-0.26;0.22;0.16;-0.08;-0.38;0.03;-0.03;0.61;0.11;-0.30;0.18;-0.20;-0.27;-0.07;-0.25;-0.12;0.43;-0.10;0.08;-0.40;-0.10;-0.15;-0.05;0.35;-0.15;-0.02;-0.18;0.20;-0.05;0.25;-0.02;-0.17;0.01;-0.38;0.19;-0.42;-0.28;0.28;0.71;0.24;-0.11;-0.41;0.01;0.33;0.43;-0.06;-0.22;+1;0;0;0;0

13.4;13.66;12.88;13.19;28678;0.35;-0.46;-0.39;-0.03;-0.25;-0.24;-0.28;-0.39;0.29;0.35;0.30;-0.78;-0.32;-0.31;-0.26;0.22;0.16;-0.08;-0.38;0.03;-0.03;0.61;0.11;-0.30;0.18;-0.20;-0.27;-0.07;-0.25;-0.12;0.43;-0.10;0.08;-0.40;-0.10;-0.15;-0.05;0.35;-0.15;-0.02;-0.18;0.20;-0.05;0.25;-0.02;-0.17;0.01;-0.38;0.19;-0.42;-0.28;0.28;0.71;0.24;-0.11;-0.41;0.01;0.33;0.43;-0.06;-1;0;0;0;0

13.15;13.45;13.03;13.2;24386;-0.25;0.35;-0.46;-0.39;-0.03;-0.25;-0.24;-0.28;-0.39;0.29;0.35;0.30;-0.78;-0.32;-0.31;-0.26;0.22;0.16;-0.08;-0.38;0.03;-0.03;0.61;0.11;-0.30;0.18;-0.20;-0.27;-0.07;-0.25;-0.12;0.43;-0.10;0.08;-0.40;-0.10;-0.15;-0.05;0.35;-0.15;-0.02;-0.18;0.20;-0.05;0.25;-0.02;-0.17;0.01;-0.38;0.19;-0.42;-0.28;0.28;0.71;0.24;-0.11;-0.41;0.01;0.33;0.43;+1;0;0;0;0

13.23;13.23;12.45;12.46;50442;0.08;-0.25;0.35;-0.46;-0.39;-0.03;-0.25;-0.24;-0.28;-0.39;0.29;0.35;0.30;-0.78;-0.32;-0.31;-0.26;0.22;0.16;-0.08;-0.38;0.03;-0.03;0.61;0.11;-0.30;0.18;-0.20;-0.27;-0.07;-0.25;-0.12;0.43;-0.10;0.08;-0.40;-0.10;-0.15;-0.05;0.35;-0.15;-0.02;-0.18;0.20;-0.05;0.25;-0.02;-0.17;0.01;-0.38;0.19;-0.42;-0.28;0.28;0.71;0.24;-0.11;-0.41;0.01;0.33;+1;0;0;0;0

13.99;13.99;13.2;13.25;53787;0.76;0.08;-0.25;0.35;-0.46;-0.39;-0.03;-0.25;-0.24;-0.28;-0.39;0.29;0.35;0.30;-0.78;-0.32;-0.31;-0.26;0.22;0.16;-0.08;-0.38;0.03;-0.03;0.61;0.11;-0.30;0.18;-0.20;-0.27;-0.07;-0.25;-0.12;0.43;-0.10;0.08;-0.40;-0.10;-0.15;-0.05;0.35;-0.15;-0.02;-0.18;0.20;-0.05;0.25;-0.02;-0.17;0.01;-0.38;0.19;-0.42;-0.28;0.28;0.71;0.24;-0.11;-0.41;0.01;+1;0;0;0;0

14.56;14.8;13.76;13.97;32456;0.57;0.76;0.08;-0.25;0.35;-0.46;-0.39;-0.03;-0.25;-0.24;-0.28;-0.39;0.29;0.35;0.30;-0.78;-0.32;-0.31;-0.26;0.22;0.16;-0.08;-0.38;0.03;-0.03;0.61;0.11;-0.30;0.18;-0.20;-0.27;-0.07;-0.25;-0.12;0.43;-0.10;0.08;-0.40;-0.10;-0.15;-0.05;0.35;-0.15;-0.02;-0.18;0.20;-0.05;0.25;-0.02;-0.17;0.01;-0.38;0.19;-0.42;-0.28;0.28;0.71;0.24;-0.11;-0.41;+1;0;0;0;0

14.7;14.76;14.25;14.44;22295;0.14;0.57;0.76;0.08;-0.25;0.35;-0.46;-0.39;-0.03;-0.25;-0.24;-0.28;-0.39;0.29;0.35;0.30;-0.78;-0.32;-0.31;-0.26;0.22;0.16;-0.08;-0.38;0.03;-0.03;0.61;0.11;-0.30;0.18;-0.20;-0.27;-0.07;-0.25;-0.12;0.43;-0.10;0.08;-0.40;-0.10;-0.15;-0.05;0.35;-0.15;-0.02;-0.18;0.20;-0.05;0.25;-0.02;-0.17;0.01;-0.38;0.19;-0.42;-0.28;0.28;0.71;0.24;-0.11;-1;0;0;0;0

14.49;14.7;14.26;14.65;12002;-0.21;0.14;0.57;0.76;0.08;-0.25;0.35;-0.46;-0.39;-0.03;-0.25;-0.24;-0.28;-0.39;0.29;0.35;0.30;-0.78;-0.32;-0.31;-0.26;0.22;0.16;-0.08;-0.38;0.03;-0.03;0.61;0.11;-0.30;0.18;-0.20;-0.27;-0.07;-0.25;-0.12;0.43;-0.10;0.08;-0.40;-0.10;-0.15;-0.05;0.35;-0.15;-0.02;-0.18;0.20;-0.05;0.25;-0.02;-0.17;0.01;-0.38;0.19;-0.42;-0.28;0.28;0.71;0.24;-1;0;0;0;0

14.3;14.57;14.17;14.21;13502;-0.19;-0.21;0.14;0.57;0.76;0.08;-0.25;0.35;-0.46;-0.39;-0.03;-0.25;-0.24;-0.28;-0.39;0.29;0.35;0.30;-0.78;-0.32;-0.31;-0.26;0.22;0.16;-0.08;-0.38;0.03;-0.03;0.61;0.11;-0.30;0.18;-0.20;-0.27;-0.07;-0.25;-0.12;0.43;-0.10;0.08;-0.40;-0.10;-0.15;-0.05;0.35;-0.15;-0.02;-0.18;0.20;-0.05;0.25;-0.02;-0.17;0.01;-0.38;0.19;-0.42;-0.28;0.28;0.71;+1;0;0;0;0

14.37;14.64;14.21;14.25;26101;0.07;-0.19;-0.21;0.14;0.57;0.76;0.08;-0.25;0.35;-0.46;-0.39;-0.03;-0.25;-0.24;-0.28;-0.39;0.29;0.35;0.30;-0.78;-0.32;-0.31;-0.26;0.22;0.16;-0.08;-0.38;0.03;-0.03;0.61;0.11;-0.30;0.18;-0.20;-0.27;-0.07;-0.25;-0.12;0.43;-0.10;0.08;-0.40;-0.10;-0.15;-0.05;0.35;-0.15;-0.02;-0.18;0.20;-0.05;0.25;-0.02;-0.17;0.01;-0.38;0.19;-0.42;-0.28;0.28;+1;0;0;0;0

14.5;14.54;14.18;14.19;46016;0.13;0.07;-0.19;-0.21;0.14;0.57;0.76;0.08;-0.25;0.35;-0.46;-0.39;-0.03;-0.25;-0.24;-0.28;-0.39;0.29;0.35;0.30;-0.78;-0.32;-0.31;-0.26;0.22;0.16;-0.08;-0.38;0.03;-0.03;0.61;0.11;-0.30;0.18;-0.20;-0.27;-0.07;-0.25;-0.12;0.43;-0.10;0.08;-0.40;-0.10;-0.15;-0.05;0.35;-0.15;-0.02;-0.18;0.20;-0.05;0.25;-0.02;-0.17;0.01;-0.38;0.19;-0.42;-0.28;-1;0;0;0;0

14.35;14.59;14.27;14.27;15285;-0.15;0.13;0.07;-0.19;-0.21;0.14;0.57;0.76;0.08;-0.25;0.35;-0.46;-0.39;-0.03;-0.25;-0.24;-0.28;-0.39;0.29;0.35;0.30;-0.78;-0.32;-0.31;-0.26;0.22;0.16;-0.08;-0.38;0.03;-0.03;0.61;0.11;-0.30;0.18;-0.20;-0.27;-0.07;-0.25;-0.12;0.43;-0.10;0.08;-0.40;-0.10;-0.15;-0.05;0.35;-0.15;-0.02;-0.18;0.20;-0.05;0.25;-0.02;-0.17;0.01;-0.38;0.19;-0.42;-1;0;0;0;0

14.1;14.57;13.97;14.38;41524;-0.25;-0.15;0.13;0.07;-0.19;-0.21;0.14;0.57;0.76;0.08;-0.25;0.35;-0.46;-0.39;-0.03;-0.25;-0.24;-0.28;-0.39;0.29;0.35;0.30;-0.78;-0.32;-0.31;-0.26;0.22;0.16;-0.08;-0.38;0.03;-0.03;0.61;0.11;-0.30;0.18;-0.20;-0.27;-0.07;-0.25;-0.12;0.43;-0.10;0.08;-0.40;-0.10;-0.15;-0.05;0.35;-0.15;-0.02;-0.18;0.20;-0.05;0.25;-0.02;-0.17;0.01;-0.38;0.19;-1;0;0;0;0

14.06;14.25;14.06;14.14;18073;-0.04;-0.25;-0.15;0.13;0.07;-0.19;-0.21;0.14;0.57;0.76;0.08;-0.25;0.35;-0.46;-0.39;-0.03;-0.25;-0.24;-0.28;-0.39;0.29;0.35;0.30;-0.78;-0.32;-0.31;-0.26;0.22;0.16;-0.08;-0.38;0.03;-0.03;0.61;0.11;-0.30;0.18;-0.20;-0.27;-0.07;-0.25;-0.12;0.43;-0.10;0.08;-0.40;-0.10;-0.15;-0.05;0.35;-0.15;-0.02;-0.18;0.20;-0.05;0.25;-0.02;-0.17;0.01;-0.38;+1;0;0;0;0

14.35;14.5;14.15;14.2;53086;0.29;-0.04;-0.25;-0.15;0.13;0.07;-0.19;-0.21;0.14;0.57;0.76;0.08;-0.25;0.35;-0.46;-0.39;-0.03;-0.25;-0.24;-0.28;-0.39;0.29;0.35;0.30;-0.78;-0.32;-0.31;-0.26;0.22;0.16;-0.08;-0.38;0.03;-0.03;0.61;0.11;-0.30;0.18;-0.20;-0.27;-0.07;-0.25;-0.12;0.43;-0.10;0.08;-0.40;-0.10;-0.15;-0.05;0.35;-0.15;-0.02;-0.18;0.20;-0.05;0.25;-0.02;-0.17;0.01;+1;0;0;0;0

14.75;14.85;14.08;14.18;16978;0.40;0.29;-0.04;-0.25;-0.15;0.13;0.07;-0.19;-0.21;0.14;0.57;0.76;0.08;-0.25;0.35;-0.46;-0.39;-0.03;-0.25;-0.24;-0.28;-0.39;0.29;0.35;0.30;-0.78;-0.32;-0.31;-0.26;0.22;0.16;-0.08;-0.38;0.03;-0.03;0.61;0.11;-0.30;0.18;-0.20;-0.27;-0.07;-0.25;-0.12;0.43;-0.10;0.08;-0.40;-0.10;-0.15;-0.05;0.35;-0.15;-0.02;-0.18;0.20;-0.05;0.25;-0.02;-0.17;-1;0;0;0;0

14.65;14.89;14.46;14.83;21425;-0.10;0.40;0.29;-0.04;-0.25;-0.15;0.13;0.07;-0.19;-0.21;0.14;0.57;0.76;0.08;-0.25;0.35;-0.46;-0.39;-0.03;-0.25;-0.24;-0.28;-0.39;0.29;0.35;0.30;-0.78;-0.32;-0.31;-0.26;0.22;0.16;-0.08;-0.38;0.03;-0.03;0.61;0.11;-0.30;0.18;-0.20;-0.27;-0.07;-0.25;-0.12;0.43;-0.10;0.08;-0.40;-0.10;-0.15;-0.05;0.35;-0.15;-0.02;-0.18;0.20;-0.05;0.25;-0.02;+1;0;0;0;0

14.95;14.99;14.6;14.72;19878;0.30;-0.10;0.40;0.29;-0.04;-0.25;-0.15;0.13;0.07;-0.19;-0.21;0.14;0.57;0.76;0.08;-0.25;0.35;-0.46;-0.39;-0.03;-0.25;-0.24;-0.28;-0.39;0.29;0.35;0.30;-0.78;-0.32;-0.31;-0.26;0.22;0.16;-0.08;-0.38;0.03;-0.03;0.61;0.11;-0.30;0.18;-0.20;-0.27;-0.07;-0.25;-0.12;0.43;-0.10;0.08;-0.40;-0.10;-0.15;-0.05;0.35;-0.15;-0.02;-0.18;0.20;-0.05;0.25;+1;0;0;0;0

15.02;15.18;14.77;14.84;24587;0.07;0.30;-0.10;0.40;0.29;-0.04;-0.25;-0.15;0.13;0.07;-0.19;-0.21;0.14;0.57;0.76;0.08;-0.25;0.35;-0.46;-0.39;-0.03;-0.25;-0.24;-0.28;-0.39;0.29;0.35;0.30;-0.78;-0.32;-0.31;-0.26;0.22;0.16;-0.08;-0.38;0.03;-0.03;0.61;0.11;-0.30;0.18;-0.20;-0.27;-0.07;-0.25;-0.12;0.43;-0.10;0.08;-0.40;-0.10;-0.15;-0.05;0.35;-0.15;-0.02;-0.18;0.20;-0.05;+1;0;0;0;0

15.2;15.28;14.96;15.02;17722;0.18;0.07;0.30;-0.10;0.40;0.29;-0.04;-0.25;-0.15;0.13;0.07;-0.19;-0.21;0.14;0.57;0.76;0.08;-0.25;0.35;-0.46;-0.39;-0.03;-0.25;-0.24;-0.28;-0.39;0.29;0.35;0.30;-0.78;-0.32;-0.31;-0.26;0.22;0.16;-0.08;-0.38;0.03;-0.03;0.61;0.11;-0.30;0.18;-0.20;-0.27;-0.07;-0.25;-0.12;0.43;-0.10;0.08;-0.40;-0.10;-0.15;-0.05;0.35;-0.15;-0.02;-0.18;0.20;-1;0;0;0;0

15.1;15.38;15.02;15.15;9750;-0.10;0.18;0.07;0.30;-0.10;0.40;0.29;-0.04;-0.25;-0.15;0.13;0.07;-0.19;-0.21;0.14;0.57;0.76;0.08;-0.25;0.35;-0.46;-0.39;-0.03;-0.25;-0.24;-0.28;-0.39;0.29;0.35;0.30;-0.78;-0.32;-0.31;-0.26;0.22;0.16;-0.08;-0.38;0.03;-0.03;0.61;0.11;-0.30;0.18;-0.20;-0.27;-0.07;-0.25;-0.12;0.43;-0.10;0.08;-0.40;-0.10;-0.15;-0.05;0.35;-0.15;-0.02;-0.18;-1;0;0;0;0

15.1;15.39;15.07;15.31;11370;0.00;-0.10;0.18;0.07;0.30;-0.10;0.40;0.29;-0.04;-0.25;-0.15;0.13;0.07;-0.19;-0.21;0.14;0.57;0.76;0.08;-0.25;0.35;-0.46;-0.39;-0.03;-0.25;-0.24;-0.28;-0.39;0.29;0.35;0.30;-0.78;-0.32;-0.31;-0.26;0.22;0.16;-0.08;-0.38;0.03;-0.03;0.61;0.11;-0.30;0.18;-0.20;-0.27;-0.07;-0.25;-0.12;0.43;-0.10;0.08;-0.40;-0.10;-0.15;-0.05;0.35;-0.15;-0.02;+1;0;0;0;0

15.15;15.35;15.04;15.1;21786;0.05;0.00;-0.10;0.18;0.07;0.30;-0.10;0.40;0.29;-0.04;-0.25;-0.15;0.13;0.07;-0.19;-0.21;0.14;0.57;0.76;0.08;-0.25;0.35;-0.46;-0.39;-0.03;-0.25;-0.24;-0.28;-0.39;0.29;0.35;0.30;-0.78;-0.32;-0.31;-0.26;0.22;0.16;-0.08;-0.38;0.03;-0.03;0.61;0.11;-0.30;0.18;-0.20;-0.27;-0.07;-0.25;-0.12;0.43;-0.10;0.08;-0.40;-0.10;-0.15;-0.05;0.35;-0.15;-1;0;0;0;0

15;15.25;14.88;15.25;16622;-0.15;0.05;0.00;-0.10;0.18;0.07;0.30;-0.10;0.40;0.29;-0.04;-0.25;-0.15;0.13;0.07;-0.19;-0.21;0.14;0.57;0.76;0.08;-0.25;0.35;-0.46;-0.39;-0.03;-0.25;-0.24;-0.28;-0.39;0.29;0.35;0.30;-0.78;-0.32;-0.31;-0.26;0.22;0.16;-0.08;-0.38;0.03;-0.03;0.61;0.11;-0.30;0.18;-0.20;-0.27;-0.07;-0.25;-0.12;0.43;-0.10;0.08;-0.40;-0.10;-0.15;-0.05;0.35;-1;0;0;0;0

14.95;15.11;14.67;14.86;19423;-0.05;-0.15;0.05;0.00;-0.10;0.18;0.07;0.30;-0.10;0.40;0.29;-0.04;-0.25;-0.15;0.13;0.07;-0.19;-0.21;0.14;0.57;0.76;0.08;-0.25;0.35;-0.46;-0.39;-0.03;-0.25;-0.24;-0.28;-0.39;0.29;0.35;0.30;-0.78;-0.32;-0.31;-0.26;0.22;0.16;-0.08;-0.38;0.03;-0.03;0.61;0.11;-0.30;0.18;-0.20;-0.27;-0.07;-0.25;-0.12;0.43;-0.10;0.08;-0.40;-0.10;-0.15;-0.05;+1;0;0;0;0

15.13;15.14;14.83;15.1;10122;0.18;-0.05;-0.15;0.05;0.00;-0.10;0.18;0.07;0.30;-0.10;0.40;0.29;-0.04;-0.25;-0.15;0.13;0.07;-0.19;-0.21;0.14;0.57;0.76;0.08;-0.25;0.35;-0.46;-0.39;-0.03;-0.25;-0.24;-0.28;-0.39;0.29;0.35;0.30;-0.78;-0.32;-0.31;-0.26;0.22;0.16;-0.08;-0.38;0.03;-0.03;0.61;0.11;-0.30;0.18;-0.20;-0.27;-0.07;-0.25;-0.12;0.43;-0.10;0.08;-0.40;-0.10;-0.15;+1;0;0;0;0

15.15;15.2;14.9;15.16;5409;0.02;0.18;-0.05;-0.15;0.05;0.00;-0.10;0.18;0.07;0.30;-0.10;0.40;0.29;-0.04;-0.25;-0.15;0.13;0.07;-0.19;-0.21;0.14;0.57;0.76;0.08;-0.25;0.35;-0.46;-0.39;-0.03;-0.25;-0.24;-0.28;-0.39;0.29;0.35;0.30;-0.78;-0.32;-0.31;-0.26;0.22;0.16;-0.08;-0.38;0.03;-0.03;0.61;0.11;-0.30;0.18;-0.20;-0.27;-0.07;-0.25;-0.12;0.43;-0.10;0.08;-0.40;-0.10;-1;0;0;0;0

14.28;15.1;14.28;14.86;97279;-0.87;0.02;0.18;-0.05;-0.15;0.05;0.00;-0.10;0.18;0.07;0.30;-0.10;0.40;0.29;-0.04;-0.25;-0.15;0.13;0.07;-0.19;-0.21;0.14;0.57;0.76;0.08;-0.25;0.35;-0.46;-0.39;-0.03;-0.25;-0.24;-0.28;-0.39;0.29;0.35;0.30;-0.78;-0.32;-0.31;-0.26;0.22;0.16;-0.08;-0.38;0.03;-0.03;0.61;0.11;-0.30;0.18;-0.20;-0.27;-0.07;-0.25;-0.12;0.43;-0.10;0.08;-0.40;-1;0;0;0;0

14.2;14.84;14.03;14.34;23885;-0.08;-0.87;0.02;0.18;-0.05;-0.15;0.05;0.00;-0.10;0.18;0.07;0.30;-0.10;0.40;0.29;-0.04;-0.25;-0.15;0.13;0.07;-0.19;-0.21;0.14;0.57;0.76;0.08;-0.25;0.35;-0.46;-0.39;-0.03;-0.25;-0.24;-0.28;-0.39;0.29;0.35;0.30;-0.78;-0.32;-0.31;-0.26;0.22;0.16;-0.08;-0.38;0.03;-0.03;0.61;0.11;-0.30;0.18;-0.20;-0.27;-0.07;-0.25;-0.12;0.43;-0.10;0.08;+1;0;0;0;0

14.25;14.68;14.11;14.4;72054;0.05;-0.08;-0.87;0.02;0.18;-0.05;-0.15;0.05;0.00;-0.10;0.18;0.07;0.30;-0.10;0.40;0.29;-0.04;-0.25;-0.15;0.13;0.07;-0.19;-0.21;0.14;0.57;0.76;0.08;-0.25;0.35;-0.46;-0.39;-0.03;-0.25;-0.24;-0.28;-0.39;0.29;0.35;0.30;-0.78;-0.32;-0.31;-0.26;0.22;0.16;-0.08;-0.38;0.03;-0.03;0.61;0.11;-0.30;0.18;-0.20;-0.27;-0.07;-0.25;-0.12;0.43;-0.10;+1;0;0;0;0

14.45;14.48;14.15;14.19;13105;0.20;0.05;-0.08;-0.87;0.02;0.18;-0.05;-0.15;0.05;0.00;-0.10;0.18;0.07;0.30;-0.10;0.40;0.29;-0.04;-0.25;-0.15;0.13;0.07;-0.19;-0.21;0.14;0.57;0.76;0.08;-0.25;0.35;-0.46;-0.39;-0.03;-0.25;-0.24;-0.28;-0.39;0.29;0.35;0.30;-0.78;-0.32;-0.31;-0.26;0.22;0.16;-0.08;-0.38;0.03;-0.03;0.61;0.11;-0.30;0.18;-0.20;-0.27;-0.07;-0.25;-0.12;0.43;-1;0;0;0;0

14.3;14.62;14.16;14.39;6310;-0.15;0.20;0.05;-0.08;-0.87;0.02;0.18;-0.05;-0.15;0.05;0.00;-0.10;0.18;0.07;0.30;-0.10;0.40;0.29;-0.04;-0.25;-0.15;0.13;0.07;-0.19;-0.21;0.14;0.57;0.76;0.08;-0.25;0.35;-0.46;-0.39;-0.03;-0.25;-0.24;-0.28;-0.39;0.29;0.35;0.30;-0.78;-0.32;-0.31;-0.26;0.22;0.16;-0.08;-0.38;0.03;-0.03;0.61;0.11;-0.30;0.18;-0.20;-0.27;-0.07;-0.25;-0.12;+1;0;0;0;0

14.5;14.6;14.34;14.45;28490;0.20;-0.15;0.20;0.05;-0.08;-0.87;0.02;0.18;-0.05;-0.15;0.05;0.00;-0.10;0.18;0.07;0.30;-0.10;0.40;0.29;-0.04;-0.25;-0.15;0.13;0.07;-0.19;-0.21;0.14;0.57;0.76;0.08;-0.25;0.35;-0.46;-0.39;-0.03;-0.25;-0.24;-0.28;-0.39;0.29;0.35;0.30;-0.78;-0.32;-0.31;-0.26;0.22;0.16;-0.08;-0.38;0.03;-0.03;0.61;0.11;-0.30;0.18;-0.20;-0.27;-0.07;-0.25;+1;0;0;0;0

14.55;14.92;14.36;14.54;21179;0.05;0.20;-0.15;0.20;0.05;-0.08;-0.87;0.02;0.18;-0.05;-0.15;0.05;0.00;-0.10;0.18;0.07;0.30;-0.10;0.40;0.29;-0.04;-0.25;-0.15;0.13;0.07;-0.19;-0.21;0.14;0.57;0.76;0.08;-0.25;0.35;-0.46;-0.39;-0.03;-0.25;-0.24;-0.28;-0.39;0.29;0.35;0.30;-0.78;-0.32;-0.31;-0.26;0.22;0.16;-0.08;-0.38;0.03;-0.03;0.61;0.11;-0.30;0.18;-0.20;-0.27;-0.07;-1;0;0;0;0

14.49;14.72;14.3;14.6;18808;-0.06;0.05;0.20;-0.15;0.20;0.05;-0.08;-0.87;0.02;0.18;-0.05;-0.15;0.05;0.00;-0.10;0.18;0.07;0.30;-0.10;0.40;0.29;-0.04;-0.25;-0.15;0.13;0.07;-0.19;-0.21;0.14;0.57;0.76;0.08;-0.25;0.35;-0.46;-0.39;-0.03;-0.25;-0.24;-0.28;-0.39;0.29;0.35;0.30;-0.78;-0.32;-0.31;-0.26;0.22;0.16;-0.08;-0.38;0.03;-0.03;0.61;0.11;-0.30;0.18;-0.20;-0.27;-1;0;0;0;0

14.3;14.69;14.22;14.43;18635;-0.19;-0.06;0.05;0.20;-0.15;0.20;0.05;-0.08;-0.87;0.02;0.18;-0.05;-0.15;0.05;0.00;-0.10;0.18;0.07;0.30;-0.10;0.40;0.29;-0.04;-0.25;-0.15;0.13;0.07;-0.19;-0.21;0.14;0.57;0.76;0.08;-0.25;0.35;-0.46;-0.39;-0.03;-0.25;-0.24;-0.28;-0.39;0.29;0.35;0.30;-0.78;-0.32;-0.31;-0.26;0.22;0.16;-0.08;-0.38;0.03;-0.03;0.61;0.11;-0.30;0.18;-0.20;+1;0;0;0;0

14.99;15.05;14.36;14.43;18387;0.69;-0.19;-0.06;0.05;0.20;-0.15;0.20;0.05;-0.08;-0.87;0.02;0.18;-0.05;-0.15;0.05;0.00;-0.10;0.18;0.07;0.30;-0.10;0.40;0.29;-0.04;-0.25;-0.15;0.13;0.07;-0.19;-0.21;0.14;0.57;0.76;0.08;-0.25;0.35;-0.46;-0.39;-0.03;-0.25;-0.24;-0.28;-0.39;0.29;0.35;0.30;-0.78;-0.32;-0.31;-0.26;0.22;0.16;-0.08;-0.38;0.03;-0.03;0.61;0.11;-0.30;0.18;-1;0;0;0;0

14.61;15.01;14.51;14.95;7823;-0.38;0.69;-0.19;-0.06;0.05;0.20;-0.15;0.20;0.05;-0.08;-0.87;0.02;0.18;-0.05;-0.15;0.05;0.00;-0.10;0.18;0.07;0.30;-0.10;0.40;0.29;-0.04;-0.25;-0.15;0.13;0.07;-0.19;-0.21;0.14;0.57;0.76;0.08;-0.25;0.35;-0.46;-0.39;-0.03;-0.25;-0.24;-0.28;-0.39;0.29;0.35;0.30;-0.78;-0.32;-0.31;-0.26;0.22;0.16;-0.08;-0.38;0.03;-0.03;0.61;0.11;-0.30;+1;0;0;0;0

15.03;15.07;14.42;14.68;14095;0.42;-0.38;0.69;-0.19;-0.06;0.05;0.20;-0.15;0.20;0.05;-0.08;-0.87;0.02;0.18;-0.05;-0.15;0.05;0.00;-0.10;0.18;0.07;0.30;-0.10;0.40;0.29;-0.04;-0.25;-0.15;0.13;0.07;-0.19;-0.21;0.14;0.57;0.76;0.08;-0.25;0.35;-0.46;-0.39;-0.03;-0.25;-0.24;-0.28;-0.39;0.29;0.35;0.30;-0.78;-0.32;-0.31;-0.26;0.22;0.16;-0.08;-0.38;0.03;-0.03;0.61;0.11;+1;0;0;0;0

15.12;15.2;15;15.2;43648;0.09;0.42;-0.38;0.69;-0.19;-0.06;0.05;0.20;-0.15;0.20;0.05;-0.08;-0.87;0.02;0.18;-0.05;-0.15;0.05;0.00;-0.10;0.18;0.07;0.30;-0.10;0.40;0.29;-0.04;-0.25;-0.15;0.13;0.07;-0.19;-0.21;0.14;0.57;0.76;0.08;-0.25;0.35;-0.46;-0.39;-0.03;-0.25;-0.24;-0.28;-0.39;0.29;0.35;0.30;-0.78;-0.32;-0.31;-0.26;0.22;0.16;-0.08;-0.38;0.03;-0.03;0.61;+1;0;0;0;0

15.2;15.2;15.03;15.03;18022;0.08;0.09;0.42;-0.38;0.69;-0.19;-0.06;0.05;0.20;-0.15;0.20;0.05;-0.08;-0.87;0.02;0.18;-0.05;-0.15;0.05;0.00;-0.10;0.18;0.07;0.30;-0.10;0.40;0.29;-0.04;-0.25;-0.15;0.13;0.07;-0.19;-0.21;0.14;0.57;0.76;0.08;-0.25;0.35;-0.46;-0.39;-0.03;-0.25;-0.24;-0.28;-0.39;0.29;0.35;0.30;-0.78;-0.32;-0.31;-0.26;0.22;0.16;-0.08;-0.38;0.03;-0.03;+1;0;0;0;0

15.5;15.5;15.06;15.16;20050;0.30;0.08;0.09;0.42;-0.38;0.69;-0.19;-0.06;0.05;0.20;-0.15;0.20;0.05;-0.08;-0.87;0.02;0.18;-0.05;-0.15;0.05;0.00;-0.10;0.18;0.07;0.30;-0.10;0.40;0.29;-0.04;-0.25;-0.15;0.13;0.07;-0.19;-0.21;0.14;0.57;0.76;0.08;-0.25;0.35;-0.46;-0.39;-0.03;-0.25;-0.24;-0.28;-0.39;0.29;0.35;0.30;-0.78;-0.32;-0.31;-0.26;0.22;0.16;-0.08;-0.38;0.03;+1;0;0;0;0

15.61;16;15.5;15.5;37189;0.11;0.30;0.08;0.09;0.42;-0.38;0.69;-0.19;-0.06;0.05;0.20;-0.15;0.20;0.05;-0.08;-0.87;0.02;0.18;-0.05;-0.15;0.05;0.00;-0.10;0.18;0.07;0.30;-0.10;0.40;0.29;-0.04;-0.25;-0.15;0.13;0.07;-0.19;-0.21;0.14;0.57;0.76;0.08;-0.25;0.35;-0.46;-0.39;-0.03;-0.25;-0.24;-0.28;-0.39;0.29;0.35;0.30;-0.78;-0.32;-0.31;-0.26;0.22;0.16;-0.08;-0.38;+1;0;0;0;0

15.68;15.99;15.6;15.83;21581;0.07;0.11;0.30;0.08;0.09;0.42;-0.38;0.69;-0.19;-0.06;0.05;0.20;-0.15;0.20;0.05;-0.08;-0.87;0.02;0.18;-0.05;-0.15;0.05;0.00;-0.10;0.18;0.07;0.30;-0.10;0.40;0.29;-0.04;-0.25;-0.15;0.13;0.07;-0.19;-0.21;0.14;0.57;0.76;0.08;-0.25;0.35;-0.46;-0.39;-0.03;-0.25;-0.24;-0.28;-0.39;0.29;0.35;0.30;-0.78;-0.32;-0.31;-0.26;0.22;0.16;-0.08;+1;0;0;0;0

15.93;15.97;15.69;15.7;12385;0.25;0.07;0.11;0.30;0.08;0.09;0.42;-0.38;0.69;-0.19;-0.06;0.05;0.20;-0.15;0.20;0.05;-0.08;-0.87;0.02;0.18;-0.05;-0.15;0.05;0.00;-0.10;0.18;0.07;0.30;-0.10;0.40;0.29;-0.04;-0.25;-0.15;0.13;0.07;-0.19;-0.21;0.14;0.57;0.76;0.08;-0.25;0.35;-0.46;-0.39;-0.03;-0.25;-0.24;-0.28;-0.39;0.29;0.35;0.30;-0.78;-0.32;-0.31;-0.26;0.22;0.16;-1;0;0;0;0

15.5;15.8;15.48;15.7;14128;-0.43;0.25;0.07;0.11;0.30;0.08;0.09;0.42;-0.38;0.69;-0.19;-0.06;0.05;0.20;-0.15;0.20;0.05;-0.08;-0.87;0.02;0.18;-0.05;-0.15;0.05;0.00;-0.10;0.18;0.07;0.30;-0.10;0.40;0.29;-0.04;-0.25;-0.15;0.13;0.07;-0.19;-0.21;0.14;0.57;0.76;0.08;-0.25;0.35;-0.46;-0.39;-0.03;-0.25;-0.24;-0.28;-0.39;0.29;0.35;0.30;-0.78;-0.32;-0.31;-0.26;0.22;+1;0;0;0;0

15.83;15.85;15.49;15.63;13367;0.33;-0.43;0.25;0.07;0.11;0.30;0.08;0.09;0.42;-0.38;0.69;-0.19;-0.06;0.05;0.20;-0.15;0.20;0.05;-0.08;-0.87;0.02;0.18;-0.05;-0.15;0.05;0.00;-0.10;0.18;0.07;0.30;-0.10;0.40;0.29;-0.04;-0.25;-0.15;0.13;0.07;-0.19;-0.21;0.14;0.57;0.76;0.08;-0.25;0.35;-0.46;-0.39;-0.03;-0.25;-0.24;-0.28;-0.39;0.29;0.35;0.30;-0.78;-0.32;-0.31;-0.26;+1;0;0;0;0

15.98;16.13;15.62;15.89;15078;0.15;0.33;-0.43;0.25;0.07;0.11;0.30;0.08;0.09;0.42;-0.38;0.69;-0.19;-0.06;0.05;0.20;-0.15;0.20;0.05;-0.08;-0.87;0.02;0.18;-0.05;-0.15;0.05;0.00;-0.10;0.18;0.07;0.30;-0.10;0.40;0.29;-0.04;-0.25;-0.15;0.13;0.07;-0.19;-0.21;0.14;0.57;0.76;0.08;-0.25;0.35;-0.46;-0.39;-0.03;-0.25;-0.24;-0.28;-0.39;0.29;0.35;0.30;-0.78;-0.32;-0.31;+1;0;0;0;0

16.18;16.23;15.93;16.1;18705;0.20;0.15;0.33;-0.43;0.25;0.07;0.11;0.30;0.08;0.09;0.42;-0.38;0.69;-0.19;-0.06;0.05;0.20;-0.15;0.20;0.05;-0.08;-0.87;0.02;0.18;-0.05;-0.15;0.05;0.00;-0.10;0.18;0.07;0.30;-0.10;0.40;0.29;-0.04;-0.25;-0.15;0.13;0.07;-0.19;-0.21;0.14;0.57;0.76;0.08;-0.25;0.35;-0.46;-0.39;-0.03;-0.25;-0.24;-0.28;-0.39;0.29;0.35;0.30;-0.78;-0.32;+1;0;0;0;0

16.6;16.7;15.85;15.91;21992;0.42;0.20;0.15;0.33;-0.43;0.25;0.07;0.11;0.30;0.08;0.09;0.42;-0.38;0.69;-0.19;-0.06;0.05;0.20;-0.15;0.20;0.05;-0.08;-0.87;0.02;0.18;-0.05;-0.15;0.05;0.00;-0.10;0.18;0.07;0.30;-0.10;0.40;0.29;-0.04;-0.25;-0.15;0.13;0.07;-0.19;-0.21;0.14;0.57;0.76;0.08;-0.25;0.35;-0.46;-0.39;-0.03;-0.25;-0.24;-0.28;-0.39;0.29;0.35;0.30;-0.78;+1;0;0;0;0

16.9;17.15;16.51;16.75;17314;0.30;0.42;0.20;0.15;0.33;-0.43;0.25;0.07;0.11;0.30;0.08;0.09;0.42;-0.38;0.69;-0.19;-0.06;0.05;0.20;-0.15;0.20;0.05;-0.08;-0.87;0.02;0.18;-0.05;-0.15;0.05;0.00;-0.10;0.18;0.07;0.30;-0.10;0.40;0.29;-0.04;-0.25;-0.15;0.13;0.07;-0.19;-0.21;0.14;0.57;0.76;0.08;-0.25;0.35;-0.46;-0.39;-0.03;-0.25;-0.24;-0.28;-0.39;0.29;0.35;0.30;+1;0;0;0;0

16.95;17.09;16.67;16.85;13869;0.05;0.30;0.42;0.20;0.15;0.33;-0.43;0.25;0.07;0.11;0.30;0.08;0.09;0.42;-0.38;0.69;-0.19;-0.06;0.05;0.20;-0.15;0.20;0.05;-0.08;-0.87;0.02;0.18;-0.05;-0.15;0.05;0.00;-0.10;0.18;0.07;0.30;-0.10;0.40;0.29;-0.04;-0.25;-0.15;0.13;0.07;-0.19;-0.21;0.14;0.57;0.76;0.08;-0.25;0.35;-0.46;-0.39;-0.03;-0.25;-0.24;-0.28;-0.39;0.29;0.35;-1;0;0;0;0

16.75;17.01;16.52;16.98;12321;-0.20;0.05;0.30;0.42;0.20;0.15;0.33;-0.43;0.25;0.07;0.11;0.30;0.08;0.09;0.42;-0.38;0.69;-0.19;-0.06;0.05;0.20;-0.15;0.20;0.05;-0.08;-0.87;0.02;0.18;-0.05;-0.15;0.05;0.00;-0.10;0.18;0.07;0.30;-0.10;0.40;0.29;-0.04;-0.25;-0.15;0.13;0.07;-0.19;-0.21;0.14;0.57;0.76;0.08;-0.25;0.35;-0.46;-0.39;-0.03;-0.25;-0.24;-0.28;-0.39;0.29;-1;0;0;0;0

16.57;16.79;16.44;16.6;13181;-0.18;-0.20;0.05;0.30;0.42;0.20;0.15;0.33;-0.43;0.25;0.07;0.11;0.30;0.08;0.09;0.42;-0.38;0.69;-0.19;-0.06;0.05;0.20;-0.15;0.20;0.05;-0.08;-0.87;0.02;0.18;-0.05;-0.15;0.05;0.00;-0.10;0.18;0.07;0.30;-0.10;0.40;0.29;-0.04;-0.25;-0.15;0.13;0.07;-0.19;-0.21;0.14;0.57;0.76;0.08;-0.25;0.35;-0.46;-0.39;-0.03;-0.25;-0.24;-0.28;-0.39;+1;0;0;0;0

16.66;16.81;16.47;16.47;7699;0.09;-0.18;-0.20;0.05;0.30;0.42;0.20;0.15;0.33;-0.43;0.25;0.07;0.11;0.30;0.08;0.09;0.42;-0.38;0.69;-0.19;-0.06;0.05;0.20;-0.15;0.20;0.05;-0.08;-0.87;0.02;0.18;-0.05;-0.15;0.05;0.00;-0.10;0.18;0.07;0.30;-0.10;0.40;0.29;-0.04;-0.25;-0.15;0.13;0.07;-0.19;-0.21;0.14;0.57;0.76;0.08;-0.25;0.35;-0.46;-0.39;-0.03;-0.25;-0.24;-0.28;+1;0;0;0;0

16.75;17.01;16.63;16.63;10642;0.09;0.09;-0.18;-0.20;0.05;0.30;0.42;0.20;0.15;0.33;-0.43;0.25;0.07;0.11;0.30;0.08;0.09;0.42;-0.38;0.69;-0.19;-0.06;0.05;0.20;-0.15;0.20;0.05;-0.08;-0.87;0.02;0.18;-0.05;-0.15;0.05;0.00;-0.10;0.18;0.07;0.30;-0.10;0.40;0.29;-0.04;-0.25;-0.15;0.13;0.07;-0.19;-0.21;0.14;0.57;0.76;0.08;-0.25;0.35;-0.46;-0.39;-0.03;-0.25;-0.24;-1;0;0;0;0

16.57;16.83;16.51;16.65;11961;-0.18;0.09;0.09;-0.18;-0.20;0.05;0.30;0.42;0.20;0.15;0.33;-0.43;0.25;0.07;0.11;0.30;0.08;0.09;0.42;-0.38;0.69;-0.19;-0.06;0.05;0.20;-0.15;0.20;0.05;-0.08;-0.87;0.02;0.18;-0.05;-0.15;0.05;0.00;-0.10;0.18;0.07;0.30;-0.10;0.40;0.29;-0.04;-0.25;-0.15;0.13;0.07;-0.19;-0.21;0.14;0.57;0.76;0.08;-0.25;0.35;-0.46;-0.39;-0.03;-0.25;-1;0;0;0;0

15.98;16.36;15.8;16.36;19708;-0.59;-0.18;0.09;0.09;-0.18;-0.20;0.05;0.30;0.42;0.20;0.15;0.33;-0.43;0.25;0.07;0.11;0.30;0.08;0.09;0.42;-0.38;0.69;-0.19;-0.06;0.05;0.20;-0.15;0.20;0.05;-0.08;-0.87;0.02;0.18;-0.05;-0.15;0.05;0.00;-0.10;0.18;0.07;0.30;-0.10;0.40;0.29;-0.04;-0.25;-0.15;0.13;0.07;-0.19;-0.21;0.14;0.57;0.76;0.08;-0.25;0.35;-0.46;-0.39;-0.03;-1;0;0;0;0

15.8;15.98;15.63;15.97;13925;-0.18;-0.59;-0.18;0.09;0.09;-0.18;-0.20;0.05;0.30;0.42;0.20;0.15;0.33;-0.43;0.25;0.07;0.11;0.30;0.08;0.09;0.42;-0.38;0.69;-0.19;-0.06;0.05;0.20;-0.15;0.20;0.05;-0.08;-0.87;0.02;0.18;-0.05;-0.15;0.05;0.00;-0.10;0.18;0.07;0.30;-0.10;0.40;0.29;-0.04;-0.25;-0.15;0.13;0.07;-0.19;-0.21;0.14;0.57;0.76;0.08;-0.25;0.35;-0.46;-0.39;-1;0;0;0;0

15.5;15.93;15.37;15.92;21897;-0.30;-0.18;-0.59;-0.18;0.09;0.09;-0.18;-0.20;0.05;0.30;0.42;0.20;0.15;0.33;-0.43;0.25;0.07;0.11;0.30;0.08;0.09;0.42;-0.38;0.69;-0.19;-0.06;0.05;0.20;-0.15;0.20;0.05;-0.08;-0.87;0.02;0.18;-0.05;-0.15;0.05;0.00;-0.10;0.18;0.07;0.30;-0.10;0.40;0.29;-0.04;-0.25;-0.15;0.13;0.07;-0.19;-0.21;0.14;0.57;0.76;0.08;-0.25;0.35;-0.46;+1;0;0;0;0

15.52;15.74;15.15;15.5;23860;0.02;-0.30;-0.18;-0.59;-0.18;0.09;0.09;-0.18;-0.20;0.05;0.30;0.42;0.20;0.15;0.33;-0.43;0.25;0.07;0.11;0.30;0.08;0.09;0.42;-0.38;0.69;-0.19;-0.06;0.05;0.20;-0.15;0.20;0.05;-0.08;-0.87;0.02;0.18;-0.05;-0.15;0.05;0.00;-0.10;0.18;0.07;0.30;-0.10;0.40;0.29;-0.04;-0.25;-0.15;0.13;0.07;-0.19;-0.21;0.14;0.57;0.76;0.08;-0.25;0.35;+1;0;0;0;0

16.01;16.01;15.6;15.61;32911;0.49;0.02;-0.30;-0.18;-0.59;-0.18;0.09;0.09;-0.18;-0.20;0.05;0.30;0.42;0.20;0.15;0.33;-0.43;0.25;0.07;0.11;0.30;0.08;0.09;0.42;-0.38;0.69;-0.19;-0.06;0.05;0.20;-0.15;0.20;0.05;-0.08;-0.87;0.02;0.18;-0.05;-0.15;0.05;0.00;-0.10;0.18;0.07;0.30;-0.10;0.40;0.29;-0.04;-0.25;-0.15;0.13;0.07;-0.19;-0.21;0.14;0.57;0.76;0.08;-0.25;+1;0;0;0;0

16.44;16.83;16.11;16.11;59566;0.43;0.49;0.02;-0.30;-0.18;-0.59;-0.18;0.09;0.09;-0.18;-0.20;0.05;0.30;0.42;0.20;0.15;0.33;-0.43;0.25;0.07;0.11;0.30;0.08;0.09;0.42;-0.38;0.69;-0.19;-0.06;0.05;0.20;-0.15;0.20;0.05;-0.08;-0.87;0.02;0.18;-0.05;-0.15;0.05;0.00;-0.10;0.18;0.07;0.30;-0.10;0.40;0.29;-0.04;-0.25;-0.15;0.13;0.07;-0.19;-0.21;0.14;0.57;0.76;0.08;+1;0;0;0;0

16.8;16.81;16.01;16.44;33407;0.36;0.43;0.49;0.02;-0.30;-0.18;-0.59;-0.18;0.09;0.09;-0.18;-0.20;0.05;0.30;0.42;0.20;0.15;0.33;-0.43;0.25;0.07;0.11;0.30;0.08;0.09;0.42;-0.38;0.69;-0.19;-0.06;0.05;0.20;-0.15;0.20;0.05;-0.08;-0.87;0.02;0.18;-0.05;-0.15;0.05;0.00;-0.10;0.18;0.07;0.30;-0.10;0.40;0.29;-0.04;-0.25;-0.15;0.13;0.07;-0.19;-0.21;0.14;0.57;0.76;-1;0;0;0;0

16.75;16.87;16.56;16.71;15810;-0.05;0.36;0.43;0.49;0.02;-0.30;-0.18;-0.59;-0.18;0.09;0.09;-0.18;-0.20;0.05;0.30;0.42;0.20;0.15;0.33;-0.43;0.25;0.07;0.11;0.30;0.08;0.09;0.42;-0.38;0.69;-0.19;-0.06;0.05;0.20;-0.15;0.20;0.05;-0.08;-0.87;0.02;0.18;-0.05;-0.15;0.05;0.00;-0.10;0.18;0.07;0.30;-0.10;0.40;0.29;-0.04;-0.25;-0.15;0.13;0.07;-0.19;-0.21;0.14;0.57;-1;0;0;0;0

16.55;16.83;16.35;16.75;19348;-0.20;-0.05;0.36;0.43;0.49;0.02;-0.30;-0.18;-0.59;-0.18;0.09;0.09;-0.18;-0.20;0.05;0.30;0.42;0.20;0.15;0.33;-0.43;0.25;0.07;0.11;0.30;0.08;0.09;0.42;-0.38;0.69;-0.19;-0.06;0.05;0.20;-0.15;0.20;0.05;-0.08;-0.87;0.02;0.18;-0.05;-0.15;0.05;0.00;-0.10;0.18;0.07;0.30;-0.10;0.40;0.29;-0.04;-0.25;-0.15;0.13;0.07;-0.19;-0.21;0.14;-1;0;0;0;0

16.01;16.45;15.8;16.2;22301;-0.54;-0.20;-0.05;0.36;0.43;0.49;0.02;-0.30;-0.18;-0.59;-0.18;0.09;0.09;-0.18;-0.20;0.05;0.30;0.42;0.20;0.15;0.33;-0.43;0.25;0.07;0.11;0.30;0.08;0.09;0.42;-0.38;0.69;-0.19;-0.06;0.05;0.20;-0.15;0.20;0.05;-0.08;-0.87;0.02;0.18;-0.05;-0.15;0.05;0.00;-0.10;0.18;0.07;0.30;-0.10;0.40;0.29;-0.04;-0.25;-0.15;0.13;0.07;-0.19;-0.21;-1;0;0;0;0

15.88;16.1;15.56;15.8;14857;-0.13;-0.54;-0.20;-0.05;0.36;0.43;0.49;0.02;-0.30;-0.18;-0.59;-0.18;0.09;0.09;-0.18;-0.20;0.05;0.30;0.42;0.20;0.15;0.33;-0.43;0.25;0.07;0.11;0.30;0.08;0.09;0.42;-0.38;0.69;-0.19;-0.06;0.05;0.20;-0.15;0.20;0.05;-0.08;-0.87;0.02;0.18;-0.05;-0.15;0.05;0.00;-0.10;0.18;0.07;0.30;-0.10;0.40;0.29;-0.04;-0.25;-0.15;0.13;0.07;-0.19;-1;0;0;0;0

15.7;16.09;15.6;15.93;18063;-0.18;-0.13;-0.54;-0.20;-0.05;0.36;0.43;0.49;0.02;-0.30;-0.18;-0.59;-0.18;0.09;0.09;-0.18;-0.20;0.05;0.30;0.42;0.20;0.15;0.33;-0.43;0.25;0.07;0.11;0.30;0.08;0.09;0.42;-0.38;0.69;-0.19;-0.06;0.05;0.20;-0.15;0.20;0.05;-0.08;-0.87;0.02;0.18;-0.05;-0.15;0.05;0.00;-0.10;0.18;0.07;0.30;-0.10;0.40;0.29;-0.04;-0.25;-0.15;0.13;0.07;+1;0;0;0;0

16.29;16.29;15.79;15.99;13229;0.59;-0.18;-0.13;-0.54;-0.20;-0.05;0.36;0.43;0.49;0.02;-0.30;-0.18;-0.59;-0.18;0.09;0.09;-0.18;-0.20;0.05;0.30;0.42;0.20;0.15;0.33;-0.43;0.25;0.07;0.11;0.30;0.08;0.09;0.42;-0.38;0.69;-0.19;-0.06;0.05;0.20;-0.15;0.20;0.05;-0.08;-0.87;0.02;0.18;-0.05;-0.15;0.05;0.00;-0.10;0.18;0.07;0.30;-0.10;0.40;0.29;-0.04;-0.25;-0.15;0.13;-1;0;0;0;0

15.96;16.37;15.82;16.29;11803;-0.33;0.59;-0.18;-0.13;-0.54;-0.20;-0.05;0.36;0.43;0.49;0.02;-0.30;-0.18;-0.59;-0.18;0.09;0.09;-0.18;-0.20;0.05;0.30;0.42;0.20;0.15;0.33;-0.43;0.25;0.07;0.11;0.30;0.08;0.09;0.42;-0.38;0.69;-0.19;-0.06;0.05;0.20;-0.15;0.20;0.05;-0.08;-0.87;0.02;0.18;-0.05;-0.15;0.05;0.00;-0.10;0.18;0.07;0.30;-0.10;0.40;0.29;-0.04;-0.25;-0.15;+1;0;0;0;0

16.19;16.4;15.75;15.75;32599;0.23;-0.33;0.59;-0.18;-0.13;-0.54;-0.20;-0.05;0.36;0.43;0.49;0.02;-0.30;-0.18;-0.59;-0.18;0.09;0.09;-0.18;-0.20;0.05;0.30;0.42;0.20;0.15;0.33;-0.43;0.25;0.07;0.11;0.30;0.08;0.09;0.42;-0.38;0.69;-0.19;-0.06;0.05;0.20;-0.15;0.20;0.05;-0.08;-0.87;0.02;0.18;-0.05;-0.15;0.05;0.00;-0.10;0.18;0.07;0.30;-0.10;0.40;0.29;-0.04;-0.25;+1;0;0;0;0

16.75;16.77;16.19;16.19;29630;0.56;0.23;-0.33;0.59;-0.18;-0.13;-0.54;-0.20;-0.05;0.36;0.43;0.49;0.02;-0.30;-0.18;-0.59;-0.18;0.09;0.09;-0.18;-0.20;0.05;0.30;0.42;0.20;0.15;0.33;-0.43;0.25;0.07;0.11;0.30;0.08;0.09;0.42;-0.38;0.69;-0.19;-0.06;0.05;0.20;-0.15;0.20;0.05;-0.08;-0.87;0.02;0.18;-0.05;-0.15;0.05;0.00;-0.10;0.18;0.07;0.30;-0.10;0.40;0.29;-0.04;+1;0;0;0;0

16.94;17.01;16.6;16.82;20326;0.19;0.56;0.23;-0.33;0.59;-0.18;-0.13;-0.54;-0.20;-0.05;0.36;0.43;0.49;0.02;-0.30;-0.18;-0.59;-0.18;0.09;0.09;-0.18;-0.20;0.05;0.30;0.42;0.20;0.15;0.33;-0.43;0.25;0.07;0.11;0.30;0.08;0.09;0.42;-0.38;0.69;-0.19;-0.06;0.05;0.20;-0.15;0.20;0.05;-0.08;-0.87;0.02;0.18;-0.05;-0.15;0.05;0.00;-0.10;0.18;0.07;0.30;-0.10;0.40;0.29;-1;0;0;0;0

16.5;17.19;16.5;17.03;14432;-0.44;0.19;0.56;0.23;-0.33;0.59;-0.18;-0.13;-0.54;-0.20;-0.05;0.36;0.43;0.49;0.02;-0.30;-0.18;-0.59;-0.18;0.09;0.09;-0.18;-0.20;0.05;0.30;0.42;0.20;0.15;0.33;-0.43;0.25;0.07;0.11;0.30;0.08;0.09;0.42;-0.38;0.69;-0.19;-0.06;0.05;0.20;-0.15;0.20;0.05;-0.08;-0.87;0.02;0.18;-0.05;-0.15;0.05;0.00;-0.10;0.18;0.07;0.30;-0.10;0.40;-1;0;0;0;0

16.39;16.62;16.3;16.46;5758;-0.11;-0.44;0.19;0.56;0.23;-0.33;0.59;-0.18;-0.13;-0.54;-0.20;-0.05;0.36;0.43;0.49;0.02;-0.30;-0.18;-0.59;-0.18;0.09;0.09;-0.18;-0.20;0.05;0.30;0.42;0.20;0.15;0.33;-0.43;0.25;0.07;0.11;0.30;0.08;0.09;0.42;-0.38;0.69;-0.19;-0.06;0.05;0.20;-0.15;0.20;0.05;-0.08;-0.87;0.02;0.18;-0.05;-0.15;0.05;0.00;-0.10;0.18;0.07;0.30;-0.10;-1;0;0;0;0

16.21;16.48;16.21;16.36;7207;-0.18;-0.11;-0.44;0.19;0.56;0.23;-0.33;0.59;-0.18;-0.13;-0.54;-0.20;-0.05;0.36;0.43;0.49;0.02;-0.30;-0.18;-0.59;-0.18;0.09;0.09;-0.18;-0.20;0.05;0.30;0.42;0.20;0.15;0.33;-0.43;0.25;0.07;0.11;0.30;0.08;0.09;0.42;-0.38;0.69;-0.19;-0.06;0.05;0.20;-0.15;0.20;0.05;-0.08;-0.87;0.02;0.18;-0.05;-0.15;0.05;0.00;-0.10;0.18;0.07;0.30;-1;0;0;0;0

15.99;16.44;15.89;16.35;15831;-0.22;-0.18;-0.11;-0.44;0.19;0.56;0.23;-0.33;0.59;-0.18;-0.13;-0.54;-0.20;-0.05;0.36;0.43;0.49;0.02;-0.30;-0.18;-0.59;-0.18;0.09;0.09;-0.18;-0.20;0.05;0.30;0.42;0.20;0.15;0.33;-0.43;0.25;0.07;0.11;0.30;0.08;0.09;0.42;-0.38;0.69;-0.19;-0.06;0.05;0.20;-0.15;0.20;0.05;-0.08;-0.87;0.02;0.18;-0.05;-0.15;0.05;0.00;-0.10;0.18;0.07;+1;0;0;0;0

16.5;16.5;16.05;16.07;19533;0.51;-0.22;-0.18;-0.11;-0.44;0.19;0.56;0.23;-0.33;0.59;-0.18;-0.13;-0.54;-0.20;-0.05;0.36;0.43;0.49;0.02;-0.30;-0.18;-0.59;-0.18;0.09;0.09;-0.18;-0.20;0.05;0.30;0.42;0.20;0.15;0.33;-0.43;0.25;0.07;0.11;0.30;0.08;0.09;0.42;-0.38;0.69;-0.19;-0.06;0.05;0.20;-0.15;0.20;0.05;-0.08;-0.87;0.02;0.18;-0.05;-0.15;0.05;0.00;-0.10;0.18;+1;0;0;0;0

16.75;16.85;16.44;16.54;12283;0.25;0.51;-0.22;-0.18;-0.11;-0.44;0.19;0.56;0.23;-0.33;0.59;-0.18;-0.13;-0.54;-0.20;-0.05;0.36;0.43;0.49;0.02;-0.30;-0.18;-0.59;-0.18;0.09;0.09;-0.18;-0.20;0.05;0.30;0.42;0.20;0.15;0.33;-0.43;0.25;0.07;0.11;0.30;0.08;0.09;0.42;-0.38;0.69;-0.19;-0.06;0.05;0.20;-0.15;0.20;0.05;-0.08;-0.87;0.02;0.18;-0.05;-0.15;0.05;0.00;-0.10;-1;0;0;0;0

16.7;16.9;16.46;16.84;22027;-0.05;0.25;0.51;-0.22;-0.18;-0.11;-0.44;0.19;0.56;0.23;-0.33;0.59;-0.18;-0.13;-0.54;-0.20;-0.05;0.36;0.43;0.49;0.02;-0.30;-0.18;-0.59;-0.18;0.09;0.09;-0.18;-0.20;0.05;0.30;0.42;0.20;0.15;0.33;-0.43;0.25;0.07;0.11;0.30;0.08;0.09;0.42;-0.38;0.69;-0.19;-0.06;0.05;0.20;-0.15;0.20;0.05;-0.08;-0.87;0.02;0.18;-0.05;-0.15;0.05;0.00;+1;0;0;0;0

16.89;17;16.57;16.59;12274;0.19;-0.05;0.25;0.51;-0.22;-0.18;-0.11;-0.44;0.19;0.56;0.23;-0.33;0.59;-0.18;-0.13;-0.54;-0.20;-0.05;0.36;0.43;0.49;0.02;-0.30;-0.18;-0.59;-0.18;0.09;0.09;-0.18;-0.20;0.05;0.30;0.42;0.20;0.15;0.33;-0.43;0.25;0.07;0.11;0.30;0.08;0.09;0.42;-0.38;0.69;-0.19;-0.06;0.05;0.20;-0.15;0.20;0.05;-0.08;-0.87;0.02;0.18;-0.05;-0.15;0.05;-1;0;0;0;0

16.85;17;16.6;16.81;5571;-0.04;0.19;-0.05;0.25;0.51;-0.22;-0.18;-0.11;-0.44;0.19;0.56;0.23;-0.33;0.59;-0.18;-0.13;-0.54;-0.20;-0.05;0.36;0.43;0.49;0.02;-0.30;-0.18;-0.59;-0.18;0.09;0.09;-0.18;-0.20;0.05;0.30;0.42;0.20;0.15;0.33;-0.43;0.25;0.07;0.11;0.30;0.08;0.09;0.42;-0.38;0.69;-0.19;-0.06;0.05;0.20;-0.15;0.20;0.05;-0.08;-0.87;0.02;0.18;-0.05;-0.15;-1;0;0;0;0

16.7;16.9;16.53;16.85;15464;-0.15;-0.04;0.19;-0.05;0.25;0.51;-0.22;-0.18;-0.11;-0.44;0.19;0.56;0.23;-0.33;0.59;-0.18;-0.13;-0.54;-0.20;-0.05;0.36;0.43;0.49;0.02;-0.30;-0.18;-0.59;-0.18;0.09;0.09;-0.18;-0.20;0.05;0.30;0.42;0.20;0.15;0.33;-0.43;0.25;0.07;0.11;0.30;0.08;0.09;0.42;-0.38;0.69;-0.19;-0.06;0.05;0.20;-0.15;0.20;0.05;-0.08;-0.87;0.02;0.18;-0.05;+1;0;0;0;0

17.14;17.26;16.71;16.71;25647;0.44;-0.15;-0.04;0.19;-0.05;0.25;0.51;-0.22;-0.18;-0.11;-0.44;0.19;0.56;0.23;-0.33;0.59;-0.18;-0.13;-0.54;-0.20;-0.05;0.36;0.43;0.49;0.02;-0.30;-0.18;-0.59;-0.18;0.09;0.09;-0.18;-0.20;0.05;0.30;0.42;0.20;0.15;0.33;-0.43;0.25;0.07;0.11;0.30;0.08;0.09;0.42;-0.38;0.69;-0.19;-0.06;0.05;0.20;-0.15;0.20;0.05;-0.08;-0.87;0.02;0.18;+1;0;0;0;0

17.32;17.48;17.09;17.22;22096;0.18;0.44;-0.15;-0.04;0.19;-0.05;0.25;0.51;-0.22;-0.18;-0.11;-0.44;0.19;0.56;0.23;-0.33;0.59;-0.18;-0.13;-0.54;-0.20;-0.05;0.36;0.43;0.49;0.02;-0.30;-0.18;-0.59;-0.18;0.09;0.09;-0.18;-0.20;0.05;0.30;0.42;0.20;0.15;0.33;-0.43;0.25;0.07;0.11;0.30;0.08;0.09;0.42;-0.38;0.69;-0.19;-0.06;0.05;0.20;-0.15;0.20;0.05;-0.08;-0.87;0.02;+1;0;0;0;0

17.9;17.97;17.21;17.25;36422;0.58;0.18;0.44;-0.15;-0.04;0.19;-0.05;0.25;0.51;-0.22;-0.18;-0.11;-0.44;0.19;0.56;0.23;-0.33;0.59;-0.18;-0.13;-0.54;-0.20;-0.05;0.36;0.43;0.49;0.02;-0.30;-0.18;-0.59;-0.18;0.09;0.09;-0.18;-0.20;0.05;0.30;0.42;0.20;0.15;0.33;-0.43;0.25;0.07;0.11;0.30;0.08;0.09;0.42;-0.38;0.69;-0.19;-0.06;0.05;0.20;-0.15;0.20;0.05;-0.08;-0.87;-1;0;0;0;0

17.58;17.9;16.49;17.69;38813;-0.32;0.58;0.18;0.44;-0.15;-0.04;0.19;-0.05;0.25;0.51;-0.22;-0.18;-0.11;-0.44;0.19;0.56;0.23;-0.33;0.59;-0.18;-0.13;-0.54;-0.20;-0.05;0.36;0.43;0.49;0.02;-0.30;-0.18;-0.59;-0.18;0.09;0.09;-0.18;-0.20;0.05;0.30;0.42;0.20;0.15;0.33;-0.43;0.25;0.07;0.11;0.30;0.08;0.09;0.42;-0.38;0.69;-0.19;-0.06;0.05;0.20;-0.15;0.20;0.05;-0.08;-1;0;0;0;0

17.2;17.94;17.13;17.53;20855;-0.38;-0.32;0.58;0.18;0.44;-0.15;-0.04;0.19;-0.05;0.25;0.51;-0.22;-0.18;-0.11;-0.44;0.19;0.56;0.23;-0.33;0.59;-0.18;-0.13;-0.54;-0.20;-0.05;0.36;0.43;0.49;0.02;-0.30;-0.18;-0.59;-0.18;0.09;0.09;-0.18;-0.20;0.05;0.30;0.42;0.20;0.15;0.33;-0.43;0.25;0.07;0.11;0.30;0.08;0.09;0.42;-0.38;0.69;-0.19;-0.06;0.05;0.20;-0.15;0.20;0.05;+1;0;0;0;0

17.31;17.35;17.05;17.34;12587;0.11;-0.38;-0.32;0.58;0.18;0.44;-0.15;-0.04;0.19;-0.05;0.25;0.51;-0.22;-0.18;-0.11;-0.44;0.19;0.56;0.23;-0.33;0.59;-0.18;-0.13;-0.54;-0.20;-0.05;0.36;0.43;0.49;0.02;-0.30;-0.18;-0.59;-0.18;0.09;0.09;-0.18;-0.20;0.05;0.30;0.42;0.20;0.15;0.33;-0.43;0.25;0.07;0.11;0.30;0.08;0.09;0.42;-0.38;0.69;-0.19;-0.06;0.05;0.20;-0.15;0.20;-1;0;0;0;0

17.25;17.49;17.15;17.42;11871;-0.06;0.11;-0.38;-0.32;0.58;0.18;0.44;-0.15;-0.04;0.19;-0.05;0.25;0.51;-0.22;-0.18;-0.11;-0.44;0.19;0.56;0.23;-0.33;0.59;-0.18;-0.13;-0.54;-0.20;-0.05;0.36;0.43;0.49;0.02;-0.30;-0.18;-0.59;-0.18;0.09;0.09;-0.18;-0.20;0.05;0.30;0.42;0.20;0.15;0.33;-0.43;0.25;0.07;0.11;0.30;0.08;0.09;0.42;-0.38;0.69;-0.19;-0.06;0.05;0.20;-0.15;-1;0;0;0;0

16.95;17.48;16.8;17.25;54571;-0.30;-0.06;0.11;-0.38;-0.32;0.58;0.18;0.44;-0.15;-0.04;0.19;-0.05;0.25;0.51;-0.22;-0.18;-0.11;-0.44;0.19;0.56;0.23;-0.33;0.59;-0.18;-0.13;-0.54;-0.20;-0.05;0.36;0.43;0.49;0.02;-0.30;-0.18;-0.59;-0.18;0.09;0.09;-0.18;-0.20;0.05;0.30;0.42;0.20;0.15;0.33;-0.43;0.25;0.07;0.11;0.30;0.08;0.09;0.42;-0.38;0.69;-0.19;-0.06;0.05;0.20;+1;0;0;0;0

17.11;17.39;16.92;17.08;19243;0.16;-0.30;-0.06;0.11;-0.38;-0.32;0.58;0.18;0.44;-0.15;-0.04;0.19;-0.05;0.25;0.51;-0.22;-0.18;-0.11;-0.44;0.19;0.56;0.23;-0.33;0.59;-0.18;-0.13;-0.54;-0.20;-0.05;0.36;0.43;0.49;0.02;-0.30;-0.18;-0.59;-0.18;0.09;0.09;-0.18;-0.20;0.05;0.30;0.42;0.20;0.15;0.33;-0.43;0.25;0.07;0.11;0.30;0.08;0.09;0.42;-0.38;0.69;-0.19;-0.06;0.05;-1;0;0;0;0

