39.25;-0.454945;0.621978;-0.301099;0.446154;-0.608791;-1;-0.791932;0.299363;0.125265;0.0403397;0.0403397;0.0191083;-0.0658174;0.125265;-0.723992;-0.299363;0.125265;-0.146497;0.944798;-0.273885;-0.214437;0.0615711;-0.639066;0.0700637;-0.244161;-0.685775;0.299363;-0.813163;-0.549894;-0.320594;-0.10828;0.333333;0.129512;-1;0.11811;-0.153543;-0.417323;-0.397638;-0.149606;-0.129921;-0.0629921;0.220472;-0.370079;-0.46063;-0.366142;-0.370079;-0.251968;-0.318898;0.913386;-0.283465;0.326772;2.34664e-008;0.358268;0.464567;0.204724;0.0020202;-0.20404;-0.00606061;-0.167677;-0.115152;-1;0;-1;+1;-1

37.8;-0.894506;-0.454945;0.621978;-0.301099;0.446154;-0.55414;-1;-0.791932;0.299363;0.125265;0.0403397;0.0403397;0.0191083;-0.0658174;0.125265;-0.723992;-0.299363;0.125265;-0.146497;0.944798;-0.273885;-0.214437;0.0615711;-0.639066;0.0700637;-0.244161;-0.685775;0.299363;-0.813163;-0.549894;-0.320594;-0.10828;0.333333;0.192913;-1;0.11811;-0.153543;-0.417323;-0.397638;-0.149606;-0.129921;-0.0629921;0.220472;-0.370079;-0.46063;-0.366142;-0.370079;-0.251968;-0.318898;0.913386;-0.283465;0.326772;2.34664e-008;0.358268;0.464567;0.236364;0.0020202;-0.20404;-0.00606061;-0.167677;-1;0;-1;+1;-1

36.2;-0.96044;-0.894506;-0.454945;0.621978;-0.301099;0.464968;-0.55414;-1;-0.791932;0.299363;0.125265;0.0403397;0.0403397;0.0191083;-0.0658174;0.125265;-0.723992;-0.299363;0.125265;-0.146497;0.944798;-0.273885;-0.214437;0.0615711;-0.639066;0.0700637;-0.244161;-0.685775;0.299363;-0.813163;-0.549894;-0.320594;-0.10828;0.38189;0.192913;-1;0.11811;-0.153543;-0.417323;-0.397638;-0.149606;-0.129921;-0.0629921;0.220472;-0.370079;-0.46063;-0.366142;-0.370079;-0.251968;-0.318898;0.913386;-0.283465;0.326772;2.34664e-008;0.358268;0.50303;0.236364;0.0020202;-0.20404;-0.00606061;+1;0;-1;+1;-1

37.2;0.182418;-0.96044;-0.894506;-0.454945;0.621978;-0.2569;0.464968;-0.55414;-1;-0.791932;0.299363;0.125265;0.0403397;0.0403397;0.0191083;-0.0658174;0.125265;-0.723992;-0.299363;0.125265;-0.146497;0.944798;-0.273885;-0.214437;0.0615711;-0.639066;0.0700637;-0.244161;-0.685775;0.299363;-0.813163;-0.549894;-0.320594;-0.027559;0.38189;0.192913;-1;0.11811;-0.153543;-0.417323;-0.397638;-0.149606;-0.129921;-0.0629921;0.220472;-0.370079;-0.46063;-0.366142;-0.370079;-0.251968;-0.318898;0.913386;-0.283465;0.326772;2.34664e-008;0.393939;0.50303;0.236364;0.0020202;-0.20404;-1;0;+1;+1;-1

36.6;-0.520879;0.182418;-0.96044;-0.894506;-0.454945;0.63482;-0.2569;0.464968;-0.55414;-1;-0.791932;0.299363;0.125265;0.0403397;0.0403397;0.0191083;-0.0658174;0.125265;-0.723992;-0.299363;0.125265;-0.146497;0.944798;-0.273885;-0.214437;0.0615711;-0.639066;0.0700637;-0.244161;-0.685775;0.299363;-0.813163;-0.549894;-0.224409;-0.027559;0.38189;0.192913;-1;0.11811;-0.153543;-0.417323;-0.397638;-0.149606;-0.129921;-0.0629921;0.220472;-0.370079;-0.46063;-0.366142;-0.370079;-0.251968;-0.318898;0.913386;-0.283465;0.326772;0.0262626;0.393939;0.50303;0.236364;0.0020202;+1;0;+1;+1;-1

37.4;0.0945055;-0.520879;0.182418;-0.96044;-0.894506;-0.40552;0.63482;-0.2569;0.464968;-0.55414;-1;-0.791932;0.299363;0.125265;0.0403397;0.0403397;0.0191083;-0.0658174;0.125265;-0.723992;-0.299363;0.125265;-0.146497;0.944798;-0.273885;-0.214437;0.0615711;-0.639066;0.0700637;-0.244161;-0.685775;0.299363;-0.813163;-0.437008;-0.224409;-0.027559;0.38189;0.192913;-1;0.11811;-0.153543;-0.417323;-0.397638;-0.149606;-0.129921;-0.0629921;0.220472;-0.370079;-0.46063;-0.366142;-0.370079;-0.251968;-0.318898;0.913386;-0.283465;0.361616;0.0262626;0.393939;0.50303;0.236364;-1;0;-1;+1;-1

37;-0.432967;0.0945055;-0.520879;0.182418;-0.96044;-0.830149;-0.40552;0.63482;-0.2569;0.464968;-0.55414;-1;-0.791932;0.299363;0.125265;0.0403397;0.0403397;0.0191083;-0.0658174;0.125265;-0.723992;-0.299363;0.125265;-0.146497;0.944798;-0.273885;-0.214437;0.0615711;-0.639066;0.0700637;-0.244161;-0.685775;0.299363;-0.681102;-0.437008;-0.224409;-0.027559;0.38189;0.192913;-1;0.11811;-0.153543;-0.417323;-0.397638;-0.149606;-0.129921;-0.0629921;0.220472;-0.370079;-0.46063;-0.366142;-0.370079;-0.251968;-0.318898;0.913386;-0.264646;0.361616;0.0262626;0.393939;0.50303;-1;0;-1;+1;-1

35.8;-0.784615;-0.432967;0.0945055;-0.520879;0.182418;-0.893843;-0.830149;-0.40552;0.63482;-0.2569;0.464968;-0.55414;-1;-0.791932;0.299363;0.125265;0.0403397;0.0403397;0.0191083;-0.0658174;0.125265;-0.723992;-0.299363;0.125265;-0.146497;0.944798;-0.273885;-0.214437;0.0615711;-0.639066;0.0700637;-0.244161;-0.685775;0.350394;-0.681102;-0.437008;-0.224409;-0.027559;0.38189;0.192913;-1;0.11811;-0.153543;-0.417323;-0.397638;-0.149606;-0.129921;-0.0629921;0.220472;-0.370079;-0.46063;-0.366142;-0.370079;-0.251968;-0.318898;0.963636;-0.264646;0.361616;0.0262626;0.393939;+1;0;+1;+1;-1

36.02;-0.16044;-0.784615;-0.432967;0.0945055;-0.520879;0.210191;-0.893843;-0.830149;-0.40552;0.63482;-0.2569;0.464968;-0.55414;-1;-0.791932;0.299363;0.125265;0.0403397;0.0403397;0.0191083;-0.0658174;0.125265;-0.723992;-0.299363;0.125265;-0.146497;0.944798;-0.273885;-0.214437;0.0615711;-0.639066;0.0700637;-0.244161;-0.562992;0.350394;-0.681102;-0.437008;-0.224409;-0.027559;0.38189;0.192913;-1;0.11811;-0.153543;-0.417323;-0.397638;-0.149606;-0.129921;-0.0629921;0.220472;-0.370079;-0.46063;-0.366142;-0.370079;-0.251968;-0.30101;0.963636;-0.264646;0.361616;0.0262626;-1;0;-1;+1;-1

35;-0.705494;-0.16044;-0.784615;-0.432967;0.0945055;-0.469214;0.210191;-0.893843;-0.830149;-0.40552;0.63482;-0.2569;0.464968;-0.55414;-1;-0.791932;0.299363;0.125265;0.0403397;0.0403397;0.0191083;-0.0658174;0.125265;-0.723992;-0.299363;0.125265;-0.146497;0.944798;-0.273885;-0.214437;0.0615711;-0.639066;0.0700637;-0.153543;-0.562992;0.350394;-0.681102;-0.437008;-0.224409;-0.027559;0.38189;0.192913;-1;0.11811;-0.153543;-0.417323;-0.397638;-0.149606;-0.129921;-0.0629921;0.220472;-0.370079;-0.46063;-0.366142;-0.370079;-0.232323;-0.30101;0.963636;-0.264646;0.361616;+1;0;+1;+1;-1

35.11;-0.208791;-0.705494;-0.16044;-0.784615;-0.432967;0.125265;-0.469214;0.210191;-0.893843;-0.830149;-0.40552;0.63482;-0.2569;0.464968;-0.55414;-1;-0.791932;0.299363;0.125265;0.0403397;0.0403397;0.0191083;-0.0658174;0.125265;-0.723992;-0.299363;0.125265;-0.146497;0.944798;-0.273885;-0.214437;0.0615711;-0.639066;0.137795;-0.153543;-0.562992;0.350394;-0.681102;-0.437008;-0.224409;-0.027559;0.38189;0.192913;-1;0.11811;-0.153543;-0.417323;-0.397638;-0.149606;-0.129921;-0.0629921;0.220472;-0.370079;-0.46063;-0.366142;-0.353535;-0.232323;-0.30101;0.963636;-0.264646;-1;0;-1;+1;-1

34.1;-0.701099;-0.208791;-0.705494;-0.16044;-0.784615;-0.384289;0.125265;-0.469214;0.210191;-0.893843;-0.830149;-0.40552;0.63482;-0.2569;0.464968;-0.55414;-1;-0.791932;0.299363;0.125265;0.0403397;0.0403397;0.0191083;-0.0658174;0.125265;-0.723992;-0.299363;0.125265;-0.146497;0.944798;-0.273885;-0.214437;0.0615711;-0.519685;0.137795;-0.153543;-0.562992;0.350394;-0.681102;-0.437008;-0.224409;-0.027559;0.38189;0.192913;-1;0.11811;-0.153543;-0.417323;-0.397638;-0.149606;-0.129921;-0.0629921;0.220472;-0.370079;-0.46063;-0.349495;-0.353535;-0.232323;-0.30101;0.963636;+1;0;+1;+1;-1

34.3;-0.169231;-0.701099;-0.208791;-0.705494;-0.16044;-0.723992;-0.384289;0.125265;-0.469214;0.210191;-0.893843;-0.830149;-0.40552;0.63482;-0.2569;0.464968;-0.55414;-1;-0.791932;0.299363;0.125265;0.0403397;0.0403397;0.0191083;-0.0658174;0.125265;-0.723992;-0.299363;0.125265;-0.146497;0.944798;-0.273885;-0.214437;0.129921;-0.519685;0.137795;-0.153543;-0.562992;0.350394;-0.681102;-0.437008;-0.224409;-0.027559;0.38189;0.192913;-1;0.11811;-0.153543;-0.417323;-0.397638;-0.149606;-0.129921;-0.0629921;0.220472;-0.370079;-0.446465;-0.349495;-0.353535;-0.232323;-0.30101;+1;0;+1;+1;-1

34.6;-0.125275;-0.169231;-0.701099;-0.208791;-0.705494;-0.121019;-0.723992;-0.384289;0.125265;-0.469214;0.210191;-0.893843;-0.830149;-0.40552;0.63482;-0.2569;0.464968;-0.55414;-1;-0.791932;0.299363;0.125265;0.0403397;0.0403397;0.0191083;-0.0658174;0.125265;-0.723992;-0.299363;0.125265;-0.146497;0.944798;-0.273885;-0.125984;0.129921;-0.519685;0.137795;-0.153543;-0.562992;0.350394;-0.681102;-0.437008;-0.224409;-0.027559;0.38189;0.192913;-1;0.11811;-0.153543;-0.417323;-0.397638;-0.149606;-0.129921;-0.0629921;0.220472;-0.353535;-0.446465;-0.349495;-0.353535;-0.232323;-1;0;-1;+1;-1

33.43;-0.771429;-0.125275;-0.169231;-0.701099;-0.208791;-0.647558;-0.121019;-0.723992;-0.384289;0.125265;-0.469214;0.210191;-0.893843;-0.830149;-0.40552;0.63482;-0.2569;0.464968;-0.55414;-1;-0.791932;0.299363;0.125265;0.0403397;0.0403397;0.0191083;-0.0658174;0.125265;-0.723992;-0.299363;0.125265;-0.146497;0.944798;-0.181102;-0.125984;0.129921;-0.519685;0.137795;-0.153543;-0.562992;0.350394;-0.681102;-0.437008;-0.224409;-0.027559;0.38189;0.192913;-1;0.11811;-0.153543;-0.417323;-0.397638;-0.149606;-0.129921;-0.0629921;0.252525;-0.353535;-0.446465;-0.349495;-0.353535;-1;0;-1;+1;-1

32.5;-0.665934;-0.771429;-0.125275;-0.169231;-0.701099;-0.167728;-0.647558;-0.121019;-0.723992;-0.384289;0.125265;-0.469214;0.210191;-0.893843;-0.830149;-0.40552;0.63482;-0.2569;0.464968;-0.55414;-1;-0.791932;0.299363;0.125265;0.0403397;0.0403397;0.0191083;-0.0658174;0.125265;-0.723992;-0.299363;0.125265;-0.146497;0.948819;-0.181102;-0.125984;0.129921;-0.519685;0.137795;-0.153543;-0.562992;0.350394;-0.681102;-0.437008;-0.224409;-0.027559;0.38189;0.192913;-1;0.11811;-0.153543;-0.417323;-0.397638;-0.149606;-0.129921;-0.0383838;0.252525;-0.353535;-0.446465;-0.349495;-1;0;-1;+1;-1

31.81;-0.56044;-0.665934;-0.771429;-0.125275;-0.169231;-0.643312;-0.167728;-0.647558;-0.121019;-0.723992;-0.384289;0.125265;-0.469214;0.210191;-0.893843;-0.830149;-0.40552;0.63482;-0.2569;0.464968;-0.55414;-1;-0.791932;0.299363;0.125265;0.0403397;0.0403397;0.0191083;-0.0658174;0.125265;-0.723992;-0.299363;0.125265;-0.0629921;0.948819;-0.181102;-0.125984;0.129921;-0.519685;0.137795;-0.153543;-0.562992;0.350394;-0.681102;-0.437008;-0.224409;-0.027559;0.38189;0.192913;-1;0.11811;-0.153543;-0.417323;-0.397638;-0.149606;-0.107071;-0.0383838;0.252525;-0.353535;-0.446465;+1;0;+1;+1;-1

32.7;0.134066;-0.56044;-0.665934;-0.771429;-0.125275;-0.129512;-0.643312;-0.167728;-0.647558;-0.121019;-0.723992;-0.384289;0.125265;-0.469214;0.210191;-0.893843;-0.830149;-0.40552;0.63482;-0.2569;0.464968;-0.55414;-1;-0.791932;0.299363;0.125265;0.0403397;0.0403397;0.0191083;-0.0658174;0.125265;-0.723992;-0.299363;0.188976;-0.0629921;0.948819;-0.181102;-0.125984;0.129921;-0.519685;0.137795;-0.153543;-0.562992;0.350394;-0.681102;-0.437008;-0.224409;-0.027559;0.38189;0.192913;-1;0.11811;-0.153543;-0.417323;-0.397638;-0.127273;-0.107071;-0.0383838;0.252525;-0.353535;-1;0;+1;+1;-1

32.5;-0.345055;0.134066;-0.56044;-0.665934;-0.771429;-0.0870488;-0.129512;-0.643312;-0.167728;-0.647558;-0.121019;-0.723992;-0.384289;0.125265;-0.469214;0.210191;-0.893843;-0.830149;-0.40552;0.63482;-0.2569;0.464968;-0.55414;-1;-0.791932;0.299363;0.125265;0.0403397;0.0403397;0.0191083;-0.0658174;0.125265;-0.723992;-0.204724;0.188976;-0.0629921;0.948819;-0.181102;-0.125984;0.129921;-0.519685;0.137795;-0.153543;-0.562992;0.350394;-0.681102;-0.437008;-0.224409;-0.027559;0.38189;0.192913;-1;0.11811;-0.153543;-0.417323;-0.381818;-0.127273;-0.107071;-0.0383838;0.252525;+1;0;+1;+1;-1

32.55;-0.235165;-0.345055;0.134066;-0.56044;-0.665934;-0.711253;-0.0870488;-0.129512;-0.643312;-0.167728;-0.647558;-0.121019;-0.723992;-0.384289;0.125265;-0.469214;0.210191;-0.893843;-0.830149;-0.40552;0.63482;-0.2569;0.464968;-0.55414;-1;-0.791932;0.299363;0.125265;0.0403397;0.0403397;0.0191083;-0.0658174;0.125265;-0.598425;-0.204724;0.188976;-0.0629921;0.948819;-0.181102;-0.125984;0.129921;-0.519685;0.137795;-0.153543;-0.562992;0.350394;-0.681102;-0.437008;-0.224409;-0.027559;0.38189;0.192913;-1;0.11811;-0.153543;-0.40202;-0.381818;-0.127273;-0.107071;-0.0383838;-1;0;-1;+1;-1

32.02;-0.49011;-0.235165;-0.345055;0.134066;-0.56044;-0.609342;-0.711253;-0.0870488;-0.129512;-0.643312;-0.167728;-0.647558;-0.121019;-0.723992;-0.384289;0.125265;-0.469214;0.210191;-0.893843;-0.830149;-0.40552;0.63482;-0.2569;0.464968;-0.55414;-1;-0.791932;0.299363;0.125265;0.0403397;0.0403397;0.0191083;-0.0658174;0.188976;-0.598425;-0.204724;0.188976;-0.0629921;0.948819;-0.181102;-0.125984;0.129921;-0.519685;0.137795;-0.153543;-0.562992;0.350394;-0.681102;-0.437008;-0.224409;-0.027559;0.38189;0.192913;-1;0.11811;-0.131313;-0.40202;-0.381818;-0.127273;-0.107071;+1;0;+1;+1;-1

32.6;-0.00219777;-0.49011;-0.235165;-0.345055;0.134066;-0.507431;-0.609342;-0.711253;-0.0870488;-0.129512;-0.643312;-0.167728;-0.647558;-0.121019;-0.723992;-0.384289;0.125265;-0.469214;0.210191;-0.893843;-0.830149;-0.40552;0.63482;-0.2569;0.464968;-0.55414;-1;-0.791932;0.299363;0.125265;0.0403397;0.0403397;0.0191083;0.011811;0.188976;-0.598425;-0.204724;0.188976;-0.0629921;0.948819;-0.181102;-0.125984;0.129921;-0.519685;0.137795;-0.153543;-0.562992;0.350394;-0.681102;-0.437008;-0.224409;-0.027559;0.38189;0.192913;-1;0.147475;-0.131313;-0.40202;-0.381818;-0.127273;+1;0;+1;+1;-1

33;-0.0813186;-0.00219777;-0.49011;-0.235165;-0.345055;0.163482;-0.507431;-0.609342;-0.711253;-0.0870488;-0.129512;-0.643312;-0.167728;-0.647558;-0.121019;-0.723992;-0.384289;0.125265;-0.469214;0.210191;-0.893843;-0.830149;-0.40552;0.63482;-0.2569;0.464968;-0.55414;-1;-0.791932;0.299363;0.125265;0.0403397;0.0403397;0.0905512;0.011811;0.188976;-0.598425;-0.204724;0.188976;-0.0629921;0.948819;-0.181102;-0.125984;0.129921;-0.519685;0.137795;-0.153543;-0.562992;0.350394;-0.681102;-0.437008;-0.224409;-0.027559;0.38189;0.192913;-1;0.147475;-0.131313;-0.40202;-0.381818;+1;0;+1;+1;-1

33.5;-0.0373626;-0.0813186;-0.00219777;-0.49011;-0.235165;-0.299363;0.163482;-0.507431;-0.609342;-0.711253;-0.0870488;-0.129512;-0.643312;-0.167728;-0.647558;-0.121019;-0.723992;-0.384289;0.125265;-0.469214;0.210191;-0.893843;-0.830149;-0.40552;0.63482;-0.2569;0.464968;-0.55414;-1;-0.791932;0.299363;0.125265;0.0403397;0.110236;0.0905512;0.011811;0.188976;-0.598425;-0.204724;0.188976;-0.0629921;0.948819;-0.181102;-0.125984;0.129921;-0.519685;0.137795;-0.153543;-0.562992;0.350394;-0.681102;-0.437008;-0.224409;-0.027559;0.38189;0.224242;-1;0.147475;-0.131313;-0.40202;-1;0;-1;+1;-1

32;-0.916483;-0.0373626;-0.0813186;-0.00219777;-0.49011;-0.193206;-0.299363;0.163482;-0.507431;-0.609342;-0.711253;-0.0870488;-0.129512;-0.643312;-0.167728;-0.647558;-0.121019;-0.723992;-0.384289;0.125265;-0.469214;0.210191;-0.893843;-0.830149;-0.40552;0.63482;-0.2569;0.464968;-0.55414;-1;-0.791932;0.299363;0.125265;0.110236;0.110236;0.0905512;0.011811;0.188976;-0.598425;-0.204724;0.188976;-0.0629921;0.948819;-0.181102;-0.125984;0.129921;-0.519685;0.137795;-0.153543;-0.562992;0.350394;-0.681102;-0.437008;-0.224409;-0.027559;0.418182;0.224242;-1;0.147475;-0.131313;+1;0;+1;+1;-1

32.55;-0.0153846;-0.916483;-0.0373626;-0.0813186;-0.00219777;-0.43949;-0.193206;-0.299363;0.163482;-0.507431;-0.609342;-0.711253;-0.0870488;-0.129512;-0.643312;-0.167728;-0.647558;-0.121019;-0.723992;-0.384289;0.125265;-0.469214;0.210191;-0.893843;-0.830149;-0.40552;0.63482;-0.2569;0.464968;-0.55414;-1;-0.791932;0.299363;0.188976;0.110236;0.110236;0.0905512;0.011811;0.188976;-0.598425;-0.204724;0.188976;-0.0629921;0.948819;-0.181102;-0.125984;0.129921;-0.519685;0.137795;-0.153543;-0.562992;0.350394;-0.681102;-0.437008;-0.224409;-0.0020202;0.418182;0.224242;-1;0.147475;-1;0;+1;+1;-1

31.97;-0.512088;-0.0153846;-0.916483;-0.0373626;-0.0813186;0.0318472;-0.43949;-0.193206;-0.299363;0.163482;-0.507431;-0.609342;-0.711253;-0.0870488;-0.129512;-0.643312;-0.167728;-0.647558;-0.121019;-0.723992;-0.384289;0.125265;-0.469214;0.210191;-0.893843;-0.830149;-0.40552;0.63482;-0.2569;0.464968;-0.55414;-1;-0.791932;0.350394;0.188976;0.110236;0.110236;0.0905512;0.011811;0.188976;-0.598425;-0.204724;0.188976;-0.0629921;0.948819;-0.181102;-0.125984;0.129921;-0.519685;0.137795;-0.153543;-0.562992;0.350394;-0.681102;-0.437008;-0.20404;-0.0020202;0.418182;0.224242;-1;+1;0;+1;+1;-1

32;-0.243956;-0.512088;-0.0153846;-0.916483;-0.0373626;-0.044586;0.0318472;-0.43949;-0.193206;-0.299363;0.163482;-0.507431;-0.609342;-0.711253;-0.0870488;-0.129512;-0.643312;-0.167728;-0.647558;-0.121019;-0.723992;-0.384289;0.125265;-0.469214;0.210191;-0.893843;-0.830149;-0.40552;0.63482;-0.2569;0.464968;-0.55414;-1;-0.661417;0.350394;0.188976;0.110236;0.110236;0.0905512;0.011811;0.188976;-0.598425;-0.204724;0.188976;-0.0629921;0.948819;-0.181102;-0.125984;0.129921;-0.519685;0.137795;-0.153543;-0.562992;0.350394;-0.681102;-0.422222;-0.20404;-0.0020202;0.418182;0.224242;-1;0;-1;+1;-1

31.42;-0.512088;-0.243956;-0.512088;-0.0153846;-0.916483;-0.00212311;-0.044586;0.0318472;-0.43949;-0.193206;-0.299363;0.163482;-0.507431;-0.609342;-0.711253;-0.0870488;-0.129512;-0.643312;-0.167728;-0.647558;-0.121019;-0.723992;-0.384289;0.125265;-0.469214;0.210191;-0.893843;-0.830149;-0.40552;0.63482;-0.2569;0.464968;-0.55414;-0.854331;-0.661417;0.350394;0.188976;0.110236;0.110236;0.0905512;0.011811;0.188976;-0.598425;-0.204724;0.188976;-0.0629921;0.948819;-0.181102;-0.125984;0.129921;-0.519685;0.137795;-0.153543;-0.562992;0.350394;-0.672727;-0.422222;-0.20404;-0.0020202;0.418182;-1;0;-1;+1;-1

29.9;-0.925275;-0.512088;-0.243956;-0.512088;-0.0153846;-0.85138;-0.00212311;-0.044586;0.0318472;-0.43949;-0.193206;-0.299363;0.163482;-0.507431;-0.609342;-0.711253;-0.0870488;-0.129512;-0.643312;-0.167728;-0.647558;-0.121019;-0.723992;-0.384289;0.125265;-0.469214;0.210191;-0.893843;-0.830149;-0.40552;0.63482;-0.2569;0.464968;-0.440945;-0.854331;-0.661417;0.350394;0.188976;0.110236;0.110236;0.0905512;0.011811;0.188976;-0.598425;-0.204724;0.188976;-0.0629921;0.948819;-0.181102;-0.125984;0.129921;-0.519685;0.137795;-0.153543;-0.562992;0.385859;-0.672727;-0.422222;-0.20404;-0.0020202;-1;0;-1;+1;-1

29.9;-0.257143;-0.925275;-0.512088;-0.243956;-0.512088;0.0191083;-0.85138;-0.00212311;-0.044586;0.0318472;-0.43949;-0.193206;-0.299363;0.163482;-0.507431;-0.609342;-0.711253;-0.0870488;-0.129512;-0.643312;-0.167728;-0.647558;-0.121019;-0.723992;-0.384289;0.125265;-0.469214;0.210191;-0.893843;-0.830149;-0.40552;0.63482;-0.2569;0.503937;-0.440945;-0.854331;-0.661417;0.350394;0.188976;0.110236;0.110236;0.0905512;0.011811;0.188976;-0.598425;-0.204724;0.188976;-0.0629921;0.948819;-0.181102;-0.125984;0.129921;-0.519685;0.137795;-0.153543;-0.551515;0.385859;-0.672727;-0.422222;-0.20404;+1;0;+1;+1;-1

30;-0.213187;-0.257143;-0.925275;-0.512088;-0.243956;-0.460722;0.0191083;-0.85138;-0.00212311;-0.044586;0.0318472;-0.43949;-0.193206;-0.299363;0.163482;-0.507431;-0.609342;-0.711253;-0.0870488;-0.129512;-0.643312;-0.167728;-0.647558;-0.121019;-0.723992;-0.384289;0.125265;-0.469214;0.210191;-0.893843;-0.830149;-0.40552;0.63482;-0.165354;0.503937;-0.440945;-0.854331;-0.661417;0.350394;0.188976;0.110236;0.110236;0.0905512;0.011811;0.188976;-0.598425;-0.204724;0.188976;-0.0629921;0.948819;-0.181102;-0.125984;0.129921;-0.519685;0.137795;-0.131313;-0.551515;0.385859;-0.672727;-0.422222;+1;0;+1;+1;-1

32.1;0.665934;-0.213187;-0.257143;-0.925275;-0.512088;-0.201698;-0.460722;0.0191083;-0.85138;-0.00212311;-0.044586;0.0318472;-0.43949;-0.193206;-0.299363;0.163482;-0.507431;-0.609342;-0.711253;-0.0870488;-0.129512;-0.643312;-0.167728;-0.647558;-0.121019;-0.723992;-0.384289;0.125265;-0.469214;0.210191;-0.893843;-0.830149;-0.40552;0.661417;-0.165354;0.503937;-0.440945;-0.854331;-0.661417;0.350394;0.188976;0.110236;0.110236;0.0905512;0.011811;0.188976;-0.598425;-0.204724;0.188976;-0.0629921;0.948819;-0.181102;-0.125984;0.129921;-0.519685;0.167677;-0.131313;-0.551515;0.385859;-0.672727;-1;0;-1;+1;-1

32;-0.301099;0.665934;-0.213187;-0.257143;-0.925275;-0.460722;-0.201698;-0.460722;0.0191083;-0.85138;-0.00212311;-0.044586;0.0318472;-0.43949;-0.193206;-0.299363;0.163482;-0.507431;-0.609342;-0.711253;-0.0870488;-0.129512;-0.643312;-0.167728;-0.647558;-0.121019;-0.723992;-0.384289;0.125265;-0.469214;0.210191;-0.893843;-0.830149;-0.30315;0.661417;-0.165354;0.503937;-0.440945;-0.854331;-0.661417;0.350394;0.188976;0.110236;0.110236;0.0905512;0.011811;0.188976;-0.598425;-0.204724;0.188976;-0.0629921;0.948819;-0.181102;-0.125984;0.129921;-0.507071;0.167677;-0.131313;-0.551515;0.385859;-1;0;+1;+1;-1

31;-0.696703;-0.301099;0.665934;-0.213187;-0.257143;-0.859873;-0.460722;-0.201698;-0.460722;0.0191083;-0.85138;-0.00212311;-0.044586;0.0318472;-0.43949;-0.193206;-0.299363;0.163482;-0.507431;-0.609342;-0.711253;-0.0870488;-0.129512;-0.643312;-0.167728;-0.647558;-0.121019;-0.723992;-0.384289;0.125265;-0.469214;0.210191;-0.893843;-0.69685;-0.30315;0.661417;-0.165354;0.503937;-0.440945;-0.854331;-0.661417;0.350394;0.188976;0.110236;0.110236;0.0905512;0.011811;0.188976;-0.598425;-0.204724;0.188976;-0.0629921;0.948819;-0.181102;-0.125984;0.159596;-0.507071;0.167677;-0.131313;-0.551515;-1;0;-1;+1;-1

30.21;-0.604396;-0.696703;-0.301099;0.665934;-0.213187;-0.214437;-0.859873;-0.460722;-0.201698;-0.460722;0.0191083;-0.85138;-0.00212311;-0.044586;0.0318472;-0.43949;-0.193206;-0.299363;0.163482;-0.507431;-0.609342;-0.711253;-0.0870488;-0.129512;-0.643312;-0.167728;-0.647558;-0.121019;-0.723992;-0.384289;0.125265;-0.469214;0.210191;-0.755906;-0.69685;-0.30315;0.661417;-0.165354;0.503937;-0.440945;-0.854331;-0.661417;0.350394;0.188976;0.110236;0.110236;0.0905512;0.011811;0.188976;-0.598425;-0.204724;0.188976;-0.0629921;0.948819;-0.181102;-0.10303;0.159596;-0.507071;0.167677;-0.131313;+1;0;-1;+1;-1

30.71;-0.0373626;-0.604396;-0.696703;-0.301099;0.665934;-0.171974;-0.214437;-0.859873;-0.460722;-0.201698;-0.460722;0.0191083;-0.85138;-0.00212311;-0.044586;0.0318472;-0.43949;-0.193206;-0.299363;0.163482;-0.507431;-0.609342;-0.711253;-0.0870488;-0.129512;-0.643312;-0.167728;-0.647558;-0.121019;-0.723992;-0.384289;0.125265;-0.469214;0.267717;-0.755906;-0.69685;-0.30315;0.661417;-0.165354;0.503937;-0.440945;-0.854331;-0.661417;0.350394;0.188976;0.110236;0.110236;0.0905512;0.011811;0.188976;-0.598425;-0.204724;0.188976;-0.0629921;0.948819;-0.159596;-0.10303;0.159596;-0.507071;0.167677;-1;0;-1;+1;-1

30;-0.569231;-0.0373626;-0.604396;-0.696703;-0.301099;0.677282;-0.171974;-0.214437;-0.859873;-0.460722;-0.201698;-0.460722;0.0191083;-0.85138;-0.00212311;-0.044586;0.0318472;-0.43949;-0.193206;-0.299363;0.163482;-0.507431;-0.609342;-0.711253;-0.0870488;-0.129512;-0.643312;-0.167728;-0.647558;-0.121019;-0.723992;-0.384289;0.125265;-0.362205;0.267717;-0.755906;-0.69685;-0.30315;0.661417;-0.165354;0.503937;-0.440945;-0.854331;-0.661417;0.350394;0.188976;0.110236;0.110236;0.0905512;0.011811;0.188976;-0.598425;-0.204724;0.188976;-0.0629921;1;-0.159596;-0.10303;0.159596;-0.507071;+1;0;+1;+1;-1

30.5;-0.0373626;-0.569231;-0.0373626;-0.604396;-0.696703;-0.2569;0.677282;-0.171974;-0.214437;-0.859873;-0.460722;-0.201698;-0.460722;0.0191083;-0.85138;-0.00212311;-0.044586;0.0318472;-0.43949;-0.193206;-0.299363;0.163482;-0.507431;-0.609342;-0.711253;-0.0870488;-0.129512;-0.643312;-0.167728;-0.647558;-0.121019;-0.723992;-0.384289;0.188976;-0.362205;0.267717;-0.755906;-0.69685;-0.30315;0.661417;-0.165354;0.503937;-0.440945;-0.854331;-0.661417;0.350394;0.188976;0.110236;0.110236;0.0905512;0.011811;0.188976;-0.598425;-0.204724;0.188976;-0.0383838;1;-0.159596;-0.10303;0.159596;+1;0;+1;+1;-1

31.41;0.142857;-0.0373626;-0.569231;-0.0373626;-0.604396;-0.639066;-0.2569;0.677282;-0.171974;-0.214437;-0.859873;-0.460722;-0.201698;-0.460722;0.0191083;-0.85138;-0.00212311;-0.044586;0.0318472;-0.43949;-0.193206;-0.299363;0.163482;-0.507431;-0.609342;-0.711253;-0.0870488;-0.129512;-0.643312;-0.167728;-0.647558;-0.121019;-0.723992;-0.283465;0.188976;-0.362205;0.267717;-0.755906;-0.69685;-0.30315;0.661417;-0.165354;0.503937;-0.440945;-0.854331;-0.661417;0.350394;0.188976;0.110236;0.110236;0.0905512;0.011811;0.188976;-0.598425;-0.204724;0.220202;-0.0383838;1;-0.159596;-0.10303;+1;0;+1;+1;-1

32;0.00219783;0.142857;-0.0373626;-0.569231;-0.0373626;-0.549894;-0.639066;-0.2569;0.677282;-0.171974;-0.214437;-0.859873;-0.460722;-0.201698;-0.460722;0.0191083;-0.85138;-0.00212311;-0.044586;0.0318472;-0.43949;-0.193206;-0.299363;0.163482;-0.507431;-0.609342;-0.711253;-0.0870488;-0.129512;-0.643312;-0.167728;-0.647558;-0.121019;-0.598425;-0.283465;0.188976;-0.362205;0.267717;-0.755906;-0.69685;-0.30315;0.661417;-0.165354;0.503937;-0.440945;-0.854331;-0.661417;0.350394;0.188976;0.110236;0.110236;0.0905512;0.011811;0.188976;-0.598425;-0.183838;0.220202;-0.0383838;1;-0.159596;-1;0;-1;+1;-1

31.9;-0.301099;0.00219783;0.142857;-0.0373626;-0.569231;-0.00212311;-0.549894;-0.639066;-0.2569;0.677282;-0.171974;-0.214437;-0.859873;-0.460722;-0.201698;-0.460722;0.0191083;-0.85138;-0.00212311;-0.044586;0.0318472;-0.43949;-0.193206;-0.299363;0.163482;-0.507431;-0.609342;-0.711253;-0.0870488;-0.129512;-0.643312;-0.167728;-0.647558;-0.0393701;-0.598425;-0.283465;0.188976;-0.362205;0.267717;-0.755906;-0.69685;-0.30315;0.661417;-0.165354;0.503937;-0.440945;-0.854331;-0.661417;0.350394;0.188976;0.110236;0.110236;0.0905512;0.011811;0.188976;-0.587879;-0.183838;0.220202;-0.0383838;1;+1;0;+1;+1;-1

32.21;-0.120879;-0.301099;0.00219783;0.142857;-0.0373626;-0.515924;-0.00212311;-0.549894;-0.639066;-0.2569;0.677282;-0.171974;-0.214437;-0.859873;-0.460722;-0.201698;-0.460722;0.0191083;-0.85138;-0.00212311;-0.044586;0.0318472;-0.43949;-0.193206;-0.299363;0.163482;-0.507431;-0.609342;-0.711253;-0.0870488;-0.129512;-0.643312;-0.167728;-0.527559;-0.0393701;-0.598425;-0.283465;0.188976;-0.362205;0.267717;-0.755906;-0.69685;-0.30315;0.661417;-0.165354;0.503937;-0.440945;-0.854331;-0.661417;0.350394;0.188976;0.110236;0.110236;0.0905512;0.011811;0.220202;-0.587879;-0.183838;0.220202;-0.0383838;-1;0;-1;+1;-1

32.01;-0.345055;-0.120879;-0.301099;0.00219783;0.142857;-0.00212311;-0.515924;-0.00212311;-0.549894;-0.639066;-0.2569;0.677282;-0.171974;-0.214437;-0.859873;-0.460722;-0.201698;-0.460722;0.0191083;-0.85138;-0.00212311;-0.044586;0.0318472;-0.43949;-0.193206;-0.299363;0.163482;-0.507431;-0.609342;-0.711253;-0.0870488;-0.129512;-0.643312;-0.0826771;-0.527559;-0.0393701;-0.598425;-0.283465;0.188976;-0.362205;0.267717;-0.755906;-0.69685;-0.30315;0.661417;-0.165354;0.503937;-0.440945;-0.854331;-0.661417;0.350394;0.188976;0.110236;0.110236;0.0905512;0.0383838;0.220202;-0.587879;-0.183838;0.220202;+1;0;+1;+1;-1

32.2;-0.173626;-0.345055;-0.120879;-0.301099;0.00219783;0.171975;-0.00212311;-0.515924;-0.00212311;-0.549894;-0.639066;-0.2569;0.677282;-0.171974;-0.214437;-0.859873;-0.460722;-0.201698;-0.460722;0.0191083;-0.85138;-0.00212311;-0.044586;0.0318472;-0.43949;-0.193206;-0.299363;0.163482;-0.507431;-0.609342;-0.711253;-0.0870488;-0.129512;-0.523622;-0.0826771;-0.527559;-0.0393701;-0.598425;-0.283465;0.188976;-0.362205;0.267717;-0.755906;-0.69685;-0.30315;0.661417;-0.165354;0.503937;-0.440945;-0.854331;-0.661417;0.350394;0.188976;0.110236;0.110236;0.119192;0.0383838;0.220202;-0.587879;-0.183838;+1;0;+1;+1;-1

32.4;-0.169231;-0.173626;-0.345055;-0.120879;-0.301099;0.0360934;0.171975;-0.00212311;-0.515924;-0.00212311;-0.549894;-0.639066;-0.2569;0.677282;-0.171974;-0.214437;-0.859873;-0.460722;-0.201698;-0.460722;0.0191083;-0.85138;-0.00212311;-0.044586;0.0318472;-0.43949;-0.193206;-0.299363;0.163482;-0.507431;-0.609342;-0.711253;-0.0870488;-0.0472441;-0.523622;-0.0826771;-0.527559;-0.0393701;-0.598425;-0.283465;0.188976;-0.362205;0.267717;-0.755906;-0.69685;-0.30315;0.661417;-0.165354;0.503937;-0.440945;-0.854331;-0.661417;0.350394;0.188976;0.110236;0.139394;0.119192;0.0383838;0.220202;-0.587879;+1;0;+1;+1;-1

33;0.00659345;-0.169231;-0.173626;-0.345055;-0.120879;-0.2569;0.0360934;0.171975;-0.00212311;-0.515924;-0.00212311;-0.549894;-0.639066;-0.2569;0.677282;-0.171974;-0.214437;-0.859873;-0.460722;-0.201698;-0.460722;0.0191083;-0.85138;-0.00212311;-0.044586;0.0318472;-0.43949;-0.193206;-0.299363;0.163482;-0.507431;-0.609342;-0.711253;-0.00787398;-0.0472441;-0.523622;-0.0826771;-0.527559;-0.0393701;-0.598425;-0.283465;0.188976;-0.362205;0.267717;-0.755906;-0.69685;-0.30315;0.661417;-0.165354;0.503937;-0.440945;-0.854331;-0.661417;0.350394;0.188976;0.139394;0.139394;0.119192;0.0383838;0.220202;+1;0;+1;+1;-1

35;0.621978;0.00659345;-0.169231;-0.173626;-0.345055;-0.0828025;-0.2569;0.0360934;0.171975;-0.00212311;-0.515924;-0.00212311;-0.549894;-0.639066;-0.2569;0.677282;-0.171974;-0.214437;-0.859873;-0.460722;-0.201698;-0.460722;0.0191083;-0.85138;-0.00212311;-0.044586;0.0318472;-0.43949;-0.193206;-0.299363;0.163482;-0.507431;-0.609342;-0.586614;-0.00787398;-0.0472441;-0.523622;-0.0826771;-0.527559;-0.0393701;-0.598425;-0.283465;0.188976;-0.362205;0.267717;-0.755906;-0.69685;-0.30315;0.661417;-0.165354;0.503937;-0.440945;-0.854331;-0.661417;0.350394;0.220202;0.139394;0.139394;0.119192;0.0383838;-1;0;-1;+1;-1

35;-0.257143;0.621978;0.00659345;-0.169231;-0.173626;-0.299363;-0.0828025;-0.2569;0.0360934;0.171975;-0.00212311;-0.515924;-0.00212311;-0.549894;-0.639066;-0.2569;0.677282;-0.171974;-0.214437;-0.859873;-0.460722;-0.201698;-0.460722;0.0191083;-0.85138;-0.00212311;-0.044586;0.0318472;-0.43949;-0.193206;-0.299363;0.163482;-0.507431;-0.492126;-0.586614;-0.00787398;-0.0472441;-0.523622;-0.0826771;-0.527559;-0.0393701;-0.598425;-0.283465;0.188976;-0.362205;0.267717;-0.755906;-0.69685;-0.30315;0.661417;-0.165354;0.503937;-0.440945;-0.854331;-0.661417;0.385859;0.220202;0.139394;0.139394;0.119192;+1;0;-1;+1;-1

35.11;-0.208791;-0.257143;0.621978;0.00659345;-0.169231;-0.133758;-0.299363;-0.0828025;-0.2569;0.0360934;0.171975;-0.00212311;-0.515924;-0.00212311;-0.549894;-0.639066;-0.2569;0.677282;-0.171974;-0.214437;-0.859873;-0.460722;-0.201698;-0.460722;0.0191083;-0.85138;-0.00212311;-0.044586;0.0318472;-0.43949;-0.193206;-0.299363;0.163482;-0.397638;-0.492126;-0.586614;-0.00787398;-0.0472441;-0.523622;-0.0826771;-0.527559;-0.0393701;-0.598425;-0.283465;0.188976;-0.362205;0.267717;-0.755906;-0.69685;-0.30315;0.661417;-0.165354;0.503937;-0.440945;-0.854331;-0.652525;0.385859;0.220202;0.139394;0.139394;-1;0;-1;+1;-1

34.56;-0.498901;-0.208791;-0.257143;0.621978;0.00659345;-0.129512;-0.133758;-0.299363;-0.0828025;-0.2569;0.0360934;0.171975;-0.00212311;-0.515924;-0.00212311;-0.549894;-0.639066;-0.2569;0.677282;-0.171974;-0.214437;-0.859873;-0.460722;-0.201698;-0.460722;0.0191083;-0.85138;-0.00212311;-0.044586;0.0318472;-0.43949;-0.193206;-0.299363;0.224409;-0.397638;-0.492126;-0.586614;-0.00787398;-0.0472441;-0.523622;-0.0826771;-0.527559;-0.0393701;-0.598425;-0.283465;0.188976;-0.362205;0.267717;-0.755906;-0.69685;-0.30315;0.661417;-0.165354;0.503937;-0.440945;-0.850505;-0.652525;0.385859;0.220202;0.139394;-1;0;-1;+1;-1

34.25;-0.393407;-0.498901;-0.208791;-0.257143;0.621978;0.0403397;-0.129512;-0.133758;-0.299363;-0.0828025;-0.2569;0.0360934;0.171975;-0.00212311;-0.515924;-0.00212311;-0.549894;-0.639066;-0.2569;0.677282;-0.171974;-0.214437;-0.859873;-0.460722;-0.201698;-0.460722;0.0191083;-0.85138;-0.00212311;-0.044586;0.0318472;-0.43949;-0.193206;-0.204724;0.224409;-0.397638;-0.492126;-0.586614;-0.00787398;-0.0472441;-0.523622;-0.0826771;-0.527559;-0.0393701;-0.598425;-0.283465;0.188976;-0.362205;0.267717;-0.755906;-0.69685;-0.30315;0.661417;-0.165354;0.503937;-0.426263;-0.850505;-0.652525;0.385859;0.220202;+1;0;+1;+1;-1

37.11;1;-0.393407;-0.498901;-0.208791;-0.257143;0.63482;0.0403397;-0.129512;-0.133758;-0.299363;-0.0828025;-0.2569;0.0360934;0.171975;-0.00212311;-0.515924;-0.00212311;-0.549894;-0.639066;-0.2569;0.677282;-0.171974;-0.214437;-0.859873;-0.460722;-0.201698;-0.460722;0.0191083;-0.85138;-0.00212311;-0.044586;0.0318472;-0.43949;-0.106299;-0.204724;0.224409;-0.397638;-0.492126;-0.586614;-0.00787398;-0.0472441;-0.523622;-0.0826771;-0.527559;-0.0393701;-0.598425;-0.283465;0.188976;-0.362205;0.267717;-0.755906;-0.69685;-0.30315;0.661417;-0.165354;0.543434;-0.426263;-0.850505;-0.652525;0.385859;-1;0;-1;+1;-1

35.9;-0.789011;1;-0.393407;-0.498901;-0.208791;-0.214437;0.63482;0.0403397;-0.129512;-0.133758;-0.299363;-0.0828025;-0.2569;0.0360934;0.171975;-0.00212311;-0.515924;-0.00212311;-0.549894;-0.639066;-0.2569;0.677282;-0.171974;-0.214437;-0.859873;-0.460722;-0.201698;-0.460722;0.0191083;-0.85138;-0.00212311;-0.044586;0.0318472;-0.334646;-0.106299;-0.204724;0.224409;-0.397638;-0.492126;-0.586614;-0.00787398;-0.0472441;-0.523622;-0.0826771;-0.527559;-0.0393701;-0.598425;-0.283465;0.188976;-0.362205;0.267717;-0.755906;-0.69685;-0.30315;0.661417;-0.143434;0.543434;-0.426263;-0.850505;-0.652525;+1;0;+1;+1;-1

36.6;0.0505495;-0.789011;1;-0.393407;-0.498901;-0.167728;-0.214437;0.63482;0.0403397;-0.129512;-0.133758;-0.299363;-0.0828025;-0.2569;0.0360934;0.171975;-0.00212311;-0.515924;-0.00212311;-0.549894;-0.639066;-0.2569;0.677282;-0.171974;-0.214437;-0.859873;-0.460722;-0.201698;-0.460722;0.0191083;-0.85138;-0.00212311;-0.044586;0.102362;-0.334646;-0.106299;-0.204724;0.224409;-0.397638;-0.492126;-0.586614;-0.00787398;-0.0472441;-0.523622;-0.0826771;-0.527559;-0.0393701;-0.598425;-0.283465;0.188976;-0.362205;0.267717;-0.755906;-0.69685;-0.30315;0.705051;-0.143434;0.543434;-0.426263;-0.850505;-1;0;-1;+1;-1

35.83;-0.595604;0.0505495;-0.789011;1;-0.393407;-0.447983;-0.167728;-0.214437;0.63482;0.0403397;-0.129512;-0.133758;-0.299363;-0.0828025;-0.2569;0.0360934;0.171975;-0.00212311;-0.515924;-0.00212311;-0.549894;-0.639066;-0.2569;0.677282;-0.171974;-0.214437;-0.859873;-0.460722;-0.201698;-0.460722;0.0191083;-0.85138;-0.00212311;0.0314961;0.102362;-0.334646;-0.106299;-0.204724;0.224409;-0.397638;-0.492126;-0.586614;-0.00787398;-0.0472441;-0.523622;-0.0826771;-0.527559;-0.0393701;-0.598425;-0.283465;0.188976;-0.362205;0.267717;-0.755906;-0.69685;-0.284848;0.705051;-0.143434;0.543434;-0.426263;-1;0;-1;+1;-1

35.6;-0.358242;-0.595604;0.0505495;-0.789011;1;-0.346072;-0.447983;-0.167728;-0.214437;0.63482;0.0403397;-0.129512;-0.133758;-0.299363;-0.0828025;-0.2569;0.0360934;0.171975;-0.00212311;-0.515924;-0.00212311;-0.549894;-0.639066;-0.2569;0.677282;-0.171974;-0.214437;-0.859873;-0.460722;-0.201698;-0.460722;0.0191083;-0.85138;0.0708662;0.0314961;0.102362;-0.334646;-0.106299;-0.204724;0.224409;-0.397638;-0.492126;-0.586614;-0.00787398;-0.0472441;-0.523622;-0.0826771;-0.527559;-0.0393701;-0.598425;-0.283465;0.188976;-0.362205;0.267717;-0.755906;-0.688889;-0.284848;0.705051;-0.143434;0.543434;+1;0;+1;+1;-1

35.8;-0.169231;-0.358242;-0.595604;0.0505495;-0.789011;1;-0.346072;-0.447983;-0.167728;-0.214437;0.63482;0.0403397;-0.129512;-0.133758;-0.299363;-0.0828025;-0.2569;0.0360934;0.171975;-0.00212311;-0.515924;-0.00212311;-0.549894;-0.639066;-0.2569;0.677282;-0.171974;-0.214437;-0.859873;-0.460722;-0.201698;-0.460722;0.0191083;-0.716535;0.0708662;0.0314961;0.102362;-0.334646;-0.106299;-0.204724;0.224409;-0.397638;-0.492126;-0.586614;-0.00787398;-0.0472441;-0.523622;-0.0826771;-0.527559;-0.0393701;-0.598425;-0.283465;0.188976;-0.362205;0.267717;-0.749495;-0.688889;-0.284848;0.705051;-0.143434;-1;0;-1;+1;-1

35.8;-0.257143;-0.169231;-0.358242;-0.595604;0.0505495;-0.728238;1;-0.346072;-0.447983;-0.167728;-0.214437;0.63482;0.0403397;-0.129512;-0.133758;-0.299363;-0.0828025;-0.2569;0.0360934;0.171975;-0.00212311;-0.515924;-0.00212311;-0.549894;-0.639066;-0.2569;0.677282;-0.171974;-0.214437;-0.859873;-0.460722;-0.201698;-0.460722;0.0905512;-0.716535;0.0708662;0.0314961;0.102362;-0.334646;-0.106299;-0.204724;0.224409;-0.397638;-0.492126;-0.586614;-0.00787398;-0.0472441;-0.523622;-0.0826771;-0.527559;-0.0393701;-0.598425;-0.283465;0.188976;-0.362205;0.30101;-0.749495;-0.688889;-0.284848;0.705051;-1;0;-1;+1;-1

35.69;-0.305494;-0.257143;-0.169231;-0.358242;-0.595604;0.0828026;-0.728238;1;-0.346072;-0.447983;-0.167728;-0.214437;0.63482;0.0403397;-0.129512;-0.133758;-0.299363;-0.0828025;-0.2569;0.0360934;0.171975;-0.00212311;-0.515924;-0.00212311;-0.549894;-0.639066;-0.2569;0.677282;-0.171974;-0.214437;-0.859873;-0.460722;-0.201698;-0.354331;0.0905512;-0.716535;0.0708662;0.0314961;0.102362;-0.334646;-0.106299;-0.204724;0.224409;-0.397638;-0.492126;-0.586614;-0.00787398;-0.0472441;-0.523622;-0.0826771;-0.527559;-0.0393701;-0.598425;-0.283465;0.188976;-0.345455;0.30101;-0.749495;-0.688889;-0.284848;-1;0;+1;+1;-1

35.15;-0.494505;-0.305494;-0.257143;-0.169231;-0.358242;-0.541401;0.0828026;-0.728238;1;-0.346072;-0.447983;-0.167728;-0.214437;0.63482;0.0403397;-0.129512;-0.133758;-0.299363;-0.0828025;-0.2569;0.0360934;0.171975;-0.00212311;-0.515924;-0.00212311;-0.549894;-0.639066;-0.2569;0.677282;-0.171974;-0.214437;-0.859873;-0.460722;-0.114173;-0.354331;0.0905512;-0.716535;0.0708662;0.0314961;0.102362;-0.334646;-0.106299;-0.204724;0.224409;-0.397638;-0.492126;-0.586614;-0.00787398;-0.0472441;-0.523622;-0.0826771;-0.527559;-0.0393701;-0.598425;-0.283465;0.220202;-0.345455;0.30101;-0.749495;-0.688889;+1;0;+1;+1;-1

35.6;-0.0593406;-0.494505;-0.305494;-0.257143;-0.169231;-0.312102;-0.541401;0.0828026;-0.728238;1;-0.346072;-0.447983;-0.167728;-0.214437;0.63482;0.0403397;-0.129512;-0.133758;-0.299363;-0.0828025;-0.2569;0.0360934;0.171975;-0.00212311;-0.515924;-0.00212311;-0.549894;-0.639066;-0.2569;0.677282;-0.171974;-0.214437;-0.859873;-0.354331;-0.114173;-0.354331;0.0905512;-0.716535;0.0708662;0.0314961;0.102362;-0.334646;-0.106299;-0.204724;0.224409;-0.397638;-0.492126;-0.586614;-0.00787398;-0.0472441;-0.523622;-0.0826771;-0.527559;-0.0393701;-0.598425;-0.264646;0.220202;-0.345455;0.30101;-0.749495;-1;0;+1;+1;-1

35.01;-0.516483;-0.0593406;-0.494505;-0.305494;-0.257143;-0.129512;-0.312102;-0.541401;0.0828026;-0.728238;1;-0.346072;-0.447983;-0.167728;-0.214437;0.63482;0.0403397;-0.129512;-0.133758;-0.299363;-0.0828025;-0.2569;0.0360934;0.171975;-0.00212311;-0.515924;-0.00212311;-0.549894;-0.639066;-0.2569;0.677282;-0.171974;-0.214437;-0.724409;-0.354331;-0.114173;-0.354331;0.0905512;-0.716535;0.0708662;0.0314961;0.102362;-0.334646;-0.106299;-0.204724;0.224409;-0.397638;-0.492126;-0.586614;-0.00787398;-0.0472441;-0.523622;-0.0826771;-0.527559;-0.0393701;-0.587879;-0.264646;0.220202;-0.345455;0.30101;-1;0;-1;+1;-1

34.7;-0.393407;-0.516483;-0.0593406;-0.494505;-0.305494;-0.214437;-0.129512;-0.312102;-0.541401;0.0828026;-0.728238;1;-0.346072;-0.447983;-0.167728;-0.214437;0.63482;0.0403397;-0.129512;-0.133758;-0.299363;-0.0828025;-0.2569;0.0360934;0.171975;-0.00212311;-0.515924;-0.00212311;-0.549894;-0.639066;-0.2569;0.677282;-0.171974;-0.125984;-0.724409;-0.354331;-0.114173;-0.354331;0.0905512;-0.716535;0.0708662;0.0314961;0.102362;-0.334646;-0.106299;-0.204724;0.224409;-0.397638;-0.492126;-0.586614;-0.00787398;-0.0472441;-0.523622;-0.0826771;-0.527559;-0.0141414;-0.587879;-0.264646;0.220202;-0.345455;-1;0;-1;+1;-1

33.01;-1;-0.393407;-0.516483;-0.0593406;-0.494505;-0.261146;-0.214437;-0.129512;-0.312102;-0.541401;0.0828026;-0.728238;1;-0.346072;-0.447983;-0.167728;-0.214437;0.63482;0.0403397;-0.129512;-0.133758;-0.299363;-0.0828025;-0.2569;0.0360934;0.171975;-0.00212311;-0.515924;-0.00212311;-0.549894;-0.639066;-0.2569;0.677282;-0.0866141;-0.125984;-0.724409;-0.354331;-0.114173;-0.354331;0.0905512;-0.716535;0.0708662;0.0314961;0.102362;-0.334646;-0.106299;-0.204724;0.224409;-0.397638;-0.492126;-0.586614;-0.00787398;-0.0472441;-0.523622;-0.0826771;-0.515152;-0.0141414;-0.587879;-0.264646;0.220202;+1;0;+1;+1;-1

34.4;0.353846;-1;-0.393407;-0.516483;-0.0593406;-0.443737;-0.261146;-0.214437;-0.129512;-0.312102;-0.541401;0.0828026;-0.728238;1;-0.346072;-0.447983;-0.167728;-0.214437;0.63482;0.0403397;-0.129512;-0.133758;-0.299363;-0.0828025;-0.2569;0.0360934;0.171975;-0.00212311;-0.515924;-0.00212311;-0.549894;-0.639066;-0.2569;0.700787;-0.0866141;-0.125984;-0.724409;-0.354331;-0.114173;-0.354331;0.0905512;-0.716535;0.0708662;0.0314961;0.102362;-0.334646;-0.106299;-0.204724;0.224409;-0.397638;-0.492126;-0.586614;-0.00787398;-0.0472441;-0.523622;-0.0585859;-0.515152;-0.0141414;-0.587879;-0.264646;+1;0;+1;+1;-1

34.85;-0.0593406;0.353846;-1;-0.393407;-0.516483;-0.0233545;-0.443737;-0.261146;-0.214437;-0.129512;-0.312102;-0.541401;0.0828026;-0.728238;1;-0.346072;-0.447983;-0.167728;-0.214437;0.63482;0.0403397;-0.129512;-0.133758;-0.299363;-0.0828025;-0.2569;0.0360934;0.171975;-0.00212311;-0.515924;-0.00212311;-0.549894;-0.639066;-0.165354;0.700787;-0.0866141;-0.125984;-0.724409;-0.354331;-0.114173;-0.354331;0.0905512;-0.716535;0.0708662;0.0314961;0.102362;-0.334646;-0.106299;-0.204724;0.224409;-0.397638;-0.492126;-0.586614;-0.00787398;-0.0472441;-0.511111;-0.0585859;-0.515152;-0.0141414;-0.587879;-1;0;-1;+1;-1

34.6;-0.367033;-0.0593406;0.353846;-1;-0.393407;-0.464968;-0.0233545;-0.443737;-0.261146;-0.214437;-0.129512;-0.312102;-0.541401;0.0828026;-0.728238;1;-0.346072;-0.447983;-0.167728;-0.214437;0.63482;0.0403397;-0.129512;-0.133758;-0.299363;-0.0828025;-0.2569;0.0360934;0.171975;-0.00212311;-0.515924;-0.00212311;-0.549894;-0.519685;-0.165354;0.700787;-0.0866141;-0.125984;-0.724409;-0.354331;-0.114173;-0.354331;0.0905512;-0.716535;0.0708662;0.0314961;0.102362;-0.334646;-0.106299;-0.204724;0.224409;-0.397638;-0.492126;-0.586614;-0.00787398;-0.0222222;-0.511111;-0.0585859;-0.515152;-0.0141414;+1;0;-1;+1;-1

34.69;-0.217582;-0.367033;-0.0593406;0.353846;-1;-0.346072;-0.464968;-0.0233545;-0.443737;-0.261146;-0.214437;-0.129512;-0.312102;-0.541401;0.0828026;-0.728238;1;-0.346072;-0.447983;-0.167728;-0.214437;0.63482;0.0403397;-0.129512;-0.133758;-0.299363;-0.0828025;-0.2569;0.0360934;0.171975;-0.00212311;-0.515924;-0.00212311;-0.437008;-0.519685;-0.165354;0.700787;-0.0866141;-0.125984;-0.724409;-0.354331;-0.114173;-0.354331;0.0905512;-0.716535;0.0708662;0.0314961;0.102362;-0.334646;-0.106299;-0.204724;0.224409;-0.397638;-0.492126;-0.586614;0.0181818;-0.0222222;-0.511111;-0.0585859;-0.515152;+1;0;+1;+1;-1

35.5;0.0989011;-0.217582;-0.367033;-0.0593406;0.353846;-0.932059;-0.346072;-0.464968;-0.0233545;-0.443737;-0.261146;-0.214437;-0.129512;-0.312102;-0.541401;0.0828026;-0.728238;1;-0.346072;-0.447983;-0.167728;-0.214437;0.63482;0.0403397;-0.129512;-0.133758;-0.299363;-0.0828025;-0.2569;0.0360934;0.171975;-0.00212311;-0.515924;0.0708662;-0.437008;-0.519685;-0.165354;0.700787;-0.0866141;-0.125984;-0.724409;-0.354331;-0.114173;-0.354331;0.0905512;-0.716535;0.0708662;0.0314961;0.102362;-0.334646;-0.106299;-0.204724;0.224409;-0.397638;-0.492126;-0.575758;0.0181818;-0.0222222;-0.511111;-0.0585859;-1;0;-1;+1;-1

34.59;-0.657143;0.0989011;-0.217582;-0.367033;-0.0593406;0.375796;-0.932059;-0.346072;-0.464968;-0.0233545;-0.443737;-0.261146;-0.214437;-0.129512;-0.312102;-0.541401;0.0828026;-0.728238;1;-0.346072;-0.447983;-0.167728;-0.214437;0.63482;0.0403397;-0.129512;-0.133758;-0.299363;-0.0828025;-0.2569;0.0360934;0.171975;-0.00212311;-0.405512;0.0708662;-0.437008;-0.519685;-0.165354;0.700787;-0.0866141;-0.125984;-0.724409;-0.354331;-0.114173;-0.354331;0.0905512;-0.716535;0.0708662;0.0314961;0.102362;-0.334646;-0.106299;-0.204724;0.224409;-0.397638;-0.478788;-0.575758;0.0181818;-0.0222222;-0.511111;+1;0;-1;+1;-1

35;-0.076923;-0.657143;0.0989011;-0.217582;-0.367033;-0.0233545;0.375796;-0.932059;-0.346072;-0.464968;-0.0233545;-0.443737;-0.261146;-0.214437;-0.129512;-0.312102;-0.541401;0.0828026;-0.728238;1;-0.346072;-0.447983;-0.167728;-0.214437;0.63482;0.0403397;-0.129512;-0.133758;-0.299363;-0.0828025;-0.2569;0.0360934;0.171975;0.0708662;-0.405512;0.0708662;-0.437008;-0.519685;-0.165354;0.700787;-0.0866141;-0.125984;-0.724409;-0.354331;-0.114173;-0.354331;0.0905512;-0.716535;0.0708662;0.0314961;0.102362;-0.334646;-0.106299;-0.204724;0.224409;-0.381818;-0.478788;-0.575758;0.0181818;-0.0222222;-1;0;-1;+1;-1

34.02;-0.687912;-0.076923;-0.657143;0.0989011;-0.217582;-0.320594;-0.0233545;0.375796;-0.932059;-0.346072;-0.464968;-0.0233545;-0.443737;-0.261146;-0.214437;-0.129512;-0.312102;-0.541401;0.0828026;-0.728238;1;-0.346072;-0.447983;-0.167728;-0.214437;0.63482;0.0403397;-0.129512;-0.133758;-0.299363;-0.0828025;-0.2569;0.0360934;0.232284;0.0708662;-0.405512;0.0708662;-0.437008;-0.519685;-0.165354;0.700787;-0.0866141;-0.125984;-0.724409;-0.354331;-0.114173;-0.354331;0.0905512;-0.716535;0.0708662;0.0314961;0.102362;-0.334646;-0.106299;-0.204724;0.256566;-0.381818;-0.478788;-0.575758;0.0181818;-1;0;-1;+1;-1

34;-0.265934;-0.687912;-0.076923;-0.657143;0.0989011;-0.176221;-0.320594;-0.0233545;0.375796;-0.932059;-0.346072;-0.464968;-0.0233545;-0.443737;-0.261146;-0.214437;-0.129512;-0.312102;-0.541401;0.0828026;-0.728238;1;-0.346072;-0.447983;-0.167728;-0.214437;0.63482;0.0403397;-0.129512;-0.133758;-0.299363;-0.0828025;-0.2569;0.106299;0.232284;0.0708662;-0.405512;0.0708662;-0.437008;-0.519685;-0.165354;0.700787;-0.0866141;-0.125984;-0.724409;-0.354331;-0.114173;-0.354331;0.0905512;-0.716535;0.0708662;0.0314961;0.102362;-0.334646;-0.106299;-0.183838;0.256566;-0.381818;-0.478788;-0.575758;+1;0;+1;+1;-1

34.45;-0.0593406;-0.265934;-0.687912;-0.076923;-0.657143;0.129512;-0.176221;-0.320594;-0.0233545;0.375796;-0.932059;-0.346072;-0.464968;-0.0233545;-0.443737;-0.261146;-0.214437;-0.129512;-0.312102;-0.541401;0.0828026;-0.728238;1;-0.346072;-0.447983;-0.167728;-0.214437;0.63482;0.0403397;-0.129512;-0.133758;-0.299363;-0.0828025;-0.165354;0.106299;0.232284;0.0708662;-0.405512;0.0708662;-0.437008;-0.519685;-0.165354;0.700787;-0.0866141;-0.125984;-0.724409;-0.354331;-0.114173;-0.354331;0.0905512;-0.716535;0.0708662;0.0314961;0.102362;-0.334646;-0.0828283;-0.183838;0.256566;-0.381818;-0.478788;+1;0;+1;+1;-1

35;-0.0153846;-0.0593406;-0.265934;-0.687912;-0.076923;-0.600849;0.129512;-0.176221;-0.320594;-0.0233545;0.375796;-0.932059;-0.346072;-0.464968;-0.0233545;-0.443737;-0.261146;-0.214437;-0.129512;-0.312102;-0.541401;0.0828026;-0.728238;1;-0.346072;-0.447983;-0.167728;-0.214437;0.63482;0.0403397;-0.129512;-0.133758;-0.299363;-0.00393698;-0.165354;0.106299;0.232284;0.0708662;-0.405512;0.0708662;-0.437008;-0.519685;-0.165354;0.700787;-0.0866141;-0.125984;-0.724409;-0.354331;-0.114173;-0.354331;0.0905512;-0.716535;0.0708662;0.0314961;0.102362;-0.317172;-0.0828283;-0.183838;0.256566;-0.381818;-1;0;-1;+1;-1

35;-0.257143;-0.0153846;-0.0593406;-0.265934;-0.687912;-0.0403397;-0.600849;0.129512;-0.176221;-0.320594;-0.0233545;0.375796;-0.932059;-0.346072;-0.464968;-0.0233545;-0.443737;-0.261146;-0.214437;-0.129512;-0.312102;-0.541401;0.0828026;-0.728238;1;-0.346072;-0.447983;-0.167728;-0.214437;0.63482;0.0403397;-0.129512;-0.133758;-0.204724;-0.00393698;-0.165354;0.106299;0.232284;0.0708662;-0.405512;0.0708662;-0.437008;-0.519685;-0.165354;0.700787;-0.0866141;-0.125984;-0.724409;-0.354331;-0.114173;-0.354331;0.0905512;-0.716535;0.0708662;0.0314961;0.131313;-0.317172;-0.0828283;-0.183838;0.256566;+1;0;+1;+1;-1

35.14;-0.195604;-0.257143;-0.0153846;-0.0593406;-0.265934;-0.630573;-0.0403397;-0.600849;0.129512;-0.176221;-0.320594;-0.0233545;0.375796;-0.932059;-0.346072;-0.464968;-0.0233545;-0.443737;-0.261146;-0.214437;-0.129512;-0.312102;-0.541401;0.0828026;-0.728238;1;-0.346072;-0.447983;-0.167728;-0.214437;0.63482;0.0403397;-0.129512;-0.0511811;-0.204724;-0.00393698;-0.165354;0.106299;0.232284;0.0708662;-0.405512;0.0708662;-0.437008;-0.519685;-0.165354;0.700787;-0.0866141;-0.125984;-0.724409;-0.354331;-0.114173;-0.354331;0.0905512;-0.716535;0.0708662;0.0585859;0.131313;-0.317172;-0.0828283;-0.183838;-1;0;-1;+1;-1

35;-0.318681;-0.195604;-0.257143;-0.0153846;-0.0593406;-0.22293;-0.630573;-0.0403397;-0.600849;0.129512;-0.176221;-0.320594;-0.0233545;0.375796;-0.932059;-0.346072;-0.464968;-0.0233545;-0.443737;-0.261146;-0.214437;-0.129512;-0.312102;-0.541401;0.0828026;-0.728238;1;-0.346072;-0.447983;-0.167728;-0.214437;0.63482;0.0403397;-0.0472441;-0.0511811;-0.204724;-0.00393698;-0.165354;0.106299;0.232284;0.0708662;-0.405512;0.0708662;-0.437008;-0.519685;-0.165354;0.700787;-0.0866141;-0.125984;-0.724409;-0.354331;-0.114173;-0.354331;0.0905512;-0.716535;0.0989899;0.0585859;0.131313;-0.317172;-0.0828283;+1;0;+1;+1;-1

35.02;-0.248352;-0.318681;-0.195604;-0.257143;-0.0153846;-0.0233545;-0.22293;-0.630573;-0.0403397;-0.600849;0.129512;-0.176221;-0.320594;-0.0233545;0.375796;-0.932059;-0.346072;-0.464968;-0.0233545;-0.443737;-0.261146;-0.214437;-0.129512;-0.312102;-0.541401;0.0828026;-0.728238;1;-0.346072;-0.447983;-0.167728;-0.214437;0.63482;0.110236;-0.0472441;-0.0511811;-0.204724;-0.00393698;-0.165354;0.106299;0.232284;0.0708662;-0.405512;0.0708662;-0.437008;-0.519685;-0.165354;0.700787;-0.0866141;-0.125984;-0.724409;-0.354331;-0.114173;-0.354331;0.0905512;-0.709091;0.0989899;0.0585859;0.131313;-0.317172;-1;0;+1;+1;-1

35;-0.265934;-0.248352;-0.318681;-0.195604;-0.257143;0.0191083;-0.0233545;-0.22293;-0.630573;-0.0403397;-0.600849;0.129512;-0.176221;-0.320594;-0.0233545;0.375796;-0.932059;-0.346072;-0.464968;-0.0233545;-0.443737;-0.261146;-0.214437;-0.129512;-0.312102;-0.541401;0.0828026;-0.728238;1;-0.346072;-0.447983;-0.167728;-0.214437;0.661417;0.110236;-0.0472441;-0.0511811;-0.204724;-0.00393698;-0.165354;0.106299;0.232284;0.0708662;-0.405512;0.0708662;-0.437008;-0.519685;-0.165354;0.700787;-0.0866141;-0.125984;-0.724409;-0.354331;-0.114173;-0.354331;0.119192;-0.709091;0.0989899;0.0585859;0.131313;+1;0;-1;+1;-1

35.14;-0.195604;-0.265934;-0.248352;-0.318681;-0.195604;-0.214437;0.0191083;-0.0233545;-0.22293;-0.630573;-0.0403397;-0.600849;0.129512;-0.176221;-0.320594;-0.0233545;0.375796;-0.932059;-0.346072;-0.464968;-0.0233545;-0.443737;-0.261146;-0.214437;-0.129512;-0.312102;-0.541401;0.0828026;-0.728238;1;-0.346072;-0.447983;-0.167728;-0.125984;0.661417;0.110236;-0.0472441;-0.0511811;-0.204724;-0.00393698;-0.165354;0.106299;0.232284;0.0708662;-0.405512;0.0708662;-0.437008;-0.519685;-0.165354;0.700787;-0.0866141;-0.125984;-0.724409;-0.354331;-0.114173;-0.337374;0.119192;-0.709091;0.0989899;0.0585859;+1;0;+1;+1;-1

35.3;-0.186813;-0.195604;-0.265934;-0.248352;-0.318681;-0.154989;-0.214437;0.0191083;-0.0233545;-0.22293;-0.630573;-0.0403397;-0.600849;0.129512;-0.176221;-0.320594;-0.0233545;0.375796;-0.932059;-0.346072;-0.464968;-0.0233545;-0.443737;-0.261146;-0.214437;-0.129512;-0.312102;-0.541401;0.0828026;-0.728238;1;-0.346072;-0.447983;-0.0826771;-0.125984;0.661417;0.110236;-0.0472441;-0.0511811;-0.204724;-0.00393698;-0.165354;0.106299;0.232284;0.0708662;-0.405512;0.0708662;-0.437008;-0.519685;-0.165354;0.700787;-0.0866141;-0.125984;-0.724409;-0.354331;-0.0909091;-0.337374;0.119192;-0.709091;0.0989899;+1;0;+1;+1;-1

36.8;0.402198;-0.186813;-0.195604;-0.265934;-0.248352;-0.273885;-0.154989;-0.214437;0.0191083;-0.0233545;-0.22293;-0.630573;-0.0403397;-0.600849;0.129512;-0.176221;-0.320594;-0.0233545;0.375796;-0.932059;-0.346072;-0.464968;-0.0233545;-0.443737;-0.261146;-0.214437;-0.129512;-0.312102;-0.541401;0.0828026;-0.728238;1;-0.346072;-0.34252;-0.0826771;-0.125984;0.661417;0.110236;-0.0472441;-0.0511811;-0.204724;-0.00393698;-0.165354;0.106299;0.232284;0.0708662;-0.405512;0.0708662;-0.437008;-0.519685;-0.165354;0.700787;-0.0866141;-0.125984;-0.724409;-0.337374;-0.0909091;-0.337374;0.119192;-0.709091;-1;0;-1;+1;-1

36.1;-0.564835;0.402198;-0.186813;-0.195604;-0.265934;-0.205945;-0.273885;-0.154989;-0.214437;0.0191083;-0.0233545;-0.22293;-0.630573;-0.0403397;-0.600849;0.129512;-0.176221;-0.320594;-0.0233545;0.375796;-0.932059;-0.346072;-0.464968;-0.0233545;-0.443737;-0.261146;-0.214437;-0.129512;-0.312102;-0.541401;0.0828026;-0.728238;1;-0.248031;-0.34252;-0.0826771;-0.125984;0.661417;0.110236;-0.0472441;-0.0511811;-0.204724;-0.00393698;-0.165354;0.106299;0.232284;0.0708662;-0.405512;0.0708662;-0.437008;-0.519685;-0.165354;0.700787;-0.0866141;-0.125984;-0.717172;-0.337374;-0.0909091;-0.337374;0.119192;+1;0;+1;+1;-1

36.31;-0.164835;-0.564835;0.402198;-0.186813;-0.195604;-0.22293;-0.205945;-0.273885;-0.154989;-0.214437;0.0191083;-0.0233545;-0.22293;-0.630573;-0.0403397;-0.600849;0.129512;-0.176221;-0.320594;-0.0233545;0.375796;-0.932059;-0.346072;-0.464968;-0.0233545;-0.443737;-0.261146;-0.214437;-0.129512;-0.312102;-0.541401;0.0828026;-0.728238;1;-0.248031;-0.34252;-0.0826771;-0.125984;0.661417;0.110236;-0.0472441;-0.0511811;-0.204724;-0.00393698;-0.165354;0.106299;0.232284;0.0708662;-0.405512;0.0708662;-0.437008;-0.519685;-0.165354;0.700787;-0.0866141;-0.10303;-0.717172;-0.337374;-0.0909091;-0.337374;-1;0;-1;+1;-1

35.05;-0.810989;-0.164835;-0.564835;0.402198;-0.186813;-0.154989;-0.22293;-0.205945;-0.273885;-0.154989;-0.214437;0.0191083;-0.0233545;-0.22293;-0.630573;-0.0403397;-0.600849;0.129512;-0.176221;-0.320594;-0.0233545;0.375796;-0.932059;-0.346072;-0.464968;-0.0233545;-0.443737;-0.261146;-0.214437;-0.129512;-0.312102;-0.541401;0.0828026;-0.602362;1;-0.248031;-0.34252;-0.0826771;-0.125984;0.661417;0.110236;-0.0472441;-0.0511811;-0.204724;-0.00393698;-0.165354;0.106299;0.232284;0.0708662;-0.405512;0.0708662;-0.437008;-0.519685;-0.165354;0.700787;-0.0626263;-0.10303;-0.717172;-0.337374;-0.0909091;+1;0;+1;+1;-1

36.34;0.30989;-0.810989;-0.164835;-0.564835;0.402198;-0.146497;-0.154989;-0.22293;-0.205945;-0.273885;-0.154989;-0.214437;0.0191083;-0.0233545;-0.22293;-0.630573;-0.0403397;-0.600849;0.129512;-0.176221;-0.320594;-0.0233545;0.375796;-0.932059;-0.346072;-0.464968;-0.0233545;-0.443737;-0.261146;-0.214437;-0.129512;-0.312102;-0.541401;0.149606;-0.602362;1;-0.248031;-0.34252;-0.0826771;-0.125984;0.661417;0.110236;-0.0472441;-0.0511811;-0.204724;-0.00393698;-0.165354;0.106299;0.232284;0.0708662;-0.405512;0.0708662;-0.437008;-0.519685;-0.165354;0.745454;-0.0626263;-0.10303;-0.717172;-0.337374;+1;0;+1;+1;-1

36.4;-0.230769;0.30989;-0.810989;-0.164835;-0.564835;0.422505;-0.146497;-0.154989;-0.22293;-0.205945;-0.273885;-0.154989;-0.214437;0.0191083;-0.0233545;-0.22293;-0.630573;-0.0403397;-0.600849;0.129512;-0.176221;-0.320594;-0.0233545;0.375796;-0.932059;-0.346072;-0.464968;-0.0233545;-0.443737;-0.261146;-0.214437;-0.129512;-0.312102;-0.429134;0.149606;-0.602362;1;-0.248031;-0.34252;-0.0826771;-0.125984;0.661417;0.110236;-0.0472441;-0.0511811;-0.204724;-0.00393698;-0.165354;0.106299;0.232284;0.0708662;-0.405512;0.0708662;-0.437008;-0.519685;-0.143434;0.745454;-0.0626263;-0.10303;-0.717172;-1;0;-1;+1;-1

35.89;-0.481319;-0.230769;0.30989;-0.810989;-0.164835;-0.511677;0.422505;-0.146497;-0.154989;-0.22293;-0.205945;-0.273885;-0.154989;-0.214437;0.0191083;-0.0233545;-0.22293;-0.630573;-0.0403397;-0.600849;0.129512;-0.176221;-0.320594;-0.0233545;0.375796;-0.932059;-0.346072;-0.464968;-0.0233545;-0.443737;-0.261146;-0.214437;-0.129512;-0.216535;-0.429134;0.149606;-0.602362;1;-0.248031;-0.34252;-0.0826771;-0.125984;0.661417;0.110236;-0.0472441;-0.0511811;-0.204724;-0.00393698;-0.165354;0.106299;0.232284;0.0708662;-0.405512;0.0708662;-0.437008;-0.507071;-0.143434;0.745454;-0.0626263;-0.10303;-1;0;-1;+1;-1

35;-0.648352;-0.481319;-0.230769;0.30989;-0.810989;-0.125265;-0.511677;0.422505;-0.146497;-0.154989;-0.22293;-0.205945;-0.273885;-0.154989;-0.214437;0.0191083;-0.0233545;-0.22293;-0.630573;-0.0403397;-0.600849;0.129512;-0.176221;-0.320594;-0.0233545;0.375796;-0.932059;-0.346072;-0.464968;-0.0233545;-0.443737;-0.261146;-0.214437;-0.0472441;-0.216535;-0.429134;0.149606;-0.602362;1;-0.248031;-0.34252;-0.0826771;-0.125984;0.661417;0.110236;-0.0472441;-0.0511811;-0.204724;-0.00393698;-0.165354;0.106299;0.232284;0.0708662;-0.405512;0.0708662;-0.422222;-0.507071;-0.143434;0.745454;-0.0626263;+1;0;+1;+1;-1

35.12;-0.204396;-0.648352;-0.481319;-0.230769;0.30989;-0.749469;-0.125265;-0.511677;0.422505;-0.146497;-0.154989;-0.22293;-0.205945;-0.273885;-0.154989;-0.214437;0.0191083;-0.0233545;-0.22293;-0.630573;-0.0403397;-0.600849;0.129512;-0.176221;-0.320594;-0.0233545;0.375796;-0.932059;-0.346072;-0.464968;-0.0233545;-0.443737;-0.261146;-0.125984;-0.0472441;-0.216535;-0.429134;0.149606;-0.602362;1;-0.248031;-0.34252;-0.0826771;-0.125984;0.661417;0.110236;-0.0472441;-0.0511811;-0.204724;-0.00393698;-0.165354;0.106299;0.232284;0.0708662;-0.405512;0.0989899;-0.422222;-0.507071;-0.143434;0.745454;+1;0;+1;+1;-1

35.6;-0.0461538;-0.204396;-0.648352;-0.481319;-0.230769;0.333333;-0.749469;-0.125265;-0.511677;0.422505;-0.146497;-0.154989;-0.22293;-0.205945;-0.273885;-0.154989;-0.214437;0.0191083;-0.0233545;-0.22293;-0.630573;-0.0403397;-0.600849;0.129512;-0.176221;-0.320594;-0.0233545;0.375796;-0.932059;-0.346072;-0.464968;-0.0233545;-0.443737;-0.169291;-0.125984;-0.0472441;-0.216535;-0.429134;0.149606;-0.602362;1;-0.248031;-0.34252;-0.0826771;-0.125984;0.661417;0.110236;-0.0472441;-0.0511811;-0.204724;-0.00393698;-0.165354;0.106299;0.232284;0.0708662;-0.389899;0.0989899;-0.422222;-0.507071;-0.143434;-1;0;-1;+1;-1

35.45;-0.323077;-0.0461538;-0.204396;-0.648352;-0.481319;-0.18896;0.333333;-0.749469;-0.125265;-0.511677;0.422505;-0.146497;-0.154989;-0.22293;-0.205945;-0.273885;-0.154989;-0.214437;0.0191083;-0.0233545;-0.22293;-0.630573;-0.0403397;-0.600849;0.129512;-0.176221;-0.320594;-0.0233545;0.375796;-0.932059;-0.346072;-0.464968;-0.0233545;-0.338583;-0.169291;-0.125984;-0.0472441;-0.216535;-0.429134;0.149606;-0.602362;1;-0.248031;-0.34252;-0.0826771;-0.125984;0.661417;0.110236;-0.0472441;-0.0511811;-0.204724;-0.00393698;-0.165354;0.106299;0.232284;0.0989899;-0.389899;0.0989899;-0.422222;-0.507071;-1;0;-1;+1;-1

35.15;-0.389011;-0.323077;-0.0461538;-0.204396;-0.648352;-0.430998;-0.18896;0.333333;-0.749469;-0.125265;-0.511677;0.422505;-0.146497;-0.154989;-0.22293;-0.205945;-0.273885;-0.154989;-0.214437;0.0191083;-0.0233545;-0.22293;-0.630573;-0.0403397;-0.600849;0.129512;-0.176221;-0.320594;-0.0233545;0.375796;-0.932059;-0.346072;-0.464968;0.0511811;-0.338583;-0.169291;-0.125984;-0.0472441;-0.216535;-0.429134;0.149606;-0.602362;1;-0.248031;-0.34252;-0.0826771;-0.125984;0.661417;0.110236;-0.0472441;-0.0511811;-0.204724;-0.00393698;-0.165354;0.106299;0.264646;0.0989899;-0.389899;0.0989899;-0.422222;-1;0;+1;+1;-1

34.9;-0.367033;-0.389011;-0.323077;-0.0461538;-0.204396;-0.592357;-0.430998;-0.18896;0.333333;-0.749469;-0.125265;-0.511677;0.422505;-0.146497;-0.154989;-0.22293;-0.205945;-0.273885;-0.154989;-0.214437;0.0191083;-0.0233545;-0.22293;-0.630573;-0.0403397;-0.600849;0.129512;-0.176221;-0.320594;-0.0233545;0.375796;-0.932059;-0.346072;-0.358268;0.0511811;-0.338583;-0.169291;-0.125984;-0.0472441;-0.216535;-0.429134;0.149606;-0.602362;1;-0.248031;-0.34252;-0.0826771;-0.125984;0.661417;0.110236;-0.0472441;-0.0511811;-0.204724;-0.00393698;-0.165354;0.135354;0.264646;0.0989899;-0.389899;0.0989899;+1;0;+1;+1;-1

35.03;-0.2;-0.367033;-0.389011;-0.323077;-0.0461538;-0.163482;-0.592357;-0.430998;-0.18896;0.333333;-0.749469;-0.125265;-0.511677;0.422505;-0.146497;-0.154989;-0.22293;-0.205945;-0.273885;-0.154989;-0.214437;0.0191083;-0.0233545;-0.22293;-0.630573;-0.0403397;-0.600849;0.129512;-0.176221;-0.320594;-0.0233545;0.375796;-0.932059;-0.248031;-0.358268;0.0511811;-0.338583;-0.169291;-0.125984;-0.0472441;-0.216535;-0.429134;0.149606;-0.602362;1;-0.248031;-0.34252;-0.0826771;-0.125984;0.661417;0.110236;-0.0472441;-0.0511811;-0.204724;-0.00393698;-0.143434;0.135354;0.264646;0.0989899;-0.389899;+1;0;+1;+1;-1

35.4;-0.0945055;-0.2;-0.367033;-0.389011;-0.323077;-0.0106157;-0.163482;-0.592357;-0.430998;-0.18896;0.333333;-0.749469;-0.125265;-0.511677;0.422505;-0.146497;-0.154989;-0.22293;-0.205945;-0.273885;-0.154989;-0.214437;0.0191083;-0.0233545;-0.22293;-0.630573;-0.0403397;-0.600849;0.129512;-0.176221;-0.320594;-0.0233545;0.375796;-0.791339;-0.248031;-0.358268;0.0511811;-0.338583;-0.169291;-0.125984;-0.0472441;-0.216535;-0.429134;0.149606;-0.602362;1;-0.248031;-0.34252;-0.0826771;-0.125984;0.661417;0.110236;-0.0472441;-0.0511811;-0.204724;0.0222222;-0.143434;0.135354;0.264646;0.0989899;-1;0;-1;+1;-1

35.3;-0.301099;-0.0945055;-0.2;-0.367033;-0.389011;-0.278132;-0.0106157;-0.163482;-0.592357;-0.430998;-0.18896;0.333333;-0.749469;-0.125265;-0.511677;0.422505;-0.146497;-0.154989;-0.22293;-0.205945;-0.273885;-0.154989;-0.214437;0.0191083;-0.0233545;-0.22293;-0.630573;-0.0403397;-0.600849;0.129512;-0.176221;-0.320594;-0.0233545;0.42126;-0.791339;-0.248031;-0.358268;0.0511811;-0.338583;-0.169291;-0.125984;-0.0472441;-0.216535;-0.429134;0.149606;-0.602362;1;-0.248031;-0.34252;-0.0826771;-0.125984;0.661417;0.110236;-0.0472441;-0.0511811;-0.183838;0.0222222;-0.143434;0.135354;0.264646;-1;0;-1;+1;-1

34.89;-0.437363;-0.301099;-0.0945055;-0.2;-0.367033;-0.341826;-0.278132;-0.0106157;-0.163482;-0.592357;-0.430998;-0.18896;0.333333;-0.749469;-0.125265;-0.511677;0.422505;-0.146497;-0.154989;-0.22293;-0.205945;-0.273885;-0.154989;-0.214437;0.0191083;-0.0233545;-0.22293;-0.630573;-0.0403397;-0.600849;0.129512;-0.176221;-0.320594;0.0511811;0.42126;-0.791339;-0.248031;-0.358268;0.0511811;-0.338583;-0.169291;-0.125984;-0.0472441;-0.216535;-0.429134;0.149606;-0.602362;1;-0.248031;-0.34252;-0.0826771;-0.125984;0.661417;0.110236;-0.0472441;-0.0262626;-0.183838;0.0222222;-0.143434;0.135354;+1;0;+1;+1;-1

35;-0.208791;-0.437363;-0.301099;-0.0945055;-0.2;-0.320594;-0.341826;-0.278132;-0.0106157;-0.163482;-0.592357;-0.430998;-0.18896;0.333333;-0.749469;-0.125265;-0.511677;0.422505;-0.146497;-0.154989;-0.22293;-0.205945;-0.273885;-0.154989;-0.214437;0.0191083;-0.0233545;-0.22293;-0.630573;-0.0403397;-0.600849;0.129512;-0.176221;-0.224409;0.0511811;0.42126;-0.791339;-0.248031;-0.358268;0.0511811;-0.338583;-0.169291;-0.125984;-0.0472441;-0.216535;-0.429134;0.149606;-0.602362;1;-0.248031;-0.34252;-0.0826771;-0.125984;0.661417;0.110236;-0.0222222;-0.0262626;-0.183838;0.0222222;-0.143434;-1;0;+1;+1;-1

34.42;-0.512088;-0.208791;-0.437363;-0.301099;-0.0945055;-0.159236;-0.320594;-0.341826;-0.278132;-0.0106157;-0.163482;-0.592357;-0.430998;-0.18896;0.333333;-0.749469;-0.125265;-0.511677;0.422505;-0.146497;-0.154989;-0.22293;-0.205945;-0.273885;-0.154989;-0.214437;0.0191083;-0.0233545;-0.22293;-0.630573;-0.0403397;-0.600849;0.129512;-0.0905512;-0.224409;0.0511811;0.42126;-0.791339;-0.248031;-0.358268;0.0511811;-0.338583;-0.169291;-0.125984;-0.0472441;-0.216535;-0.429134;0.149606;-0.602362;1;-0.248031;-0.34252;-0.0826771;-0.125984;0.661417;0.139394;-0.0222222;-0.0262626;-0.183838;0.0222222;-1;0;-1;+1;-1

34;-0.441758;-0.512088;-0.208791;-0.437363;-0.301099;-0.0573248;-0.159236;-0.320594;-0.341826;-0.278132;-0.0106157;-0.163482;-0.592357;-0.430998;-0.18896;0.333333;-0.749469;-0.125265;-0.511677;0.422505;-0.146497;-0.154989;-0.22293;-0.205945;-0.273885;-0.154989;-0.214437;0.0191083;-0.0233545;-0.22293;-0.630573;-0.0403397;-0.600849;0.192913;-0.0905512;-0.224409;0.0511811;0.42126;-0.791339;-0.248031;-0.358268;0.0511811;-0.338583;-0.169291;-0.125984;-0.0472441;-0.216535;-0.429134;0.149606;-0.602362;1;-0.248031;-0.34252;-0.0826771;-0.125984;0.705051;0.139394;-0.0222222;-0.0262626;-0.183838;-1;0;-1;+1;-1

33.61;-0.428571;-0.441758;-0.512088;-0.208791;-0.437363;-0.2569;-0.0573248;-0.159236;-0.320594;-0.341826;-0.278132;-0.0106157;-0.163482;-0.592357;-0.430998;-0.18896;0.333333;-0.749469;-0.125265;-0.511677;0.422505;-0.146497;-0.154989;-0.22293;-0.205945;-0.273885;-0.154989;-0.214437;0.0191083;-0.0233545;-0.22293;-0.630573;-0.0403397;-0.484252;0.192913;-0.0905512;-0.224409;0.0511811;0.42126;-0.791339;-0.248031;-0.358268;0.0511811;-0.338583;-0.169291;-0.125984;-0.0472441;-0.216535;-0.429134;0.149606;-0.602362;1;-0.248031;-0.34252;-0.0826771;-0.10303;0.705051;0.139394;-0.0222222;-0.0262626;+1;0;+1;+1;-1

33.9;-0.12967;-0.428571;-0.441758;-0.512088;-0.208791;-0.388535;-0.2569;-0.0573248;-0.159236;-0.320594;-0.341826;-0.278132;-0.0106157;-0.163482;-0.592357;-0.430998;-0.18896;0.333333;-0.749469;-0.125265;-0.511677;0.422505;-0.146497;-0.154989;-0.22293;-0.205945;-0.273885;-0.154989;-0.214437;0.0191083;-0.0233545;-0.22293;-0.630573;0.0354331;-0.484252;0.192913;-0.0905512;-0.224409;0.0511811;0.42126;-0.791339;-0.248031;-0.358268;0.0511811;-0.338583;-0.169291;-0.125984;-0.0472441;-0.216535;-0.429134;0.149606;-0.602362;1;-0.248031;-0.34252;-0.0585859;-0.10303;0.705051;0.139394;-0.0222222;+1;0;+1;+1;-1

34;-0.213187;-0.12967;-0.428571;-0.441758;-0.512088;-0.167728;-0.388535;-0.2569;-0.0573248;-0.159236;-0.320594;-0.341826;-0.278132;-0.0106157;-0.163482;-0.592357;-0.430998;-0.18896;0.333333;-0.749469;-0.125265;-0.511677;0.422505;-0.146497;-0.154989;-0.22293;-0.205945;-0.273885;-0.154989;-0.214437;0.0191083;-0.0233545;-0.22293;-0.511811;0.0354331;-0.484252;0.192913;-0.0905512;-0.224409;0.0511811;0.42126;-0.791339;-0.248031;-0.358268;0.0511811;-0.338583;-0.169291;-0.125984;-0.0472441;-0.216535;-0.429134;0.149606;-0.602362;1;-0.248031;-0.325253;-0.0585859;-0.10303;0.705051;0.139394;-1;0;-1;+1;-1

33.6;-0.432967;-0.213187;-0.12967;-0.428571;-0.441758;-0.460722;-0.167728;-0.388535;-0.2569;-0.0573248;-0.159236;-0.320594;-0.341826;-0.278132;-0.0106157;-0.163482;-0.592357;-0.430998;-0.18896;0.333333;-0.749469;-0.125265;-0.511677;0.422505;-0.146497;-0.154989;-0.22293;-0.205945;-0.273885;-0.154989;-0.214437;0.0191083;-0.0233545;-0.133858;-0.511811;0.0354331;-0.484252;0.192913;-0.0905512;-0.224409;0.0511811;0.42126;-0.791339;-0.248031;-0.358268;0.0511811;-0.338583;-0.169291;-0.125984;-0.0472441;-0.216535;-0.429134;0.149606;-0.602362;1;-0.228283;-0.325253;-0.0585859;-0.10303;0.705051;-1;0;-1;+1;-1

