1.27;-0.926175;-0.923937;-0.927293;-1;+1;-1;-1;-1

1.27;-0.927293;-0.926175;-0.923937;-1;+1;-1;-1;-1

1.26;-0.928412;-0.927293;-0.926175;-1;-1;-1;-1;-1

1.26;-0.927293;-0.928412;-0.927293;-1;-1;-1;-1;-1

1.25;-0.928412;-0.927293;-0.928412;-1;-1;-1;-1;-1

1.25;-0.927293;-0.928412;-0.927293;+1;-1;-1;-1;-1

1.29;-0.922819;-0.927293;-0.928412;-1;-1;-1;-1;-1

1.28;-0.928412;-0.922819;-0.927293;-1;+1;-1;-1;-1

1.25;-0.930649;-0.928412;-0.922819;-1;-1;-1;-1;-1

1.24;-0.928412;-0.930649;-0.928412;-1;-1;-1;-1;-1

1.23;-0.928412;-0.928412;-0.930649;-1;-1;-1;-1;-1

1.16;-0.935123;-0.928412;-0.928412;+1;-1;-1;-1;-1

1.18;-0.925056;-0.935123;-0.928412;+1;-1;-1;-1;-1

1.2;-0.925056;-0.925056;-0.935123;-1;+1;-1;-1;-1

1.15;-0.932886;-0.925056;-0.925056;-1;+1;-1;-1;-1

1.1;-0.932886;-0.932886;-0.925056;-1;-1;-1;-1;-1

1.08;-0.92953;-0.932886;-0.932886;+1;-1;-1;-1;-1

1.2;-0.91387;-0.92953;-0.932886;+1;-1;-1;-1;-1

1.24;-0.922819;-0.91387;-0.92953;-1;+1;-1;-1;-1

1.2;-0.931767;-0.922819;-0.91387;-1;+1;-1;-1;-1

1.1;-0.938479;-0.931767;-0.922819;+1;-1;-1;-1;-1

1.14;-0.922819;-0.938479;-0.931767;+1;-1;-1;-1;-1

1.19;-0.9217;-0.922819;-0.938479;+1;+1;-1;-1;-1

1.21;-0.925056;-0.9217;-0.922819;-1;+1;-1;-1;-1

1.16;-0.932886;-0.925056;-0.9217;+1;+1;-1;-1;-1

1.18;-0.925056;-0.932886;-0.925056;-1;-1;-1;-1;-1

1.13;-0.932886;-0.925056;-0.932886;-1;+1;-1;-1;-1

1.13;-0.927293;-0.932886;-0.925056;-1;-1;-1;-1;-1

1.1;-0.930649;-0.927293;-0.932886;-1;-1;-1;-1;-1

1.05;-0.932886;-0.930649;-0.927293;+1;-1;-1;-1;-1

1.06;-0.926175;-0.932886;-0.930649;-1;-1;-1;-1;-1

1.05;-0.928412;-0.926175;-0.932886;+1;+1;-1;-1;-1

1.08;-0.923937;-0.928412;-0.926175;+1;-1;-1;-1;-1

1.09;-0.926175;-0.923937;-0.928412;+1;+1;-1;-1;-1

1.1;-0.926175;-0.926175;-0.923937;+1;+1;-1;-1;-1

1.13;-0.923937;-0.926175;-0.926175;+1;+1;-1;-1;-1

1.14;-0.926175;-0.923937;-0.926175;+1;+1;-1;-1;-1

1.15;-0.926175;-0.926175;-0.923937;-1;+1;-1;-1;-1

1.13;-0.92953;-0.926175;-0.926175;-1;+1;-1;-1;-1

1.12;-0.928412;-0.92953;-0.926175;+1;-1;-1;-1;-1

1.13;-0.926175;-0.928412;-0.92953;+1;-1;-1;-1;-1

1.18;-0.9217;-0.926175;-0.928412;-1;+1;-1;-1;-1

1.17;-0.928412;-0.9217;-0.926175;+1;+1;-1;-1;-1

1.18;-0.926175;-0.928412;-0.9217;-1;-1;-1;-1;-1

1.17;-0.928412;-0.926175;-0.928412;-1;+1;-1;-1;-1

1.13;-0.931767;-0.928412;-0.926175;+1;-1;-1;-1;-1

1.14;-0.926175;-0.931767;-0.928412;-1;-1;-1;-1;-1

1.13;-0.928412;-0.926175;-0.931767;-1;+1;-1;-1;-1

1.13;-0.927293;-0.928412;-0.926175;+1;-1;-1;-1;-1

1.14;-0.926175;-0.927293;-0.928412;+1;-1;-1;-1;-1

1.15;-0.926175;-0.926175;-0.927293;-1;+1;-1;-1;-1

1.12;-0.930649;-0.926175;-0.926175;-1;+1;-1;-1;-1

1.12;-0.927293;-0.930649;-0.926175;+1;-1;-1;-1;-1

1.15;-0.923937;-0.927293;-0.930649;-1;-1;-1;-1;-1

1.14;-0.928412;-0.923937;-0.927293;+1;+1;-1;-1;-1

1.18;-0.922819;-0.928412;-0.923937;-1;-1;-1;-1;-1

1.15;-0.930649;-0.922819;-0.928412;+1;+1;-1;-1;-1

1.16;-0.926175;-0.930649;-0.922819;+1;-1;-1;-1;-1

1.19;-0.923937;-0.926175;-0.930649;+1;+1;-1;-1;-1

1.21;-0.925056;-0.923937;-0.926175;+1;+1;-1;-1;-1

1.22;-0.926175;-0.925056;-0.923937;-1;+1;-1;-1;-1

1.22;-0.927293;-0.926175;-0.925056;+1;+1;-1;-1;-1

1.23;-0.926175;-0.927293;-0.926175;-1;-1;-1;-1;-1

1.22;-0.928412;-0.926175;-0.927293;+1;+1;-1;-1;-1

18.45;1;-0.928412;-0.926175;+1;-1;+1;+1;-1

18.64;-0.90604;1;-0.928412;-1;+1;-1;-1;-1

18.1;-0.987696;-0.90604;1;+1;+1;+1;+1;-1

18.42;-0.891499;-0.987696;-0.90604;-1;-1;-1;+1;-1

18.02;-0.972036;-0.891499;-0.987696;-1;+1;+1;-1;-1

18;-0.92953;-0.972036;-0.891499;+1;-1;-1;+1;-1

18.5;-0.871365;-0.92953;-0.972036;+1;-1;+1;+1;-1

18.81;-0.892617;-0.871365;-0.92953;+1;+1;-1;+1;-1

19;-0.90604;-0.892617;-0.871365;-1;+1;+1;+1;-1

18.4;-0.994407;-0.90604;-0.892617;+1;+1;+1;+1;-1

19.35;-0.821029;-0.994407;-0.90604;+1;-1;+1;+1;-1

19.39;-0.922819;-0.821029;-0.994407;-1;+1;-1;-1;-1

19.06;-0.964206;-0.922819;-0.821029;+1;+1;+1;+1;-1

19.25;-0.90604;-0.964206;-0.922819;-1;-1;-1;+1;-1

18.98;-0.957494;-0.90604;-0.964206;+1;+1;+1;+1;-1

19;-0.925056;-0.957494;-0.90604;-1;-1;-1;+1;-1

18.61;-0.970917;-0.925056;-0.957494;+1;+1;+1;+1;-1

19.2;-0.861298;-0.970917;-0.925056;-1;-1;+1;+1;-1

19.12;-0.936242;-0.861298;-0.970917;-1;+1;-1;+1;-1

19;-0.940716;-0.936242;-0.861298;+1;-1;+1;+1;-1

19.4;-0.88255;-0.940716;-0.936242;-1;-1;+1;+1;-1

19.2;-0.949664;-0.88255;-0.940716;+1;+1;-1;+1;-1

19.25;-0.9217;-0.949664;-0.88255;+1;-1;+1;+1;-1

19.58;-0.89038;-0.9217;-0.949664;-1;+1;+1;+1;-1

19.5;-0.936242;-0.89038;-0.9217;-1;+1;-1;+1;-1

19.5;-0.927293;-0.936242;-0.89038;+1;-1;-1;+1;-1

19.67;-0.908277;-0.927293;-0.936242;+1;-1;-1;+1;-1

20.02;-0.888143;-0.908277;-0.927293;-1;+1;-1;+1;-1

19.4;-0.996644;-0.888143;-0.908277;+1;+1;+1;+1;-1

20.08;-0.85123;-0.996644;-0.888143;+1;-1;+1;+1;-1

20.17;-0.917226;-0.85123;-0.996644;-1;+1;-1;+1;-1

20;-0.946309;-0.917226;-0.85123;+1;+1;+1;+1;-1

20.53;-0.868009;-0.946309;-0.917226;-1;-1;+1;+1;-1

20.3;-0.95302;-0.868009;-0.946309;-1;+1;-1;+1;-1

20;-0.96085;-0.95302;-0.868009;-1;-1;+1;+1;-1

19.35;-1;-0.96085;-0.95302;-1;-1;+1;+1;-1

18.9;-0.977629;-1;-0.96085;+1;-1;-1;+1;-1

19.4;-0.871365;-0.977629;-1;+1;-1;+1;+1;-1

19.84;-0.878076;-0.871365;-0.977629;+1;+1;+1;+1;-1

20.4;-0.864653;-0.878076;-0.871365;-1;+1;+1;+1;-1

20.04;-0.967562;-0.864653;-0.878076;+1;+1;-1;+1;-1

20.19;-0.910515;-0.967562;-0.864653;-1;-1;+1;+1;-1

19.54;-1;-0.910515;-0.967562;-1;+1;+1;+1;-1

