19;0.161972;-0.556338;-0.598592;-0.323944;-0.239437;-0.570423;-0.119718;-0.366197;-0.225352;-0.542254;-0.640845;-0.471831;-0.514085;-0.852113;-0.0915493;0.0915493;-0.71831;0.0915493;-0.690141;-1;-0.031579;0.235088;-1;0.00313479;-0.216301;-0.874608;0.510972;-0.109718;-0.347962;-0.0783699;0.0658307;0.166144;0.442006;-0.141066;-0.0094044;-0.467085;-0.153605;-0.84326;-0.592476;-0.122257;-1;0;0;0;0

18.6;-0.612676;0.161972;-0.556338;-0.598592;-0.323944;-0.239437;-0.570423;-0.119718;-0.366197;-0.225352;-0.542254;-0.640845;-0.471831;-0.514085;-0.852113;-0.0915493;0.0915493;-0.71831;0.0915493;-0.684211;-1;-0.031579;0.316614;-1;0.00313479;-0.216301;-0.874608;0.510972;-0.109718;-0.347962;-0.0783699;0.0658307;0.166144;0.442006;-0.141066;-0.0094044;-0.467085;-0.153605;-0.84326;-0.592476;-1;0;0;0;0

17.85;-0.859155;-0.612676;0.161972;-0.556338;-0.598592;-0.323944;-0.239437;-0.570423;-0.119718;-0.366197;-0.225352;-0.542254;-0.640845;-0.471831;-0.514085;-0.852113;-0.0915493;0.0915493;-0.71831;0.0947369;-0.684211;-1;0.0783699;0.316614;-1;0.00313479;-0.216301;-0.874608;0.510972;-0.109718;-0.347962;-0.0783699;0.0658307;0.166144;0.442006;-0.141066;-0.0094044;-0.467085;-0.153605;-0.84326;+1;0;0;0;0

18.3;-0.0140845;-0.859155;-0.612676;0.161972;-0.556338;-0.598592;-0.323944;-0.239437;-0.570423;-0.119718;-0.366197;-0.225352;-0.542254;-0.640845;-0.471831;-0.514085;-0.852113;-0.0915493;0.0915493;-0.712281;0.0947369;-0.684211;-0.786834;0.0783699;0.316614;-1;0.00313479;-0.216301;-0.874608;0.510972;-0.109718;-0.347962;-0.0783699;0.0658307;0.166144;0.442006;-0.141066;-0.0094044;-0.467085;-0.153605;+1;0;0;0;0

18.9;0.0915493;-0.0140845;-0.859155;-0.612676;0.161972;-0.556338;-0.598592;-0.323944;-0.239437;-0.570423;-0.119718;-0.366197;-0.225352;-0.542254;-0.640845;-0.471831;-0.514085;-0.852113;-0.0915493;0.0947369;-0.712281;0.0947369;-0.504702;-0.786834;0.0783699;0.316614;-1;0.00313479;-0.216301;-0.874608;0.510972;-0.109718;-0.347962;-0.0783699;0.0658307;0.166144;0.442006;-0.141066;-0.0094044;-0.467085;+1;0;0;0;0

19.9;0.373239;0.0915493;-0.0140845;-0.859155;-0.612676;0.161972;-0.556338;-0.598592;-0.323944;-0.239437;-0.570423;-0.119718;-0.366197;-0.225352;-0.542254;-0.640845;-0.471831;-0.514085;-0.852113;-0.0877193;0.0947369;-0.712281;0.191223;-0.504702;-0.786834;0.0783699;0.316614;-1;0.00313479;-0.216301;-0.874608;0.510972;-0.109718;-0.347962;-0.0783699;0.0658307;0.166144;0.442006;-0.141066;-0.0094044;-1;0;0;0;0

19.8;-0.401408;0.373239;0.0915493;-0.0140845;-0.859155;-0.612676;0.161972;-0.556338;-0.598592;-0.323944;-0.239437;-0.570423;-0.119718;-0.366197;-0.225352;-0.542254;-0.640845;-0.471831;-0.514085;-0.845614;-0.0877193;0.0947369;-0.529781;0.191223;-0.504702;-0.786834;0.0783699;0.316614;-1;0.00313479;-0.216301;-0.874608;0.510972;-0.109718;-0.347962;-0.0783699;0.0658307;0.166144;0.442006;-0.141066;-1;0;0;0;0

19.19;-0.760563;-0.401408;0.373239;0.0915493;-0.0140845;-0.859155;-0.612676;0.161972;-0.556338;-0.598592;-0.323944;-0.239437;-0.570423;-0.119718;-0.366197;-0.225352;-0.542254;-0.640845;-0.471831;-0.508772;-0.845614;-0.0877193;0.191223;-0.529781;0.191223;-0.504702;-0.786834;0.0783699;0.316614;-1;0.00313479;-0.216301;-0.874608;0.510972;-0.109718;-0.347962;-0.0783699;0.0658307;0.166144;0.442006;-1;0;0;0;0

19;-0.464789;-0.760563;-0.401408;0.373239;0.0915493;-0.0140845;-0.859155;-0.612676;0.161972;-0.556338;-0.598592;-0.323944;-0.239437;-0.570423;-0.119718;-0.366197;-0.225352;-0.542254;-0.640845;-0.466667;-0.508772;-0.845614;0.0282132;0.191223;-0.529781;0.191223;-0.504702;-0.786834;0.0783699;0.316614;-1;0.00313479;-0.216301;-0.874608;0.510972;-0.109718;-0.347962;-0.0783699;0.0658307;0.166144;-1;0;0;0;0

18.76;-0.5;-0.464789;-0.760563;-0.401408;0.373239;0.0915493;-0.0140845;-0.859155;-0.612676;0.161972;-0.556338;-0.598592;-0.323944;-0.239437;-0.570423;-0.119718;-0.366197;-0.225352;-0.542254;-0.635088;-0.466667;-0.508772;-0.648903;0.0282132;0.191223;-0.529781;0.191223;-0.504702;-0.786834;0.0783699;0.316614;-1;0.00313479;-0.216301;-0.874608;0.510972;-0.109718;-0.347962;-0.0783699;0.0658307;+1;0;0;0;0

19;-0.161972;-0.5;-0.464789;-0.760563;-0.401408;0.373239;0.0915493;-0.0140845;-0.859155;-0.612676;0.161972;-0.556338;-0.598592;-0.323944;-0.239437;-0.570423;-0.119718;-0.366197;-0.225352;-0.536842;-0.635088;-0.466667;-0.347962;-0.648903;0.0282132;0.191223;-0.529781;0.191223;-0.504702;-0.786834;0.0783699;0.316614;-1;0.00313479;-0.216301;-0.874608;0.510972;-0.109718;-0.347962;-0.0783699;-1;0;0;0;0

18.31;-0.816901;-0.161972;-0.5;-0.464789;-0.760563;-0.401408;0.373239;0.0915493;-0.0140845;-0.859155;-0.612676;0.161972;-0.556338;-0.598592;-0.323944;-0.239437;-0.570423;-0.119718;-0.366197;-0.221053;-0.536842;-0.635088;-0.310345;-0.347962;-0.648903;0.0282132;0.191223;-0.529781;0.191223;-0.504702;-0.786834;0.0783699;0.316614;-1;0.00313479;-0.216301;-0.874608;0.510972;-0.109718;-0.347962;+1;0;0;0;0

18.5;-0.197183;-0.816901;-0.161972;-0.5;-0.464789;-0.760563;-0.401408;0.373239;0.0915493;-0.0140845;-0.859155;-0.612676;0.161972;-0.556338;-0.598592;-0.323944;-0.239437;-0.570423;-0.119718;-0.361404;-0.221053;-0.536842;-0.460815;-0.310345;-0.347962;-0.648903;0.0282132;0.191223;-0.529781;0.191223;-0.504702;-0.786834;0.0783699;0.316614;-1;0.00313479;-0.216301;-0.874608;0.510972;-0.109718;-1;0;0;0;0

18.02;-0.669014;-0.197183;-0.816901;-0.161972;-0.5;-0.464789;-0.760563;-0.401408;0.373239;0.0915493;-0.0140845;-0.859155;-0.612676;0.161972;-0.556338;-0.598592;-0.323944;-0.239437;-0.570423;-0.115789;-0.361404;-0.221053;-0.373041;-0.460815;-0.310345;-0.347962;-0.648903;0.0282132;0.191223;-0.529781;0.191223;-0.504702;-0.786834;0.0783699;0.316614;-1;0.00313479;-0.216301;-0.874608;0.510972;-1;0;0;0;0

17.5;-0.697183;-0.669014;-0.197183;-0.816901;-0.161972;-0.5;-0.464789;-0.760563;-0.401408;0.373239;0.0915493;-0.0140845;-0.859155;-0.612676;0.161972;-0.556338;-0.598592;-0.323944;-0.239437;-0.564912;-0.115789;-0.361404;-0.0909091;-0.373041;-0.460815;-0.310345;-0.347962;-0.648903;0.0282132;0.191223;-0.529781;0.191223;-0.504702;-0.786834;0.0783699;0.316614;-1;0.00313479;-0.216301;-0.874608;-1;0;0;0;0

16.8;-0.823944;-0.697183;-0.669014;-0.197183;-0.816901;-0.161972;-0.5;-0.464789;-0.760563;-0.401408;0.373239;0.0915493;-0.0140845;-0.859155;-0.612676;0.161972;-0.556338;-0.598592;-0.323944;-0.235088;-0.564912;-0.115789;-0.216301;-0.0909091;-0.373041;-0.460815;-0.310345;-0.347962;-0.648903;0.0282132;0.191223;-0.529781;0.191223;-0.504702;-0.786834;0.0783699;0.316614;-1;0.00313479;-0.216301;-1;0;0;0;0

16;-0.894366;-0.823944;-0.697183;-0.669014;-0.197183;-0.816901;-0.161972;-0.5;-0.464789;-0.760563;-0.401408;0.373239;0.0915493;-0.0140845;-0.859155;-0.612676;0.161972;-0.556338;-0.598592;-0.319298;-0.235088;-0.564912;0.00313479;-0.216301;-0.0909091;-0.373041;-0.460815;-0.310345;-0.347962;-0.648903;0.0282132;0.191223;-0.529781;0.191223;-0.504702;-0.786834;0.0783699;0.316614;-1;0.00313479;+1;0;0;0;0

17.89;1;-0.894366;-0.823944;-0.697183;-0.669014;-0.197183;-0.816901;-0.161972;-0.5;-0.464789;-0.760563;-0.401408;0.373239;0.0915493;-0.0140845;-0.859155;-0.612676;0.161972;-0.556338;-0.592982;-0.319298;-0.235088;-0.398119;0.00313479;-0.216301;-0.0909091;-0.373041;-0.460815;-0.310345;-0.347962;-0.648903;0.0282132;0.191223;-0.529781;0.191223;-0.504702;-0.786834;0.0783699;0.316614;-1;+1;0;0;0;0

18.19;-0.119718;1;-0.894366;-0.823944;-0.697183;-0.669014;-0.197183;-0.816901;-0.161972;-0.5;-0.464789;-0.760563;-0.401408;0.373239;0.0915493;-0.0140845;-0.859155;-0.612676;0.161972;-0.550877;-0.592982;-0.319298;-0.103448;-0.398119;0.00313479;-0.216301;-0.0909091;-0.373041;-0.460815;-0.310345;-0.347962;-0.648903;0.0282132;0.191223;-0.529781;0.191223;-0.504702;-0.786834;0.0783699;0.316614;-1;0;0;0;0

17.7;-0.676056;-0.119718;1;-0.894366;-0.823944;-0.697183;-0.669014;-0.197183;-0.816901;-0.161972;-0.5;-0.464789;-0.760563;-0.401408;0.373239;0.0915493;-0.0140845;-0.859155;-0.612676;0.164912;-0.550877;-0.592982;-0.178683;-0.103448;-0.398119;0.00313479;-0.216301;-0.0909091;-0.373041;-0.460815;-0.310345;-0.347962;-0.648903;0.0282132;0.191223;-0.529781;0.191223;-0.504702;-0.786834;0.0783699;-1;0;0;0;0

17.51;-0.464789;-0.676056;-0.119718;1;-0.894366;-0.823944;-0.697183;-0.669014;-0.197183;-0.816901;-0.161972;-0.5;-0.464789;-0.760563;-0.401408;0.373239;0.0915493;-0.0140845;-0.859155;-0.607018;0.164912;-0.550877;-0.423198;-0.178683;-0.103448;-0.398119;0.00313479;-0.216301;-0.0909091;-0.373041;-0.460815;-0.310345;-0.347962;-0.648903;0.0282132;0.191223;-0.529781;0.191223;-0.504702;-0.786834;-1;0;0;0;0

17.25;-0.514085;-0.464789;-0.676056;-0.119718;1;-0.894366;-0.823944;-0.697183;-0.669014;-0.197183;-0.816901;-0.161972;-0.5;-0.464789;-0.760563;-0.401408;0.373239;0.0915493;-0.0140845;-0.852632;-0.607018;0.164912;-0.38558;-0.423198;-0.178683;-0.103448;-0.398119;0.00313479;-0.216301;-0.0909091;-0.373041;-0.460815;-0.310345;-0.347962;-0.648903;0.0282132;0.191223;-0.529781;0.191223;-0.504702;+1;0;0;0;0

18;0.197183;-0.514085;-0.464789;-0.676056;-0.119718;1;-0.894366;-0.823944;-0.697183;-0.669014;-0.197183;-0.816901;-0.161972;-0.5;-0.464789;-0.760563;-0.401408;0.373239;0.0915493;-0.0105263;-0.852632;-0.607018;0.253918;-0.38558;-0.423198;-0.178683;-0.103448;-0.398119;0.00313479;-0.216301;-0.0909091;-0.373041;-0.460815;-0.310345;-0.347962;-0.648903;0.0282132;0.191223;-0.529781;0.191223;-1;0;0;0;0

17.9;-0.401408;0.197183;-0.514085;-0.464789;-0.676056;-0.119718;1;-0.894366;-0.823944;-0.697183;-0.669014;-0.197183;-0.816901;-0.161972;-0.5;-0.464789;-0.760563;-0.401408;0.373239;0.0947369;-0.0105263;-0.852632;-0.435737;0.253918;-0.38558;-0.423198;-0.178683;-0.103448;-0.398119;0.00313479;-0.216301;-0.0909091;-0.373041;-0.460815;-0.310345;-0.347962;-0.648903;0.0282132;0.191223;-0.529781;-1;0;0;0;0

17.25;-0.788732;-0.401408;0.197183;-0.514085;-0.464789;-0.676056;-0.119718;1;-0.894366;-0.823944;-0.697183;-0.669014;-0.197183;-0.816901;-0.161972;-0.5;-0.464789;-0.760563;-0.401408;0.375439;0.0947369;-0.0105263;-0.655172;-0.435737;0.253918;-0.38558;-0.423198;-0.178683;-0.103448;-0.398119;0.00313479;-0.216301;-0.0909091;-0.373041;-0.460815;-0.310345;-0.347962;-0.648903;0.0282132;0.191223;+1;0;0;0;0

17.4;-0.225352;-0.788732;-0.401408;0.197183;-0.514085;-0.464789;-0.676056;-0.119718;1;-0.894366;-0.823944;-0.697183;-0.669014;-0.197183;-0.816901;-0.161972;-0.5;-0.464789;-0.760563;-0.396491;0.375439;0.0947369;0.0971787;-0.655172;-0.435737;0.253918;-0.38558;-0.423198;-0.178683;-0.103448;-0.398119;0.00313479;-0.216301;-0.0909091;-0.373041;-0.460815;-0.310345;-0.347962;-0.648903;0.0282132;-1;0;0;0;0

17.3;-0.401408;-0.225352;-0.788732;-0.401408;0.197183;-0.514085;-0.464789;-0.676056;-0.119718;1;-0.894366;-0.823944;-0.697183;-0.669014;-0.197183;-0.816901;-0.161972;-0.5;-0.464789;-0.754386;-0.396491;0.375439;0.191223;0.0971787;-0.655172;-0.435737;0.253918;-0.38558;-0.423198;-0.178683;-0.103448;-0.398119;0.00313479;-0.216301;-0.0909091;-0.373041;-0.460815;-0.310345;-0.347962;-0.648903;+1;0;0;0;0

18;0.161972;-0.401408;-0.225352;-0.788732;-0.401408;0.197183;-0.514085;-0.464789;-0.676056;-0.119718;1;-0.894366;-0.823944;-0.697183;-0.669014;-0.197183;-0.816901;-0.161972;-0.5;-0.459649;-0.754386;-0.396491;0.442006;0.191223;0.0971787;-0.655172;-0.435737;0.253918;-0.38558;-0.423198;-0.178683;-0.103448;-0.398119;0.00313479;-0.216301;-0.0909091;-0.373041;-0.460815;-0.310345;-0.347962;-1;0;0;0;0

17.8;-0.471831;0.161972;-0.401408;-0.225352;-0.788732;-0.401408;0.197183;-0.514085;-0.464789;-0.676056;-0.119718;1;-0.894366;-0.823944;-0.697183;-0.669014;-0.197183;-0.816901;-0.161972;-0.494737;-0.459649;-0.754386;-0.247649;0.442006;0.191223;0.0971787;-0.655172;-0.435737;0.253918;-0.38558;-0.423198;-0.178683;-0.103448;-0.398119;0.00313479;-0.216301;-0.0909091;-0.373041;-0.460815;-0.310345;-1;0;0;0;0

16.97;-0.915493;-0.471831;0.161972;-0.401408;-0.225352;-0.788732;-0.401408;0.197183;-0.514085;-0.464789;-0.676056;-0.119718;1;-0.894366;-0.823944;-0.697183;-0.669014;-0.197183;-0.816901;-0.157895;-0.494737;-0.459649;-0.567398;-0.247649;0.442006;0.191223;0.0971787;-0.655172;-0.435737;0.253918;-0.38558;-0.423198;-0.178683;-0.103448;-0.398119;0.00313479;-0.216301;-0.0909091;-0.373041;-0.460815;+1;0;0;0;0

17;-0.309859;-0.915493;-0.471831;0.161972;-0.401408;-0.225352;-0.788732;-0.401408;0.197183;-0.514085;-0.464789;-0.676056;-0.119718;1;-0.894366;-0.823944;-0.697183;-0.669014;-0.197183;-0.810526;-0.157895;-0.494737;-0.304075;-0.567398;-0.247649;0.442006;0.191223;0.0971787;-0.655172;-0.435737;0.253918;-0.38558;-0.423198;-0.178683;-0.103448;-0.398119;0.00313479;-0.216301;-0.0909091;-0.373041;+1;0;0;0;0

17.7;0.161972;-0.309859;-0.915493;-0.471831;0.161972;-0.401408;-0.225352;-0.788732;-0.401408;0.197183;-0.514085;-0.464789;-0.676056;-0.119718;1;-0.894366;-0.823944;-0.697183;-0.669014;-0.192982;-0.810526;-0.157895;-0.335423;-0.304075;-0.567398;-0.247649;0.442006;0.191223;0.0971787;-0.655172;-0.435737;0.253918;-0.38558;-0.423198;-0.178683;-0.103448;-0.398119;0.00313479;-0.216301;-0.0909091;-1;0;0;0;0

17.42;-0.528169;0.161972;-0.309859;-0.915493;-0.471831;0.161972;-0.401408;-0.225352;-0.788732;-0.401408;0.197183;-0.514085;-0.464789;-0.676056;-0.119718;1;-0.894366;-0.823944;-0.697183;-0.663158;-0.192982;-0.810526;-0.0344828;-0.335423;-0.304075;-0.567398;-0.247649;0.442006;0.191223;0.0971787;-0.655172;-0.435737;0.253918;-0.38558;-0.423198;-0.178683;-0.103448;-0.398119;0.00313479;-0.216301;+1;0;0;0;0

17.8;-0.0633803;-0.528169;0.161972;-0.309859;-0.915493;-0.471831;0.161972;-0.401408;-0.225352;-0.788732;-0.401408;0.197183;-0.514085;-0.464789;-0.676056;-0.119718;1;-0.894366;-0.823944;-0.691228;-0.663158;-0.192982;-0.617555;-0.0344828;-0.335423;-0.304075;-0.567398;-0.247649;0.442006;0.191223;0.0971787;-0.655172;-0.435737;0.253918;-0.38558;-0.423198;-0.178683;-0.103448;-0.398119;0.00313479;-1;0;0;0;0

17.6;-0.471831;-0.0633803;-0.528169;0.161972;-0.309859;-0.915493;-0.471831;0.161972;-0.401408;-0.225352;-0.788732;-0.401408;0.197183;-0.514085;-0.464789;-0.676056;-0.119718;1;-0.894366;-0.817544;-0.691228;-0.663158;-0.0658307;-0.617555;-0.0344828;-0.335423;-0.304075;-0.567398;-0.247649;0.442006;0.191223;0.0971787;-0.655172;-0.435737;0.253918;-0.38558;-0.423198;-0.178683;-0.103448;-0.398119;-1;0;0;0;0

17.19;-0.619718;-0.471831;-0.0633803;-0.528169;0.161972;-0.309859;-0.915493;-0.471831;0.161972;-0.401408;-0.225352;-0.788732;-0.401408;0.197183;-0.514085;-0.464789;-0.676056;-0.119718;1;-0.887719;-0.817544;-0.691228;-0.485893;-0.0658307;-0.617555;-0.0344828;-0.335423;-0.304075;-0.567398;-0.247649;0.442006;0.191223;0.0971787;-0.655172;-0.435737;0.253918;-0.38558;-0.423198;-0.178683;-0.103448;+1;0;0;0;0

17.51;-0.105634;-0.619718;-0.471831;-0.0633803;-0.528169;0.161972;-0.309859;-0.915493;-0.471831;0.161972;-0.401408;-0.225352;-0.788732;-0.401408;0.197183;-0.514085;-0.464789;-0.676056;-0.119718;1;-0.887719;-0.817544;-0.510972;-0.485893;-0.0658307;-0.617555;-0.0344828;-0.335423;-0.304075;-0.567398;-0.247649;0.442006;0.191223;0.0971787;-0.655172;-0.435737;0.253918;-0.38558;-0.423198;-0.178683;+1;0;0;0;0

17.7;-0.197183;-0.105634;-0.619718;-0.471831;-0.0633803;-0.528169;0.161972;-0.309859;-0.915493;-0.471831;0.161972;-0.401408;-0.225352;-0.788732;-0.401408;0.197183;-0.514085;-0.464789;-0.676056;-0.115789;1;-0.887719;-0.623824;-0.510972;-0.485893;-0.0658307;-0.617555;-0.0344828;-0.335423;-0.304075;-0.567398;-0.247649;0.442006;0.191223;0.0971787;-0.655172;-0.435737;0.253918;-0.38558;-0.423198;-1;0;0;0;0

17.55;-0.43662;-0.197183;-0.105634;-0.619718;-0.471831;-0.0633803;-0.528169;0.161972;-0.309859;-0.915493;-0.471831;0.161972;-0.401408;-0.225352;-0.788732;-0.401408;0.197183;-0.514085;-0.464789;-0.670175;-0.115789;1;-0.68652;-0.623824;-0.510972;-0.485893;-0.0658307;-0.617555;-0.0344828;-0.335423;-0.304075;-0.567398;-0.247649;0.442006;0.191223;0.0971787;-0.655172;-0.435737;0.253918;-0.38558;-1;0;0;0;0

17.41;-0.429577;-0.43662;-0.197183;-0.105634;-0.619718;-0.471831;-0.0633803;-0.528169;0.161972;-0.309859;-0.915493;-0.471831;0.161972;-0.401408;-0.225352;-0.788732;-0.401408;0.197183;-0.514085;-0.459649;-0.670175;-0.115789;1;-0.68652;-0.623824;-0.510972;-0.485893;-0.0658307;-0.617555;-0.0344828;-0.335423;-0.304075;-0.567398;-0.247649;0.442006;0.191223;0.0971787;-0.655172;-0.435737;0.253918;-1;0;0;0;0

17.01;-0.612676;-0.429577;-0.43662;-0.197183;-0.105634;-0.619718;-0.471831;-0.0633803;-0.528169;0.161972;-0.309859;-0.915493;-0.471831;0.161972;-0.401408;-0.225352;-0.788732;-0.401408;0.197183;-0.508772;-0.459649;-0.670175;0.00313479;1;-0.68652;-0.623824;-0.510972;-0.485893;-0.0658307;-0.617555;-0.0344828;-0.335423;-0.304075;-0.567398;-0.247649;0.442006;0.191223;0.0971787;-0.655172;-0.435737;+1;0;0;0;0

17.84;0.253521;-0.612676;-0.429577;-0.43662;-0.197183;-0.105634;-0.619718;-0.471831;-0.0633803;-0.528169;0.161972;-0.309859;-0.915493;-0.471831;0.161972;-0.401408;-0.225352;-0.788732;-0.401408;0.2;-0.508772;-0.459649;-0.492163;0.00313479;1;-0.68652;-0.623824;-0.510972;-0.485893;-0.0658307;-0.617555;-0.0344828;-0.335423;-0.304075;-0.567398;-0.247649;0.442006;0.191223;0.0971787;-0.655172;-1;0;0;0;0

17.7;-0.429577;0.253521;-0.612676;-0.429577;-0.43662;-0.197183;-0.105634;-0.619718;-0.471831;-0.0633803;-0.528169;0.161972;-0.309859;-0.915493;-0.471831;0.161972;-0.401408;-0.225352;-0.788732;-0.396491;0.2;-0.508772;-0.304075;-0.492163;0.00313479;1;-0.68652;-0.623824;-0.510972;-0.485893;-0.0658307;-0.617555;-0.0344828;-0.335423;-0.304075;-0.567398;-0.247649;0.442006;0.191223;0.0971787;+1;0;0;0;0

18.55;0.267606;-0.429577;0.253521;-0.612676;-0.429577;-0.43662;-0.197183;-0.105634;-0.619718;-0.471831;-0.0633803;-0.528169;0.161972;-0.309859;-0.915493;-0.471831;0.161972;-0.401408;-0.225352;-0.782456;-0.396491;0.2;-0.347962;-0.304075;-0.492163;0.00313479;1;-0.68652;-0.623824;-0.510972;-0.485893;-0.0658307;-0.617555;-0.0344828;-0.335423;-0.304075;-0.567398;-0.247649;0.442006;0.191223;-1;0;0;0;0

18.35;-0.471831;0.267606;-0.429577;0.253521;-0.612676;-0.429577;-0.43662;-0.197183;-0.105634;-0.619718;-0.471831;-0.0633803;-0.528169;0.161972;-0.309859;-0.915493;-0.471831;0.161972;-0.401408;-0.221053;-0.782456;-0.396491;0.285266;-0.347962;-0.304075;-0.492163;0.00313479;1;-0.68652;-0.623824;-0.510972;-0.485893;-0.0658307;-0.617555;-0.0344828;-0.335423;-0.304075;-0.567398;-0.247649;0.442006;-1;0;0;0;0

17.4;-1;-0.471831;0.267606;-0.429577;0.253521;-0.612676;-0.429577;-0.43662;-0.197183;-0.105634;-0.619718;-0.471831;-0.0633803;-0.528169;0.161972;-0.309859;-0.915493;-0.471831;0.161972;-0.396491;-0.221053;-0.782456;-0.247649;0.285266;-0.347962;-0.304075;-0.492163;0.00313479;1;-0.68652;-0.623824;-0.510972;-0.485893;-0.0658307;-0.617555;-0.0344828;-0.335423;-0.304075;-0.567398;-0.247649;+1;0;0;0;0

17.43;-0.309859;-1;-0.471831;0.267606;-0.429577;0.253521;-0.612676;-0.429577;-0.43662;-0.197183;-0.105634;-0.619718;-0.471831;-0.0633803;-0.528169;0.161972;-0.309859;-0.915493;-0.471831;0.164912;-0.396491;-0.221053;-0.592476;-0.247649;0.285266;-0.347962;-0.304075;-0.492163;0.00313479;1;-0.68652;-0.623824;-0.510972;-0.485893;-0.0658307;-0.617555;-0.0344828;-0.335423;-0.304075;-0.567398;+1;0;0;0;0

18.24;0.239437;-0.309859;-1;-0.471831;0.267606;-0.429577;0.253521;-0.612676;-0.429577;-0.43662;-0.197183;-0.105634;-0.619718;-0.471831;-0.0633803;-0.528169;0.161972;-0.309859;-0.915493;-0.466667;0.164912;-0.396491;-0.0909091;-0.592476;-0.247649;0.285266;-0.347962;-0.304075;-0.492163;0.00313479;1;-0.68652;-0.623824;-0.510972;-0.485893;-0.0658307;-0.617555;-0.0344828;-0.335423;-0.304075;-1;0;0;0;0

17.61;-0.774648;0.239437;-0.309859;-1;-0.471831;0.267606;-0.429577;0.253521;-0.612676;-0.429577;-0.43662;-0.197183;-0.105634;-0.619718;-0.471831;-0.0633803;-0.528169;0.161972;-0.309859;-0.908772;-0.466667;0.164912;-0.247649;-0.0909091;-0.592476;-0.247649;0.285266;-0.347962;-0.304075;-0.492163;0.00313479;1;-0.68652;-0.623824;-0.510972;-0.485893;-0.0658307;-0.617555;-0.0344828;-0.335423;-1;0;0;0;0

17.45;-0.443662;-0.774648;0.239437;-0.309859;-1;-0.471831;0.267606;-0.429577;0.253521;-0.612676;-0.429577;-0.43662;-0.197183;-0.105634;-0.619718;-0.471831;-0.0633803;-0.528169;0.161972;-0.305263;-0.908772;-0.466667;0.253918;-0.247649;-0.0909091;-0.592476;-0.247649;0.285266;-0.347962;-0.304075;-0.492163;0.00313479;1;-0.68652;-0.623824;-0.510972;-0.485893;-0.0658307;-0.617555;-0.0344828;+1;0;0;0;0

17.75;-0.119718;-0.443662;-0.774648;0.239437;-0.309859;-1;-0.471831;0.267606;-0.429577;0.253521;-0.612676;-0.429577;-0.43662;-0.197183;-0.105634;-0.619718;-0.471831;-0.0633803;-0.528169;0.164912;-0.305263;-0.908772;-0.310345;0.253918;-0.247649;-0.0909091;-0.592476;-0.247649;0.285266;-0.347962;-0.304075;-0.492163;0.00313479;1;-0.68652;-0.623824;-0.510972;-0.485893;-0.0658307;-0.617555;-1;0;0;0;0

17.35;-0.612676;-0.119718;-0.443662;-0.774648;0.239437;-0.309859;-1;-0.471831;0.267606;-0.429577;0.253521;-0.612676;-0.429577;-0.43662;-0.197183;-0.105634;-0.619718;-0.471831;-0.0633803;-0.522807;0.164912;-0.305263;-0.705329;-0.310345;0.253918;-0.247649;-0.0909091;-0.592476;-0.247649;0.285266;-0.347962;-0.304075;-0.492163;0.00313479;1;-0.68652;-0.623824;-0.510972;-0.485893;-0.0658307;+1;0;0;0;0

17.75;-0.0492958;-0.612676;-0.119718;-0.443662;-0.774648;0.239437;-0.309859;-1;-0.471831;0.267606;-0.429577;0.253521;-0.612676;-0.429577;-0.43662;-0.197183;-0.105634;-0.619718;-0.471831;-0.0596491;-0.522807;0.164912;-0.166144;-0.705329;-0.310345;0.253918;-0.247649;-0.0909091;-0.592476;-0.247649;0.285266;-0.347962;-0.304075;-0.492163;0.00313479;1;-0.68652;-0.623824;-0.510972;-0.485893;-1;0;0;0;0

17.73;-0.34507;-0.0492958;-0.612676;-0.119718;-0.443662;-0.774648;0.239437;-0.309859;-1;-0.471831;0.267606;-0.429577;0.253521;-0.612676;-0.429577;-0.43662;-0.197183;-0.105634;-0.619718;-0.466667;-0.0596491;-0.522807;0.253918;-0.166144;-0.705329;-0.310345;0.253918;-0.247649;-0.0909091;-0.592476;-0.247649;0.285266;-0.347962;-0.304075;-0.492163;0.00313479;1;-0.68652;-0.623824;-0.510972;+1;0;0;0;0

18.28;0.056338;-0.34507;-0.0492958;-0.612676;-0.119718;-0.443662;-0.774648;0.239437;-0.309859;-1;-0.471831;0.267606;-0.429577;0.253521;-0.612676;-0.429577;-0.43662;-0.197183;-0.105634;-0.614035;-0.466667;-0.0596491;-0.360502;0.253918;-0.166144;-0.705329;-0.310345;0.253918;-0.247649;-0.0909091;-0.592476;-0.247649;0.285266;-0.347962;-0.304075;-0.492163;0.00313479;1;-0.68652;-0.623824;+1;0;0;0;0

19.1;0.246479;0.056338;-0.34507;-0.0492958;-0.612676;-0.119718;-0.443662;-0.774648;0.239437;-0.309859;-1;-0.471831;0.267606;-0.429577;0.253521;-0.612676;-0.429577;-0.43662;-0.197183;-0.101754;-0.614035;-0.466667;0.0532915;-0.360502;0.253918;-0.166144;-0.705329;-0.310345;0.253918;-0.247649;-0.0909091;-0.592476;-0.247649;0.285266;-0.347962;-0.304075;-0.492163;0.00313479;1;-0.68652;-1;0;0;0;0

18.74;-0.584507;0.246479;0.056338;-0.34507;-0.0492958;-0.612676;-0.119718;-0.443662;-0.774648;0.239437;-0.309859;-1;-0.471831;0.267606;-0.429577;0.253521;-0.612676;-0.429577;-0.43662;-0.192982;-0.101754;-0.614035;-0.310345;0.0532915;-0.360502;0.253918;-0.166144;-0.705329;-0.310345;0.253918;-0.247649;-0.0909091;-0.592476;-0.247649;0.285266;-0.347962;-0.304075;-0.492163;0.00313479;1;+1;0;0;0;0

18.79;-0.295775;-0.584507;0.246479;0.056338;-0.34507;-0.0492958;-0.612676;-0.119718;-0.443662;-0.774648;0.239437;-0.309859;-1;-0.471831;0.267606;-0.429577;0.253521;-0.612676;-0.429577;-0.431579;-0.192982;-0.101754;-0.442006;-0.310345;0.0532915;-0.360502;0.253918;-0.166144;-0.705329;-0.310345;0.253918;-0.247649;-0.0909091;-0.592476;-0.247649;0.285266;-0.347962;-0.304075;-0.492163;0.00313479;+1;0;0;0;0

19.6;0.239437;-0.295775;-0.584507;0.246479;0.056338;-0.34507;-0.0492958;-0.612676;-0.119718;-0.443662;-0.774648;0.239437;-0.309859;-1;-0.471831;0.267606;-0.429577;0.253521;-0.612676;-0.424561;-0.431579;-0.192982;0.015674;-0.442006;-0.310345;0.0532915;-0.360502;0.253918;-0.166144;-0.705329;-0.310345;0.253918;-0.247649;-0.0909091;-0.592476;-0.247649;0.285266;-0.347962;-0.304075;-0.492163;+1;0;0;0;0

20.3;0.161972;0.239437;-0.295775;-0.584507;0.246479;0.056338;-0.34507;-0.0492958;-0.612676;-0.119718;-0.443662;-0.774648;0.239437;-0.309859;-1;-0.471831;0.267606;-0.429577;0.253521;-0.607018;-0.424561;-0.431579;-0.0658307;0.015674;-0.442006;-0.310345;0.0532915;-0.360502;0.253918;-0.166144;-0.705329;-0.310345;0.253918;-0.247649;-0.0909091;-0.592476;-0.247649;0.285266;-0.347962;-0.304075;-1;0;0;0;0

20.3;-0.330986;0.161972;0.239437;-0.295775;-0.584507;0.246479;0.056338;-0.34507;-0.0492958;-0.612676;-0.119718;-0.443662;-0.774648;0.239437;-0.309859;-1;-0.471831;0.267606;-0.429577;0.25614;-0.607018;-0.424561;-0.278997;-0.0658307;0.015674;-0.442006;-0.310345;0.0532915;-0.360502;0.253918;-0.166144;-0.705329;-0.310345;0.253918;-0.247649;-0.0909091;-0.592476;-0.247649;0.285266;-0.347962;-1;0;0;0;0

19.7;-0.753521;-0.330986;0.161972;0.239437;-0.295775;-0.584507;0.246479;0.056338;-0.34507;-0.0492958;-0.612676;-0.119718;-0.443662;-0.774648;0.239437;-0.309859;-1;-0.471831;0.267606;-0.424561;0.25614;-0.607018;-0.272727;-0.278997;-0.0658307;0.015674;-0.442006;-0.310345;0.0532915;-0.360502;0.253918;-0.166144;-0.705329;-0.310345;0.253918;-0.247649;-0.0909091;-0.592476;-0.247649;0.285266;+1;0;0;0;0

20.17;0;-0.753521;-0.330986;0.161972;0.239437;-0.295775;-0.584507;0.246479;0.056338;-0.34507;-0.0492958;-0.612676;-0.119718;-0.443662;-0.774648;0.239437;-0.309859;-1;-0.471831;0.270175;-0.424561;0.25614;-0.435737;-0.272727;-0.278997;-0.0658307;0.015674;-0.442006;-0.310345;0.0532915;-0.360502;0.253918;-0.166144;-0.705329;-0.310345;0.253918;-0.247649;-0.0909091;-0.592476;-0.247649;+1;0;0;0;0

20.45;-0.133803;0;-0.753521;-0.330986;0.161972;0.239437;-0.295775;-0.584507;0.246479;0.056338;-0.34507;-0.0492958;-0.612676;-0.119718;-0.443662;-0.774648;0.239437;-0.309859;-1;-0.466667;0.270175;-0.424561;0.335423;-0.435737;-0.272727;-0.278997;-0.0658307;0.015674;-0.442006;-0.310345;0.0532915;-0.360502;0.253918;-0.166144;-0.705329;-0.310345;0.253918;-0.247649;-0.0909091;-0.592476;-1;0;0;0;0

20;-0.647887;-0.133803;0;-0.753521;-0.330986;0.161972;0.239437;-0.295775;-0.584507;0.246479;0.056338;-0.34507;-0.0492958;-0.612676;-0.119718;-0.443662;-0.774648;0.239437;-0.309859;-0.992982;-0.466667;0.270175;-0.272727;0.335423;-0.435737;-0.272727;-0.278997;-0.0658307;0.015674;-0.442006;-0.310345;0.0532915;-0.360502;0.253918;-0.166144;-0.705329;-0.310345;0.253918;-0.247649;-0.0909091;-1;0;0;0;0

19.98;-0.34507;-0.647887;-0.133803;0;-0.753521;-0.330986;0.161972;0.239437;-0.295775;-0.584507;0.246479;0.056338;-0.34507;-0.0492958;-0.612676;-0.119718;-0.443662;-0.774648;0.239437;-0.305263;-0.992982;-0.466667;0.347962;-0.272727;0.335423;-0.435737;-0.272727;-0.278997;-0.0658307;0.015674;-0.442006;-0.310345;0.0532915;-0.360502;0.253918;-0.166144;-0.705329;-0.310345;0.253918;-0.247649;-1;0;0;0;0

19.37;-0.760563;-0.34507;-0.647887;-0.133803;0;-0.753521;-0.330986;0.161972;0.239437;-0.295775;-0.584507;0.246479;0.056338;-0.34507;-0.0492958;-0.612676;-0.119718;-0.443662;-0.774648;0.242105;-0.305263;-0.992982;-0.310345;0.347962;-0.272727;0.335423;-0.435737;-0.272727;-0.278997;-0.0658307;0.015674;-0.442006;-0.310345;0.0532915;-0.360502;0.253918;-0.166144;-0.705329;-0.310345;0.253918;+1;0;0;0;0

19.85;0.00704225;-0.760563;-0.34507;-0.647887;-0.133803;0;-0.753521;-0.330986;0.161972;0.239437;-0.295775;-0.584507;0.246479;0.056338;-0.34507;-0.0492958;-0.612676;-0.119718;-0.443662;-0.768421;0.242105;-0.305263;-0.780564;-0.310345;0.347962;-0.272727;0.335423;-0.435737;-0.272727;-0.278997;-0.0658307;0.015674;-0.442006;-0.310345;0.0532915;-0.360502;0.253918;-0.166144;-0.705329;-0.310345;-1;0;0;0;0

19.6;-0.507042;0.00704225;-0.760563;-0.34507;-0.647887;-0.133803;0;-0.753521;-0.330986;0.161972;0.239437;-0.295775;-0.584507;0.246479;0.056338;-0.34507;-0.0492958;-0.612676;-0.119718;-0.438596;-0.768421;0.242105;-0.166144;-0.780564;-0.310345;0.347962;-0.272727;0.335423;-0.435737;-0.272727;-0.278997;-0.0658307;0.015674;-0.442006;-0.310345;0.0532915;-0.360502;0.253918;-0.166144;-0.705329;-1;0;0;0;0

19.6;-0.330986;-0.507042;0.00704225;-0.760563;-0.34507;-0.647887;-0.133803;0;-0.753521;-0.330986;0.161972;0.239437;-0.295775;-0.584507;0.246479;0.056338;-0.34507;-0.0492958;-0.612676;-0.115789;-0.438596;-0.768421;0.322884;-0.166144;-0.780564;-0.310345;0.347962;-0.272727;0.335423;-0.435737;-0.272727;-0.278997;-0.0658307;0.015674;-0.442006;-0.310345;0.0532915;-0.360502;0.253918;-0.166144;-1;0;0;0;0

19.5;-0.401408;-0.330986;-0.507042;0.00704225;-0.760563;-0.34507;-0.647887;-0.133803;0;-0.753521;-0.330986;0.161972;0.239437;-0.295775;-0.584507;0.246479;0.056338;-0.34507;-0.0492958;-0.607018;-0.115789;-0.438596;-0.579937;0.322884;-0.166144;-0.780564;-0.310345;0.347962;-0.272727;0.335423;-0.435737;-0.272727;-0.278997;-0.0658307;0.015674;-0.442006;-0.310345;0.0532915;-0.360502;0.253918;+1;0;0;0;0

20.1;0.0915493;-0.401408;-0.330986;-0.507042;0.00704225;-0.760563;-0.34507;-0.647887;-0.133803;0;-0.753521;-0.330986;0.161972;0.239437;-0.295775;-0.584507;0.246479;0.056338;-0.34507;-0.045614;-0.607018;-0.115789;-0.285266;-0.579937;0.322884;-0.166144;-0.780564;-0.310345;0.347962;-0.272727;0.335423;-0.435737;-0.272727;-0.278997;-0.0658307;0.015674;-0.442006;-0.310345;0.0532915;-0.360502;-1;0;0;0;0

19.51;-0.746479;0.0915493;-0.401408;-0.330986;-0.507042;0.00704225;-0.760563;-0.34507;-0.647887;-0.133803;0;-0.753521;-0.330986;0.161972;0.239437;-0.295775;-0.584507;0.246479;0.056338;-0.340351;-0.045614;-0.607018;0.00313479;-0.285266;-0.579937;0.322884;-0.166144;-0.780564;-0.310345;0.347962;-0.272727;0.335423;-0.435737;-0.272727;-0.278997;-0.0658307;0.015674;-0.442006;-0.310345;0.0532915;-1;0;0;0;0

19.5;-0.338028;-0.746479;0.0915493;-0.401408;-0.330986;-0.507042;0.00704225;-0.760563;-0.34507;-0.647887;-0.133803;0;-0.753521;-0.330986;0.161972;0.239437;-0.295775;-0.584507;0.246479;0.0596491;-0.340351;-0.045614;-0.435737;0.00313479;-0.285266;-0.579937;0.322884;-0.166144;-0.780564;-0.310345;0.347962;-0.272727;0.335423;-0.435737;-0.272727;-0.278997;-0.0658307;0.015674;-0.442006;-0.310345;+1;0;0;0;0

20;0.0211268;-0.338028;-0.746479;0.0915493;-0.401408;-0.330986;-0.507042;0.00704225;-0.760563;-0.34507;-0.647887;-0.133803;0;-0.753521;-0.330986;0.161972;0.239437;-0.295775;-0.584507;0.249123;0.0596491;-0.340351;0.0658307;-0.435737;0.00313479;-0.285266;-0.579937;0.322884;-0.166144;-0.780564;-0.310345;0.347962;-0.272727;0.335423;-0.435737;-0.272727;-0.278997;-0.0658307;0.015674;-0.442006;+1;0;0;0;0

20.15;-0.225352;0.0211268;-0.338028;-0.746479;0.0915493;-0.401408;-0.330986;-0.507042;0.00704225;-0.760563;-0.34507;-0.647887;-0.133803;0;-0.753521;-0.330986;0.161972;0.239437;-0.295775;-0.578947;0.249123;0.0596491;-0.197492;0.0658307;-0.435737;0.00313479;-0.285266;-0.579937;0.322884;-0.166144;-0.780564;-0.310345;0.347962;-0.272727;0.335423;-0.435737;-0.272727;-0.278997;-0.0658307;0.015674;-1;0;0;0;0

19.8;-0.577465;-0.225352;0.0211268;-0.338028;-0.746479;0.0915493;-0.401408;-0.330986;-0.507042;0.00704225;-0.760563;-0.34507;-0.647887;-0.133803;0;-0.753521;-0.330986;0.161972;0.239437;-0.291228;-0.578947;0.249123;0.159875;-0.197492;0.0658307;-0.435737;0.00313479;-0.285266;-0.579937;0.322884;-0.166144;-0.780564;-0.310345;0.347962;-0.272727;0.335423;-0.435737;-0.272727;-0.278997;-0.0658307;+1;0;0;0;0

19.9;-0.260563;-0.577465;-0.225352;0.0211268;-0.338028;-0.746479;0.0915493;-0.401408;-0.330986;-0.507042;0.00704225;-0.760563;-0.34507;-0.647887;-0.133803;0;-0.753521;-0.330986;0.161972;0.242105;-0.291228;-0.578947;0.329154;0.159875;-0.197492;0.0658307;-0.435737;0.00313479;-0.285266;-0.579937;0.322884;-0.166144;-0.780564;-0.310345;0.347962;-0.272727;0.335423;-0.435737;-0.272727;-0.278997;+1;0;0;0;0

20.06;-0.21831;-0.260563;-0.577465;-0.225352;0.0211268;-0.338028;-0.746479;0.0915493;-0.401408;-0.330986;-0.507042;0.00704225;-0.760563;-0.34507;-0.647887;-0.133803;0;-0.753521;-0.330986;0.164912;0.242105;-0.291228;-0.410658;0.329154;0.159875;-0.197492;0.0658307;-0.435737;0.00313479;-0.285266;-0.579937;0.322884;-0.166144;-0.780564;-0.310345;0.347962;-0.272727;0.335423;-0.435737;-0.272727;-1;0;0;0;0

19.6;-0.65493;-0.21831;-0.260563;-0.577465;-0.225352;0.0211268;-0.338028;-0.746479;0.0915493;-0.401408;-0.330986;-0.507042;0.00704225;-0.760563;-0.34507;-0.647887;-0.133803;0;-0.753521;-0.326316;0.164912;0.242105;-0.153605;-0.410658;0.329154;0.159875;-0.197492;0.0658307;-0.435737;0.00313479;-0.285266;-0.579937;0.322884;-0.166144;-0.780564;-0.310345;0.347962;-0.272727;0.335423;-0.435737;-1;0;0;0;0

19.5;-0.401408;-0.65493;-0.21831;-0.260563;-0.577465;-0.225352;0.0211268;-0.338028;-0.746479;0.0915493;-0.401408;-0.330986;-0.507042;0.00704225;-0.760563;-0.34507;-0.647887;-0.133803;0;-0.747368;-0.326316;0.164912;0.322884;-0.153605;-0.410658;0.329154;0.159875;-0.197492;0.0658307;-0.435737;0.00313479;-0.285266;-0.579937;0.322884;-0.166144;-0.780564;-0.310345;0.347962;-0.272727;0.335423;+1;0;0;0;0

20;0.0211268;-0.401408;-0.65493;-0.21831;-0.260563;-0.577465;-0.225352;0.0211268;-0.338028;-0.746479;0.0915493;-0.401408;-0.330986;-0.507042;0.00704225;-0.760563;-0.34507;-0.647887;-0.133803;0.00350877;-0.747368;-0.326316;0.253918;0.322884;-0.153605;-0.410658;0.329154;0.159875;-0.197492;0.0658307;-0.435737;0.00313479;-0.285266;-0.579937;0.322884;-0.166144;-0.780564;-0.310345;0.347962;-0.272727;+1;0;0;0;0

20.45;-0.0140845;0.0211268;-0.401408;-0.65493;-0.21831;-0.260563;-0.577465;-0.225352;0.0211268;-0.338028;-0.746479;0.0915493;-0.401408;-0.330986;-0.507042;0.00704225;-0.760563;-0.34507;-0.647887;-0.129825;0.00350877;-0.747368;-0.184953;0.253918;0.322884;-0.153605;-0.410658;0.329154;0.159875;-0.197492;0.0658307;-0.435737;0.00313479;-0.285266;-0.579937;0.322884;-0.166144;-0.780564;-0.310345;0.347962;+1;0;0;0;0

20.9;-0.0140845;-0.0140845;0.0211268;-0.401408;-0.65493;-0.21831;-0.260563;-0.577465;-0.225352;0.0211268;-0.338028;-0.746479;0.0915493;-0.401408;-0.330986;-0.507042;0.00704225;-0.760563;-0.34507;-0.642105;-0.129825;0.00350877;-0.561129;-0.184953;0.253918;0.322884;-0.153605;-0.410658;0.329154;0.159875;-0.197492;0.0658307;-0.435737;0.00313479;-0.285266;-0.579937;0.322884;-0.166144;-0.780564;-0.310345;-1;0;0;0;0

20.79;-0.408451;-0.0140845;-0.0140845;0.0211268;-0.401408;-0.65493;-0.21831;-0.260563;-0.577465;-0.225352;0.0211268;-0.338028;-0.746479;0.0915493;-0.401408;-0.330986;-0.507042;0.00704225;-0.760563;-0.340351;-0.642105;-0.129825;0.109718;-0.561129;-0.184953;0.253918;0.322884;-0.153605;-0.410658;0.329154;0.159875;-0.197492;0.0658307;-0.435737;0.00313479;-0.285266;-0.579937;0.322884;-0.166144;-0.780564;-1;0;0;0;0

20.5;-0.535211;-0.408451;-0.0140845;-0.0140845;0.0211268;-0.401408;-0.65493;-0.21831;-0.260563;-0.577465;-0.225352;0.0211268;-0.338028;-0.746479;0.0915493;-0.401408;-0.330986;-0.507042;0.00704225;-0.754386;-0.340351;-0.642105;-0.0094044;0.109718;-0.561129;-0.184953;0.253918;0.322884;-0.153605;-0.410658;0.329154;0.159875;-0.197492;0.0658307;-0.435737;0.00313479;-0.285266;-0.579937;0.322884;-0.166144;+1;0;0;0;0

20.89;-0.056338;-0.535211;-0.408451;-0.0140845;-0.0140845;0.0211268;-0.401408;-0.65493;-0.21831;-0.260563;-0.577465;-0.225352;0.0211268;-0.338028;-0.746479;0.0915493;-0.401408;-0.330986;-0.507042;0.0105263;-0.754386;-0.340351;-0.467085;-0.0094044;0.109718;-0.561129;-0.184953;0.253918;0.322884;-0.153605;-0.410658;0.329154;0.159875;-0.197492;0.0658307;-0.435737;0.00313479;-0.285266;-0.579937;0.322884;+1;0;0;0;0

21.55;0.133803;-0.056338;-0.535211;-0.408451;-0.0140845;-0.0140845;0.0211268;-0.401408;-0.65493;-0.21831;-0.260563;-0.577465;-0.225352;0.0211268;-0.338028;-0.746479;0.0915493;-0.401408;-0.330986;-0.501754;0.0105263;-0.754386;-0.197492;-0.467085;-0.0094044;0.109718;-0.561129;-0.184953;0.253918;0.322884;-0.153605;-0.410658;0.329154;0.159875;-0.197492;0.0658307;-0.435737;0.00313479;-0.285266;-0.579937;+1;0;0;0;0

22;-0.0140845;0.133803;-0.056338;-0.535211;-0.408451;-0.0140845;-0.0140845;0.0211268;-0.401408;-0.65493;-0.21831;-0.260563;-0.577465;-0.225352;0.0211268;-0.338028;-0.746479;0.0915493;-0.401408;-0.326316;-0.501754;0.0105263;-0.567398;-0.197492;-0.467085;-0.0094044;0.109718;-0.561129;-0.184953;0.253918;0.322884;-0.153605;-0.410658;0.329154;0.159875;-0.197492;0.0658307;-0.435737;0.00313479;-0.285266;-1;0;0;0;0

21.9;-0.401408;-0.0140845;0.133803;-0.056338;-0.535211;-0.408451;-0.0140845;-0.0140845;0.0211268;-0.401408;-0.65493;-0.21831;-0.260563;-0.577465;-0.225352;0.0211268;-0.338028;-0.746479;0.0915493;-0.396491;-0.326316;-0.501754;0.115987;-0.567398;-0.197492;-0.467085;-0.0094044;0.109718;-0.561129;-0.184953;0.253918;0.322884;-0.153605;-0.410658;0.329154;0.159875;-0.197492;0.0658307;-0.435737;0.00313479;-1;0;0;0;0

21.81;-0.394366;-0.401408;-0.0140845;0.133803;-0.056338;-0.535211;-0.408451;-0.0140845;-0.0140845;0.0211268;-0.401408;-0.65493;-0.21831;-0.260563;-0.577465;-0.225352;0.0211268;-0.338028;-0.746479;0.0947369;-0.396491;-0.326316;-0.341693;0.115987;-0.567398;-0.197492;-0.467085;-0.0094044;0.109718;-0.561129;-0.184953;0.253918;0.322884;-0.153605;-0.410658;0.329154;0.159875;-0.197492;0.0658307;-0.435737;+1;0;0;0;0

22;-0.197183;-0.394366;-0.401408;-0.0140845;0.133803;-0.056338;-0.535211;-0.408451;-0.0140845;-0.0140845;0.0211268;-0.401408;-0.65493;-0.21831;-0.260563;-0.577465;-0.225352;0.0211268;-0.338028;-0.740351;0.0947369;-0.396491;-0.184953;-0.341693;0.115987;-0.567398;-0.197492;-0.467085;-0.0094044;0.109718;-0.561129;-0.184953;0.253918;0.322884;-0.153605;-0.410658;0.329154;0.159875;-0.197492;0.0658307;-1;0;0;0;0

21.9;-0.401408;-0.197183;-0.394366;-0.401408;-0.0140845;0.133803;-0.056338;-0.535211;-0.408451;-0.0140845;-0.0140845;0.0211268;-0.401408;-0.65493;-0.21831;-0.260563;-0.577465;-0.225352;0.0211268;-0.333333;-0.740351;0.0947369;-0.247649;-0.184953;-0.341693;0.115987;-0.567398;-0.197492;-0.467085;-0.0094044;0.109718;-0.561129;-0.184953;0.253918;0.322884;-0.153605;-0.410658;0.329154;0.159875;-0.197492;-1;0;0;0;0

21;-0.964789;-0.401408;-0.197183;-0.394366;-0.401408;-0.0140845;0.133803;-0.056338;-0.535211;-0.408451;-0.0140845;-0.0140845;0.0211268;-0.401408;-0.65493;-0.21831;-0.260563;-0.577465;-0.225352;0.0245614;-0.333333;-0.740351;0.191223;-0.247649;-0.184953;-0.341693;0.115987;-0.567398;-0.197492;-0.467085;-0.0094044;0.109718;-0.561129;-0.184953;0.253918;0.322884;-0.153605;-0.410658;0.329154;0.159875;-1;0;0;0;0

20.4;-0.753521;-0.964789;-0.401408;-0.197183;-0.394366;-0.401408;-0.0140845;0.133803;-0.056338;-0.535211;-0.408451;-0.0140845;-0.0140845;0.0211268;-0.401408;-0.65493;-0.21831;-0.260563;-0.577465;-0.221053;0.0245614;-0.333333;-0.554859;0.191223;-0.247649;-0.184953;-0.341693;0.115987;-0.567398;-0.197492;-0.467085;-0.0094044;0.109718;-0.561129;-0.184953;0.253918;0.322884;-0.153605;-0.410658;0.329154;+1;0;0;0;0

20.7;-0.119718;-0.753521;-0.964789;-0.401408;-0.197183;-0.394366;-0.401408;-0.0140845;0.133803;-0.056338;-0.535211;-0.408451;-0.0140845;-0.0140845;0.0211268;-0.401408;-0.65493;-0.21831;-0.260563;-0.57193;-0.221053;0.0245614;-0.191223;-0.554859;0.191223;-0.247649;-0.184953;-0.341693;0.115987;-0.567398;-0.197492;-0.467085;-0.0094044;0.109718;-0.561129;-0.184953;0.253918;0.322884;-0.153605;-0.410658;+1;0;0;0;0

21.48;0.21831;-0.119718;-0.753521;-0.964789;-0.401408;-0.197183;-0.394366;-0.401408;-0.0140845;0.133803;-0.056338;-0.535211;-0.408451;-0.0140845;-0.0140845;0.0211268;-0.401408;-0.65493;-0.21831;-0.25614;-0.57193;-0.221053;0.128527;-0.191223;-0.554859;0.191223;-0.247649;-0.184953;-0.341693;0.115987;-0.567398;-0.197492;-0.467085;-0.0094044;0.109718;-0.561129;-0.184953;0.253918;0.322884;-0.153605;+1;0;0;0;0

21.95;0;0.21831;-0.119718;-0.753521;-0.964789;-0.401408;-0.197183;-0.394366;-0.401408;-0.0140845;0.133803;-0.056338;-0.535211;-0.408451;-0.0140845;-0.0140845;0.0211268;-0.401408;-0.65493;-0.214035;-0.25614;-0.57193;-0.0909091;0.128527;-0.191223;-0.554859;0.191223;-0.247649;-0.184953;-0.341693;0.115987;-0.567398;-0.197492;-0.467085;-0.0094044;0.109718;-0.561129;-0.184953;0.253918;0.322884;-1;0;0;0;0

21.4;-0.71831;0;0.21831;-0.119718;-0.753521;-0.964789;-0.401408;-0.197183;-0.394366;-0.401408;-0.0140845;0.133803;-0.056338;-0.535211;-0.408451;-0.0140845;-0.0140845;0.0211268;-0.401408;-0.649123;-0.214035;-0.25614;-0.404389;-0.0909091;0.128527;-0.191223;-0.554859;0.191223;-0.247649;-0.184953;-0.341693;0.115987;-0.567398;-0.197492;-0.467085;-0.0094044;0.109718;-0.561129;-0.184953;0.253918;-1;0;0;0;0

20.86;-0.711268;-0.71831;0;0.21831;-0.119718;-0.753521;-0.964789;-0.401408;-0.197183;-0.394366;-0.401408;-0.0140845;0.133803;-0.056338;-0.535211;-0.408451;-0.0140845;-0.0140845;0.0211268;-0.396491;-0.649123;-0.214035;-0.122257;-0.404389;-0.0909091;0.128527;-0.191223;-0.554859;0.191223;-0.247649;-0.184953;-0.341693;0.115987;-0.567398;-0.197492;-0.467085;-0.0094044;0.109718;-0.561129;-0.184953;-1;0;0;0;0

20.5;-0.584507;-0.711268;-0.71831;0;0.21831;-0.119718;-0.753521;-0.964789;-0.401408;-0.197183;-0.394366;-0.401408;-0.0140845;0.133803;-0.056338;-0.535211;-0.408451;-0.0140845;-0.0140845;0.0245614;-0.396491;-0.649123;-0.0846395;-0.122257;-0.404389;-0.0909091;0.128527;-0.191223;-0.554859;0.191223;-0.247649;-0.184953;-0.341693;0.115987;-0.567398;-0.197492;-0.467085;-0.0094044;0.109718;-0.561129;+1;0;0;0;0

20.65;-0.225352;-0.584507;-0.711268;-0.71831;0;0.21831;-0.119718;-0.753521;-0.964789;-0.401408;-0.197183;-0.394366;-0.401408;-0.0140845;0.133803;-0.056338;-0.535211;-0.408451;-0.0140845;-0.0105263;0.0245614;-0.396491;-0.473354;-0.0846395;-0.122257;-0.404389;-0.0909091;0.128527;-0.191223;-0.554859;0.191223;-0.247649;-0.184953;-0.341693;0.115987;-0.567398;-0.197492;-0.467085;-0.0094044;0.109718;+1;0;0;0;0

21.75;0.443662;-0.225352;-0.584507;-0.711268;-0.71831;0;0.21831;-0.119718;-0.753521;-0.964789;-0.401408;-0.197183;-0.394366;-0.401408;-0.0140845;0.133803;-0.056338;-0.535211;-0.408451;-0.0105263;-0.0105263;0.0245614;-0.247649;-0.473354;-0.0846395;-0.122257;-0.404389;-0.0909091;0.128527;-0.191223;-0.554859;0.191223;-0.247649;-0.184953;-0.341693;0.115987;-0.567398;-0.197492;-0.467085;-0.0094044;-1;0;0;0;0

21.7;-0.366197;0.443662;-0.225352;-0.584507;-0.711268;-0.71831;0;0.21831;-0.119718;-0.753521;-0.964789;-0.401408;-0.197183;-0.394366;-0.401408;-0.0140845;0.133803;-0.056338;-0.535211;-0.403509;-0.0105263;-0.0105263;0.128527;-0.247649;-0.473354;-0.0846395;-0.122257;-0.404389;-0.0909091;0.128527;-0.191223;-0.554859;0.191223;-0.247649;-0.184953;-0.341693;0.115987;-0.567398;-0.197492;-0.467085;-1;0;0;0;0

21.45;-0.507042;-0.366197;0.443662;-0.225352;-0.584507;-0.711268;-0.71831;0;0.21831;-0.119718;-0.753521;-0.964789;-0.401408;-0.197183;-0.394366;-0.401408;-0.0140845;0.133803;-0.056338;-0.529825;-0.403509;-0.0105263;0.0971787;0.128527;-0.247649;-0.473354;-0.0846395;-0.122257;-0.404389;-0.0909091;0.128527;-0.191223;-0.554859;0.191223;-0.247649;-0.184953;-0.341693;0.115987;-0.567398;-0.197492;-1;0;0;0;0

21;-0.647887;-0.507042;-0.366197;0.443662;-0.225352;-0.584507;-0.711268;-0.71831;0;0.21831;-0.119718;-0.753521;-0.964789;-0.401408;-0.197183;-0.394366;-0.401408;-0.0140845;0.133803;-0.0526316;-0.529825;-0.403509;0.0971787;0.0971787;0.128527;-0.247649;-0.473354;-0.0846395;-0.122257;-0.404389;-0.0909091;0.128527;-0.191223;-0.554859;0.191223;-0.247649;-0.184953;-0.341693;0.115987;-0.567398;-1;0;0;0;0

21;-0.330986;-0.647887;-0.507042;-0.366197;0.443662;-0.225352;-0.584507;-0.711268;-0.71831;0;0.21831;-0.119718;-0.753521;-0.964789;-0.401408;-0.197183;-0.394366;-0.401408;-0.0140845;0.136842;-0.0526316;-0.529825;-0.253918;0.0971787;0.0971787;0.128527;-0.247649;-0.473354;-0.0846395;-0.122257;-0.404389;-0.0909091;0.128527;-0.191223;-0.554859;0.191223;-0.247649;-0.184953;-0.341693;0.115987;-1;0;0;0;0

