27;0.0243902;0.434959;-0.101626;0.414634;0.365854;-0.300813;-0.138211;-0.0528455;-0.146341;-0.378049;-0.504065;-0.239837;-0.178862;0.0853658;-0.544715;-0.341463;-0.203252;-0.276423;0.756097;-1;1;0.998069;0.774988;0.921584;0.914244;0.9662;0.878899;0.929889;0.937228;0.999227;0.902269;0.914244;0.931434;0.920811;0.938001;0.838725;0.915983;0.811685;0.915789;0.920425;0.952294;0.931434;0.8986;0.931434;0.923708;0.8986;1;0.919847;0.917939;0.877863;0.807252;0.799618;0.84771;1;0.8922;0.920478;0.848548;0.895236;0.956728;0.934902;-1;0;0;0;0

26.91;-0.134146;0.0243902;0.434959;-0.101626;0.414634;0.365854;-0.300813;-0.138211;-0.0528455;-0.146341;-0.378049;-0.504065;-0.239837;-0.178862;0.0853658;-0.544715;-0.341463;-0.203252;-0.276423;0.988235;-1;1;0.998069;0.774988;0.921584;0.914244;0.9662;0.878899;0.929889;0.937228;0.999227;0.902269;0.914244;0.931434;0.920811;0.938001;0.838725;0.915983;0.811685;0.915789;0.920425;0.952294;0.931434;0.8986;0.931434;0.923708;0.875954;1;0.919847;0.917939;0.877863;0.807252;0.799618;0.83754;1;0.8922;0.920478;0.848548;0.895236;0.956728;+1;0;0;0;0

27.05;-0.0406504;-0.134146;0.0243902;0.434959;-0.101626;0.414634;0.365854;-0.300813;-0.138211;-0.0528455;-0.146341;-0.378049;-0.504065;-0.239837;-0.178862;0.0853658;-0.544715;-0.341463;-0.203252;0.938431;0.958474;-1;1;0.998069;0.774988;0.921584;0.914244;0.9662;0.878899;0.929889;0.937228;0.999227;0.902269;0.914244;0.931434;0.920811;0.938001;0.838725;0.915983;0.811685;0.915789;0.920425;0.952294;0.931434;0.8986;0.931434;0.900763;0.875954;1;0.919847;0.917939;0.877863;0.807252;0.789713;0.83754;1;0.8922;0.920478;0.848548;0.895236;+1;0;0;0;0

27.25;-0.0162602;-0.0406504;-0.134146;0.0243902;0.434959;-0.101626;0.414634;0.365854;-0.300813;-0.138211;-0.0528455;-0.146341;-0.378049;-0.504065;-0.239837;-0.178862;0.0853658;-0.544715;-0.341463;0.941961;0.909416;0.958474;-1;1;0.998069;0.774988;0.921584;0.914244;0.9662;0.878899;0.929889;0.937228;0.999227;0.902269;0.914244;0.931434;0.920811;0.938001;0.838725;0.915983;0.811685;0.915789;0.920425;0.952294;0.931434;0.8986;0.908397;0.900763;0.875954;1;0.919847;0.917939;0.877863;0.797305;0.789713;0.83754;1;0.8922;0.920478;0.848548;+1;0;0;0;0

27.65;0.0650406;-0.0162602;-0.0406504;-0.134146;0.0243902;0.434959;-0.101626;0.414634;0.365854;-0.300813;-0.138211;-0.0528455;-0.146341;-0.378049;-0.504065;-0.239837;-0.178862;0.0853658;-0.544715;0.935294;0.912892;0.909416;0.958474;-1;1;0.998069;0.774988;0.921584;0.914244;0.9662;0.878899;0.929889;0.937228;0.999227;0.902269;0.914244;0.931434;0.920811;0.938001;0.838725;0.915983;0.811685;0.915789;0.920425;0.952294;0.931434;0.875954;0.908397;0.900763;0.875954;1;0.919847;0.917939;0.867527;0.797305;0.789713;0.83754;1;0.8922;0.920478;+1;0;0;0;0

27.75;-0.0569106;0.0650406;-0.0162602;-0.0406504;-0.134146;0.0243902;0.434959;-0.101626;0.414634;0.365854;-0.300813;-0.138211;-0.0528455;-0.146341;-0.378049;-0.504065;-0.239837;-0.178862;0.0853658;0.92549;0.906325;0.912892;0.909416;0.958474;-1;1;0.998069;0.774988;0.921584;0.914244;0.9662;0.878899;0.929889;0.937228;0.999227;0.902269;0.914244;0.931434;0.920811;0.938001;0.838725;0.915983;0.811685;0.915789;0.920425;0.952294;0.908397;0.875954;0.908397;0.900763;0.875954;1;0.919847;0.907383;0.867527;0.797305;0.789713;0.83754;1;0.8922;+1;0;0;0;0

28.25;0.105691;-0.0569106;0.0650406;-0.0162602;-0.0406504;-0.134146;0.0243902;0.434959;-0.101626;0.414634;0.365854;-0.300813;-0.138211;-0.0528455;-0.146341;-0.378049;-0.504065;-0.239837;-0.178862;0.955882;0.896668;0.906325;0.912892;0.909416;0.958474;-1;1;0.998069;0.774988;0.921584;0.914244;0.9662;0.878899;0.929889;0.937228;0.999227;0.902269;0.914244;0.931434;0.920811;0.938001;0.838725;0.915983;0.811685;0.915789;0.920425;0.929008;0.908397;0.875954;0.908397;0.900763;0.875954;1;0.909281;0.907383;0.867527;0.797305;0.789713;0.83754;1;-1;0;0;0;0

27.8;-0.280488;0.105691;-0.0569106;0.0650406;-0.0162602;-0.0406504;-0.134146;0.0243902;0.434959;-0.101626;0.414634;0.365854;-0.300813;-0.138211;-0.0528455;-0.146341;-0.378049;-0.504065;-0.239837;0.943137;0.926606;0.896668;0.906325;0.912892;0.909416;0.958474;-1;1;0.998069;0.774988;0.921584;0.914244;0.9662;0.878899;0.929889;0.937228;0.999227;0.902269;0.914244;0.931434;0.920811;0.938001;0.838725;0.915983;0.811685;0.915789;0.897519;0.929008;0.908397;0.875954;0.908397;0.900763;0.875954;0.988992;0.909281;0.907383;0.867527;0.797305;0.789713;0.83754;-1;0;0;0;0

27.5;-0.219512;-0.280488;0.105691;-0.0569106;0.0650406;-0.0162602;-0.0406504;-0.134146;0.0243902;0.434959;-0.101626;0.414634;0.365854;-0.300813;-0.138211;-0.0528455;-0.146341;-0.378049;-0.504065;0.940196;0.914051;0.926606;0.896668;0.906325;0.912892;0.909416;0.958474;-1;1;0.998069;0.774988;0.921584;0.914244;0.9662;0.878899;0.929889;0.937228;0.999227;0.902269;0.914244;0.931434;0.920811;0.938001;0.838725;0.915983;0.811685;0.892939;0.897519;0.929008;0.908397;0.875954;0.908397;0.900763;0.865629;0.988992;0.909281;0.907383;0.867527;0.797305;0.789713;-1;0;0;0;0

25.93;-0.735772;-0.219512;-0.280488;0.105691;-0.0569106;0.0650406;-0.0162602;-0.0406504;-0.134146;0.0243902;0.434959;-0.101626;0.414634;0.365854;-0.300813;-0.138211;-0.0528455;-0.146341;-0.378049;0.927451;0.911154;0.914051;0.926606;0.896668;0.906325;0.912892;0.909416;0.958474;-1;1;0.998069;0.774988;0.921584;0.914244;0.9662;0.878899;0.929889;0.937228;0.999227;0.902269;0.914244;0.931434;0.920811;0.938001;0.838725;0.915983;0.790076;0.892939;0.897519;0.929008;0.908397;0.875954;0.908397;0.890302;0.865629;0.988992;0.909281;0.907383;0.867527;0.797305;+1;0;0;0;0

26.6;0.174797;-0.735772;-0.219512;-0.280488;0.105691;-0.0569106;0.0650406;-0.0162602;-0.0406504;-0.134146;0.0243902;0.434959;-0.101626;0.414634;0.365854;-0.300813;-0.138211;-0.0528455;-0.146341;0.933529;0.8986;0.911154;0.914051;0.926606;0.896668;0.906325;0.912892;0.909416;0.958474;-1;1;0.998069;0.774988;0.921584;0.914244;0.9662;0.878899;0.929889;0.937228;0.999227;0.902269;0.914244;0.931434;0.920811;0.938001;0.838725;0.89313;0.790076;0.892939;0.897519;0.929008;0.908397;0.875954;0.897893;0.890302;0.865629;0.988992;0.909281;0.907383;0.867527;-1;0;0;0;0

26.6;-0.097561;0.174797;-0.735772;-0.219512;-0.280488;0.105691;-0.0569106;0.0650406;-0.0162602;-0.0406504;-0.134146;0.0243902;0.434959;-0.101626;0.414634;0.365854;-0.300813;-0.138211;-0.0528455;0.944706;0.904587;0.8986;0.911154;0.914051;0.926606;0.896668;0.906325;0.912892;0.909416;0.958474;-1;1;0.998069;0.774988;0.921584;0.914244;0.9662;0.878899;0.929889;0.937228;0.999227;0.902269;0.914244;0.931434;0.920811;0.938001;0.816794;0.89313;0.790076;0.892939;0.897519;0.929008;0.908397;0.865629;0.897893;0.890302;0.865629;0.988992;0.909281;0.907383;-1;0;0;0;0

25.01;-0.743902;-0.097561;0.174797;-0.735772;-0.219512;-0.280488;0.105691;-0.0569106;0.0650406;-0.0162602;-0.0406504;-0.134146;0.0243902;0.434959;-0.101626;0.414634;0.365854;-0.300813;-0.138211;0.949216;0.915596;0.904587;0.8986;0.911154;0.914051;0.926606;0.896668;0.906325;0.912892;0.909416;0.958474;-1;1;0.998069;0.774988;0.921584;0.914244;0.9662;0.878899;0.929889;0.937228;0.999227;0.902269;0.914244;0.931434;0.920811;0.914886;0.816794;0.89313;0.790076;0.892939;0.897519;0.929008;0.897893;0.865629;0.897893;0.890302;0.865629;0.988992;0.909281;+1;0;0;0;0

25.41;0.0650406;-0.743902;-0.097561;0.174797;-0.735772;-0.219512;-0.280488;0.105691;-0.0569106;0.0650406;-0.0162602;-0.0406504;-0.134146;0.0243902;0.434959;-0.101626;0.414634;0.365854;-0.300813;0.945098;0.920039;0.915596;0.904587;0.8986;0.911154;0.914051;0.926606;0.896668;0.906325;0.912892;0.909416;0.958474;-1;1;0.998069;0.774988;0.921584;0.914244;0.9662;0.878899;0.929889;0.937228;0.999227;0.902269;0.914244;0.931434;0.897901;0.914886;0.816794;0.89313;0.790076;0.892939;0.897519;0.918391;0.897893;0.865629;0.897893;0.890302;0.865629;0.988992;-1;0;0;0;0

23.19;-1;0.0650406;-0.743902;-0.097561;0.174797;-0.735772;-0.219512;-0.280488;0.105691;-0.0569106;0.0650406;-0.0162602;-0.0406504;-0.134146;0.0243902;0.434959;-0.101626;0.414634;0.365854;0.937255;0.915983;0.920039;0.915596;0.904587;0.8986;0.911154;0.914051;0.926606;0.896668;0.906325;0.912892;0.909416;0.958474;-1;1;0.998069;0.774988;0.921584;0.914244;0.9662;0.878899;0.929889;0.937228;0.999227;0.902269;0.914244;0.908397;0.897901;0.914886;0.816794;0.89313;0.790076;0.892939;0.887075;0.918391;0.897893;0.865629;0.897893;0.890302;0.865629;-1;0;0;0;0

22.85;-0.235772;-1;0.0650406;-0.743902;-0.097561;0.174797;-0.735772;-0.219512;-0.280488;0.105691;-0.0569106;0.0650406;-0.0162602;-0.0406504;-0.134146;0.0243902;0.434959;-0.101626;0.414634;0.969412;0.908257;0.915983;0.920039;0.915596;0.904587;0.8986;0.911154;0.914051;0.926606;0.896668;0.906325;0.912892;0.909416;0.958474;-1;1;0.998069;0.774988;0.921584;0.914244;0.9662;0.878899;0.929889;0.937228;0.999227;0.902269;0.891412;0.908397;0.897901;0.914886;0.816794;0.89313;0.790076;0.88252;0.887075;0.918391;0.897893;0.865629;0.897893;0.890302;-1;0;0;0;0

22.6;-0.199187;-0.235772;-1;0.0650406;-0.743902;-0.097561;0.174797;-0.735772;-0.219512;-0.280488;0.105691;-0.0569106;0.0650406;-0.0162602;-0.0406504;-0.134146;0.0243902;0.434959;-0.101626;0.971765;0.939932;0.908257;0.915983;0.920039;0.915596;0.904587;0.8986;0.911154;0.914051;0.926606;0.896668;0.906325;0.912892;0.909416;0.958474;-1;1;0.998069;0.774988;0.921584;0.914244;0.9662;0.878899;0.929889;0.937228;0.999227;0.87958;0.891412;0.908397;0.897901;0.914886;0.816794;0.89313;0.780224;0.88252;0.887075;0.918391;0.897893;0.865629;0.897893;+1;0;0;0;0

24;0.471545;-0.199187;-0.235772;-1;0.0650406;-0.743902;-0.097561;0.174797;-0.735772;-0.219512;-0.280488;0.105691;-0.0569106;0.0650406;-0.0162602;-0.0406504;-0.134146;0.0243902;0.434959;0.946863;0.94225;0.939932;0.908257;0.915983;0.920039;0.915596;0.904587;0.8986;0.911154;0.914051;0.926606;0.896668;0.906325;0.912892;0.909416;0.958474;-1;1;0.998069;0.774988;0.921584;0.914244;0.9662;0.878899;0.929889;0.937228;0.975382;0.87958;0.891412;0.908397;0.897901;0.914886;0.816794;0.88271;0.780224;0.88252;0.887075;0.918391;0.897893;0.865629;+1;0;0;0;0

25;0.308943;0.471545;-0.199187;-0.235772;-1;0.0650406;-0.743902;-0.097561;0.174797;-0.735772;-0.219512;-0.280488;0.105691;-0.0569106;0.0650406;-0.0162602;-0.0406504;-0.134146;0.0243902;0.972745;0.917721;0.94225;0.939932;0.908257;0.915983;0.920039;0.915596;0.904587;0.8986;0.911154;0.914051;0.926606;0.896668;0.906325;0.912892;0.909416;0.958474;-1;1;0.998069;0.774988;0.921584;0.914244;0.9662;0.878899;0.929889;0.914122;0.975382;0.87958;0.891412;0.908397;0.897901;0.914886;0.806794;0.88271;0.780224;0.88252;0.887075;0.918391;0.897893;-1;0;0;0;0

24.67;-0.231707;0.308943;0.471545;-0.199187;-0.235772;-1;0.0650406;-0.743902;-0.097561;0.174797;-0.735772;-0.219512;-0.280488;0.105691;-0.0569106;0.0650406;-0.0162602;-0.0406504;-0.134146;0.952941;0.943216;0.917721;0.94225;0.939932;0.908257;0.915983;0.920039;0.915596;0.904587;0.8986;0.911154;0.914051;0.926606;0.896668;0.906325;0.912892;0.909416;0.958474;-1;1;0.998069;0.774988;0.921584;0.914244;0.9662;0.878899;0.90687;0.914122;0.975382;0.87958;0.891412;0.908397;0.897901;0.904346;0.806794;0.88271;0.780224;0.88252;0.887075;0.918391;-1;0;0;0;0

23.85;-0.430894;-0.231707;0.308943;0.471545;-0.199187;-0.235772;-1;0.0650406;-0.743902;-0.097561;0.174797;-0.735772;-0.219512;-0.280488;0.105691;-0.0569106;0.0650406;-0.0162602;-0.0406504;0.945294;0.923708;0.943216;0.917721;0.94225;0.939932;0.908257;0.915983;0.920039;0.915596;0.904587;0.8986;0.911154;0.914051;0.926606;0.896668;0.906325;0.912892;0.909416;0.958474;-1;1;0.998069;0.774988;0.921584;0.914244;0.9662;0.856489;0.90687;0.914122;0.975382;0.87958;0.891412;0.908397;0.887455;0.904346;0.806794;0.88271;0.780224;0.88252;0.887075;-1;0;0;0;0

23;-0.443089;-0.430894;-0.231707;0.308943;0.471545;-0.199187;-0.235772;-1;0.0650406;-0.743902;-0.097561;0.174797;-0.735772;-0.219512;-0.280488;0.105691;-0.0569106;0.0650406;-0.0162602;0.949804;0.916176;0.923708;0.943216;0.917721;0.94225;0.939932;0.908257;0.915983;0.920039;0.915596;0.904587;0.8986;0.911154;0.914051;0.926606;0.896668;0.906325;0.912892;0.909416;0.958474;-1;1;0.998069;0.774988;0.921584;0.914244;0.942748;0.856489;0.90687;0.914122;0.975382;0.87958;0.891412;0.897893;0.887455;0.904346;0.806794;0.88271;0.780224;0.88252;-1;0;0;0;0

22.44;-0.325203;-0.443089;-0.430894;-0.231707;0.308943;0.471545;-0.199187;-0.235772;-1;0.0650406;-0.743902;-0.097561;0.174797;-0.735772;-0.219512;-0.280488;0.105691;-0.0569106;0.0650406;0.95098;0.920618;0.916176;0.923708;0.943216;0.917721;0.94225;0.939932;0.908257;0.915983;0.920039;0.915596;0.904587;0.8986;0.911154;0.914051;0.926606;0.896668;0.906325;0.912892;0.909416;0.958474;-1;1;0.998069;0.774988;0.921584;0.891412;0.942748;0.856489;0.90687;0.914122;0.975382;0.87958;0.881002;0.897893;0.887455;0.904346;0.806794;0.88271;0.780224;+1;0;0;0;0

23;0.130081;-0.325203;-0.443089;-0.430894;-0.231707;0.308943;0.471545;-0.199187;-0.235772;-1;0.0650406;-0.743902;-0.097561;0.174797;-0.735772;-0.219512;-0.280488;0.105691;-0.0569106;0.954902;0.921777;0.920618;0.916176;0.923708;0.943216;0.917721;0.94225;0.939932;0.908257;0.915983;0.920039;0.915596;0.904587;0.8986;0.911154;0.914051;0.926606;0.896668;0.906325;0.912892;0.909416;0.958474;-1;1;0.998069;0.774988;0.898664;0.891412;0.942748;0.856489;0.90687;0.914122;0.975382;0.869235;0.881002;0.897893;0.887455;0.904346;0.806794;0.88271;-1;0;0;0;0

22.9;-0.138211;0.130081;-0.325203;-0.443089;-0.430894;-0.231707;0.308943;0.471545;-0.199187;-0.235772;-1;0.0650406;-0.743902;-0.097561;0.174797;-0.735772;-0.219512;-0.280488;0.105691;0.94902;0.92564;0.921777;0.920618;0.916176;0.923708;0.943216;0.917721;0.94225;0.939932;0.908257;0.915983;0.920039;0.915596;0.904587;0.8986;0.911154;0.914051;0.926606;0.896668;0.906325;0.912892;0.909416;0.958474;-1;1;0.998069;0.753817;0.898664;0.891412;0.942748;0.856489;0.90687;0.914122;0.964509;0.869235;0.881002;0.897893;0.887455;0.904346;0.806794;-1;0;0;0;0

22.6;-0.219512;-0.138211;0.130081;-0.325203;-0.443089;-0.430894;-0.231707;0.308943;0.471545;-0.199187;-0.235772;-1;0.0650406;-0.743902;-0.097561;0.174797;-0.735772;-0.219512;-0.280488;0.956863;0.919845;0.92564;0.921777;0.920618;0.916176;0.923708;0.943216;0.917721;0.94225;0.939932;0.908257;0.915983;0.920039;0.915596;0.904587;0.8986;0.911154;0.914051;0.926606;0.896668;0.906325;0.912892;0.909416;0.958474;-1;1;0.974237;0.753817;0.898664;0.891412;0.942748;0.856489;0.90687;0.903587;0.964509;0.869235;0.881002;0.897893;0.887455;0.904346;-1;0;0;0;0

22.45;-0.158537;-0.219512;-0.138211;0.130081;-0.325203;-0.443089;-0.430894;-0.231707;0.308943;0.471545;-0.199187;-0.235772;-1;0.0650406;-0.743902;-0.097561;0.174797;-0.735772;-0.219512;0.938235;0.927571;0.919845;0.92564;0.921777;0.920618;0.916176;0.923708;0.943216;0.917721;0.94225;0.939932;0.908257;0.915983;0.920039;0.915596;0.904587;0.8986;0.911154;0.914051;0.926606;0.896668;0.906325;0.912892;0.909416;0.958474;-1;0.976145;0.974237;0.753817;0.898664;0.891412;0.942748;0.856489;0.896375;0.903587;0.964509;0.869235;0.881002;0.897893;0.887455;-1;0;0;0;0

21.33;-0.552846;-0.158537;-0.219512;-0.138211;0.130081;-0.325203;-0.443089;-0.430894;-0.231707;0.308943;0.471545;-0.199187;-0.235772;-1;0.0650406;-0.743902;-0.097561;0.174797;-0.735772;0.941176;0.909223;0.927571;0.919845;0.92564;0.921777;0.920618;0.916176;0.923708;0.943216;0.917721;0.94225;0.939932;0.908257;0.915983;0.920039;0.915596;0.904587;0.8986;0.911154;0.914051;0.926606;0.896668;0.906325;0.912892;0.909416;0.958474;-1;0.976145;0.974237;0.753817;0.898664;0.891412;0.942748;0.846271;0.896375;0.903587;0.964509;0.869235;0.881002;0.897893;+1;0;0;0;0

21.74;0.0691057;-0.552846;-0.158537;-0.219512;-0.138211;0.130081;-0.325203;-0.443089;-0.430894;-0.231707;0.308943;0.471545;-0.199187;-0.235772;-1;0.0650406;-0.743902;-0.097561;0.174797;0.916274;0.91212;0.909223;0.927571;0.919845;0.92564;0.921777;0.920618;0.916176;0.923708;0.943216;0.917721;0.94225;0.939932;0.908257;0.915983;0.920039;0.915596;0.904587;0.8986;0.911154;0.914051;0.926606;0.896668;0.906325;0.912892;0.909416;0.935115;-1;0.976145;0.974237;0.753817;0.898664;0.891412;0.932055;0.846271;0.896375;0.903587;0.964509;0.869235;0.881002;-1;0;0;0;0

20.52;-0.593496;0.0691057;-0.552846;-0.158537;-0.219512;-0.138211;0.130081;-0.325203;-0.443089;-0.430894;-0.231707;0.308943;0.471545;-0.199187;-0.235772;-1;0.0650406;-0.743902;-0.097561;0.960196;0.887591;0.91212;0.909223;0.927571;0.919845;0.92564;0.921777;0.920618;0.916176;0.923708;0.943216;0.917721;0.94225;0.939932;0.908257;0.915983;0.920039;0.915596;0.904587;0.8986;0.911154;0.914051;0.926606;0.896668;0.906325;0.912892;0.886641;0.935115;-1;0.976145;0.974237;0.753817;0.898664;0.881002;0.932055;0.846271;0.896375;0.903587;0.964509;0.869235;-1;0;0;0;0

19;-0.715447;-0.593496;0.0691057;-0.552846;-0.158537;-0.219512;-0.138211;0.130081;-0.325203;-0.443089;-0.430894;-0.231707;0.308943;0.471545;-0.199187;-0.235772;-1;0.0650406;-0.743902;0.947059;0.930855;0.887591;0.91212;0.909223;0.927571;0.919845;0.92564;0.921777;0.920618;0.916176;0.923708;0.943216;0.917721;0.94225;0.939932;0.908257;0.915983;0.920039;0.915596;0.904587;0.8986;0.911154;0.914051;0.926606;0.896668;0.906325;0.890076;0.886641;0.935115;-1;0.976145;0.974237;0.753817;0.888214;0.881002;0.932055;0.846271;0.896375;0.903587;0.964509;+1;0;0;0;0

21.7;1;-0.715447;-0.593496;0.0691057;-0.552846;-0.158537;-0.219512;-0.138211;0.130081;-0.325203;-0.443089;-0.430894;-0.231707;0.308943;0.471545;-0.199187;-0.235772;-1;0.0650406;0.915882;0.917914;0.930855;0.887591;0.91212;0.909223;0.927571;0.919845;0.92564;0.921777;0.920618;0.916176;0.923708;0.943216;0.917721;0.94225;0.939932;0.908257;0.915983;0.920039;0.915596;0.904587;0.8986;0.911154;0.914051;0.926606;0.896668;0.883588;0.890076;0.886641;0.935115;-1;0.976145;0.974237;0.744164;0.888214;0.881002;0.932055;0.846271;0.896375;0.903587;+1;0;0;0;0

22.9;0.390244;1;-0.715447;-0.593496;0.0691057;-0.552846;-0.158537;-0.219512;-0.138211;0.130081;-0.325203;-0.443089;-0.430894;-0.231707;0.308943;0.471545;-0.199187;-0.235772;-1;0.954902;0.887204;0.917914;0.930855;0.887591;0.91212;0.909223;0.927571;0.919845;0.92564;0.921777;0.920618;0.916176;0.923708;0.943216;0.917721;0.94225;0.939932;0.908257;0.915983;0.920039;0.915596;0.904587;0.8986;0.911154;0.914051;0.926606;0.874046;0.883588;0.890076;0.886641;0.935115;-1;0.976145;0.963371;0.744164;0.888214;0.881002;0.932055;0.846271;0.896375;+1;0;0;0;0

23.16;0.00813007;0.390244;1;-0.715447;-0.593496;0.0691057;-0.552846;-0.158537;-0.219512;-0.138211;0.130081;-0.325203;-0.443089;-0.430894;-0.231707;0.308943;0.471545;-0.199187;-0.235772;0.903529;0.92564;0.887204;0.917914;0.930855;0.887591;0.91212;0.909223;0.927571;0.919845;0.92564;0.921777;0.920618;0.916176;0.923708;0.943216;0.917721;0.94225;0.939932;0.908257;0.915983;0.920039;0.915596;0.904587;0.8986;0.911154;0.914051;0.903626;0.874046;0.883588;0.890076;0.886641;0.935115;-1;0.965269;0.963371;0.744164;0.888214;0.881002;0.932055;0.846271;-1;0;0;0;0

23.08;-0.130081;0.00813007;0.390244;1;-0.715447;-0.593496;0.0691057;-0.552846;-0.158537;-0.219512;-0.138211;0.130081;-0.325203;-0.443089;-0.430894;-0.231707;0.308943;0.471545;-0.199187;0.940392;0.875036;0.92564;0.887204;0.917914;0.930855;0.887591;0.91212;0.909223;0.927571;0.919845;0.92564;0.921777;0.920618;0.916176;0.923708;0.943216;0.917721;0.94225;0.939932;0.908257;0.915983;0.920039;0.915596;0.904587;0.8986;0.911154;0.891221;0.903626;0.874046;0.883588;0.890076;0.886641;0.935115;-1;0.965269;0.963371;0.744164;0.888214;0.881002;0.932055;-1;0;0;0;0

22.85;-0.191057;-0.130081;0.00813007;0.390244;1;-0.715447;-0.593496;0.0691057;-0.552846;-0.158537;-0.219512;-0.138211;0.130081;-0.325203;-0.443089;-0.430894;-0.231707;0.308943;0.471545;0.942157;0.911347;0.875036;0.92564;0.887204;0.917914;0.930855;0.887591;0.91212;0.909223;0.927571;0.919845;0.92564;0.921777;0.920618;0.916176;0.923708;0.943216;0.917721;0.94225;0.939932;0.908257;0.915983;0.920039;0.915596;0.904587;0.8986;0.888359;0.891221;0.903626;0.874046;0.883588;0.890076;0.886641;0.924464;-1;0.965269;0.963371;0.744164;0.888214;0.881002;+1;0;0;0;0

23.2;0.0447154;-0.191057;-0.130081;0.00813007;0.390244;1;-0.715447;-0.593496;0.0691057;-0.552846;-0.158537;-0.219512;-0.138211;0.130081;-0.325203;-0.443089;-0.430894;-0.231707;0.308943;0.97451;0.913085;0.911347;0.875036;0.92564;0.887204;0.917914;0.930855;0.887591;0.91212;0.909223;0.927571;0.919845;0.92564;0.921777;0.920618;0.916176;0.923708;0.943216;0.917721;0.94225;0.939932;0.908257;0.915983;0.920039;0.915596;0.904587;0.875954;0.888359;0.891221;0.903626;0.874046;0.883588;0.890076;0.876257;0.924464;-1;0.965269;0.963371;0.744164;0.888214;-1;0;0;0;0

22.8;-0.260163;0.0447154;-0.191057;-0.130081;0.00813007;0.390244;1;-0.715447;-0.593496;0.0691057;-0.552846;-0.158537;-0.219512;-0.138211;0.130081;-0.325203;-0.443089;-0.430894;-0.231707;0.966667;0.944954;0.913085;0.911347;0.875036;0.92564;0.887204;0.917914;0.930855;0.887591;0.91212;0.909223;0.927571;0.919845;0.92564;0.921777;0.920618;0.916176;0.923708;0.943216;0.917721;0.94225;0.939932;0.908257;0.915983;0.920039;0.915596;0.88187;0.875954;0.888359;0.891221;0.903626;0.874046;0.883588;0.879674;0.876257;0.924464;-1;0.965269;0.963371;0.744164;-1;0;0;0;0

22.5;-0.219512;-0.260163;0.0447154;-0.191057;-0.130081;0.00813007;0.390244;1;-0.715447;-0.593496;0.0691057;-0.552846;-0.158537;-0.219512;-0.138211;0.130081;-0.325203;-0.443089;-0.430894;0.940588;0.937228;0.944954;0.913085;0.911347;0.875036;0.92564;0.887204;0.917914;0.930855;0.887591;0.91212;0.909223;0.927571;0.919845;0.92564;0.921777;0.920618;0.916176;0.923708;0.943216;0.917721;0.94225;0.939932;0.908257;0.915983;0.920039;0.892748;0.88187;0.875954;0.888359;0.891221;0.903626;0.874046;0.873221;0.879674;0.876257;0.924464;-1;0.965269;0.963371;-1;0;0;0;0

21.89;-0.345528;-0.219512;-0.260163;0.0447154;-0.191057;-0.130081;0.00813007;0.390244;1;-0.715447;-0.593496;0.0691057;-0.552846;-0.158537;-0.219512;-0.138211;0.130081;-0.325203;-0.443089;0.93098;0.91154;0.937228;0.944954;0.913085;0.911347;0.875036;0.92564;0.887204;0.917914;0.930855;0.887591;0.91212;0.909223;0.927571;0.919845;0.92564;0.921777;0.920618;0.916176;0.923708;0.943216;0.917721;0.94225;0.939932;0.908257;0.915983;0.897137;0.892748;0.88187;0.875954;0.888359;0.891221;0.903626;0.863731;0.873221;0.879674;0.876257;0.924464;-1;0.965269;-1;0;0;0;0

21.5;-0.256098;-0.345528;-0.219512;-0.260163;0.0447154;-0.191057;-0.130081;0.00813007;0.390244;1;-0.715447;-0.593496;0.0691057;-0.552846;-0.158537;-0.219512;-0.138211;0.130081;-0.325203;0.930392;0.902076;0.91154;0.937228;0.944954;0.913085;0.911347;0.875036;0.92564;0.887204;0.917914;0.930855;0.887591;0.91212;0.909223;0.927571;0.919845;0.92564;0.921777;0.920618;0.916176;0.923708;0.943216;0.917721;0.94225;0.939932;0.908257;0.89313;0.897137;0.892748;0.88187;0.875954;0.888359;0.891221;0.893149;0.863731;0.873221;0.879674;0.876257;0.924464;-1;+1;0;0;0;0

21.72;-0.00813009;-0.256098;-0.345528;-0.219512;-0.260163;0.0447154;-0.191057;-0.130081;0.00813007;0.390244;1;-0.715447;-0.593496;0.0691057;-0.552846;-0.158537;-0.219512;-0.138211;0.130081;0.936078;0.901497;0.902076;0.91154;0.937228;0.944954;0.913085;0.911347;0.875036;0.92564;0.887204;0.917914;0.930855;0.887591;0.91212;0.909223;0.927571;0.919845;0.92564;0.921777;0.920618;0.916176;0.923708;0.943216;0.917721;0.94225;0.939932;0.885496;0.89313;0.897137;0.892748;0.88187;0.875954;0.888359;0.880812;0.893149;0.863731;0.873221;0.879674;0.876257;0.924464;+1;0;0;0;0

22.7;0.300813;-0.00813009;-0.256098;-0.345528;-0.219512;-0.260163;0.0447154;-0.191057;-0.130081;0.00813007;0.390244;1;-0.715447;-0.593496;0.0691057;-0.552846;-0.158537;-0.219512;-0.138211;0.958039;0.907098;0.901497;0.902076;0.91154;0.937228;0.944954;0.913085;0.911347;0.875036;0.92564;0.887204;0.917914;0.930855;0.887591;0.91212;0.909223;0.927571;0.919845;0.92564;0.921777;0.920618;0.916176;0.923708;0.943216;0.917721;0.94225;0.916794;0.885496;0.89313;0.897137;0.892748;0.88187;0.875954;0.877965;0.880812;0.893149;0.863731;0.873221;0.879674;0.876257;+1;0;0;0;0

23.98;0.422764;0.300813;-0.00813009;-0.256098;-0.345528;-0.219512;-0.260163;0.0447154;-0.191057;-0.130081;0.00813007;0.390244;1;-0.715447;-0.593496;0.0691057;-0.552846;-0.158537;-0.219512;0.945098;0.92873;0.907098;0.901497;0.902076;0.91154;0.937228;0.944954;0.913085;0.911347;0.875036;0.92564;0.887204;0.917914;0.930855;0.887591;0.91212;0.909223;0.927571;0.919845;0.92564;0.921777;0.920618;0.916176;0.923708;0.943216;0.917721;0.919084;0.916794;0.885496;0.89313;0.897137;0.892748;0.88187;0.865629;0.877965;0.880812;0.893149;0.863731;0.873221;0.879674;+1;0;0;0;0

24.2;-0.00813009;0.422764;0.300813;-0.00813009;-0.256098;-0.345528;-0.219512;-0.260163;0.0447154;-0.191057;-0.130081;0.00813007;0.390244;1;-0.715447;-0.593496;0.0691057;-0.552846;-0.158537;0.941176;0.915983;0.92873;0.907098;0.901497;0.902076;0.91154;0.937228;0.944954;0.913085;0.911347;0.875036;0.92564;0.887204;0.917914;0.930855;0.887591;0.91212;0.909223;0.927571;0.919845;0.92564;0.921777;0.920618;0.916176;0.923708;0.943216;0.894847;0.919084;0.916794;0.885496;0.89313;0.897137;0.892748;0.871513;0.865629;0.877965;0.880812;0.893149;0.863731;0.873221;-1;0;0;0;0

23.67;-0.313008;-0.00813009;0.422764;0.300813;-0.00813009;-0.256098;-0.345528;-0.219512;-0.260163;0.0447154;-0.191057;-0.130081;0.00813007;0.390244;1;-0.715447;-0.593496;0.0691057;-0.552846;0.944118;0.91212;0.915983;0.92873;0.907098;0.901497;0.902076;0.91154;0.937228;0.944954;0.913085;0.911347;0.875036;0.92564;0.887204;0.917914;0.930855;0.887591;0.91212;0.909223;0.927571;0.919845;0.92564;0.921777;0.920618;0.916176;0.923708;0.920038;0.894847;0.919084;0.916794;0.885496;0.89313;0.897137;0.882331;0.871513;0.865629;0.877965;0.880812;0.893149;0.863731;+1;0;0;0;0

24;0.0365854;-0.313008;-0.00813009;0.422764;0.300813;-0.00813009;-0.256098;-0.345528;-0.219512;-0.260163;0.0447154;-0.191057;-0.130081;0.00813007;0.390244;1;-0.715447;-0.593496;0.0691057;0.925098;0.915017;0.91212;0.915983;0.92873;0.907098;0.901497;0.902076;0.91154;0.937228;0.944954;0.913085;0.911347;0.875036;0.92564;0.887204;0.917914;0.930855;0.887591;0.91212;0.909223;0.927571;0.919845;0.92564;0.921777;0.920618;0.916176;0.900763;0.920038;0.894847;0.919084;0.916794;0.885496;0.89313;0.886696;0.882331;0.871513;0.865629;0.877965;0.880812;0.893149;-1;0;0;0;0

23.9;-0.138211;0.0365854;-0.313008;-0.00813009;0.422764;0.300813;-0.00813009;-0.256098;-0.345528;-0.219512;-0.260163;0.0447154;-0.191057;-0.130081;0.00813007;0.390244;1;-0.715447;-0.593496;0.955098;0.896282;0.915017;0.91212;0.915983;0.92873;0.907098;0.901497;0.902076;0.91154;0.937228;0.944954;0.913085;0.911347;0.875036;0.92564;0.887204;0.917914;0.930855;0.887591;0.91212;0.909223;0.927571;0.919845;0.92564;0.921777;0.920618;0.893321;0.900763;0.920038;0.894847;0.919084;0.916794;0.885496;0.88271;0.886696;0.882331;0.871513;0.865629;0.877965;0.880812;-1;0;0;0;0

23.59;-0.223577;-0.138211;0.0365854;-0.313008;-0.00813009;0.422764;0.300813;-0.00813009;-0.256098;-0.345528;-0.219512;-0.260163;0.0447154;-0.191057;-0.130081;0.00813007;0.390244;1;-0.715447;0.923137;0.925833;0.896282;0.915017;0.91212;0.915983;0.92873;0.907098;0.901497;0.902076;0.91154;0.937228;0.944954;0.913085;0.911347;0.875036;0.92564;0.887204;0.917914;0.930855;0.887591;0.91212;0.909223;0.927571;0.919845;0.92564;0.921777;0.89771;0.893321;0.900763;0.920038;0.894847;0.919084;0.916794;0.875119;0.88271;0.886696;0.882331;0.871513;0.865629;0.877965;-1;0;0;0;0

23;-0.337398;-0.223577;-0.138211;0.0365854;-0.313008;-0.00813009;0.422764;0.300813;-0.00813009;-0.256098;-0.345528;-0.219512;-0.260163;0.0447154;-0.191057;-0.130081;0.00813007;0.390244;1;0.917255;0.894351;0.925833;0.896282;0.915017;0.91212;0.915983;0.92873;0.907098;0.901497;0.902076;0.91154;0.937228;0.944954;0.913085;0.911347;0.875036;0.92564;0.887204;0.917914;0.930855;0.887591;0.91212;0.909223;0.927571;0.919845;0.92564;0.898855;0.89771;0.893321;0.900763;0.920038;0.894847;0.919084;0.906244;0.875119;0.88271;0.886696;0.882331;0.871513;0.865629;-1;0;0;0;0

22.5;-0.300813;-0.337398;-0.223577;-0.138211;0.0365854;-0.313008;-0.00813009;0.422764;0.300813;-0.00813009;-0.256098;-0.345528;-0.219512;-0.260163;0.0447154;-0.191057;-0.130081;0.00813007;0.390244;1;0.888556;0.894351;0.925833;0.896282;0.915017;0.91212;0.915983;0.92873;0.907098;0.901497;0.902076;0.91154;0.937228;0.944954;0.913085;0.911347;0.875036;0.92564;0.887204;0.917914;0.930855;0.887591;0.91212;0.909223;0.927571;0.919845;0.902672;0.898855;0.89771;0.893321;0.900763;0.920038;0.894847;0.908522;0.906244;0.875119;0.88271;0.886696;0.882331;0.871513;-1;0;0;0;0

21.81;-0.378049;-0.300813;-0.337398;-0.223577;-0.138211;0.0365854;-0.313008;-0.00813009;0.422764;0.300813;-0.00813009;-0.256098;-0.345528;-0.219512;-0.260163;0.0447154;-0.191057;-0.130081;0.00813007;0.970588;0.970063;0.888556;0.894351;0.925833;0.896282;0.915017;0.91212;0.915983;0.92873;0.907098;0.901497;0.902076;0.91154;0.937228;0.944954;0.913085;0.911347;0.875036;0.92564;0.887204;0.917914;0.930855;0.887591;0.91212;0.909223;0.927571;0.896947;0.902672;0.898855;0.89771;0.893321;0.900763;0.920038;0.884418;0.908522;0.906244;0.875119;0.88271;0.886696;0.882331;+1;0;0;0;0

22;-0.0203252;-0.378049;-0.300813;-0.337398;-0.223577;-0.138211;0.0365854;-0.313008;-0.00813009;0.422764;0.300813;-0.00813009;-0.256098;-0.345528;-0.219512;-0.260163;0.0447154;-0.191057;-0.130081;0.952157;0.941091;0.970063;0.888556;0.894351;0.925833;0.896282;0.915017;0.91212;0.915983;0.92873;0.907098;0.901497;0.902076;0.91154;0.937228;0.944954;0.913085;0.911347;0.875036;0.92564;0.887204;0.917914;0.930855;0.887591;0.91212;0.909223;0.90458;0.896947;0.902672;0.898855;0.89771;0.893321;0.900763;0.90947;0.884418;0.908522;0.906244;0.875119;0.88271;0.886696;-1;0;0;0;0

22;-0.097561;-0.0203252;-0.378049;-0.300813;-0.337398;-0.223577;-0.138211;0.0365854;-0.313008;-0.00813009;0.422764;0.300813;-0.00813009;-0.256098;-0.345528;-0.219512;-0.260163;0.0447154;-0.191057;0.94549;0.922936;0.941091;0.970063;0.888556;0.894351;0.925833;0.896282;0.915017;0.91212;0.915983;0.92873;0.907098;0.901497;0.902076;0.91154;0.937228;0.944954;0.913085;0.911347;0.875036;0.92564;0.887204;0.917914;0.930855;0.887591;0.91212;0.88645;0.90458;0.896947;0.902672;0.898855;0.89771;0.893321;0.890302;0.90947;0.884418;0.908522;0.906244;0.875119;0.88271;+1;0;0;0;0

22.25;0.00406504;-0.097561;-0.0203252;-0.378049;-0.300813;-0.337398;-0.223577;-0.138211;0.0365854;-0.313008;-0.00813009;0.422764;0.300813;-0.00813009;-0.256098;-0.345528;-0.219512;-0.260163;0.0447154;0.942549;0.916369;0.922936;0.941091;0.970063;0.888556;0.894351;0.925833;0.896282;0.915017;0.91212;0.915983;0.92873;0.907098;0.901497;0.902076;0.91154;0.937228;0.944954;0.913085;0.911347;0.875036;0.92564;0.887204;0.917914;0.930855;0.887591;0.889313;0.88645;0.90458;0.896947;0.902672;0.898855;0.89771;0.8829;0.890302;0.90947;0.884418;0.908522;0.906244;0.875119;+1;0;0;0;0

22.8;0.126016;0.00406504;-0.097561;-0.0203252;-0.378049;-0.300813;-0.337398;-0.223577;-0.138211;0.0365854;-0.313008;-0.00813009;0.422764;0.300813;-0.00813009;-0.256098;-0.345528;-0.219512;-0.260163;0.953922;0.913472;0.916369;0.922936;0.941091;0.970063;0.888556;0.894351;0.925833;0.896282;0.915017;0.91212;0.915983;0.92873;0.907098;0.901497;0.902076;0.91154;0.937228;0.944954;0.913085;0.911347;0.875036;0.92564;0.887204;0.917914;0.930855;0.865076;0.889313;0.88645;0.90458;0.896947;0.902672;0.898855;0.887265;0.8829;0.890302;0.90947;0.884418;0.908522;0.906244;+1;0;0;0;0

23;-0.0162602;0.126016;0.00406504;-0.097561;-0.0203252;-0.378049;-0.300813;-0.337398;-0.223577;-0.138211;0.0365854;-0.313008;-0.00813009;0.422764;0.300813;-0.00813009;-0.256098;-0.345528;-0.219512;0.939216;0.924674;0.913472;0.916369;0.922936;0.941091;0.970063;0.888556;0.894351;0.925833;0.896282;0.915017;0.91212;0.915983;0.92873;0.907098;0.901497;0.902076;0.91154;0.937228;0.944954;0.913085;0.911347;0.875036;0.92564;0.887204;0.917914;0.907824;0.865076;0.889313;0.88645;0.90458;0.896947;0.902672;0.888404;0.887265;0.8829;0.890302;0.90947;0.884418;0.908522;-1;0;0;0;0

22.8;-0.178862;-0.0162602;0.126016;0.00406504;-0.097561;-0.0203252;-0.378049;-0.300813;-0.337398;-0.223577;-0.138211;0.0365854;-0.313008;-0.00813009;0.422764;0.300813;-0.00813009;-0.256098;-0.345528;0.941176;0.910188;0.924674;0.913472;0.916369;0.922936;0.941091;0.970063;0.888556;0.894351;0.925833;0.896282;0.915017;0.91212;0.915983;0.92873;0.907098;0.901497;0.902076;0.91154;0.937228;0.944954;0.913085;0.911347;0.875036;0.92564;0.887204;0.895038;0.907824;0.865076;0.889313;0.88645;0.90458;0.896947;0.8922;0.888404;0.887265;0.8829;0.890302;0.90947;0.884418;+1;0;0;0;0

23.51;0.191057;-0.178862;-0.0162602;0.126016;0.00406504;-0.097561;-0.0203252;-0.378049;-0.300813;-0.337398;-0.223577;-0.138211;0.0365854;-0.313008;-0.00813009;0.422764;0.300813;-0.00813009;-0.256098;0.935098;0.91212;0.910188;0.924674;0.913472;0.916369;0.922936;0.941091;0.970063;0.888556;0.894351;0.925833;0.896282;0.915017;0.91212;0.915983;0.92873;0.907098;0.901497;0.902076;0.91154;0.937228;0.944954;0.913085;0.911347;0.875036;0.92564;0.864695;0.895038;0.907824;0.865076;0.889313;0.88645;0.90458;0.886506;0.8922;0.888404;0.887265;0.8829;0.890302;0.90947;+1;0;0;0;0

23.98;0.0934959;0.191057;-0.178862;-0.0162602;0.126016;0.00406504;-0.097561;-0.0203252;-0.378049;-0.300813;-0.337398;-0.223577;-0.138211;0.0365854;-0.313008;-0.00813009;0.422764;0.300813;-0.00813009;0.939412;0.906132;0.91212;0.910188;0.924674;0.913472;0.916369;0.922936;0.941091;0.970063;0.888556;0.894351;0.925833;0.896282;0.915017;0.91212;0.915983;0.92873;0.907098;0.901497;0.902076;0.91154;0.937228;0.944954;0.913085;0.911347;0.875036;0.902672;0.864695;0.895038;0.907824;0.865076;0.889313;0.88645;0.894098;0.886506;0.8922;0.888404;0.887265;0.8829;0.890302;+1;0;0;0;0

24;-0.0894309;0.0934959;0.191057;-0.178862;-0.0162602;0.126016;0.00406504;-0.097561;-0.0203252;-0.378049;-0.300813;-0.337398;-0.223577;-0.138211;0.0365854;-0.313008;-0.00813009;0.422764;0.300813;0.951373;0.910381;0.906132;0.91212;0.910188;0.924674;0.913472;0.916369;0.922936;0.941091;0.970063;0.888556;0.894351;0.925833;0.896282;0.915017;0.91212;0.915983;0.92873;0.907098;0.901497;0.902076;0.91154;0.937228;0.944954;0.913085;0.911347;0.852672;0.902672;0.864695;0.895038;0.907824;0.865076;0.889313;0.876068;0.894098;0.886506;0.8922;0.888404;0.887265;0.8829;+1;0;0;0;0

25.3;0.430894;-0.0894309;0.0934959;0.191057;-0.178862;-0.0162602;0.126016;0.00406504;-0.097561;-0.0203252;-0.378049;-0.300813;-0.337398;-0.223577;-0.138211;0.0365854;-0.313008;-0.00813009;0.422764;0.966274;0.922163;0.910381;0.906132;0.91212;0.910188;0.924674;0.913472;0.916369;0.922936;0.941091;0.970063;0.888556;0.894351;0.925833;0.896282;0.915017;0.91212;0.915983;0.92873;0.907098;0.901497;0.902076;0.91154;0.937228;0.944954;0.913085;0.88855;0.852672;0.902672;0.864695;0.895038;0.907824;0.865076;0.878914;0.876068;0.894098;0.886506;0.8922;0.888404;0.887265;-1;0;0;0;0

24.75;-0.321138;0.430894;-0.0894309;0.0934959;0.191057;-0.178862;-0.0162602;0.126016;0.00406504;-0.097561;-0.0203252;-0.378049;-0.300813;-0.337398;-0.223577;-0.138211;0.0365854;-0.313008;-0.00813009;0.972157;0.936842;0.922163;0.910381;0.906132;0.91212;0.910188;0.924674;0.913472;0.916369;0.922936;0.941091;0.970063;0.888556;0.894351;0.925833;0.896282;0.915017;0.91212;0.915983;0.92873;0.907098;0.901497;0.902076;0.91154;0.937228;0.944954;0.890267;0.88855;0.852672;0.902672;0.864695;0.895038;0.907824;0.854811;0.878914;0.876068;0.894098;0.886506;0.8922;0.888404;-1;0;0;0;0

24.15;-0.341463;-0.321138;0.430894;-0.0894309;0.0934959;0.191057;-0.178862;-0.0162602;0.126016;0.00406504;-0.097561;-0.0203252;-0.378049;-0.300813;-0.337398;-0.223577;-0.138211;0.0365854;-0.313008;0.951373;0.942636;0.936842;0.922163;0.910381;0.906132;0.91212;0.910188;0.924674;0.913472;0.916369;0.922936;0.941091;0.970063;0.888556;0.894351;0.925833;0.896282;0.915017;0.91212;0.915983;0.92873;0.907098;0.901497;0.902076;0.91154;0.937228;0.921756;0.890267;0.88855;0.852672;0.902672;0.864695;0.895038;0.897324;0.854811;0.878914;0.876068;0.894098;0.886506;0.8922;-1;0;0;0;0

22.95;-0.585366;-0.341463;-0.321138;0.430894;-0.0894309;0.0934959;0.191057;-0.178862;-0.0162602;0.126016;0.00406504;-0.097561;-0.0203252;-0.378049;-0.300813;-0.337398;-0.223577;-0.138211;0.0365854;0.936667;0.922163;0.942636;0.936842;0.922163;0.910381;0.906132;0.91212;0.910188;0.924674;0.913472;0.916369;0.922936;0.941091;0.970063;0.888556;0.894351;0.925833;0.896282;0.915017;0.91212;0.915983;0.92873;0.907098;0.901497;0.902076;0.91154;0.914122;0.921756;0.890267;0.88855;0.852672;0.902672;0.864695;0.884608;0.897324;0.854811;0.878914;0.876068;0.894098;0.886506;+1;0;0;0;0

24.45;0.512195;-0.585366;-0.341463;-0.321138;0.430894;-0.0894309;0.0934959;0.191057;-0.178862;-0.0162602;0.126016;0.00406504;-0.097561;-0.0203252;-0.378049;-0.300813;-0.337398;-0.223577;-0.138211;0.953529;0.907677;0.922163;0.942636;0.936842;0.922163;0.910381;0.906132;0.91212;0.910188;0.924674;0.913472;0.916369;0.922936;0.941091;0.970063;0.888556;0.894351;0.925833;0.896282;0.915017;0.91212;0.915983;0.92873;0.907098;0.901497;0.902076;0.88874;0.914122;0.921756;0.890267;0.88855;0.852672;0.902672;0.854432;0.884608;0.897324;0.854811;0.878914;0.876068;0.894098;+1;0;0;0;0

25.8;0.451219;0.512195;-0.585366;-0.341463;-0.321138;0.430894;-0.0894309;0.0934959;0.191057;-0.178862;-0.0162602;0.126016;0.00406504;-0.097561;-0.0203252;-0.378049;-0.300813;-0.337398;-0.223577;0.945098;0.924288;0.907677;0.922163;0.942636;0.936842;0.922163;0.910381;0.906132;0.91212;0.910188;0.924674;0.913472;0.916369;0.922936;0.941091;0.970063;0.888556;0.894351;0.925833;0.896282;0.915017;0.91212;0.915983;0.92873;0.907098;0.901497;0.879389;0.88874;0.914122;0.921756;0.890267;0.88855;0.852672;0.8922;0.854432;0.884608;0.897324;0.854811;0.878914;0.876068;+1;0;0;0;0

26.75;0.288618;0.451219;0.512195;-0.585366;-0.341463;-0.321138;0.430894;-0.0894309;0.0934959;0.191057;-0.178862;-0.0162602;0.126016;0.00406504;-0.097561;-0.0203252;-0.378049;-0.300813;-0.337398;0.94098;0.915983;0.924288;0.907677;0.922163;0.942636;0.936842;0.922163;0.910381;0.906132;0.91212;0.910188;0.924674;0.913472;0.916369;0.922936;0.941091;0.970063;0.888556;0.894351;0.925833;0.896282;0.915017;0.91212;0.915983;0.92873;0.907098;0.878817;0.879389;0.88874;0.914122;0.921756;0.890267;0.88855;0.842475;0.8922;0.854432;0.884608;0.897324;0.854811;0.878914;-1;0;0;0;0

26.6;-0.158537;0.288618;0.451219;0.512195;-0.585366;-0.341463;-0.321138;0.430894;-0.0894309;0.0934959;0.191057;-0.178862;-0.0162602;0.126016;0.00406504;-0.097561;-0.0203252;-0.378049;-0.300813;0.93549;0.911927;0.915983;0.924288;0.907677;0.922163;0.942636;0.936842;0.922163;0.910381;0.906132;0.91212;0.910188;0.924674;0.913472;0.916369;0.922936;0.941091;0.970063;0.888556;0.894351;0.925833;0.896282;0.915017;0.91212;0.915983;0.92873;0.884351;0.878817;0.879389;0.88874;0.914122;0.921756;0.890267;0.878155;0.842475;0.8922;0.854432;0.884608;0.897324;0.854811;-1;0;0;0;0

26.05;-0.321138;-0.158537;0.288618;0.451219;0.512195;-0.585366;-0.341463;-0.321138;0.430894;-0.0894309;0.0934959;0.191057;-0.178862;-0.0162602;0.126016;0.00406504;-0.097561;-0.0203252;-0.378049;0.937255;0.906519;0.911927;0.915983;0.924288;0.907677;0.922163;0.942636;0.936842;0.922163;0.910381;0.906132;0.91212;0.910188;0.924674;0.913472;0.916369;0.922936;0.941091;0.970063;0.888556;0.894351;0.925833;0.896282;0.915017;0.91212;0.915983;0.905725;0.884351;0.878817;0.879389;0.88874;0.914122;0.921756;0.879863;0.878155;0.842475;0.8922;0.854432;0.884608;0.897324;-1;0;0;0;0

25.6;-0.280488;-0.321138;-0.158537;0.288618;0.451219;0.512195;-0.585366;-0.341463;-0.321138;0.430894;-0.0894309;0.0934959;0.191057;-0.178862;-0.0162602;0.126016;0.00406504;-0.097561;-0.0203252;0.933529;0.908257;0.906519;0.911927;0.915983;0.924288;0.907677;0.922163;0.942636;0.936842;0.922163;0.910381;0.906132;0.91212;0.910188;0.924674;0.913472;0.916369;0.922936;0.941091;0.970063;0.888556;0.894351;0.925833;0.896282;0.915017;0.91212;0.89313;0.905725;0.884351;0.878817;0.879389;0.88874;0.914122;0.911179;0.879863;0.878155;0.842475;0.8922;0.854432;0.884608;+1;0;0;0;0

26;0.0650406;-0.280488;-0.321138;-0.158537;0.288618;0.451219;0.512195;-0.585366;-0.341463;-0.321138;0.430894;-0.0894309;0.0934959;0.191057;-0.178862;-0.0162602;0.126016;0.00406504;-0.097561;0.950784;0.904587;0.908257;0.906519;0.911927;0.915983;0.924288;0.907677;0.922163;0.942636;0.936842;0.922163;0.910381;0.906132;0.91212;0.910188;0.924674;0.913472;0.916369;0.922936;0.941091;0.970063;0.888556;0.894351;0.925833;0.896282;0.915017;0.889313;0.89313;0.905725;0.884351;0.878817;0.879389;0.88874;0.903587;0.911179;0.879863;0.878155;0.842475;0.8922;0.854432;-1;0;0;0;0

26;-0.097561;0.0650406;-0.280488;-0.321138;-0.158537;0.288618;0.451219;0.512195;-0.585366;-0.341463;-0.321138;0.430894;-0.0894309;0.0934959;0.191057;-0.178862;-0.0162602;0.126016;0.00406504;0.947059;0.921584;0.904587;0.908257;0.906519;0.911927;0.915983;0.924288;0.907677;0.922163;0.942636;0.936842;0.922163;0.910381;0.906132;0.91212;0.910188;0.924674;0.913472;0.916369;0.922936;0.941091;0.970063;0.888556;0.894351;0.925833;0.896282;0.892176;0.889313;0.89313;0.905725;0.884351;0.878817;0.879389;0.878345;0.903587;0.911179;0.879863;0.878155;0.842475;0.8922;+1;0;0;0;0

26.36;0.0487805;-0.097561;0.0650406;-0.280488;-0.321138;-0.158537;0.288618;0.451219;0.512195;-0.585366;-0.341463;-0.321138;0.430894;-0.0894309;0.0934959;0.191057;-0.178862;-0.0162602;0.126016;0.951961;0.917914;0.921584;0.904587;0.908257;0.906519;0.911927;0.915983;0.924288;0.907677;0.922163;0.942636;0.936842;0.922163;0.910381;0.906132;0.91212;0.910188;0.924674;0.913472;0.916369;0.922936;0.941091;0.970063;0.888556;0.894351;0.925833;0.873664;0.892176;0.889313;0.89313;0.905725;0.884351;0.878817;0.869045;0.878345;0.903587;0.911179;0.879863;0.878155;0.842475;+1;0;0;0;0

27.3;0.284553;0.0487805;-0.097561;0.0650406;-0.280488;-0.321138;-0.158537;0.288618;0.451219;0.512195;-0.585366;-0.341463;-0.321138;0.430894;-0.0894309;0.0934959;0.191057;-0.178862;-0.0162602;0.957843;0.922743;0.917914;0.921584;0.904587;0.908257;0.906519;0.911927;0.915983;0.924288;0.907677;0.922163;0.942636;0.936842;0.922163;0.910381;0.906132;0.91212;0.910188;0.924674;0.913472;0.916369;0.922936;0.941091;0.970063;0.888556;0.894351;0.902863;0.873664;0.892176;0.889313;0.89313;0.905725;0.884351;0.868476;0.869045;0.878345;0.903587;0.911179;0.879863;0.878155;+1;0;0;0;0

27.36;-0.0731707;0.284553;0.0487805;-0.097561;0.0650406;-0.280488;-0.321138;-0.158537;0.288618;0.451219;0.512195;-0.585366;-0.341463;-0.321138;0.430894;-0.0894309;0.0934959;0.191057;-0.178862;0.95098;0.928537;0.922743;0.917914;0.921584;0.904587;0.908257;0.906519;0.911927;0.915983;0.924288;0.907677;0.922163;0.942636;0.936842;0.922163;0.910381;0.906132;0.91212;0.910188;0.924674;0.913472;0.916369;0.922936;0.941091;0.970063;0.888556;0.871756;0.902863;0.873664;0.892176;0.889313;0.89313;0.905725;0.87398;0.868476;0.869045;0.878345;0.903587;0.911179;0.879863;-1;0;0;0;0

26.65;-0.386179;-0.0731707;0.284553;0.0487805;-0.097561;0.0650406;-0.280488;-0.321138;-0.158537;0.288618;0.451219;0.512195;-0.585366;-0.341463;-0.321138;0.430894;-0.0894309;0.0934959;0.191057;0.943137;0.921777;0.928537;0.922743;0.917914;0.921584;0.904587;0.908257;0.906519;0.911927;0.915983;0.924288;0.907677;0.922163;0.942636;0.936842;0.922163;0.910381;0.906132;0.91212;0.910188;0.924674;0.913472;0.916369;0.922936;0.941091;0.970063;0.866031;0.871756;0.902863;0.873664;0.892176;0.889313;0.89313;0.895236;0.87398;0.868476;0.869045;0.878345;0.903587;0.911179;-1;0;0;0;0

26.19;-0.284553;-0.386179;-0.0731707;0.284553;0.0487805;-0.097561;0.0650406;-0.280488;-0.321138;-0.158537;0.288618;0.451219;0.512195;-0.585366;-0.341463;-0.321138;0.430894;-0.0894309;0.0934959;0.96098;0.914051;0.921777;0.928537;0.922743;0.917914;0.921584;0.904587;0.908257;0.906519;0.911927;0.915983;0.924288;0.907677;0.922163;0.942636;0.936842;0.922163;0.910381;0.906132;0.91212;0.910188;0.924674;0.913472;0.916369;0.922936;0.941091;0.946565;0.866031;0.871756;0.902863;0.873664;0.892176;0.889313;0.88271;0.895236;0.87398;0.868476;0.869045;0.878345;0.903587;-1;0;0;0;0

26.1;-0.134146;-0.284553;-0.386179;-0.0731707;0.284553;0.0487805;-0.097561;0.0650406;-0.280488;-0.321138;-0.158537;0.288618;0.451219;0.512195;-0.585366;-0.341463;-0.321138;0.430894;-0.0894309;0.956275;0.931627;0.914051;0.921777;0.928537;0.922743;0.917914;0.921584;0.904587;0.908257;0.906519;0.911927;0.915983;0.924288;0.907677;0.922163;0.942636;0.936842;0.922163;0.910381;0.906132;0.91212;0.910188;0.924674;0.913472;0.916369;0.922936;0.917939;0.946565;0.866031;0.871756;0.902863;0.873664;0.892176;0.878914;0.88271;0.895236;0.87398;0.868476;0.869045;0.878345;-1;0;0;0;0

26.1;-0.097561;-0.134146;-0.284553;-0.386179;-0.0731707;0.284553;0.0487805;-0.097561;0.0650406;-0.280488;-0.321138;-0.158537;0.288618;0.451219;0.512195;-0.585366;-0.341463;-0.321138;0.430894;0.947451;0.926992;0.931627;0.914051;0.921777;0.928537;0.922743;0.917914;0.921584;0.904587;0.908257;0.906519;0.911927;0.915983;0.924288;0.907677;0.922163;0.942636;0.936842;0.922163;0.910381;0.906132;0.91212;0.910188;0.924674;0.913472;0.916369;0.9;0.917939;0.946565;0.866031;0.871756;0.902863;0.873664;0.881761;0.878914;0.88271;0.895236;0.87398;0.868476;0.869045;-1;0;0;0;0

25.7;-0.260163;-0.097561;-0.134146;-0.284553;-0.386179;-0.0731707;0.284553;0.0487805;-0.097561;0.0650406;-0.280488;-0.321138;-0.158537;0.288618;0.451219;0.512195;-0.585366;-0.341463;-0.321138;0.972549;0.9183;0.926992;0.931627;0.914051;0.921777;0.928537;0.922743;0.917914;0.921584;0.904587;0.908257;0.906519;0.911927;0.915983;0.924288;0.907677;0.922163;0.942636;0.936842;0.922163;0.910381;0.906132;0.91212;0.910188;0.924674;0.913472;0.893511;0.9;0.917939;0.946565;0.866031;0.871756;0.902863;0.863352;0.881761;0.878914;0.88271;0.895236;0.87398;0.868476;+1;0;0;0;0

26.3;0.146341;-0.260163;-0.097561;-0.134146;-0.284553;-0.386179;-0.0731707;0.284553;0.0487805;-0.097561;0.0650406;-0.280488;-0.321138;-0.158537;0.288618;0.451219;0.512195;-0.585366;-0.341463;0.936275;0.943023;0.9183;0.926992;0.931627;0.914051;0.921777;0.928537;0.922743;0.917914;0.921584;0.904587;0.908257;0.906519;0.911927;0.915983;0.924288;0.907677;0.922163;0.942636;0.936842;0.922163;0.910381;0.906132;0.91212;0.910188;0.924674;0.890649;0.893511;0.9;0.917939;0.946565;0.866031;0.871756;0.892389;0.863352;0.881761;0.878914;0.88271;0.895236;0.87398;-1;0;0;0;0

26.3;-0.097561;0.146341;-0.260163;-0.097561;-0.134146;-0.284553;-0.386179;-0.0731707;0.284553;0.0487805;-0.097561;0.0650406;-0.280488;-0.321138;-0.158537;0.288618;0.451219;0.512195;-0.585366;0.935294;0.907291;0.943023;0.9183;0.926992;0.931627;0.914051;0.921777;0.928537;0.922743;0.917914;0.921584;0.904587;0.908257;0.906519;0.911927;0.915983;0.924288;0.907677;0.922163;0.942636;0.936842;0.922163;0.910381;0.906132;0.91212;0.910188;0.901718;0.890649;0.893511;0.9;0.917939;0.946565;0.866031;0.861454;0.892389;0.863352;0.881761;0.878914;0.88271;0.895236;+1;0;0;0;0

26.31;-0.0934959;-0.097561;0.146341;-0.260163;-0.097561;-0.134146;-0.284553;-0.386179;-0.0731707;0.284553;0.0487805;-0.097561;0.0650406;-0.280488;-0.321138;-0.158537;0.288618;0.451219;0.512195;0.923529;0.906325;0.907291;0.943023;0.9183;0.926992;0.931627;0.914051;0.921777;0.928537;0.922743;0.917914;0.921584;0.904587;0.908257;0.906519;0.911927;0.915983;0.924288;0.907677;0.922163;0.942636;0.936842;0.922163;0.910381;0.906132;0.91212;0.887405;0.901718;0.890649;0.893511;0.9;0.917939;0.946565;0.85576;0.861454;0.892389;0.863352;0.881761;0.878914;0.88271;+1;0;0;0;0

26.9;0.142276;-0.0934959;-0.097561;0.146341;-0.260163;-0.097561;-0.134146;-0.284553;-0.386179;-0.0731707;0.284553;0.0487805;-0.097561;0.0650406;-0.280488;-0.321138;-0.158537;0.288618;0.451219;0.976471;0.894737;0.906325;0.907291;0.943023;0.9183;0.926992;0.931627;0.914051;0.921777;0.928537;0.922743;0.917914;0.921584;0.904587;0.908257;0.906519;0.911927;0.915983;0.924288;0.907677;0.922163;0.942636;0.936842;0.922163;0.910381;0.906132;0.889313;0.887405;0.901718;0.890649;0.893511;0.9;0.917939;0.935851;0.85576;0.861454;0.892389;0.863352;0.881761;0.878914;+1;0;0;0;0

27.38;0.097561;0.142276;-0.0934959;-0.097561;0.146341;-0.260163;-0.097561;-0.134146;-0.284553;-0.386179;-0.0731707;0.284553;0.0487805;-0.097561;0.0650406;-0.280488;-0.321138;-0.158537;0.288618;0.973529;0.946886;0.894737;0.906325;0.907291;0.943023;0.9183;0.926992;0.931627;0.914051;0.921777;0.928537;0.922743;0.917914;0.921584;0.904587;0.908257;0.906519;0.911927;0.915983;0.924288;0.907677;0.922163;0.942636;0.936842;0.922163;0.910381;0.883397;0.889313;0.887405;0.901718;0.890649;0.893511;0.9;0.907383;0.935851;0.85576;0.861454;0.892389;0.863352;0.881761;-1;0;0;0;0

26.7;-0.373984;0.097561;0.142276;-0.0934959;-0.097561;0.146341;-0.260163;-0.097561;-0.134146;-0.284553;-0.386179;-0.0731707;0.284553;0.0487805;-0.097561;0.0650406;-0.280488;-0.321138;-0.158537;0.965686;0.943988;0.946886;0.894737;0.906325;0.907291;0.943023;0.9183;0.926992;0.931627;0.914051;0.921777;0.928537;0.922743;0.917914;0.921584;0.904587;0.908257;0.906519;0.911927;0.915983;0.924288;0.907677;0.922163;0.942636;0.936842;0.922163;0.887595;0.883397;0.889313;0.887405;0.901718;0.890649;0.893511;0.889543;0.907383;0.935851;0.85576;0.861454;0.892389;0.863352;+1;0;0;0;0

26.9;-0.0162602;-0.373984;0.097561;0.142276;-0.0934959;-0.097561;0.146341;-0.260163;-0.097561;-0.134146;-0.284553;-0.386179;-0.0731707;0.284553;0.0487805;-0.097561;0.0650406;-0.280488;-0.321138;0.944118;0.936263;0.943988;0.946886;0.894737;0.906325;0.907291;0.943023;0.9183;0.926992;0.931627;0.914051;0.921777;0.928537;0.922743;0.917914;0.921584;0.904587;0.908257;0.906519;0.911927;0.915983;0.924288;0.907677;0.922163;0.942636;0.936842;0.899237;0.887595;0.883397;0.889313;0.887405;0.901718;0.890649;0.88309;0.889543;0.907383;0.935851;0.85576;0.861454;0.892389;+1;0;0;0;0

27.66;0.211382;-0.0162602;-0.373984;0.097561;0.142276;-0.0934959;-0.097561;0.146341;-0.260163;-0.097561;-0.134146;-0.284553;-0.386179;-0.0731707;0.284553;0.0487805;-0.097561;0.0650406;-0.280488;0.936275;0.915017;0.936263;0.943988;0.946886;0.894737;0.906325;0.907291;0.943023;0.9183;0.926992;0.931627;0.914051;0.921777;0.928537;0.922743;0.917914;0.921584;0.904587;0.908257;0.906519;0.911927;0.915983;0.924288;0.907677;0.922163;0.942636;0.91374;0.899237;0.887595;0.883397;0.889313;0.887405;0.901718;0.880243;0.88309;0.889543;0.907383;0.935851;0.85576;0.861454;-1;0;0;0;0

27.3;-0.243902;0.211382;-0.0162602;-0.373984;0.097561;0.142276;-0.0934959;-0.097561;0.146341;-0.260163;-0.097561;-0.134146;-0.284553;-0.386179;-0.0731707;0.284553;0.0487805;-0.097561;0.0650406;0.938235;0.907291;0.915017;0.936263;0.943988;0.946886;0.894737;0.906325;0.907291;0.943023;0.9183;0.926992;0.931627;0.914051;0.921777;0.928537;0.922743;0.917914;0.921584;0.904587;0.908257;0.906519;0.911927;0.915983;0.924288;0.907677;0.922163;0.919466;0.91374;0.899237;0.887595;0.883397;0.889313;0.887405;0.891251;0.880243;0.88309;0.889543;0.907383;0.935851;0.85576;-1;0;0;0;0

27.1;-0.178862;-0.243902;0.211382;-0.0162602;-0.373984;0.097561;0.142276;-0.0934959;-0.097561;0.146341;-0.260163;-0.097561;-0.134146;-0.284553;-0.386179;-0.0731707;0.284553;0.0487805;-0.097561;0.954902;0.909223;0.907291;0.915017;0.936263;0.943988;0.946886;0.894737;0.906325;0.907291;0.943023;0.9183;0.926992;0.931627;0.914051;0.921777;0.928537;0.922743;0.917914;0.921584;0.904587;0.908257;0.906519;0.911927;0.915983;0.924288;0.907677;0.899237;0.919466;0.91374;0.899237;0.887595;0.883397;0.889313;0.877017;0.891251;0.880243;0.88309;0.889543;0.907383;0.935851;+1;0;0;0;0

28;0.268293;-0.178862;-0.243902;0.211382;-0.0162602;-0.373984;0.097561;0.142276;-0.0934959;-0.097561;0.146341;-0.260163;-0.097561;-0.134146;-0.284553;-0.386179;-0.0731707;0.284553;0.0487805;0.947059;0.92564;0.909223;0.907291;0.915017;0.936263;0.943988;0.946886;0.894737;0.906325;0.907291;0.943023;0.9183;0.926992;0.931627;0.914051;0.921777;0.928537;0.922743;0.917914;0.921584;0.904587;0.908257;0.906519;0.911927;0.915983;0.924288;0.884924;0.899237;0.919466;0.91374;0.899237;0.887595;0.883397;0.878914;0.877017;0.891251;0.880243;0.88309;0.889543;0.907383;-1;0;0;0;0

26.42;-0.739837;0.268293;-0.178862;-0.243902;0.211382;-0.0162602;-0.373984;0.097561;0.142276;-0.0934959;-0.097561;0.146341;-0.260163;-0.097561;-0.134146;-0.284553;-0.386179;-0.0731707;0.284553;0.954118;0.917914;0.92564;0.909223;0.907291;0.915017;0.936263;0.943988;0.946886;0.894737;0.906325;0.907291;0.943023;0.9183;0.926992;0.931627;0.914051;0.921777;0.928537;0.922743;0.917914;0.921584;0.904587;0.908257;0.906519;0.911927;0.915983;0.901336;0.884924;0.899237;0.919466;0.91374;0.899237;0.887595;0.873031;0.878914;0.877017;0.891251;0.880243;0.88309;0.889543;-1;0;0;0;0

26.2;-0.186992;-0.739837;0.268293;-0.178862;-0.243902;0.211382;-0.0162602;-0.373984;0.097561;0.142276;-0.0934959;-0.097561;0.146341;-0.260163;-0.097561;-0.134146;-0.284553;-0.386179;-0.0731707;0.96549;0.924867;0.917914;0.92564;0.909223;0.907291;0.915017;0.936263;0.943988;0.946886;0.894737;0.906325;0.907291;0.943023;0.9183;0.926992;0.931627;0.914051;0.921777;0.928537;0.922743;0.917914;0.921584;0.904587;0.908257;0.906519;0.911927;0.89313;0.901336;0.884924;0.899237;0.919466;0.91374;0.899237;0.877206;0.873031;0.878914;0.877017;0.891251;0.880243;0.88309;+1;0;0;0;0

26.84;0.162602;-0.186992;-0.739837;0.268293;-0.178862;-0.243902;0.211382;-0.0162602;-0.373984;0.097561;0.142276;-0.0934959;-0.097561;0.146341;-0.260163;-0.097561;-0.134146;-0.284553;-0.386179;0.948235;0.93607;0.924867;0.917914;0.92564;0.909223;0.907291;0.915017;0.936263;0.943988;0.946886;0.894737;0.906325;0.907291;0.943023;0.9183;0.926992;0.931627;0.914051;0.921777;0.928537;0.922743;0.917914;0.921584;0.904587;0.908257;0.906519;0.889122;0.89313;0.901336;0.884924;0.899237;0.919466;0.91374;0.888783;0.877206;0.873031;0.878914;0.877017;0.891251;0.880243;+1;0;0;0;0

27.6;0.211382;0.162602;-0.186992;-0.739837;0.268293;-0.178862;-0.243902;0.211382;-0.0162602;-0.373984;0.097561;0.142276;-0.0934959;-0.097561;0.146341;-0.260163;-0.097561;-0.134146;-0.284553;0.933137;0.919073;0.93607;0.924867;0.917914;0.92564;0.909223;0.907291;0.915017;0.936263;0.943988;0.946886;0.894737;0.906325;0.907291;0.943023;0.9183;0.926992;0.931627;0.914051;0.921777;0.928537;0.922743;0.917914;0.921584;0.904587;0.908257;0.883779;0.889122;0.89313;0.901336;0.884924;0.899237;0.919466;0.903207;0.888783;0.877206;0.873031;0.878914;0.877017;0.891251;+1;0;0;0;0

27.8;-0.0162602;0.211382;0.162602;-0.186992;-0.739837;0.268293;-0.178862;-0.243902;0.211382;-0.0162602;-0.373984;0.097561;0.142276;-0.0934959;-0.097561;0.146341;-0.260163;-0.097561;-0.134146;0.938039;0.904201;0.919073;0.93607;0.924867;0.917914;0.92564;0.909223;0.907291;0.915017;0.936263;0.943988;0.946886;0.894737;0.906325;0.907291;0.943023;0.9183;0.926992;0.931627;0.914051;0.921777;0.928537;0.922743;0.917914;0.921584;0.904587;0.885496;0.883779;0.889122;0.89313;0.901336;0.884924;0.899237;0.908901;0.903207;0.888783;0.877206;0.873031;0.878914;0.877017;+1;0;0;0;0

28.79;0.304878;-0.0162602;0.211382;0.162602;-0.186992;-0.739837;0.268293;-0.178862;-0.243902;0.211382;-0.0162602;-0.373984;0.097561;0.142276;-0.0934959;-0.097561;0.146341;-0.260163;-0.097561;0.945294;0.909029;0.904201;0.919073;0.93607;0.924867;0.917914;0.92564;0.909223;0.907291;0.915017;0.936263;0.943988;0.946886;0.894737;0.906325;0.907291;0.943023;0.9183;0.926992;0.931627;0.914051;0.921777;0.928537;0.922743;0.917914;0.921584;0.88187;0.885496;0.883779;0.889122;0.89313;0.901336;0.884924;0.888783;0.908901;0.903207;0.888783;0.877206;0.873031;0.878914;-1;0;0;0;0

28.04;-0.402439;0.304878;-0.0162602;0.211382;0.162602;-0.186992;-0.739837;0.268293;-0.178862;-0.243902;0.211382;-0.0162602;-0.373984;0.097561;0.142276;-0.0934959;-0.097561;0.146341;-0.260163;0.947059;0.916176;0.909029;0.904201;0.919073;0.93607;0.924867;0.917914;0.92564;0.909223;0.907291;0.915017;0.936263;0.943988;0.946886;0.894737;0.906325;0.907291;0.943023;0.9183;0.926992;0.931627;0.914051;0.921777;0.928537;0.922743;0.917914;0.898664;0.88187;0.885496;0.883779;0.889122;0.89313;0.901336;0.874549;0.888783;0.908901;0.903207;0.888783;0.877206;0.873031;+1;0;0;0;0

28.15;-0.0528455;-0.402439;0.304878;-0.0162602;0.211382;0.162602;-0.186992;-0.739837;0.268293;-0.178862;-0.243902;0.211382;-0.0162602;-0.373984;0.097561;0.142276;-0.0934959;-0.097561;0.146341;0.939216;0.917914;0.916176;0.909029;0.904201;0.919073;0.93607;0.924867;0.917914;0.92564;0.909223;0.907291;0.915017;0.936263;0.943988;0.946886;0.894737;0.906325;0.907291;0.943023;0.9183;0.926992;0.931627;0.914051;0.921777;0.928537;0.922743;0.895038;0.898664;0.88187;0.885496;0.883779;0.889122;0.89313;0.890871;0.874549;0.888783;0.908901;0.903207;0.888783;0.877206;-1;0;0;0;0

26.8;-0.646341;-0.0528455;-0.402439;0.304878;-0.0162602;0.211382;0.162602;-0.186992;-0.739837;0.268293;-0.178862;-0.243902;0.211382;-0.0162602;-0.373984;0.097561;0.142276;-0.0934959;-0.097561;0.958824;0.910188;0.917914;0.916176;0.909029;0.904201;0.919073;0.93607;0.924867;0.917914;0.92564;0.909223;0.907291;0.915017;0.936263;0.943988;0.946886;0.894737;0.906325;0.907291;0.943023;0.9183;0.926992;0.931627;0.914051;0.921777;0.928537;0.899809;0.895038;0.898664;0.88187;0.885496;0.883779;0.889122;0.88271;0.890871;0.874549;0.888783;0.908901;0.903207;0.888783;+1;0;0;0;0

26.81;-0.0934959;-0.646341;-0.0528455;-0.402439;0.304878;-0.0162602;0.211382;0.162602;-0.186992;-0.739837;0.268293;-0.178862;-0.243902;0.211382;-0.0162602;-0.373984;0.097561;0.142276;-0.0934959;0.947059;0.929503;0.910188;0.917914;0.916176;0.909029;0.904201;0.919073;0.93607;0.924867;0.917914;0.92564;0.909223;0.907291;0.915017;0.936263;0.943988;0.946886;0.894737;0.906325;0.907291;0.943023;0.9183;0.926992;0.931627;0.914051;0.921777;0.905534;0.899809;0.895038;0.898664;0.88187;0.885496;0.883779;0.878725;0.88271;0.890871;0.874549;0.888783;0.908901;0.903207;+1;0;0;0;0

26.88;-0.0691057;-0.0934959;-0.646341;-0.0528455;-0.402439;0.304878;-0.0162602;0.211382;0.162602;-0.186992;-0.739837;0.268293;-0.178862;-0.243902;0.211382;-0.0162602;-0.373984;0.097561;0.142276;0.947255;0.917914;0.929503;0.910188;0.917914;0.916176;0.909029;0.904201;0.919073;0.93607;0.924867;0.917914;0.92564;0.909223;0.907291;0.915017;0.936263;0.943988;0.946886;0.894737;0.906325;0.907291;0.943023;0.9183;0.926992;0.931627;0.914051;0.898855;0.905534;0.899809;0.895038;0.898664;0.88187;0.885496;0.873411;0.878725;0.88271;0.890871;0.874549;0.888783;0.908901;-1;0;0;0;0

26.35;-0.313008;-0.0691057;-0.0934959;-0.646341;-0.0528455;-0.402439;0.304878;-0.0162602;0.211382;0.162602;-0.186992;-0.739837;0.268293;-0.178862;-0.243902;0.211382;-0.0162602;-0.373984;0.097561;0.958627;0.918107;0.917914;0.929503;0.910188;0.917914;0.916176;0.909029;0.904201;0.919073;0.93607;0.924867;0.917914;0.92564;0.909223;0.907291;0.915017;0.936263;0.943988;0.946886;0.894737;0.906325;0.907291;0.943023;0.9183;0.926992;0.931627;0.891221;0.898855;0.905534;0.899809;0.895038;0.898664;0.88187;0.875119;0.873411;0.878725;0.88271;0.890871;0.874549;0.888783;+1;0;0;0;0

26.55;-0.0162602;-0.313008;-0.0691057;-0.0934959;-0.646341;-0.0528455;-0.402439;0.304878;-0.0162602;0.211382;0.162602;-0.186992;-0.739837;0.268293;-0.178862;-0.243902;0.211382;-0.0162602;-0.373984;0.956471;0.929309;0.918107;0.917914;0.929503;0.910188;0.917914;0.916176;0.909029;0.904201;0.919073;0.93607;0.924867;0.917914;0.92564;0.909223;0.907291;0.915017;0.936263;0.943988;0.946886;0.894737;0.906325;0.907291;0.943023;0.9183;0.926992;0.908588;0.891221;0.898855;0.905534;0.899809;0.895038;0.898664;0.871513;0.875119;0.873411;0.878725;0.88271;0.890871;0.874549;-1;0;0;0;0

26.13;-0.268293;-0.0162602;-0.313008;-0.0691057;-0.0934959;-0.646341;-0.0528455;-0.402439;0.304878;-0.0162602;0.211382;0.162602;-0.186992;-0.739837;0.268293;-0.178862;-0.243902;0.211382;-0.0162602;0.933725;0.927185;0.929309;0.918107;0.917914;0.929503;0.910188;0.917914;0.916176;0.909029;0.904201;0.919073;0.93607;0.924867;0.917914;0.92564;0.909223;0.907291;0.915017;0.936263;0.943988;0.946886;0.894737;0.906325;0.907291;0.943023;0.9183;0.904008;0.908588;0.891221;0.898855;0.905534;0.899809;0.895038;0.888214;0.871513;0.875119;0.873411;0.878725;0.88271;0.890871;+1;0;0;0;0

26.69;0.130081;-0.268293;-0.0162602;-0.313008;-0.0691057;-0.0934959;-0.646341;-0.0528455;-0.402439;0.304878;-0.0162602;0.211382;0.162602;-0.186992;-0.739837;0.268293;-0.178862;-0.243902;0.211382;0.95098;0.90478;0.927185;0.929309;0.918107;0.917914;0.929503;0.910188;0.917914;0.916176;0.909029;0.904201;0.919073;0.93607;0.924867;0.917914;0.92564;0.909223;0.907291;0.915017;0.936263;0.943988;0.946886;0.894737;0.906325;0.907291;0.943023;0.89542;0.904008;0.908588;0.891221;0.898855;0.905534;0.899809;0.884608;0.888214;0.871513;0.875119;0.873411;0.878725;0.88271;-1;0;0;0;0

