88.8;0.0650779;-0.0815765;-0.686526;-0.283226;-0.321723;-0.593034;-0.483043;-0.446379;0.0980752;0.136572;0.268561;-0.47571;-0.915674;-0.283226;-0.92484;-0.374885;-0.558203;0.0834097;-0.101742;-0.739688;-0.0999083;-0.283226;-0.905855;-0.446613;-0.400689;0.540758;0.586682;-0.444317;0.699196;-0.262916;0.288175;0.12744;0.632606;0.584386;0.361653;-0.719862;-0.680827;-1;-0.200908;-0.180477;0.00113508;-0.180477;-0.339387;-0.316686;0.250851;-0.316686;-0.316686;0.0692395;0.875142;0.0805902;0.091941;0.557321;0.0692395;-0.030647;0.123723;-0.146425;-0.0896708;0.318956;-0.496027;-0.5437;-1;0;-1;-1;-1

87.79;-0.468378;0.0650779;-0.0815765;-0.686526;-0.283226;-0.321723;-0.593034;-0.483043;-0.446379;0.0980752;0.136572;0.268561;-0.47571;-0.915674;-0.283226;-0.92484;-0.374885;-0.558203;0.0834097;-0.101742;-0.739688;-0.0999083;-0.102181;-0.905855;-0.446613;-0.400689;0.540758;0.586682;-0.444317;0.699196;-0.262916;0.288175;0.12744;0.632606;0.584386;0.361653;-0.719862;-0.661748;-1;-0.200908;-0.180477;0.00113508;-0.180477;-0.339387;-0.316686;0.250851;-0.316686;-0.316686;0.0692395;0.875142;0.0805902;0.091941;0.557321;0.0692395;-0.030647;0.123723;-0.146425;-0.0896708;0.318956;-0.496027;-1;0;-1;-1;-1

86.99;-0.429881;-0.468378;0.0650779;-0.0815765;-0.686526;-0.283226;-0.321723;-0.593034;-0.483043;-0.446379;0.0980752;0.136572;0.268561;-0.47571;-0.915674;-0.283226;-0.92484;-0.374885;-0.558203;0.0834097;-0.101742;-0.739688;0.12744;-0.102181;-0.905855;-0.446613;-0.400689;0.540758;0.586682;-0.444317;0.699196;-0.262916;0.288175;0.12744;0.632606;0.584386;0.361653;-0.700341;-0.661748;-1;-0.200908;-0.180477;0.00113508;-0.180477;-0.339387;-0.316686;0.250851;-0.316686;-0.316686;0.0692395;0.875142;0.0805902;0.091941;0.557321;0.0692395;-0.030647;0.123723;-0.146425;-0.0896708;0.318956;-1;0;-1;-1;-1

86.8;-0.318057;-0.429881;-0.468378;0.0650779;-0.0815765;-0.686526;-0.283226;-0.321723;-0.593034;-0.483043;-0.446379;0.0980752;0.136572;0.268561;-0.47571;-0.915674;-0.283226;-0.92484;-0.374885;-0.558203;0.0834097;-0.101742;-0.673938;0.12744;-0.102181;-0.905855;-0.446613;-0.400689;0.540758;0.586682;-0.444317;0.699196;-0.262916;0.288175;0.12744;0.632606;0.584386;0.368899;-0.700341;-0.661748;-1;-0.200908;-0.180477;0.00113508;-0.180477;-0.339387;-0.316686;0.250851;-0.316686;-0.316686;0.0692395;0.875142;0.0805902;0.091941;0.557321;0.0692395;-0.030647;0.123723;-0.146425;-0.0896708;+1;0;-1;-1;-1

89;0.120073;-0.318057;-0.429881;-0.468378;0.0650779;-0.0815765;-0.686526;-0.283226;-0.321723;-0.593034;-0.483043;-0.446379;0.0980752;0.136572;0.268561;-0.47571;-0.915674;-0.283226;-0.92484;-0.374885;-0.558203;0.0834097;0.125143;-0.673938;0.12744;-0.102181;-0.905855;-0.446613;-0.400689;0.540758;0.586682;-0.444317;0.699196;-0.262916;0.288175;0.12744;0.632606;0.589103;0.368899;-0.700341;-0.661748;-1;-0.200908;-0.180477;0.00113508;-0.180477;-0.339387;-0.316686;0.250851;-0.316686;-0.316686;0.0692395;0.875142;0.0805902;0.091941;0.557321;0.0692395;-0.030647;0.123723;-0.146425;-1;0;-1;-1;-1

87;-0.649863;0.120073;-0.318057;-0.429881;-0.468378;0.0650779;-0.0815765;-0.686526;-0.283226;-0.321723;-0.593034;-0.483043;-0.446379;0.0980752;0.136572;0.268561;-0.47571;-0.915674;-0.283226;-0.92484;-0.374885;-0.558203;0.357061;0.125143;-0.673938;0.12744;-0.102181;-0.905855;-0.446613;-0.400689;0.540758;0.586682;-0.444317;0.699196;-0.262916;0.288175;0.12744;0.636776;0.589103;0.368899;-0.700341;-0.661748;-1;-0.200908;-0.180477;0.00113508;-0.180477;-0.339387;-0.316686;0.250851;-0.316686;-0.316686;0.0692395;0.875142;0.0805902;0.091941;0.557321;0.0692395;-0.030647;0.123723;-1;0;-1;-1;-1

85.5;-0.558203;-0.649863;0.120073;-0.318057;-0.429881;-0.468378;0.0650779;-0.0815765;-0.686526;-0.283226;-0.321723;-0.593034;-0.483043;-0.446379;0.0980752;0.136572;0.268561;-0.47571;-0.915674;-0.283226;-0.92484;-0.374885;-0.446613;0.357061;0.125143;-0.673938;0.12744;-0.102181;-0.905855;-0.446613;-0.400689;0.540758;0.586682;-0.444317;0.699196;-0.262916;0.288175;0.137344;0.636776;0.589103;0.368899;-0.700341;-0.661748;-1;-0.200908;-0.180477;0.00113508;-0.180477;-0.339387;-0.316686;0.250851;-0.316686;-0.316686;0.0692395;0.875142;0.0805902;0.091941;0.557321;0.0692395;-0.030647;-1;0;-1;-1;-1

85;-0.374885;-0.558203;-0.649863;0.120073;-0.318057;-0.429881;-0.468378;0.0650779;-0.0815765;-0.686526;-0.283226;-0.321723;-0.593034;-0.483043;-0.446379;0.0980752;0.136572;0.268561;-0.47571;-0.915674;-0.283226;-0.92484;-0.216992;-0.446613;0.357061;0.125143;-0.673938;0.12744;-0.102181;-0.905855;-0.446613;-0.400689;0.540758;0.586682;-0.444317;0.699196;-0.262916;0.296254;0.137344;0.636776;0.589103;0.368899;-0.700341;-0.661748;-1;-0.200908;-0.180477;0.00113508;-0.180477;-0.339387;-0.316686;0.250851;-0.316686;-0.316686;0.0692395;0.875142;0.0805902;0.091941;0.557321;0.0692395;-1;0;-1;-1;-1

82;-0.833181;-0.374885;-0.558203;-0.649863;0.120073;-0.318057;-0.429881;-0.468378;0.0650779;-0.0815765;-0.686526;-0.283226;-0.321723;-0.593034;-0.483043;-0.446379;0.0980752;0.136572;0.268561;-0.47571;-0.915674;-0.283226;-0.905855;-0.216992;-0.446613;0.357061;0.125143;-0.673938;0.12744;-0.102181;-0.905855;-0.446613;-0.400689;0.540758;0.586682;-0.444317;0.699196;-0.248581;0.296254;0.137344;0.636776;0.589103;0.368899;-0.700341;-0.661748;-1;-0.200908;-0.180477;0.00113508;-0.180477;-0.339387;-0.316686;0.250851;-0.316686;-0.316686;0.0692395;0.875142;0.0805902;0.091941;0.557321;-1;0;-1;-1;-1

80.5;-0.558203;-0.833181;-0.374885;-0.558203;-0.649863;0.120073;-0.318057;-0.429881;-0.468378;0.0650779;-0.0815765;-0.686526;-0.283226;-0.321723;-0.593034;-0.483043;-0.446379;0.0980752;0.136572;0.268561;-0.47571;-0.915674;-0.102181;-0.905855;-0.216992;-0.446613;0.357061;0.125143;-0.673938;0.12744;-0.102181;-0.905855;-0.446613;-0.400689;0.540758;0.586682;-0.444317;0.702611;-0.248581;0.296254;0.137344;0.636776;0.589103;0.368899;-0.700341;-0.661748;-1;-0.200908;-0.180477;0.00113508;-0.180477;-0.339387;-0.316686;0.250851;-0.316686;-0.316686;0.0692395;0.875142;0.0805902;0.091941;+1;0;+1;-1;-1

81.45;-0.109074;-0.558203;-0.833181;-0.374885;-0.558203;-0.649863;0.120073;-0.318057;-0.429881;-0.468378;0.0650779;-0.0815765;-0.686526;-0.283226;-0.321723;-0.593034;-0.483043;-0.446379;0.0980752;0.136572;0.268561;-0.47571;-0.894374;-0.102181;-0.905855;-0.216992;-0.446613;0.357061;0.125143;-0.673938;0.12744;-0.102181;-0.905855;-0.446613;-0.400689;0.540758;0.586682;-0.427923;0.702611;-0.248581;0.296254;0.137344;0.636776;0.589103;0.368899;-0.700341;-0.661748;-1;-0.200908;-0.180477;0.00113508;-0.180477;-0.339387;-0.316686;0.250851;-0.316686;-0.316686;0.0692395;0.875142;0.0805902;-1;0;+1;-1;-1

79;-0.732356;-0.109074;-0.558203;-0.833181;-0.374885;-0.558203;-0.649863;0.120073;-0.318057;-0.429881;-0.468378;0.0650779;-0.0815765;-0.686526;-0.283226;-0.321723;-0.593034;-0.483043;-0.446379;0.0980752;0.136572;0.268561;-0.343284;-0.894374;-0.102181;-0.905855;-0.216992;-0.446613;0.357061;0.125143;-0.673938;0.12744;-0.102181;-0.905855;-0.446613;-0.400689;0.540758;0.591373;-0.427923;0.702611;-0.248581;0.296254;0.137344;0.636776;0.589103;0.368899;-0.700341;-0.661748;-1;-0.200908;-0.180477;0.00113508;-0.180477;-0.339387;-0.316686;0.250851;-0.316686;-0.316686;0.0692395;0.875142;+1;0;+1;-1;-1

80;-0.0999083;-0.732356;-0.109074;-0.558203;-0.833181;-0.374885;-0.558203;-0.649863;0.120073;-0.318057;-0.429881;-0.468378;0.0650779;-0.0815765;-0.686526;-0.283226;-0.321723;-0.593034;-0.483043;-0.446379;0.0980752;0.136572;0.588978;-0.343284;-0.894374;-0.102181;-0.905855;-0.216992;-0.446613;0.357061;0.125143;-0.673938;0.12744;-0.102181;-0.905855;-0.446613;-0.400689;0.54597;0.591373;-0.427923;0.702611;-0.248581;0.296254;0.137344;0.636776;0.589103;0.368899;-0.700341;-0.661748;-1;-0.200908;-0.180477;0.00113508;-0.180477;-0.339387;-0.316686;0.250851;-0.316686;-0.316686;0.0692395;+1;0;+1;-1;-1

81.1;-0.0815765;-0.0999083;-0.732356;-0.109074;-0.558203;-0.833181;-0.374885;-0.558203;-0.649863;0.120073;-0.318057;-0.429881;-0.468378;0.0650779;-0.0815765;-0.686526;-0.283226;-0.321723;-0.593034;-0.483043;-0.446379;0.0980752;0.423651;0.588978;-0.343284;-0.894374;-0.102181;-0.905855;-0.216992;-0.446613;0.357061;0.125143;-0.673938;0.12744;-0.102181;-0.905855;-0.446613;-0.38479;0.54597;0.591373;-0.427923;0.702611;-0.248581;0.296254;0.137344;0.636776;0.589103;0.368899;-0.700341;-0.661748;-1;-0.200908;-0.180477;0.00113508;-0.180477;-0.339387;-0.316686;0.250851;-0.316686;-0.316686;-1;0;-1;-1;-1

79.4;-0.594867;-0.0815765;-0.0999083;-0.732356;-0.109074;-0.558203;-0.833181;-0.374885;-0.558203;-0.649863;0.120073;-0.318057;-0.429881;-0.468378;0.0650779;-0.0815765;-0.686526;-0.283226;-0.321723;-0.593034;-0.483043;-0.446379;0.37543;0.423651;0.588978;-0.343284;-0.894374;-0.102181;-0.905855;-0.216992;-0.446613;0.357061;0.125143;-0.673938;0.12744;-0.102181;-0.905855;-0.430193;-0.38479;0.54597;0.591373;-0.427923;0.702611;-0.248581;0.296254;0.137344;0.636776;0.589103;0.368899;-0.700341;-0.661748;-1;-0.200908;-0.180477;0.00113508;-0.180477;-0.339387;-0.316686;0.250851;-0.316686;-1;0;-1;-1;-1

78.9;-0.374885;-0.594867;-0.0815765;-0.0999083;-0.732356;-0.109074;-0.558203;-0.833181;-0.374885;-0.558203;-0.649863;0.120073;-0.318057;-0.429881;-0.468378;0.0650779;-0.0815765;-0.686526;-0.283226;-0.321723;-0.593034;-0.483043;-0.306544;0.37543;0.423651;0.588978;-0.343284;-0.894374;-0.102181;-0.905855;-0.216992;-0.446613;0.357061;0.125143;-0.673938;0.12744;-0.102181;-0.884222;-0.430193;-0.38479;0.54597;0.591373;-0.427923;0.702611;-0.248581;0.296254;0.137344;0.636776;0.589103;0.368899;-0.700341;-0.661748;-1;-0.200908;-0.180477;0.00113508;-0.180477;-0.339387;-0.316686;0.250851;-1;0;-1;-1;-1

78;-0.448213;-0.374885;-0.594867;-0.0815765;-0.0999083;-0.732356;-0.109074;-0.558203;-0.833181;-0.374885;-0.558203;-0.649863;0.120073;-0.318057;-0.429881;-0.468378;0.0650779;-0.0815765;-0.686526;-0.283226;-0.321723;-0.593034;-0.352468;-0.306544;0.37543;0.423651;0.588978;-0.343284;-0.894374;-0.102181;-0.905855;-0.216992;-0.446613;0.357061;0.125143;-0.673938;0.12744;-0.0896708;-0.884222;-0.430193;-0.38479;0.54597;0.591373;-0.427923;0.702611;-0.248581;0.296254;0.137344;0.636776;0.589103;0.368899;-0.700341;-0.661748;-1;-0.200908;-0.180477;0.00113508;-0.180477;-0.339387;-0.316686;+1;0;-1;-1;-1

82;0.450046;-0.448213;-0.374885;-0.594867;-0.0815765;-0.0999083;-0.732356;-0.109074;-0.558203;-0.833181;-0.374885;-0.558203;-0.649863;0.120073;-0.318057;-0.429881;-0.468378;0.0650779;-0.0815765;-0.686526;-0.283226;-0.321723;-0.490241;-0.352468;-0.306544;0.37543;0.423651;0.588978;-0.343284;-0.894374;-0.102181;-0.905855;-0.216992;-0.446613;0.357061;0.125143;-0.673938;0.137344;-0.0896708;-0.884222;-0.430193;-0.38479;0.54597;0.591373;-0.427923;0.702611;-0.248581;0.296254;0.137344;0.636776;0.589103;0.368899;-0.700341;-0.661748;-1;-0.200908;-0.180477;0.00113508;-0.180477;-0.339387;+1;0;+1;-1;-1

86.8;0.5967;0.450046;-0.448213;-0.374885;-0.594867;-0.0815765;-0.0999083;-0.732356;-0.109074;-0.558203;-0.833181;-0.374885;-0.558203;-0.649863;0.120073;-0.318057;-0.429881;-0.468378;0.0650779;-0.0815765;-0.686526;-0.283226;-0.150402;-0.490241;-0.352468;-0.306544;0.37543;0.423651;0.588978;-0.343284;-0.894374;-0.102181;-0.905855;-0.216992;-0.446613;0.357061;0.125143;-0.654938;0.137344;-0.0896708;-0.884222;-0.430193;-0.38479;0.54597;0.591373;-0.427923;0.702611;-0.248581;0.296254;0.137344;0.636776;0.589103;0.368899;-0.700341;-0.661748;-1;-0.200908;-0.180477;0.00113508;-0.180477;-1;0;-1;-1;-1

83.5;-0.888176;0.5967;0.450046;-0.448213;-0.374885;-0.594867;-0.0815765;-0.0999083;-0.732356;-0.109074;-0.558203;-0.833181;-0.374885;-0.558203;-0.649863;0.120073;-0.318057;-0.429881;-0.468378;0.0650779;-0.0815765;-0.686526;-0.102181;-0.150402;-0.490241;-0.352468;-0.306544;0.37543;0.423651;0.588978;-0.343284;-0.894374;-0.102181;-0.905855;-0.216992;-0.446613;0.357061;0.135074;-0.654938;0.137344;-0.0896708;-0.884222;-0.430193;-0.38479;0.54597;0.591373;-0.427923;0.702611;-0.248581;0.296254;0.137344;0.636776;0.589103;0.368899;-0.700341;-0.661748;-1;-0.200908;-0.180477;0.00113508;-1;0;-1;-1;-1

81;-0.741522;-0.888176;0.5967;0.450046;-0.448213;-0.374885;-0.594867;-0.0815765;-0.0999083;-0.732356;-0.109074;-0.558203;-0.833181;-0.374885;-0.558203;-0.649863;0.120073;-0.318057;-0.429881;-0.468378;0.0650779;-0.0815765;-0.607348;-0.102181;-0.150402;-0.490241;-0.352468;-0.306544;0.37543;0.423651;0.588978;-0.343284;-0.894374;-0.102181;-0.905855;-0.216992;-0.446613;0.364359;0.135074;-0.654938;0.137344;-0.0896708;-0.884222;-0.430193;-0.38479;0.54597;0.591373;-0.427923;0.702611;-0.248581;0.296254;0.137344;0.636776;0.589103;0.368899;-0.700341;-0.661748;-1;-0.200908;-0.180477;-1;0;-1;-1;-1

80.65;-0.347388;-0.741522;-0.888176;0.5967;0.450046;-0.448213;-0.374885;-0.594867;-0.0815765;-0.0999083;-0.732356;-0.109074;-0.558203;-0.833181;-0.374885;-0.558203;-0.649863;0.120073;-0.318057;-0.429881;-0.468378;0.0650779;0.150402;-0.607348;-0.102181;-0.150402;-0.490241;-0.352468;-0.306544;0.37543;0.423651;0.588978;-0.343284;-0.894374;-0.102181;-0.905855;-0.216992;-0.430193;0.364359;0.135074;-0.654938;0.137344;-0.0896708;-0.884222;-0.430193;-0.38479;0.54597;0.591373;-0.427923;0.702611;-0.248581;0.296254;0.137344;0.636776;0.589103;0.368899;-0.700341;-0.661748;-1;-0.200908;+1;0;+1;-1;-1

81;-0.219065;-0.347388;-0.741522;-0.888176;0.5967;0.450046;-0.448213;-0.374885;-0.594867;-0.0815765;-0.0999083;-0.732356;-0.109074;-0.558203;-0.833181;-0.374885;-0.558203;-0.649863;0.120073;-0.318057;-0.429881;-0.468378;0.334099;0.150402;-0.607348;-0.102181;-0.150402;-0.490241;-0.352468;-0.306544;0.37543;0.423651;0.588978;-0.343284;-0.894374;-0.102181;-0.905855;-0.203178;-0.430193;0.364359;0.135074;-0.654938;0.137344;-0.0896708;-0.884222;-0.430193;-0.38479;0.54597;0.591373;-0.427923;0.702611;-0.248581;0.296254;0.137344;0.636776;0.589103;0.368899;-0.700341;-0.661748;-1;+1;0;+1;-1;-1

81.05;-0.27406;-0.219065;-0.347388;-0.741522;-0.888176;0.5967;0.450046;-0.448213;-0.374885;-0.594867;-0.0815765;-0.0999083;-0.732356;-0.109074;-0.558203;-0.833181;-0.374885;-0.558203;-0.649863;0.120073;-0.318057;-0.429881;-0.334099;0.334099;0.150402;-0.607348;-0.102181;-0.150402;-0.490241;-0.352468;-0.306544;0.37543;0.423651;0.588978;-0.343284;-0.894374;-0.102181;-0.884222;-0.203178;-0.430193;0.364359;0.135074;-0.654938;0.137344;-0.0896708;-0.884222;-0.430193;-0.38479;0.54597;0.591373;-0.427923;0.702611;-0.248581;0.296254;0.137344;0.636776;0.589103;0.368899;-0.700341;-0.661748;-1;0;-1;-1;-1

79;-0.659028;-0.27406;-0.219065;-0.347388;-0.741522;-0.888176;0.5967;0.450046;-0.448213;-0.374885;-0.594867;-0.0815765;-0.0999083;-0.732356;-0.109074;-0.558203;-0.833181;-0.374885;-0.558203;-0.649863;0.120073;-0.318057;-0.285878;-0.334099;0.334099;0.150402;-0.607348;-0.102181;-0.150402;-0.490241;-0.352468;-0.306544;0.37543;0.423651;0.588978;-0.343284;-0.894374;-0.0896708;-0.884222;-0.203178;-0.430193;0.364359;0.135074;-0.654938;0.137344;-0.0896708;-0.884222;-0.430193;-0.38479;0.54597;0.591373;-0.427923;0.702611;-0.248581;0.296254;0.137344;0.636776;0.589103;0.368899;-0.700341;-1;0;-1;-1;-1

78.8;-0.31989;-0.659028;-0.27406;-0.219065;-0.347388;-0.741522;-0.888176;0.5967;0.450046;-0.448213;-0.374885;-0.594867;-0.0815765;-0.0999083;-0.732356;-0.109074;-0.558203;-0.833181;-0.374885;-0.558203;-0.649863;0.120073;-0.145809;-0.285878;-0.334099;0.334099;0.150402;-0.607348;-0.102181;-0.150402;-0.490241;-0.352468;-0.306544;0.37543;0.423651;0.588978;-0.343284;-0.872872;-0.0896708;-0.884222;-0.203178;-0.430193;0.364359;0.135074;-0.654938;0.137344;-0.0896708;-0.884222;-0.430193;-0.38479;0.54597;0.591373;-0.427923;0.702611;-0.248581;0.296254;0.137344;0.636776;0.589103;0.368899;-1;0;-1;-1;-1

76.4;-0.72319;-0.31989;-0.659028;-0.27406;-0.219065;-0.347388;-0.741522;-0.888176;0.5967;0.450046;-0.448213;-0.374885;-0.594867;-0.0815765;-0.0999083;-0.732356;-0.109074;-0.558203;-0.833181;-0.374885;-0.558203;-0.649863;0.402985;-0.145809;-0.285878;-0.334099;0.334099;0.150402;-0.607348;-0.102181;-0.150402;-0.490241;-0.352468;-0.306544;0.37543;0.423651;0.588978;-0.328036;-0.872872;-0.0896708;-0.884222;-0.203178;-0.430193;0.364359;0.135074;-0.654938;0.137344;-0.0896708;-0.884222;-0.430193;-0.38479;0.54597;0.591373;-0.427923;0.702611;-0.248581;0.296254;0.137344;0.636776;0.589103;-1;0;-1;-1;-1

74.9;-0.558203;-0.72319;-0.31989;-0.659028;-0.27406;-0.219065;-0.347388;-0.741522;-0.888176;0.5967;0.450046;-0.448213;-0.374885;-0.594867;-0.0815765;-0.0999083;-0.732356;-0.109074;-0.558203;-0.833181;-0.374885;-0.558203;-0.561424;0.402985;-0.145809;-0.285878;-0.334099;0.334099;0.150402;-0.607348;-0.102181;-0.150402;-0.490241;-0.352468;-0.306544;0.37543;0.423651;0.593644;-0.328036;-0.872872;-0.0896708;-0.884222;-0.203178;-0.430193;0.364359;0.135074;-0.654938;0.137344;-0.0896708;-0.884222;-0.430193;-0.38479;0.54597;0.591373;-0.427923;0.702611;-0.248581;0.296254;0.137344;0.636776;+1;0;-1;-1;-1

76;-0.0815765;-0.558203;-0.72319;-0.31989;-0.659028;-0.27406;-0.219065;-0.347388;-0.741522;-0.888176;0.5967;0.450046;-0.448213;-0.374885;-0.594867;-0.0815765;-0.0999083;-0.732356;-0.109074;-0.558203;-0.833181;-0.374885;-0.446613;-0.561424;0.402985;-0.145809;-0.285878;-0.334099;0.334099;0.150402;-0.607348;-0.102181;-0.150402;-0.490241;-0.352468;-0.306544;0.37543;0.430193;0.593644;-0.328036;-0.872872;-0.0896708;-0.884222;-0.203178;-0.430193;0.364359;0.135074;-0.654938;0.137344;-0.0896708;-0.884222;-0.430193;-0.38479;0.54597;0.591373;-0.427923;0.702611;-0.248581;0.296254;0.137344;-1;0;-1;-1;-1

74;-0.649863;-0.0815765;-0.558203;-0.72319;-0.31989;-0.659028;-0.27406;-0.219065;-0.347388;-0.741522;-0.888176;0.5967;0.450046;-0.448213;-0.374885;-0.594867;-0.0815765;-0.0999083;-0.732356;-0.109074;-0.558203;-0.833181;-0.216992;-0.446613;-0.561424;0.402985;-0.145809;-0.285878;-0.334099;0.334099;0.150402;-0.607348;-0.102181;-0.150402;-0.490241;-0.352468;-0.306544;0.38252;0.430193;0.593644;-0.328036;-0.872872;-0.0896708;-0.884222;-0.203178;-0.430193;0.364359;0.135074;-0.654938;0.137344;-0.0896708;-0.884222;-0.430193;-0.38479;0.54597;0.591373;-0.427923;0.702611;-0.248581;0.296254;-1;0;-1;-1;-1

70.49;-0.926673;-0.649863;-0.0815765;-0.558203;-0.72319;-0.31989;-0.659028;-0.27406;-0.219065;-0.347388;-0.741522;-0.888176;0.5967;0.450046;-0.448213;-0.374885;-0.594867;-0.0815765;-0.0999083;-0.732356;-0.109074;-0.558203;-0.791045;-0.216992;-0.446613;-0.561424;0.402985;-0.145809;-0.285878;-0.334099;0.334099;0.150402;-0.607348;-0.102181;-0.150402;-0.490241;-0.352468;-0.291714;0.38252;0.430193;0.593644;-0.328036;-0.872872;-0.0896708;-0.884222;-0.203178;-0.430193;0.364359;0.135074;-0.654938;0.137344;-0.0896708;-0.884222;-0.430193;-0.38479;0.54597;0.591373;-0.427923;0.702611;-0.248581;-1;0;-1;-1;-1

68;-0.739688;-0.926673;-0.649863;-0.0815765;-0.558203;-0.72319;-0.31989;-0.659028;-0.27406;-0.219065;-0.347388;-0.741522;-0.888176;0.5967;0.450046;-0.448213;-0.374885;-0.594867;-0.0815765;-0.0999083;-0.732356;-0.109074;-0.446613;-0.791045;-0.216992;-0.446613;-0.561424;0.402985;-0.145809;-0.285878;-0.334099;0.334099;0.150402;-0.607348;-0.102181;-0.150402;-0.490241;-0.337117;-0.291714;0.38252;0.430193;0.593644;-0.328036;-0.872872;-0.0896708;-0.884222;-0.203178;-0.430193;0.364359;0.135074;-0.654938;0.137344;-0.0896708;-0.884222;-0.430193;-0.38479;0.54597;0.591373;-0.427923;0.702611;+1;0;-1;-1;-1

69.5;-0.0082493;-0.739688;-0.926673;-0.649863;-0.0815765;-0.558203;-0.72319;-0.31989;-0.659028;-0.27406;-0.219065;-0.347388;-0.741522;-0.888176;0.5967;0.450046;-0.448213;-0.374885;-0.594867;-0.0815765;-0.0999083;-0.732356;0.115959;-0.446613;-0.791045;-0.216992;-0.446613;-0.561424;0.402985;-0.145809;-0.285878;-0.334099;0.334099;0.150402;-0.607348;-0.102181;-0.150402;-0.473326;-0.337117;-0.291714;0.38252;0.430193;0.593644;-0.328036;-0.872872;-0.0896708;-0.884222;-0.203178;-0.430193;0.364359;0.135074;-0.654938;0.137344;-0.0896708;-0.884222;-0.430193;-0.38479;0.54597;0.591373;-0.427923;-1;0;-1;-1;-1

67.8;-0.594867;-0.0082493;-0.739688;-0.926673;-0.649863;-0.0815765;-0.558203;-0.72319;-0.31989;-0.659028;-0.27406;-0.219065;-0.347388;-0.741522;-0.888176;0.5967;0.450046;-0.448213;-0.374885;-0.594867;-0.0815765;-0.0999083;-0.664753;0.115959;-0.446613;-0.791045;-0.216992;-0.446613;-0.561424;0.402985;-0.145809;-0.285878;-0.334099;0.334099;0.150402;-0.607348;-0.102181;-0.137344;-0.473326;-0.337117;-0.291714;0.38252;0.430193;0.593644;-0.328036;-0.872872;-0.0896708;-0.884222;-0.203178;-0.430193;0.364359;0.135074;-0.654938;0.137344;-0.0896708;-0.884222;-0.430193;-0.38479;0.54597;0.591373;+1;0;-1;-1;-1

68.5;-0.154904;-0.594867;-0.0082493;-0.739688;-0.926673;-0.649863;-0.0815765;-0.558203;-0.72319;-0.31989;-0.659028;-0.27406;-0.219065;-0.347388;-0.741522;-0.888176;0.5967;0.450046;-0.448213;-0.374885;-0.594867;-0.0815765;0.12744;-0.664753;0.115959;-0.446613;-0.791045;-0.216992;-0.446613;-0.561424;0.402985;-0.145809;-0.285878;-0.334099;0.334099;0.150402;-0.607348;-0.0896708;-0.137344;-0.473326;-0.337117;-0.291714;0.38252;0.430193;0.593644;-0.328036;-0.872872;-0.0896708;-0.884222;-0.203178;-0.430193;0.364359;0.135074;-0.654938;0.137344;-0.0896708;-0.884222;-0.430193;-0.38479;0.54597;+1;0;+1;-1;-1

70.9;0.156737;-0.154904;-0.594867;-0.0082493;-0.739688;-0.926673;-0.649863;-0.0815765;-0.558203;-0.72319;-0.31989;-0.659028;-0.27406;-0.219065;-0.347388;-0.741522;-0.888176;0.5967;0.450046;-0.448213;-0.374885;-0.594867;0.150402;0.12744;-0.664753;0.115959;-0.446613;-0.791045;-0.216992;-0.446613;-0.561424;0.402985;-0.145809;-0.285878;-0.334099;0.334099;0.150402;-0.589103;-0.0896708;-0.137344;-0.473326;-0.337117;-0.291714;0.38252;0.430193;0.593644;-0.328036;-0.872872;-0.0896708;-0.884222;-0.203178;-0.430193;0.364359;0.135074;-0.654938;0.137344;-0.0896708;-0.884222;-0.430193;-0.38479;+1;0;+1;-1;-1

73.5;0.193401;0.156737;-0.154904;-0.594867;-0.0082493;-0.739688;-0.926673;-0.649863;-0.0815765;-0.558203;-0.72319;-0.31989;-0.659028;-0.27406;-0.219065;-0.347388;-0.741522;-0.888176;0.5967;0.450046;-0.448213;-0.374885;-0.492537;0.150402;0.12744;-0.664753;0.115959;-0.446613;-0.791045;-0.216992;-0.446613;-0.561424;0.402985;-0.145809;-0.285878;-0.334099;0.334099;0.160045;-0.589103;-0.0896708;-0.137344;-0.473326;-0.337117;-0.291714;0.38252;0.430193;0.593644;-0.328036;-0.872872;-0.0896708;-0.884222;-0.203178;-0.430193;0.364359;0.135074;-0.654938;0.137344;-0.0896708;-0.884222;-0.430193;-1;0;-1;-1;-1

73.1;-0.356554;0.193401;0.156737;-0.154904;-0.594867;-0.0082493;-0.739688;-0.926673;-0.649863;-0.0815765;-0.558203;-0.72319;-0.31989;-0.659028;-0.27406;-0.219065;-0.347388;-0.741522;-0.888176;0.5967;0.450046;-0.448213;-0.216992;-0.492537;0.150402;0.12744;-0.664753;0.115959;-0.446613;-0.791045;-0.216992;-0.446613;-0.561424;0.402985;-0.145809;-0.285878;-0.334099;0.341657;0.160045;-0.589103;-0.0896708;-0.137344;-0.473326;-0.337117;-0.291714;0.38252;0.430193;0.593644;-0.328036;-0.872872;-0.0896708;-0.884222;-0.203178;-0.430193;0.364359;0.135074;-0.654938;0.137344;-0.0896708;-0.884222;-1;0;-1;-1;-1

71.8;-0.52154;-0.356554;0.193401;0.156737;-0.154904;-0.594867;-0.0082493;-0.739688;-0.926673;-0.649863;-0.0815765;-0.558203;-0.72319;-0.31989;-0.659028;-0.27406;-0.219065;-0.347388;-0.741522;-0.888176;0.5967;0.450046;-0.30884;-0.216992;-0.492537;0.150402;0.12744;-0.664753;0.115959;-0.446613;-0.791045;-0.216992;-0.446613;-0.561424;0.402985;-0.145809;-0.285878;-0.318956;0.341657;0.160045;-0.589103;-0.0896708;-0.137344;-0.473326;-0.337117;-0.291714;0.38252;0.430193;0.593644;-0.328036;-0.872872;-0.0896708;-0.884222;-0.203178;-0.430193;0.364359;0.135074;-0.654938;0.137344;-0.0896708;+1;0;+1;-1;-1

73;-0.0632447;-0.52154;-0.356554;0.193401;0.156737;-0.154904;-0.594867;-0.0082493;-0.739688;-0.926673;-0.649863;-0.0815765;-0.558203;-0.72319;-0.31989;-0.659028;-0.27406;-0.219065;-0.347388;-0.741522;-0.888176;0.5967;0.816303;-0.30884;-0.216992;-0.492537;0.150402;0.12744;-0.664753;0.115959;-0.446613;-0.791045;-0.216992;-0.446613;-0.561424;0.402985;-0.145809;-0.271283;-0.318956;0.341657;0.160045;-0.589103;-0.0896708;-0.137344;-0.473326;-0.337117;-0.291714;0.38252;0.430193;0.593644;-0.328036;-0.872872;-0.0896708;-0.884222;-0.203178;-0.430193;0.364359;0.135074;-0.654938;0.137344;-1;0;+1;-1;-1

72;-0.466544;-0.0632447;-0.52154;-0.356554;0.193401;0.156737;-0.154904;-0.594867;-0.0082493;-0.739688;-0.926673;-0.649863;-0.0815765;-0.558203;-0.72319;-0.31989;-0.659028;-0.27406;-0.219065;-0.347388;-0.741522;-0.888176;1;0.816303;-0.30884;-0.216992;-0.492537;0.150402;0.12744;-0.664753;0.115959;-0.446613;-0.791045;-0.216992;-0.446613;-0.561424;0.402985;-0.132804;-0.271283;-0.318956;0.341657;0.160045;-0.589103;-0.0896708;-0.137344;-0.473326;-0.337117;-0.291714;0.38252;0.430193;0.593644;-0.328036;-0.872872;-0.0896708;-0.884222;-0.203178;-0.430193;0.364359;0.135074;-0.654938;+1;0;+1;-1;-1

75;0.266728;-0.466544;-0.0632447;-0.52154;-0.356554;0.193401;0.156737;-0.154904;-0.594867;-0.0082493;-0.739688;-0.926673;-0.649863;-0.0815765;-0.558203;-0.72319;-0.31989;-0.659028;-0.27406;-0.219065;-0.347388;-0.741522;-0.859931;1;0.816303;-0.30884;-0.216992;-0.492537;0.150402;0.12744;-0.664753;0.115959;-0.446613;-0.791045;-0.216992;-0.446613;-0.561424;0.409762;-0.132804;-0.271283;-0.318956;0.341657;0.160045;-0.589103;-0.0896708;-0.137344;-0.473326;-0.337117;-0.291714;0.38252;0.430193;0.593644;-0.328036;-0.872872;-0.0896708;-0.884222;-0.203178;-0.430193;0.364359;0.135074;+1;0;+1;-1;-1

78;0.266728;0.266728;-0.466544;-0.0632447;-0.52154;-0.356554;0.193401;0.156737;-0.154904;-0.594867;-0.0082493;-0.739688;-0.926673;-0.649863;-0.0815765;-0.558203;-0.72319;-0.31989;-0.659028;-0.27406;-0.219065;-0.347388;-0.676234;-0.859931;1;0.816303;-0.30884;-0.216992;-0.492537;0.150402;0.12744;-0.664753;0.115959;-0.446613;-0.791045;-0.216992;-0.446613;-0.5437;0.409762;-0.132804;-0.271283;-0.318956;0.341657;0.160045;-0.589103;-0.0896708;-0.137344;-0.473326;-0.337117;-0.291714;0.38252;0.430193;0.593644;-0.328036;-0.872872;-0.0896708;-0.884222;-0.203178;-0.430193;0.364359;+1;0;-1;-1;-1

81.25;0.312557;0.266728;0.266728;-0.466544;-0.0632447;-0.52154;-0.356554;0.193401;0.156737;-0.154904;-0.594867;-0.0082493;-0.739688;-0.926673;-0.649863;-0.0815765;-0.558203;-0.72319;-0.31989;-0.659028;-0.27406;-0.219065;-0.182549;-0.676234;-0.859931;1;0.816303;-0.30884;-0.216992;-0.492537;0.150402;0.12744;-0.664753;0.115959;-0.446613;-0.791045;-0.216992;-0.430193;-0.5437;0.409762;-0.132804;-0.271283;-0.318956;0.341657;0.160045;-0.589103;-0.0896708;-0.137344;-0.473326;-0.337117;-0.291714;0.38252;0.430193;0.593644;-0.328036;-0.872872;-0.0896708;-0.884222;-0.203178;-0.430193;+1;0;+1;-1;-1

83;0.0375802;0.312557;0.266728;0.266728;-0.466544;-0.0632447;-0.52154;-0.356554;0.193401;0.156737;-0.154904;-0.594867;-0.0082493;-0.739688;-0.926673;-0.649863;-0.0815765;-0.558203;-0.72319;-0.31989;-0.659028;-0.27406;-0.021814;-0.182549;-0.676234;-0.859931;1;0.816303;-0.30884;-0.216992;-0.492537;0.150402;0.12744;-0.664753;0.115959;-0.446613;-0.791045;-0.203178;-0.430193;-0.5437;0.409762;-0.132804;-0.271283;-0.318956;0.341657;0.160045;-0.589103;-0.0896708;-0.137344;-0.473326;-0.337117;-0.291714;0.38252;0.430193;0.593644;-0.328036;-0.872872;-0.0896708;-0.884222;-0.203178;-1;0;-1;-1;-1

79.09;-1;0.0375802;0.312557;0.266728;0.266728;-0.466544;-0.0632447;-0.52154;-0.356554;0.193401;0.156737;-0.154904;-0.594867;-0.0082493;-0.739688;-0.926673;-0.649863;-0.0815765;-0.558203;-0.72319;-0.31989;-0.659028;-0.0907004;-0.021814;-0.182549;-0.676234;-0.859931;1;0.816303;-0.30884;-0.216992;-0.492537;0.150402;0.12744;-0.664753;0.115959;-0.446613;-0.770715;-0.203178;-0.430193;-0.5437;0.409762;-0.132804;-0.271283;-0.318956;0.341657;0.160045;-0.589103;-0.0896708;-0.137344;-0.473326;-0.337117;-0.291714;0.38252;0.430193;0.593644;-0.328036;-0.872872;-0.0896708;-0.884222;+1;0;+1;-1;-1

82.95;0.424381;-1;0.0375802;0.312557;0.266728;0.266728;-0.466544;-0.0632447;-0.52154;-0.356554;0.193401;0.156737;-0.154904;-0.594867;-0.0082493;-0.739688;-0.926673;-0.649863;-0.0815765;-0.558203;-0.72319;-0.31989;-0.572905;-0.0907004;-0.021814;-0.182549;-0.676234;-0.859931;1;0.816303;-0.30884;-0.216992;-0.492537;0.150402;0.12744;-0.664753;0.115959;-0.430193;-0.770715;-0.203178;-0.430193;-0.5437;0.409762;-0.132804;-0.271283;-0.318956;0.341657;0.160045;-0.589103;-0.0896708;-0.137344;-0.473326;-0.337117;-0.291714;0.38252;0.430193;0.593644;-0.328036;-0.872872;-0.0896708;-1;0;-1;-1;-1

80.65;-0.704858;0.424381;-1;0.0375802;0.312557;0.266728;0.266728;-0.466544;-0.0632447;-0.52154;-0.356554;0.193401;0.156737;-0.154904;-0.594867;-0.0082493;-0.739688;-0.926673;-0.649863;-0.0815765;-0.558203;-0.72319;-0.148106;-0.572905;-0.0907004;-0.021814;-0.182549;-0.676234;-0.859931;1;0.816303;-0.30884;-0.216992;-0.492537;0.150402;0.12744;-0.664753;0.125993;-0.430193;-0.770715;-0.203178;-0.430193;-0.5437;0.409762;-0.132804;-0.271283;-0.318956;0.341657;0.160045;-0.589103;-0.0896708;-0.137344;-0.473326;-0.337117;-0.291714;0.38252;0.430193;0.593644;-0.328036;-0.872872;-1;0;-1;-1;-1

80;-0.402383;-0.704858;0.424381;-1;0.0375802;0.312557;0.266728;0.266728;-0.466544;-0.0632447;-0.52154;-0.356554;0.193401;0.156737;-0.154904;-0.594867;-0.0082493;-0.739688;-0.926673;-0.649863;-0.0815765;-0.558203;-0.653272;-0.148106;-0.572905;-0.0907004;-0.021814;-0.182549;-0.676234;-0.859931;1;0.816303;-0.30884;-0.216992;-0.492537;0.150402;0.12744;-0.645857;0.125993;-0.430193;-0.770715;-0.203178;-0.430193;-0.5437;0.409762;-0.132804;-0.271283;-0.318956;0.341657;0.160045;-0.589103;-0.0896708;-0.137344;-0.473326;-0.337117;-0.291714;0.38252;0.430193;0.593644;-0.328036;-1;0;-1;-1;-1

80;-0.283226;-0.402383;-0.704858;0.424381;-1;0.0375802;0.312557;0.266728;0.266728;-0.466544;-0.0632447;-0.52154;-0.356554;0.193401;0.156737;-0.154904;-0.594867;-0.0082493;-0.739688;-0.926673;-0.649863;-0.0815765;-0.446613;-0.653272;-0.148106;-0.572905;-0.0907004;-0.021814;-0.182549;-0.676234;-0.859931;1;0.816303;-0.30884;-0.216992;-0.492537;0.150402;0.137344;-0.645857;0.125993;-0.430193;-0.770715;-0.203178;-0.430193;-0.5437;0.409762;-0.132804;-0.271283;-0.318956;0.341657;0.160045;-0.589103;-0.0896708;-0.137344;-0.473326;-0.337117;-0.291714;0.38252;0.430193;0.593644;-1;0;-1;-1;-1

78.1;-0.631531;-0.283226;-0.402383;-0.704858;0.424381;-1;0.0375802;0.312557;0.266728;0.266728;-0.466544;-0.0632447;-0.52154;-0.356554;0.193401;0.156737;-0.154904;-0.594867;-0.0082493;-0.739688;-0.926673;-0.649863;0.150402;-0.446613;-0.653272;-0.148106;-0.572905;-0.0907004;-0.021814;-0.182549;-0.676234;-0.859931;1;0.816303;-0.30884;-0.216992;-0.492537;0.160045;0.137344;-0.645857;0.125993;-0.430193;-0.770715;-0.203178;-0.430193;-0.5437;0.409762;-0.132804;-0.271283;-0.318956;0.341657;0.160045;-0.589103;-0.0896708;-0.137344;-0.473326;-0.337117;-0.291714;0.38252;0.430193;-1;0;-1;-1;-1

75.64;-0.734189;-0.631531;-0.283226;-0.402383;-0.704858;0.424381;-1;0.0375802;0.312557;0.266728;0.266728;-0.466544;-0.0632447;-0.52154;-0.356554;0.193401;0.156737;-0.154904;-0.594867;-0.0082493;-0.739688;-0.926673;-0.561424;0.150402;-0.446613;-0.653272;-0.148106;-0.572905;-0.0907004;-0.021814;-0.182549;-0.676234;-0.859931;1;0.816303;-0.30884;-0.216992;-0.475596;0.160045;0.137344;-0.645857;0.125993;-0.430193;-0.770715;-0.203178;-0.430193;-0.5437;0.409762;-0.132804;-0.271283;-0.318956;0.341657;0.160045;-0.589103;-0.0896708;-0.137344;-0.473326;-0.337117;-0.291714;0.38252;-1;0;-1;-1;-1

74.5;-0.492209;-0.734189;-0.631531;-0.283226;-0.402383;-0.704858;0.424381;-1;0.0375802;0.312557;0.266728;0.266728;-0.466544;-0.0632447;-0.52154;-0.356554;0.193401;0.156737;-0.154904;-0.594867;-0.0082493;-0.739688;-0.908152;-0.561424;0.150402;-0.446613;-0.653272;-0.148106;-0.572905;-0.0907004;-0.021814;-0.182549;-0.676234;-0.859931;1;0.816303;-0.30884;-0.203178;-0.475596;0.160045;0.137344;-0.645857;0.125993;-0.430193;-0.770715;-0.203178;-0.430193;-0.5437;0.409762;-0.132804;-0.271283;-0.318956;0.341657;0.160045;-0.589103;-0.0896708;-0.137344;-0.473326;-0.337117;-0.291714;+1;0;+1;-1;-1

76.9;0.156737;-0.492209;-0.734189;-0.631531;-0.283226;-0.402383;-0.704858;0.424381;-1;0.0375802;0.312557;0.266728;0.266728;-0.466544;-0.0632447;-0.52154;-0.356554;0.193401;0.156737;-0.154904;-0.594867;-0.0082493;-0.673938;-0.908152;-0.561424;0.150402;-0.446613;-0.653272;-0.148106;-0.572905;-0.0907004;-0.021814;-0.182549;-0.676234;-0.859931;1;0.816303;-0.293984;-0.203178;-0.475596;0.160045;0.137344;-0.645857;0.125993;-0.430193;-0.770715;-0.203178;-0.430193;-0.5437;0.409762;-0.132804;-0.271283;-0.318956;0.341657;0.160045;-0.589103;-0.0896708;-0.137344;-0.473326;-0.337117;+1;0;+1;-1;-1

78.5;0.0100825;0.156737;-0.492209;-0.734189;-0.631531;-0.283226;-0.402383;-0.704858;0.424381;-1;0.0375802;0.312557;0.266728;0.266728;-0.466544;-0.0632447;-0.52154;-0.356554;0.193401;0.156737;-0.154904;-0.594867;0.24225;-0.673938;-0.908152;-0.561424;0.150402;-0.446613;-0.653272;-0.148106;-0.572905;-0.0907004;-0.021814;-0.182549;-0.676234;-0.859931;1;0.818388;-0.293984;-0.203178;-0.475596;0.160045;0.137344;-0.645857;0.125993;-0.430193;-0.770715;-0.203178;-0.430193;-0.5437;0.409762;-0.132804;-0.271283;-0.318956;0.341657;0.160045;-0.589103;-0.0896708;-0.137344;-0.473326;+1;0;+1;-1;-1

81.7;0.303391;0.0100825;0.156737;-0.492209;-0.734189;-0.631531;-0.283226;-0.402383;-0.704858;0.424381;-1;0.0375802;0.312557;0.266728;0.266728;-0.466544;-0.0632447;-0.52154;-0.356554;0.193401;0.156737;-0.154904;-0.492537;0.24225;-0.673938;-0.908152;-0.561424;0.150402;-0.446613;-0.653272;-0.148106;-0.572905;-0.0907004;-0.021814;-0.182549;-0.676234;-0.859931;1;0.818388;-0.293984;-0.203178;-0.475596;0.160045;0.137344;-0.645857;0.125993;-0.430193;-0.770715;-0.203178;-0.430193;-0.5437;0.409762;-0.132804;-0.271283;-0.318956;0.341657;0.160045;-0.589103;-0.0896708;-0.137344;-1;0;-1;-1;-1

81;-0.411549;0.303391;0.0100825;0.156737;-0.492209;-0.734189;-0.631531;-0.283226;-0.402383;-0.704858;0.424381;-1;0.0375802;0.312557;0.266728;0.266728;-0.466544;-0.0632447;-0.52154;-0.356554;0.193401;0.156737;0.0585534;-0.492537;0.24225;-0.673938;-0.908152;-0.561424;0.150402;-0.446613;-0.653272;-0.148106;-0.572905;-0.0907004;-0.021814;-0.182549;-0.676234;-0.838819;1;0.818388;-0.293984;-0.203178;-0.475596;0.160045;0.137344;-0.645857;0.125993;-0.430193;-0.770715;-0.203178;-0.430193;-0.5437;0.409762;-0.132804;-0.271283;-0.318956;0.341657;0.160045;-0.589103;-0.0896708;-1;0;-1;-1;-1

80.5;-0.374885;-0.411549;0.303391;0.0100825;0.156737;-0.492209;-0.734189;-0.631531;-0.283226;-0.402383;-0.704858;0.424381;-1;0.0375802;0.312557;0.266728;0.266728;-0.466544;-0.0632447;-0.52154;-0.356554;0.193401;0.448909;0.0585534;-0.492537;0.24225;-0.673938;-0.908152;-0.561424;0.150402;-0.446613;-0.653272;-0.148106;-0.572905;-0.0907004;-0.021814;-0.182549;-0.657208;-0.838819;1;0.818388;-0.293984;-0.203178;-0.475596;0.160045;0.137344;-0.645857;0.125993;-0.430193;-0.770715;-0.203178;-0.430193;-0.5437;0.409762;-0.132804;-0.271283;-0.318956;0.341657;0.160045;-0.589103;+1;0;-1;-1;-1

81;-0.191567;-0.374885;-0.411549;0.303391;0.0100825;0.156737;-0.492209;-0.734189;-0.631531;-0.283226;-0.402383;-0.704858;0.424381;-1;0.0375802;0.312557;0.266728;0.266728;-0.466544;-0.0632447;-0.52154;-0.356554;0.494833;0.448909;0.0585534;-0.492537;0.24225;-0.673938;-0.908152;-0.561424;0.150402;-0.446613;-0.653272;-0.148106;-0.572905;-0.0907004;-0.021814;-0.169126;-0.657208;-0.838819;1;0.818388;-0.293984;-0.203178;-0.475596;0.160045;0.137344;-0.645857;0.125993;-0.430193;-0.770715;-0.203178;-0.430193;-0.5437;0.409762;-0.132804;-0.271283;-0.318956;0.341657;0.160045;-1;0;-1;-1;-1

80;-0.466544;-0.191567;-0.374885;-0.411549;0.303391;0.0100825;0.156737;-0.492209;-0.734189;-0.631531;-0.283226;-0.402383;-0.704858;0.424381;-1;0.0375802;0.312557;0.266728;0.266728;-0.466544;-0.0632447;-0.52154;-0.19403;0.494833;0.448909;0.0585534;-0.492537;0.24225;-0.673938;-0.908152;-0.561424;0.150402;-0.446613;-0.653272;-0.148106;-0.572905;-0.0907004;-0.0102157;-0.169126;-0.657208;-0.838819;1;0.818388;-0.293984;-0.203178;-0.475596;0.160045;0.137344;-0.645857;0.125993;-0.430193;-0.770715;-0.203178;-0.430193;-0.5437;0.409762;-0.132804;-0.271283;-0.318956;0.341657;-1;0;-1;-1;-1

80;-0.283226;-0.466544;-0.191567;-0.374885;-0.411549;0.303391;0.0100825;0.156737;-0.492209;-0.734189;-0.631531;-0.283226;-0.402383;-0.704858;0.424381;-1;0.0375802;0.312557;0.266728;0.266728;-0.466544;-0.0632447;-0.400689;-0.19403;0.494833;0.448909;0.0585534;-0.492537;0.24225;-0.673938;-0.908152;-0.561424;0.150402;-0.446613;-0.653272;-0.148106;-0.572905;-0.0783201;-0.0102157;-0.169126;-0.657208;-0.838819;1;0.818388;-0.293984;-0.203178;-0.475596;0.160045;0.137344;-0.645857;0.125993;-0.430193;-0.770715;-0.203178;-0.430193;-0.5437;0.409762;-0.132804;-0.271283;-0.318956;-1;0;-1;-1;-1

80;-0.283226;-0.283226;-0.466544;-0.191567;-0.374885;-0.411549;0.303391;0.0100825;0.156737;-0.492209;-0.734189;-0.631531;-0.283226;-0.402383;-0.704858;0.424381;-1;0.0375802;0.312557;0.266728;0.266728;-0.466544;0.173364;-0.400689;-0.19403;0.494833;0.448909;0.0585534;-0.492537;0.24225;-0.673938;-0.908152;-0.561424;0.150402;-0.446613;-0.653272;-0.148106;-0.555051;-0.0783201;-0.0102157;-0.169126;-0.657208;-0.838819;1;0.818388;-0.293984;-0.203178;-0.475596;0.160045;0.137344;-0.645857;0.125993;-0.430193;-0.770715;-0.203178;-0.430193;-0.5437;0.409762;-0.132804;-0.271283;-1;0;-1;-1;-1

80;-0.283226;-0.283226;-0.283226;-0.466544;-0.191567;-0.374885;-0.411549;0.303391;0.0100825;0.156737;-0.492209;-0.734189;-0.631531;-0.283226;-0.402383;-0.704858;0.424381;-1;0.0375802;0.312557;0.266728;0.266728;-0.331803;0.173364;-0.400689;-0.19403;0.494833;0.448909;0.0585534;-0.492537;0.24225;-0.673938;-0.908152;-0.561424;0.150402;-0.446613;-0.653272;-0.135074;-0.555051;-0.0783201;-0.0102157;-0.169126;-0.657208;-0.838819;1;0.818388;-0.293984;-0.203178;-0.475596;0.160045;0.137344;-0.645857;0.125993;-0.430193;-0.770715;-0.203178;-0.430193;-0.5437;0.409762;-0.132804;-1;0;-1;-1;-1

77.89;-0.670027;-0.283226;-0.283226;-0.283226;-0.466544;-0.191567;-0.374885;-0.411549;0.303391;0.0100825;0.156737;-0.492209;-0.734189;-0.631531;-0.283226;-0.402383;-0.704858;0.424381;-1;0.0375802;0.312557;0.266728;0.586682;-0.331803;0.173364;-0.400689;-0.19403;0.494833;0.448909;0.0585534;-0.492537;0.24225;-0.673938;-0.908152;-0.561424;0.150402;-0.446613;-0.634506;-0.135074;-0.555051;-0.0783201;-0.0102157;-0.169126;-0.657208;-0.838819;1;0.818388;-0.293984;-0.203178;-0.475596;0.160045;0.137344;-0.645857;0.125993;-0.430193;-0.770715;-0.203178;-0.430193;-0.5437;0.409762;+1;0;+1;-1;-1

80.29;0.156737;-0.670027;-0.283226;-0.283226;-0.283226;-0.466544;-0.191567;-0.374885;-0.411549;0.303391;0.0100825;0.156737;-0.492209;-0.734189;-0.631531;-0.283226;-0.402383;-0.704858;0.424381;-1;0.0375802;0.312557;0.586682;0.586682;-0.331803;0.173364;-0.400689;-0.19403;0.494833;0.448909;0.0585534;-0.492537;0.24225;-0.673938;-0.908152;-0.561424;0.150402;-0.430193;-0.634506;-0.135074;-0.555051;-0.0783201;-0.0102157;-0.169126;-0.657208;-0.838819;1;0.818388;-0.293984;-0.203178;-0.475596;0.160045;0.137344;-0.645857;0.125993;-0.430193;-0.770715;-0.203178;-0.430193;-0.5437;+1;0;+1;-1;-1

84;0.396884;0.156737;-0.670027;-0.283226;-0.283226;-0.283226;-0.466544;-0.191567;-0.374885;-0.411549;0.303391;0.0100825;0.156737;-0.492209;-0.734189;-0.631531;-0.283226;-0.402383;-0.704858;0.424381;-1;0.0375802;0.644087;0.586682;0.586682;-0.331803;0.173364;-0.400689;-0.19403;0.494833;0.448909;0.0585534;-0.492537;0.24225;-0.673938;-0.908152;-0.561424;0.160045;-0.430193;-0.634506;-0.135074;-0.555051;-0.0783201;-0.0102157;-0.169126;-0.657208;-0.838819;1;0.818388;-0.293984;-0.203178;-0.475596;0.160045;0.137344;-0.645857;0.125993;-0.430193;-0.770715;-0.203178;-0.430193;-1;0;-1;-1;-1

83.5;-0.374885;0.396884;0.156737;-0.670027;-0.283226;-0.283226;-0.283226;-0.466544;-0.191567;-0.374885;-0.411549;0.303391;0.0100825;0.156737;-0.492209;-0.734189;-0.631531;-0.283226;-0.402383;-0.704858;0.424381;-1;0.299656;0.644087;0.586682;0.586682;-0.331803;0.173364;-0.400689;-0.19403;0.494833;0.448909;0.0585534;-0.492537;0.24225;-0.673938;-0.908152;-0.5437;0.160045;-0.430193;-0.634506;-0.135074;-0.555051;-0.0783201;-0.0102157;-0.169126;-0.657208;-0.838819;1;0.818388;-0.293984;-0.203178;-0.475596;0.160045;0.137344;-0.645857;0.125993;-0.430193;-0.770715;-0.203178;+1;0;+1;-1;-1

84.9;-0.0265811;-0.374885;0.396884;0.156737;-0.670027;-0.283226;-0.283226;-0.283226;-0.466544;-0.191567;-0.374885;-0.411549;0.303391;0.0100825;0.156737;-0.492209;-0.734189;-0.631531;-0.283226;-0.402383;-0.704858;0.424381;-1;0.299656;0.644087;0.586682;0.586682;-0.331803;0.173364;-0.400689;-0.19403;0.494833;0.448909;0.0585534;-0.492537;0.24225;-0.673938;-0.886493;-0.5437;0.160045;-0.430193;-0.634506;-0.135074;-0.555051;-0.0783201;-0.0102157;-0.169126;-0.657208;-0.838819;1;0.818388;-0.293984;-0.203178;-0.475596;0.160045;0.137344;-0.645857;0.125993;-0.430193;-0.770715;+1;0;+1;-1;-1

85;-0.264895;-0.0265811;-0.374885;0.396884;0.156737;-0.670027;-0.283226;-0.283226;-0.283226;-0.466544;-0.191567;-0.374885;-0.411549;0.303391;0.0100825;0.156737;-0.492209;-0.734189;-0.631531;-0.283226;-0.402383;-0.704858;0.784156;-1;0.299656;0.644087;0.586682;0.586682;-0.331803;0.173364;-0.400689;-0.19403;0.494833;0.448909;0.0585534;-0.492537;0.24225;-0.654938;-0.886493;-0.5437;0.160045;-0.430193;-0.634506;-0.135074;-0.555051;-0.0783201;-0.0102157;-0.169126;-0.657208;-0.838819;1;0.818388;-0.293984;-0.203178;-0.475596;0.160045;0.137344;-0.645857;0.125993;-0.430193;-1;0;-1;-1;-1

84.5;-0.374885;-0.264895;-0.0265811;-0.374885;0.396884;0.156737;-0.670027;-0.283226;-0.283226;-0.283226;-0.466544;-0.191567;-0.374885;-0.411549;0.303391;0.0100825;0.156737;-0.492209;-0.734189;-0.631531;-0.283226;-0.402383;-0.63031;0.784156;-1;0.299656;0.644087;0.586682;0.586682;-0.331803;0.173364;-0.400689;-0.19403;0.494833;0.448909;0.0585534;-0.492537;0.250851;-0.654938;-0.886493;-0.5437;0.160045;-0.430193;-0.634506;-0.135074;-0.555051;-0.0783201;-0.0102157;-0.169126;-0.657208;-0.838819;1;0.818388;-0.293984;-0.203178;-0.475596;0.160045;0.137344;-0.645857;0.125993;-1;0;-1;-1;-1

84.29;-0.321723;-0.374885;-0.264895;-0.0265811;-0.374885;0.396884;0.156737;-0.670027;-0.283226;-0.283226;-0.283226;-0.466544;-0.191567;-0.374885;-0.411549;0.303391;0.0100825;0.156737;-0.492209;-0.734189;-0.631531;-0.283226;-0.251435;-0.63031;0.784156;-1;0.299656;0.644087;0.586682;0.586682;-0.331803;0.173364;-0.400689;-0.19403;0.494833;0.448909;0.0585534;-0.475596;0.250851;-0.654938;-0.886493;-0.5437;0.160045;-0.430193;-0.634506;-0.135074;-0.555051;-0.0783201;-0.0102157;-0.169126;-0.657208;-0.838819;1;0.818388;-0.293984;-0.203178;-0.475596;0.160045;0.137344;-0.645857;-1;0;-1;-1;-1

83.7;-0.391384;-0.321723;-0.374885;-0.264895;-0.0265811;-0.374885;0.396884;0.156737;-0.670027;-0.283226;-0.283226;-0.283226;-0.466544;-0.191567;-0.374885;-0.411549;0.303391;0.0100825;0.156737;-0.492209;-0.734189;-0.631531;-0.102181;-0.251435;-0.63031;0.784156;-1;0.299656;0.644087;0.586682;0.586682;-0.331803;0.173364;-0.400689;-0.19403;0.494833;0.448909;0.0692395;-0.475596;0.250851;-0.654938;-0.886493;-0.5437;0.160045;-0.430193;-0.634506;-0.135074;-0.555051;-0.0783201;-0.0102157;-0.169126;-0.657208;-0.838819;1;0.818388;-0.293984;-0.203178;-0.475596;0.160045;0.137344;-1;0;-1;-1;-1

82.9;-0.429881;-0.391384;-0.321723;-0.374885;-0.264895;-0.0265811;-0.374885;0.396884;0.156737;-0.670027;-0.283226;-0.283226;-0.283226;-0.466544;-0.191567;-0.374885;-0.411549;0.303391;0.0100825;0.156737;-0.492209;-0.734189;-0.538462;-0.102181;-0.251435;-0.63031;0.784156;-1;0.299656;0.644087;0.586682;0.586682;-0.331803;0.173364;-0.400689;-0.19403;0.494833;0.455165;0.0692395;-0.475596;0.250851;-0.654938;-0.886493;-0.5437;0.160045;-0.430193;-0.634506;-0.135074;-0.555051;-0.0783201;-0.0102157;-0.169126;-0.657208;-0.838819;1;0.818388;-0.293984;-0.203178;-0.475596;0.160045;+1;0;+1;-1;-1

84;-0.0815765;-0.429881;-0.391384;-0.321723;-0.374885;-0.264895;-0.0265811;-0.374885;0.396884;0.156737;-0.670027;-0.283226;-0.283226;-0.283226;-0.466544;-0.191567;-0.374885;-0.411549;0.303391;0.0100825;0.156737;-0.492209;-0.667049;-0.538462;-0.102181;-0.251435;-0.63031;0.784156;-1;0.299656;0.644087;0.586682;0.586682;-0.331803;0.173364;-0.400689;-0.19403;0.500567;0.455165;0.0692395;-0.475596;0.250851;-0.654938;-0.886493;-0.5437;0.160045;-0.430193;-0.634506;-0.135074;-0.555051;-0.0783201;-0.0102157;-0.169126;-0.657208;-0.838819;1;0.818388;-0.293984;-0.203178;-0.475596;+1;0;+1;-1;-1

84.4;-0.209899;-0.0815765;-0.429881;-0.391384;-0.321723;-0.374885;-0.264895;-0.0265811;-0.374885;0.396884;0.156737;-0.670027;-0.283226;-0.283226;-0.283226;-0.466544;-0.191567;-0.374885;-0.411549;0.303391;0.0100825;0.156737;-0.363949;-0.667049;-0.538462;-0.102181;-0.251435;-0.63031;0.784156;-1;0.299656;0.644087;0.586682;0.586682;-0.331803;0.173364;-0.400689;-0.180477;0.500567;0.455165;0.0692395;-0.475596;0.250851;-0.654938;-0.886493;-0.5437;0.160045;-0.430193;-0.634506;-0.135074;-0.555051;-0.0783201;-0.0102157;-0.169126;-0.657208;-0.838819;1;0.818388;-0.293984;-0.203178;+1;0;-1;-1;-1

86.5;0.101742;-0.209899;-0.0815765;-0.429881;-0.391384;-0.321723;-0.374885;-0.264895;-0.0265811;-0.374885;0.396884;0.156737;-0.670027;-0.283226;-0.283226;-0.283226;-0.466544;-0.191567;-0.374885;-0.411549;0.303391;0.0100825;0.448909;-0.363949;-0.667049;-0.538462;-0.102181;-0.251435;-0.63031;0.784156;-1;0.299656;0.644087;0.586682;0.586682;-0.331803;0.173364;-0.38479;-0.180477;0.500567;0.455165;0.0692395;-0.475596;0.250851;-0.654938;-0.886493;-0.5437;0.160045;-0.430193;-0.634506;-0.135074;-0.555051;-0.0783201;-0.0102157;-0.169126;-0.657208;-0.838819;1;0.818388;-0.293984;-1;0;-1;-1;-1

84.9;-0.576535;0.101742;-0.209899;-0.0815765;-0.429881;-0.391384;-0.321723;-0.374885;-0.264895;-0.0265811;-0.374885;0.396884;0.156737;-0.670027;-0.283226;-0.283226;-0.283226;-0.466544;-0.191567;-0.374885;-0.411549;0.303391;0.265212;0.448909;-0.363949;-0.667049;-0.538462;-0.102181;-0.251435;-0.63031;0.784156;-1;0.299656;0.644087;0.586682;0.586682;-0.331803;0.182747;-0.38479;-0.180477;0.500567;0.455165;0.0692395;-0.475596;0.250851;-0.654938;-0.886493;-0.5437;0.160045;-0.430193;-0.634506;-0.135074;-0.555051;-0.0783201;-0.0102157;-0.169126;-0.657208;-0.838819;1;0.818388;-1;0;-1;-1;-1

84.7;-0.31989;-0.576535;0.101742;-0.209899;-0.0815765;-0.429881;-0.391384;-0.321723;-0.374885;-0.264895;-0.0265811;-0.374885;0.396884;0.156737;-0.670027;-0.283226;-0.283226;-0.283226;-0.466544;-0.191567;-0.374885;-0.411549;0.632606;0.265212;0.448909;-0.363949;-0.667049;-0.538462;-0.102181;-0.251435;-0.63031;0.784156;-1;0.299656;0.644087;0.586682;0.586682;-0.316686;0.182747;-0.38479;-0.180477;0.500567;0.455165;0.0692395;-0.475596;0.250851;-0.654938;-0.886493;-0.5437;0.160045;-0.430193;-0.634506;-0.135074;-0.555051;-0.0783201;-0.0102157;-0.169126;-0.657208;-0.838819;1;-1;0;-1;-1;-1

84.03;-0.406049;-0.31989;-0.576535;0.101742;-0.209899;-0.0815765;-0.429881;-0.391384;-0.321723;-0.374885;-0.264895;-0.0265811;-0.374885;0.396884;0.156737;-0.670027;-0.283226;-0.283226;-0.283226;-0.466544;-0.191567;-0.374885;-0.262916;0.632606;0.265212;0.448909;-0.363949;-0.667049;-0.538462;-0.102181;-0.251435;-0.63031;0.784156;-1;0.299656;0.644087;0.586682;0.591373;-0.316686;0.182747;-0.38479;-0.180477;0.500567;0.455165;0.0692395;-0.475596;0.250851;-0.654938;-0.886493;-0.5437;0.160045;-0.430193;-0.634506;-0.135074;-0.555051;-0.0783201;-0.0102157;-0.169126;-0.657208;-0.838819;-1;0;-1;-1;-1

83;-0.472044;-0.406049;-0.31989;-0.576535;0.101742;-0.209899;-0.0815765;-0.429881;-0.391384;-0.321723;-0.374885;-0.264895;-0.0265811;-0.374885;0.396884;0.156737;-0.670027;-0.283226;-0.283226;-0.283226;-0.466544;-0.191567;-0.216992;-0.262916;0.632606;0.265212;0.448909;-0.363949;-0.667049;-0.538462;-0.102181;-0.251435;-0.63031;0.784156;-1;0.299656;0.644087;0.591373;0.591373;-0.316686;0.182747;-0.38479;-0.180477;0.500567;0.455165;0.0692395;-0.475596;0.250851;-0.654938;-0.886493;-0.5437;0.160045;-0.430193;-0.634506;-0.135074;-0.555051;-0.0783201;-0.0102157;-0.169126;-0.657208;-1;0;-1;-1;-1

81.5;-0.558203;-0.472044;-0.406049;-0.31989;-0.576535;0.101742;-0.209899;-0.0815765;-0.429881;-0.391384;-0.321723;-0.374885;-0.264895;-0.0265811;-0.374885;0.396884;0.156737;-0.670027;-0.283226;-0.283226;-0.283226;-0.466544;0.0126291;-0.216992;-0.262916;0.632606;0.265212;0.448909;-0.363949;-0.667049;-0.538462;-0.102181;-0.251435;-0.63031;0.784156;-1;0.299656;0.648127;0.591373;0.591373;-0.316686;0.182747;-0.38479;-0.180477;0.500567;0.455165;0.0692395;-0.475596;0.250851;-0.654938;-0.886493;-0.5437;0.160045;-0.430193;-0.634506;-0.135074;-0.555051;-0.0783201;-0.0102157;-0.169126;-1;0;-1;-1;-1

81;-0.374885;-0.558203;-0.472044;-0.406049;-0.31989;-0.576535;0.101742;-0.209899;-0.0815765;-0.429881;-0.391384;-0.321723;-0.374885;-0.264895;-0.0265811;-0.374885;0.396884;0.156737;-0.670027;-0.283226;-0.283226;-0.283226;-0.331803;0.0126291;-0.216992;-0.262916;0.632606;0.265212;0.448909;-0.363949;-0.667049;-0.538462;-0.102181;-0.251435;-0.63031;0.784156;-1;0.307605;0.648127;0.591373;0.591373;-0.316686;0.182747;-0.38479;-0.180477;0.500567;0.455165;0.0692395;-0.475596;0.250851;-0.654938;-0.886493;-0.5437;0.160045;-0.430193;-0.634506;-0.135074;-0.555051;-0.0783201;-0.0102157;+1;0;-1;-1;-1

85;0.450046;-0.374885;-0.558203;-0.472044;-0.406049;-0.31989;-0.576535;0.101742;-0.209899;-0.0815765;-0.429881;-0.391384;-0.321723;-0.374885;-0.264895;-0.0265811;-0.374885;0.396884;0.156737;-0.670027;-0.283226;-0.283226;-0.102181;-0.331803;0.0126291;-0.216992;-0.262916;0.632606;0.265212;0.448909;-0.363949;-0.667049;-0.538462;-0.102181;-0.251435;-0.63031;0.784156;-0.977298;0.307605;0.648127;0.591373;0.591373;-0.316686;0.182747;-0.38479;-0.180477;0.500567;0.455165;0.0692395;-0.475596;0.250851;-0.654938;-0.886493;-0.5437;0.160045;-0.430193;-0.634506;-0.135074;-0.555051;-0.0783201;-1;0;+1;-1;-1

84.01;-0.464711;0.450046;-0.374885;-0.558203;-0.472044;-0.406049;-0.31989;-0.576535;0.101742;-0.209899;-0.0815765;-0.429881;-0.391384;-0.321723;-0.374885;-0.264895;-0.0265811;-0.374885;0.396884;0.156737;-0.670027;-0.283226;-0.102181;-0.102181;-0.331803;0.0126291;-0.216992;-0.262916;0.632606;0.265212;0.448909;-0.363949;-0.667049;-0.538462;-0.102181;-0.251435;-0.63031;0.786606;-0.977298;0.307605;0.648127;0.591373;0.591373;-0.316686;0.182747;-0.38479;-0.180477;0.500567;0.455165;0.0692395;-0.475596;0.250851;-0.654938;-0.886493;-0.5437;0.160045;-0.430193;-0.634506;-0.135074;-0.555051;+1;0;+1;-1;-1

85.5;-0.0100825;-0.464711;0.450046;-0.374885;-0.558203;-0.472044;-0.406049;-0.31989;-0.576535;0.101742;-0.209899;-0.0815765;-0.429881;-0.391384;-0.321723;-0.374885;-0.264895;-0.0265811;-0.374885;0.396884;0.156737;-0.670027;-0.102181;-0.102181;-0.102181;-0.331803;0.0126291;-0.216992;-0.262916;0.632606;0.265212;0.448909;-0.363949;-0.667049;-0.538462;-0.102181;-0.251435;-0.611805;0.786606;-0.977298;0.307605;0.648127;0.591373;0.591373;-0.316686;0.182747;-0.38479;-0.180477;0.500567;0.455165;0.0692395;-0.475596;0.250851;-0.654938;-0.886493;-0.5437;0.160045;-0.430193;-0.634506;-0.135074;+1;0;+1;-1;-1

92.5;1;-0.0100825;-0.464711;0.450046;-0.374885;-0.558203;-0.472044;-0.406049;-0.31989;-0.576535;0.101742;-0.209899;-0.0815765;-0.429881;-0.391384;-0.321723;-0.374885;-0.264895;-0.0265811;-0.374885;0.396884;0.156737;-0.586682;-0.102181;-0.102181;-0.102181;-0.331803;0.0126291;-0.216992;-0.262916;0.632606;0.265212;0.448909;-0.363949;-0.667049;-0.538462;-0.102181;-0.23723;-0.611805;0.786606;-0.977298;0.307605;0.648127;0.591373;0.591373;-0.316686;0.182747;-0.38479;-0.180477;0.500567;0.455165;0.0692395;-0.475596;0.250851;-0.654938;-0.886493;-0.5437;0.160045;-0.430193;-0.634506;+1;0;+1;-1;-1

95;0.175069;1;-0.0100825;-0.464711;0.450046;-0.374885;-0.558203;-0.472044;-0.406049;-0.31989;-0.576535;0.101742;-0.209899;-0.0815765;-0.429881;-0.391384;-0.321723;-0.374885;-0.264895;-0.0265811;-0.374885;0.396884;0.448909;-0.586682;-0.102181;-0.102181;-0.102181;-0.331803;0.0126291;-0.216992;-0.262916;0.632606;0.265212;0.448909;-0.363949;-0.667049;-0.538462;-0.0896708;-0.23723;-0.611805;0.786606;-0.977298;0.307605;0.648127;0.591373;0.591373;-0.316686;0.182747;-0.38479;-0.180477;0.500567;0.455165;0.0692395;-0.475596;0.250851;-0.654938;-0.886493;-0.5437;0.160045;-0.430193;-1;0;-1;-1;-1

93;-0.649863;0.175069;1;-0.0100825;-0.464711;0.450046;-0.374885;-0.558203;-0.472044;-0.406049;-0.31989;-0.576535;0.101742;-0.209899;-0.0815765;-0.429881;-0.391384;-0.321723;-0.374885;-0.264895;-0.0265811;-0.374885;0.749713;0.448909;-0.586682;-0.102181;-0.102181;-0.102181;-0.331803;0.0126291;-0.216992;-0.262916;0.632606;0.265212;0.448909;-0.363949;-0.667049;-0.520999;-0.0896708;-0.23723;-0.611805;0.786606;-0.977298;0.307605;0.648127;0.591373;0.591373;-0.316686;0.182747;-0.38479;-0.180477;0.500567;0.455165;0.0692395;-0.475596;0.250851;-0.654938;-0.886493;-0.5437;0.160045;-1;0;-1;-1;-1

92;-0.466544;-0.649863;0.175069;1;-0.0100825;-0.464711;0.450046;-0.374885;-0.558203;-0.472044;-0.406049;-0.31989;-0.576535;0.101742;-0.209899;-0.0815765;-0.429881;-0.391384;-0.321723;-0.374885;-0.264895;-0.0265811;-0.216992;0.749713;0.448909;-0.586682;-0.102181;-0.102181;-0.102181;-0.331803;0.0126291;-0.216992;-0.262916;0.632606;0.265212;0.448909;-0.363949;-0.648127;-0.520999;-0.0896708;-0.23723;-0.611805;0.786606;-0.977298;0.307605;0.648127;0.591373;0.591373;-0.316686;0.182747;-0.38479;-0.180477;0.500567;0.455165;0.0692395;-0.475596;0.250851;-0.654938;-0.886493;-0.5437;-1;0;-1;-1;-1

91.5;-0.374885;-0.466544;-0.649863;0.175069;1;-0.0100825;-0.464711;0.450046;-0.374885;-0.558203;-0.472044;-0.406049;-0.31989;-0.576535;0.101742;-0.209899;-0.0815765;-0.429881;-0.391384;-0.321723;-0.374885;-0.264895;0.219288;-0.216992;0.749713;0.448909;-0.586682;-0.102181;-0.102181;-0.102181;-0.331803;0.0126291;-0.216992;-0.262916;0.632606;0.265212;0.448909;-0.348468;-0.648127;-0.520999;-0.0896708;-0.23723;-0.611805;0.786606;-0.977298;0.307605;0.648127;0.591373;0.591373;-0.316686;0.182747;-0.38479;-0.180477;0.500567;0.455165;0.0692395;-0.475596;0.250851;-0.654938;-0.886493;+1;0;-1;-1;-1

92.2;-0.154904;-0.374885;-0.466544;-0.649863;0.175069;1;-0.0100825;-0.464711;0.450046;-0.374885;-0.558203;-0.472044;-0.406049;-0.31989;-0.576535;0.101742;-0.209899;-0.0815765;-0.429881;-0.391384;-0.321723;-0.374885;-0.0792193;0.219288;-0.216992;0.749713;0.448909;-0.586682;-0.102181;-0.102181;-0.102181;-0.331803;0.0126291;-0.216992;-0.262916;0.632606;0.265212;0.455165;-0.348468;-0.648127;-0.520999;-0.0896708;-0.23723;-0.611805;0.786606;-0.977298;0.307605;0.648127;0.591373;0.591373;-0.316686;0.182747;-0.38479;-0.180477;0.500567;0.455165;0.0692395;-0.475596;0.250851;-0.654938;+1;0;+1;-1;-1

94.2;0.0834097;-0.154904;-0.374885;-0.466544;-0.649863;0.175069;1;-0.0100825;-0.464711;0.450046;-0.374885;-0.558203;-0.472044;-0.406049;-0.31989;-0.576535;0.101742;-0.209899;-0.0815765;-0.429881;-0.391384;-0.321723;-0.216992;-0.0792193;0.219288;-0.216992;0.749713;0.448909;-0.586682;-0.102181;-0.102181;-0.102181;-0.331803;0.0126291;-0.216992;-0.262916;0.632606;0.273553;0.455165;-0.348468;-0.648127;-0.520999;-0.0896708;-0.23723;-0.611805;0.786606;-0.977298;0.307605;0.648127;0.591373;0.591373;-0.316686;0.182747;-0.38479;-0.180477;0.500567;0.455165;0.0692395;-0.475596;0.250851;-1;0;-1;-1;-1

91.69;-0.743355;0.0834097;-0.154904;-0.374885;-0.466544;-0.649863;0.175069;1;-0.0100825;-0.464711;0.450046;-0.374885;-0.558203;-0.472044;-0.406049;-0.31989;-0.576535;0.101742;-0.209899;-0.0815765;-0.429881;-0.391384;-0.150402;-0.216992;-0.0792193;0.219288;-0.216992;0.749713;0.448909;-0.586682;-0.102181;-0.102181;-0.102181;-0.331803;0.0126291;-0.216992;-0.262916;0.636776;0.273553;0.455165;-0.348468;-0.648127;-0.520999;-0.0896708;-0.23723;-0.611805;0.786606;-0.977298;0.307605;0.648127;0.591373;0.591373;-0.316686;0.182747;-0.38479;-0.180477;0.500567;0.455165;0.0692395;-0.475596;-1;0;-1;-1;-1

90;-0.593034;-0.743355;0.0834097;-0.154904;-0.374885;-0.466544;-0.649863;0.175069;1;-0.0100825;-0.464711;0.450046;-0.374885;-0.558203;-0.472044;-0.406049;-0.31989;-0.576535;0.101742;-0.209899;-0.0815765;-0.429881;-0.237658;-0.150402;-0.216992;-0.0792193;0.219288;-0.216992;0.749713;0.448909;-0.586682;-0.102181;-0.102181;-0.102181;-0.331803;0.0126291;-0.216992;-0.248581;0.636776;0.273553;0.455165;-0.348468;-0.648127;-0.520999;-0.0896708;-0.23723;-0.611805;0.786606;-0.977298;0.307605;0.648127;0.591373;0.591373;-0.316686;0.182747;-0.38479;-0.180477;0.500567;0.455165;0.0692395;-1;0;-1;-1;-1

90;-0.283226;-0.593034;-0.743355;0.0834097;-0.154904;-0.374885;-0.466544;-0.649863;0.175069;1;-0.0100825;-0.464711;0.450046;-0.374885;-0.558203;-0.472044;-0.406049;-0.31989;-0.576535;0.101742;-0.209899;-0.0815765;-0.285878;-0.237658;-0.150402;-0.216992;-0.0792193;0.219288;-0.216992;0.749713;0.448909;-0.586682;-0.102181;-0.102181;-0.102181;-0.331803;0.0126291;-0.203178;-0.248581;0.636776;0.273553;0.455165;-0.348468;-0.648127;-0.520999;-0.0896708;-0.23723;-0.611805;0.786606;-0.977298;0.307605;0.648127;0.591373;0.591373;-0.316686;0.182747;-0.38479;-0.180477;0.500567;0.455165;-1;0;-1;-1;-1

89.8;-0.31989;-0.283226;-0.593034;-0.743355;0.0834097;-0.154904;-0.374885;-0.466544;-0.649863;0.175069;1;-0.0100825;-0.464711;0.450046;-0.374885;-0.558203;-0.472044;-0.406049;-0.31989;-0.576535;0.101742;-0.209899;0.150402;-0.285878;-0.237658;-0.150402;-0.216992;-0.0792193;0.219288;-0.216992;0.749713;0.448909;-0.586682;-0.102181;-0.102181;-0.102181;-0.331803;0.0238366;-0.203178;-0.248581;0.636776;0.273553;0.455165;-0.348468;-0.648127;-0.520999;-0.0896708;-0.23723;-0.611805;0.786606;-0.977298;0.307605;0.648127;0.591373;0.591373;-0.316686;0.182747;-0.38479;-0.180477;0.500567;+1;0;+1;-1;-1

90.9;-0.0815765;-0.31989;-0.283226;-0.593034;-0.743355;0.0834097;-0.154904;-0.374885;-0.466544;-0.649863;0.175069;1;-0.0100825;-0.464711;0.450046;-0.374885;-0.558203;-0.472044;-0.406049;-0.31989;-0.576535;0.101742;-0.010333;0.150402;-0.285878;-0.237658;-0.150402;-0.216992;-0.0792193;0.219288;-0.216992;0.749713;0.448909;-0.586682;-0.102181;-0.102181;-0.102181;-0.316686;0.0238366;-0.203178;-0.248581;0.636776;0.273553;0.455165;-0.348468;-0.648127;-0.520999;-0.0896708;-0.23723;-0.611805;0.786606;-0.977298;0.307605;0.648127;0.591373;0.591373;-0.316686;0.182747;-0.38479;-0.180477;-1;0;-1;-1;-1

88.7;-0.686526;-0.0815765;-0.31989;-0.283226;-0.593034;-0.743355;0.0834097;-0.154904;-0.374885;-0.466544;-0.649863;0.175069;1;-0.0100825;-0.464711;0.450046;-0.374885;-0.558203;-0.472044;-0.406049;-0.31989;-0.576535;0.380023;-0.010333;0.150402;-0.285878;-0.237658;-0.150402;-0.216992;-0.0792193;0.219288;-0.216992;0.749713;0.448909;-0.586682;-0.102181;-0.102181;-0.0896708;-0.316686;0.0238366;-0.203178;-0.248581;0.636776;0.273553;0.455165;-0.348468;-0.648127;-0.520999;-0.0896708;-0.23723;-0.611805;0.786606;-0.977298;0.307605;0.648127;0.591373;0.591373;-0.316686;0.182747;-0.38479;-1;0;-1;-1;-1

88;-0.411549;-0.686526;-0.0815765;-0.31989;-0.283226;-0.593034;-0.743355;0.0834097;-0.154904;-0.374885;-0.466544;-0.649863;0.175069;1;-0.0100825;-0.464711;0.450046;-0.374885;-0.558203;-0.472044;-0.406049;-0.31989;-0.469575;0.380023;-0.010333;0.150402;-0.285878;-0.237658;-0.150402;-0.216992;-0.0792193;0.219288;-0.216992;0.749713;0.448909;-0.586682;-0.102181;-0.0896708;-0.0896708;-0.316686;0.0238366;-0.203178;-0.248581;0.636776;0.273553;0.455165;-0.348468;-0.648127;-0.520999;-0.0896708;-0.23723;-0.611805;0.786606;-0.977298;0.307605;0.648127;0.591373;0.591373;-0.316686;0.182747;-1;0;-1;-1;-1

85;-0.833181;-0.411549;-0.686526;-0.0815765;-0.31989;-0.283226;-0.593034;-0.743355;0.0834097;-0.154904;-0.374885;-0.466544;-0.649863;0.175069;1;-0.0100825;-0.464711;0.450046;-0.374885;-0.558203;-0.472044;-0.406049;-0.148106;-0.469575;0.380023;-0.010333;0.150402;-0.285878;-0.237658;-0.150402;-0.216992;-0.0792193;0.219288;-0.216992;0.749713;0.448909;-0.586682;-0.0896708;-0.0896708;-0.0896708;-0.316686;0.0238366;-0.203178;-0.248581;0.636776;0.273553;0.455165;-0.348468;-0.648127;-0.520999;-0.0896708;-0.23723;-0.611805;0.786606;-0.977298;0.307605;0.648127;0.591373;0.591373;-0.316686;-1;0;-1;-1;-1

84;-0.466544;-0.833181;-0.411549;-0.686526;-0.0815765;-0.31989;-0.283226;-0.593034;-0.743355;0.0834097;-0.154904;-0.374885;-0.466544;-0.649863;0.175069;1;-0.0100825;-0.464711;0.450046;-0.374885;-0.558203;-0.472044;-0.256028;-0.148106;-0.469575;0.380023;-0.010333;0.150402;-0.285878;-0.237658;-0.150402;-0.216992;-0.0792193;0.219288;-0.216992;0.749713;0.448909;-0.568672;-0.0896708;-0.0896708;-0.0896708;-0.316686;0.0238366;-0.203178;-0.248581;0.636776;0.273553;0.455165;-0.348468;-0.648127;-0.520999;-0.0896708;-0.23723;-0.611805;0.786606;-0.977298;0.307605;0.648127;0.591373;0.591373;+1;0;-1;-1;-1

85.45;-0.0174152;-0.466544;-0.833181;-0.411549;-0.686526;-0.0815765;-0.31989;-0.283226;-0.593034;-0.743355;0.0834097;-0.154904;-0.374885;-0.466544;-0.649863;0.175069;1;-0.0100825;-0.464711;0.450046;-0.374885;-0.558203;-0.338691;-0.256028;-0.148106;-0.469575;0.380023;-0.010333;0.150402;-0.285878;-0.237658;-0.150402;-0.216992;-0.0792193;0.219288;-0.216992;0.749713;0.455165;-0.568672;-0.0896708;-0.0896708;-0.0896708;-0.316686;0.0238366;-0.203178;-0.248581;0.636776;0.273553;0.455165;-0.348468;-0.648127;-0.520999;-0.0896708;-0.23723;-0.611805;0.786606;-0.977298;0.307605;0.648127;0.591373;-1;0;-1;-1;-1

84;-0.549038;-0.0174152;-0.466544;-0.833181;-0.411549;-0.686526;-0.0815765;-0.31989;-0.283226;-0.593034;-0.743355;0.0834097;-0.154904;-0.374885;-0.466544;-0.649863;0.175069;1;-0.0100825;-0.464711;0.450046;-0.374885;-0.446613;-0.338691;-0.256028;-0.148106;-0.469575;0.380023;-0.010333;0.150402;-0.285878;-0.237658;-0.150402;-0.216992;-0.0792193;0.219288;-0.216992;0.752554;0.455165;-0.568672;-0.0896708;-0.0896708;-0.0896708;-0.316686;0.0238366;-0.203178;-0.248581;0.636776;0.273553;0.455165;-0.348468;-0.648127;-0.520999;-0.0896708;-0.23723;-0.611805;0.786606;-0.977298;0.307605;0.648127;+1;0;+1;-1;-1

84.75;-0.145738;-0.549038;-0.0174152;-0.466544;-0.833181;-0.411549;-0.686526;-0.0815765;-0.31989;-0.283226;-0.593034;-0.743355;0.0834097;-0.154904;-0.374885;-0.466544;-0.649863;0.175069;1;-0.0100825;-0.464711;0.450046;-0.216992;-0.446613;-0.338691;-0.256028;-0.148106;-0.469575;0.380023;-0.010333;0.150402;-0.285878;-0.237658;-0.150402;-0.216992;-0.0792193;0.219288;-0.203178;0.752554;0.455165;-0.568672;-0.0896708;-0.0896708;-0.0896708;-0.316686;0.0238366;-0.203178;-0.248581;0.636776;0.273553;0.455165;-0.348468;-0.648127;-0.520999;-0.0896708;-0.23723;-0.611805;0.786606;-0.977298;0.307605;+1;0;+1;-1;-1

87.5;0.220898;-0.145738;-0.549038;-0.0174152;-0.466544;-0.833181;-0.411549;-0.686526;-0.0815765;-0.31989;-0.283226;-0.593034;-0.743355;0.0834097;-0.154904;-0.374885;-0.466544;-0.649863;0.175069;1;-0.0100825;-0.464711;0.816303;-0.216992;-0.446613;-0.338691;-0.256028;-0.148106;-0.469575;0.380023;-0.010333;0.150402;-0.285878;-0.237658;-0.150402;-0.216992;-0.0792193;0.22815;-0.203178;0.752554;0.455165;-0.568672;-0.0896708;-0.0896708;-0.0896708;-0.316686;0.0238366;-0.203178;-0.248581;0.636776;0.273553;0.455165;-0.348468;-0.648127;-0.520999;-0.0896708;-0.23723;-0.611805;0.786606;-0.977298;+1;0;+1;-1;-1

88.49;-0.101742;0.220898;-0.145738;-0.549038;-0.0174152;-0.466544;-0.833181;-0.411549;-0.686526;-0.0815765;-0.31989;-0.283226;-0.593034;-0.743355;0.0834097;-0.154904;-0.374885;-0.466544;-0.649863;0.175069;1;-0.0100825;-0.329506;0.816303;-0.216992;-0.446613;-0.338691;-0.256028;-0.148106;-0.469575;0.380023;-0.010333;0.150402;-0.285878;-0.237658;-0.150402;-0.216992;-0.0669693;0.22815;-0.203178;0.752554;0.455165;-0.568672;-0.0896708;-0.0896708;-0.0896708;-0.316686;0.0238366;-0.203178;-0.248581;0.636776;0.273553;0.455165;-0.348468;-0.648127;-0.520999;-0.0896708;-0.23723;-0.611805;0.786606;-1;0;-1;-1;-1

88.29;-0.31989;-0.101742;0.220898;-0.145738;-0.549038;-0.0174152;-0.466544;-0.833181;-0.411549;-0.686526;-0.0815765;-0.31989;-0.283226;-0.593034;-0.743355;0.0834097;-0.154904;-0.374885;-0.466544;-0.649863;0.175069;1;0.239954;-0.329506;0.816303;-0.216992;-0.446613;-0.338691;-0.256028;-0.148106;-0.469575;0.380023;-0.010333;0.150402;-0.285878;-0.237658;-0.150402;-0.203178;-0.0669693;0.22815;-0.203178;0.752554;0.455165;-0.568672;-0.0896708;-0.0896708;-0.0896708;-0.316686;0.0238366;-0.203178;-0.248581;0.636776;0.273553;0.455165;-0.348468;-0.648127;-0.520999;-0.0896708;-0.23723;-0.611805;-1;0;-1;-1;-1

