1;1;1;1;-0.286207;-0.872791;0.236749;0.0600707;0.144876;0.236749;0.194346;0.618375;0.123675;0.0530036;0.272085;-0.0600707;-0.413428;-0.123675;0.109541;-0.187279;-0.0742049;0.102474;0.159011;0.448763;0.222615;0.194346;0.074205;0.40636;0.265018;0.300353;0.229682;0.5053;0.187279;0.0883392;0.5053;0.180212;-0.477032;0.265018;0.618375;0.201413;-0.272085;-0.027027;0.366795;0.921397;0.469194;0.0521327;0.57346;0.241706;0.232227;0.308057;0.421801;-0.127962;0.658768;-0.0995261;1;0.418182;0.536364;0.427273;0.0818182;-0.636364;0.709091;0.454545;-0.127273;0.918182;-0.0272727;-1;0;0;0;0

0.968473;0.89336;0.848756;0.874286;-0.18416;0.0812721;-0.872791;0.236749;0.0600707;0.144876;0.236749;0.194346;0.618375;0.123675;0.0530036;0.272085;-0.0600707;-0.413428;-0.123675;0.109541;-0.187279;-0.0742049;0.102474;0.159011;0.448763;0.222615;0.194346;0.074205;0.40636;0.265018;0.300353;0.229682;0.5053;0.187279;0.0883392;0.5053;0.180212;-0.477032;0.265018;0.618375;0.201413;-0.204633;-0.027027;0.545852;0.914692;0.469194;0.0521327;0.57346;0.241706;0.232227;0.308057;0.421801;-0.127962;0.658768;-0.136364;1;0.418182;0.536364;0.427273;0.0818182;-0.636364;0.709091;0.454545;-0.127273;0.918182;+1;0;0;0;0

1;0.917505;0.976119;0.900953;-0.0772746;0.307421;0.0812721;-0.872791;0.236749;0.0600707;0.144876;0.236749;0.194346;0.618375;0.123675;0.0530036;0.272085;-0.0600707;-0.413428;-0.123675;0.109541;-0.187279;-0.0742049;0.102474;0.159011;0.448763;0.222615;0.194346;0.074205;0.40636;0.265018;0.300353;0.229682;0.5053;0.187279;0.0883392;0.5053;0.180212;-0.477032;0.265018;0.618375;0.312741;-0.204633;0.100437;0.507109;0.914692;0.469194;0.0521327;0.57346;0.241706;0.232227;0.308057;0.421801;-0.127962;0.590909;-0.136364;1;0.418182;0.536364;0.427273;0.0818182;-0.636364;0.709091;0.454545;-0.127273;-1;0;0;0;0

0.970443;0.945674;0.954229;0.878095;-0.0956189;0.0883392;0.307421;0.0812721;-0.872791;0.236749;0.0600707;0.144876;0.236749;0.194346;0.618375;0.123675;0.0530036;0.272085;-0.0600707;-0.413428;-0.123675;0.109541;-0.187279;-0.0742049;0.102474;0.159011;0.448763;0.222615;0.194346;0.074205;0.40636;0.265018;0.300353;0.229682;0.5053;0.187279;0.0883392;0.5053;0.180212;-0.477032;0.265018;0.76834;0.312741;-0.100437;0.0236967;0.507109;0.914692;0.469194;0.0521327;0.57346;0.241706;0.232227;0.308057;0.421801;-0.163636;0.590909;-0.136364;1;0.418182;0.536364;0.427273;0.0818182;-0.636364;0.709091;0.454545;+1;0;0;0;0

0.974384;0.929577;0.974129;0.931429;-0.328585;0.208481;0.0883392;0.307421;0.0812721;-0.872791;0.236749;0.0600707;0.144876;0.236749;0.194346;0.618375;0.123675;0.0530036;0.272085;-0.0600707;-0.413428;-0.123675;0.109541;-0.187279;-0.0742049;0.102474;0.159011;0.448763;0.222615;0.194346;0.074205;0.40636;0.265018;0.300353;0.229682;0.5053;0.187279;0.0883392;0.5053;0.180212;-0.477032;0.382239;0.76834;0.484716;-0.194313;0.0236967;0.507109;0.914692;0.469194;0.0521327;0.57346;0.241706;0.232227;0.308057;0.363636;-0.163636;0.590909;-0.136364;1;0.418182;0.536364;0.427273;0.0818182;-0.636364;0.709091;-1;0;0;0;0

0.962561;0.901408;0.954229;0.872381;-0.593379;0.151943;0.208481;0.0883392;0.307421;0.0812721;-0.872791;0.236749;0.0600707;0.144876;0.236749;0.194346;0.618375;0.123675;0.0530036;0.272085;-0.0600707;-0.413428;-0.123675;0.109541;-0.187279;-0.0742049;0.102474;0.159011;0.448763;0.222615;0.194346;0.074205;0.40636;0.265018;0.300353;0.229682;0.5053;0.187279;0.0883392;0.5053;0.180212;-0.428571;0.382239;1;0.440758;-0.194313;0.0236967;0.507109;0.914692;0.469194;0.0521327;0.57346;0.241706;0.232227;0.254545;0.363636;-0.163636;0.590909;-0.136364;1;0.418182;0.536364;0.427273;0.0818182;-0.636364;+1;0;0;0;0

0.970443;0.901408;0.974129;0.864762;-0.862071;0.222615;0.151943;0.208481;0.0883392;0.307421;0.0812721;-0.872791;0.236749;0.0600707;0.144876;0.236749;0.194346;0.618375;0.123675;0.0530036;0.272085;-0.0600707;-0.413428;-0.123675;0.109541;-0.187279;-0.0742049;0.102474;0.159011;0.448763;0.222615;0.194346;0.074205;0.40636;0.265018;0.300353;0.229682;0.5053;0.187279;0.0883392;0.5053;0.289575;-0.428571;0.563319;1;0.440758;-0.194313;0.0236967;0.507109;0.914692;0.469194;0.0521327;0.57346;0.241706;0.181818;0.254545;0.363636;-0.163636;0.590909;-0.136364;1;0.418182;0.536364;0.427273;0.0818182;-1;0;0;0;0

0.881773;0.816901;0.900497;0.849524;-0.365542;-0.123675;0.222615;0.151943;0.208481;0.0883392;0.307421;0.0812721;-0.872791;0.236749;0.0600707;0.144876;0.236749;0.194346;0.618375;0.123675;0.0530036;0.272085;-0.0600707;-0.413428;-0.123675;0.109541;-0.187279;-0.0742049;0.102474;0.159011;0.448763;0.222615;0.194346;0.074205;0.40636;0.265018;0.300353;0.229682;0.5053;0.187279;0.0883392;0.644788;0.289575;-0.353712;0.526066;1;0.440758;-0.194313;0.0236967;0.507109;0.914692;0.469194;0.0521327;0.57346;0.190909;0.181818;0.254545;0.363636;-0.163636;0.590909;-0.136364;1;0.418182;0.536364;0.427273;+1;0;0;0;0

0.940886;0.841046;0.832836;0.725715;-0.631972;0.40636;-0.123675;0.222615;0.151943;0.208481;0.0883392;0.307421;0.0812721;-0.872791;0.236749;0.0600707;0.144876;0.236749;0.194346;0.618375;0.123675;0.0530036;0.272085;-0.0600707;-0.413428;-0.123675;0.109541;-0.187279;-0.0742049;0.102474;0.159011;0.448763;0.222615;0.194346;0.074205;0.40636;0.265018;0.300353;0.229682;0.5053;0.187279;0.189189;0.644788;0.458515;-0.469194;0.526066;1;0.440758;-0.194313;0.0236967;0.507109;0.914692;0.469194;0.0521327;0.509091;0.190909;0.181818;0.254545;0.363636;-0.163636;0.590909;-0.136364;1;0.418182;0.536364;-1;0;0;0;0

0.846305;0.818914;0.848756;0.826667;-0.564687;-0.144876;0.40636;-0.123675;0.222615;0.151943;0.208481;0.0883392;0.307421;0.0812721;-0.872791;0.236749;0.0600707;0.144876;0.236749;0.194346;0.618375;0.123675;0.0530036;0.272085;-0.0600707;-0.413428;-0.123675;0.109541;-0.187279;-0.0742049;0.102474;0.159011;0.448763;0.222615;0.194346;0.074205;0.40636;0.265018;0.300353;0.229682;0.5053;0.297297;0.189189;0.860262;0.412322;-0.469194;0.526066;1;0.440758;-0.194313;0.0236967;0.507109;0.914692;0.469194;0.0090909;0.509091;0.190909;0.181818;0.254545;0.363636;-0.163636;0.590909;-0.136364;1;0.418182;+1;0;0;0;0

0.860098;0.792756;0.810945;0.710476;-0.563947;0.243816;-0.144876;0.40636;-0.123675;0.222615;0.151943;0.208481;0.0883392;0.307421;0.0812721;-0.872791;0.236749;0.0600707;0.144876;0.236749;0.194346;0.618375;0.123675;0.0530036;0.272085;-0.0600707;-0.413428;-0.123675;0.109541;-0.187279;-0.0742049;0.102474;0.159011;0.448763;0.222615;0.194346;0.074205;0.40636;0.265018;0.300353;0.229682;0.644788;0.297297;0.344978;0.848341;0.412322;-0.469194;0.526066;1;0.440758;-0.194313;0.0236967;0.507109;0.914692;0.409091;0.0090909;0.509091;0.190909;0.181818;0.254545;0.363636;-0.163636;0.590909;-0.136364;1;+1;0;0;0;0

0.903448;0.806841;0.816915;0.767619;-0.507503;0.349823;0.243816;-0.144876;0.40636;-0.123675;0.222615;0.151943;0.208481;0.0883392;0.307421;0.0812721;-0.872791;0.236749;0.0600707;0.144876;0.236749;0.194346;0.618375;0.123675;0.0530036;0.272085;-0.0600707;-0.413428;-0.123675;0.109541;-0.187279;-0.0742049;0.102474;0.159011;0.448763;0.222615;0.194346;0.074205;0.40636;0.265018;0.300353;0.343629;0.644788;0.467249;0.2891;0.848341;0.412322;-0.469194;0.526066;1;0.440758;-0.194313;0.0236967;0.507109;0.836364;0.409091;0.0090909;0.509091;0.190909;0.181818;0.254545;0.363636;-0.163636;0.590909;-0.136364;-1;0;0;0;0

0.891625;0.837022;0.908458;0.798095;-0.423263;0.151943;0.349823;0.243816;-0.144876;0.40636;-0.123675;0.222615;0.151943;0.208481;0.0883392;0.307421;0.0812721;-0.872791;0.236749;0.0600707;0.144876;0.236749;0.194346;0.618375;0.123675;0.0530036;0.272085;-0.0600707;-0.413428;-0.123675;0.109541;-0.187279;-0.0742049;0.102474;0.159011;0.448763;0.222615;0.194346;0.074205;0.40636;0.265018;0.420849;0.343629;0.860262;0.421801;0.2891;0.848341;0.412322;-0.469194;0.526066;1;0.440758;-0.194313;0.0236967;0.445455;0.836364;0.409091;0.0090909;0.509091;0.190909;0.181818;0.254545;0.363636;-0.163636;0.590909;-1;0;0;0;0

0.869951;0.780684;0.824875;0.798095;-0.636698;0.116608;0.151943;0.349823;0.243816;-0.144876;0.40636;-0.123675;0.222615;0.151943;0.208481;0.0883392;0.307421;0.0812721;-0.872791;0.236749;0.0600707;0.144876;0.236749;0.194346;0.618375;0.123675;0.0530036;0.272085;-0.0600707;-0.413428;-0.123675;0.109541;-0.187279;-0.0742049;0.102474;0.159011;0.448763;0.222615;0.194346;0.074205;0.40636;0.382239;0.420849;0.519651;0.848341;0.421801;0.2891;0.848341;0.412322;-0.469194;0.526066;1;0.440758;-0.194313;-0.0181818;0.445455;0.836364;0.409091;0.0090909;0.509091;0.190909;0.181818;0.254545;0.363636;-0.163636;-1;0;0;0;0

0.812808;0.744467;0.795025;0.777143;-0.502621;-0.0106007;0.116608;0.151943;0.349823;0.243816;-0.144876;0.40636;-0.123675;0.222615;0.151943;0.208481;0.0883392;0.307421;0.0812721;-0.872791;0.236749;0.0600707;0.144876;0.236749;0.194346;0.618375;0.123675;0.0530036;0.272085;-0.0600707;-0.413428;-0.123675;0.109541;-0.187279;-0.0742049;0.102474;0.159011;0.448763;0.222615;0.194346;0.074205;0.53668;0.382239;0.606987;0.478673;0.848341;0.421801;0.2891;0.848341;0.412322;-0.469194;0.526066;1;0.440758;-0.227273;-0.0181818;0.445455;0.836364;0.409091;0.0090909;0.509091;0.190909;0.181818;0.254545;0.363636;-1;0;0;0;0

0.802956;0.672032;0.735323;0.64381;-0.805246;0.159011;-0.0106007;0.116608;0.151943;0.349823;0.243816;-0.144876;0.40636;-0.123675;0.222615;0.151943;0.208481;0.0883392;0.307421;0.0812721;-0.872791;0.236749;0.0600707;0.144876;0.236749;0.194346;0.618375;0.123675;0.0530036;0.272085;-0.0600707;-0.413428;-0.123675;0.109541;-0.187279;-0.0742049;0.102474;0.159011;0.448763;0.222615;0.194346;0.173745;0.53668;0.563319;0.57346;0.478673;0.848341;0.421801;0.2891;0.848341;0.412322;-0.469194;0.526066;1;0.381818;-0.227273;-0.0181818;0.445455;0.836364;0.409091;0.0090909;0.509091;0.190909;0.181818;0.254545;+1;0;0;0;0

0.850246;0.714286;0.799005;0.712381;-0.654661;0.363958;0.159011;-0.0106007;0.116608;0.151943;0.349823;0.243816;-0.144876;0.40636;-0.123675;0.222615;0.151943;0.208481;0.0883392;0.307421;0.0812721;-0.872791;0.236749;0.0600707;0.144876;0.236749;0.194346;0.618375;0.123675;0.0530036;0.272085;-0.0600707;-0.413428;-0.123675;0.109541;-0.187279;-0.0742049;0.102474;0.159011;0.448763;0.222615;0.305019;0.173745;0.737991;0.526066;0.57346;0.478673;0.848341;0.421801;0.2891;0.848341;0.412322;-0.469194;0.526066;0.918182;0.381818;-0.227273;-0.0181818;0.445455;0.836364;0.409091;0.0090909;0.509091;0.190909;0.181818;-1;0;0;0;0

0.783251;0.726358;0.800995;0.72;-0.736796;-0.0459364;0.363958;0.159011;-0.0106007;0.116608;0.151943;0.349823;0.243816;-0.144876;0.40636;-0.123675;0.222615;0.151943;0.208481;0.0883392;0.307421;0.0812721;-0.872791;0.236749;0.0600707;0.144876;0.236749;0.194346;0.618375;0.123675;0.0530036;0.272085;-0.0600707;-0.413428;-0.123675;0.109541;-0.187279;-0.0742049;0.102474;0.159011;0.448763;0.335907;0.305019;0.327511;0.71564;0.526066;0.57346;0.478673;0.848341;0.421801;0.2891;0.848341;0.412322;-0.469194;0.463636;0.918182;0.381818;-0.227273;-0.0181818;0.445455;0.836364;0.409091;0.0090909;0.509091;0.190909;+1;0;0;0;0

0.812808;0.694165;0.795025;0.685714;-0.426914;0.300353;-0.0459364;0.363958;0.159011;-0.0106007;0.116608;0.151943;0.349823;0.243816;-0.144876;0.40636;-0.123675;0.222615;0.151943;0.208481;0.0883392;0.307421;0.0812721;-0.872791;0.236749;0.0600707;0.144876;0.236749;0.194346;0.618375;0.123675;0.0530036;0.272085;-0.0600707;-0.413428;-0.123675;0.109541;-0.187279;-0.0742049;0.102474;0.159011;0.583012;0.335907;0.475983;0.270142;0.71564;0.526066;0.57346;0.478673;0.848341;0.421801;0.2891;0.848341;0.412322;-0.490909;0.463636;0.918182;0.381818;-0.227273;-0.0181818;0.445455;0.836364;0.409091;0.0090909;0.509091;-1;0;0;0;0

0.802956;0.704225;0.810945;0.710476;-0.618353;0.159011;0.300353;-0.0459364;0.363958;0.159011;-0.0106007;0.116608;0.151943;0.349823;0.243816;-0.144876;0.40636;-0.123675;0.222615;0.151943;0.208481;0.0883392;0.307421;0.0812721;-0.872791;0.236749;0.0600707;0.144876;0.236749;0.194346;0.618375;0.123675;0.0530036;0.272085;-0.0600707;-0.413428;-0.123675;0.109541;-0.187279;-0.0742049;0.102474;0.266409;0.583012;0.510917;0.43128;0.270142;0.71564;0.526066;0.57346;0.478673;0.848341;0.421801;0.2891;0.848341;0.354545;-0.490909;0.463636;0.918182;0.381818;-0.227273;-0.0181818;0.445455;0.836364;0.409091;0.0090909;-1;0;0;0;0

0.769458;0.682093;0.779104;0.704762;-1;0.074205;0.159011;0.300353;-0.0459364;0.363958;0.159011;-0.0106007;0.116608;0.151943;0.349823;0.243816;-0.144876;0.40636;-0.123675;0.222615;0.151943;0.208481;0.0883392;0.307421;0.0812721;-0.872791;0.236749;0.0600707;0.144876;0.236749;0.194346;0.618375;0.123675;0.0530036;0.272085;-0.0600707;-0.413428;-0.123675;0.109541;-0.187279;-0.0742049;0.204633;0.266409;0.790393;0.469194;0.43128;0.270142;0.71564;0.526066;0.57346;0.478673;0.848341;0.421801;0.2891;0.772727;0.354545;-0.490909;0.463636;0.918182;0.381818;-0.227273;-0.0181818;0.445455;0.836364;0.409091;+1;0;0;0;0

0.82069;0.676056;0.761194;0.712381;-0.658738;0.378092;0.074205;0.159011;0.300353;-0.0459364;0.363958;0.159011;-0.0106007;0.116608;0.151943;0.349823;0.243816;-0.144876;0.40636;-0.123675;0.222615;0.151943;0.208481;0.0883392;0.307421;0.0812721;-0.872791;0.236749;0.0600707;0.144876;0.236749;0.194346;0.618375;0.123675;0.0530036;0.272085;-0.0600707;-0.413428;-0.123675;0.109541;-0.187279;0.011583;0.204633;0.432314;0.772512;0.469194;0.43128;0.270142;0.71564;0.526066;0.57346;0.478673;0.848341;0.421801;0.236364;0.772727;0.354545;-0.490909;0.463636;0.918182;0.381818;-0.227273;-0.0181818;0.445455;0.836364;-1;0;0;0;0

0.73399;0.692153;0.751244;0.695238;-0.700757;-0.116608;0.378092;0.074205;0.159011;0.300353;-0.0459364;0.363958;0.159011;-0.0106007;0.116608;0.151943;0.349823;0.243816;-0.144876;0.40636;-0.123675;0.222615;0.151943;0.208481;0.0883392;0.307421;0.0812721;-0.872791;0.236749;0.0600707;0.144876;0.236749;0.194346;0.618375;0.123675;0.0530036;0.272085;-0.0600707;-0.413428;-0.123675;0.109541;-0.111969;0.011583;0.362445;0.383886;0.772512;0.469194;0.43128;0.270142;0.71564;0.526066;0.57346;0.478673;0.848341;0.363636;0.236364;0.772727;0.354545;-0.490909;0.463636;0.918182;0.381818;-0.227273;-0.0181818;0.445455;+1;0;0;0;0

0.753695;0.627767;0.699502;0.645715;-0.564821;0.265018;-0.116608;0.378092;0.074205;0.159011;0.300353;-0.0459364;0.363958;0.159011;-0.0106007;0.116608;0.151943;0.349823;0.243816;-0.144876;0.40636;-0.123675;0.222615;0.151943;0.208481;0.0883392;0.307421;0.0812721;-0.872791;0.236749;0.0600707;0.144876;0.236749;0.194346;0.618375;0.123675;0.0530036;0.272085;-0.0600707;-0.413428;-0.123675;0.212355;-0.111969;0.144105;0.308057;0.383886;0.772512;0.469194;0.43128;0.270142;0.71564;0.526066;0.57346;0.478673;0.772727;0.363636;0.236364;0.772727;0.354545;-0.490909;0.463636;0.918182;0.381818;-0.227273;-0.0181818;-1;0;0;0;0

0.718227;0.647887;0.707462;0.611429;-0.454285;0.0671378;0.265018;-0.116608;0.378092;0.074205;0.159011;0.300353;-0.0459364;0.363958;0.159011;-0.0106007;0.116608;0.151943;0.349823;0.243816;-0.144876;0.40636;-0.123675;0.222615;0.151943;0.208481;0.0883392;0.307421;0.0812721;-0.872791;0.236749;0.0600707;0.144876;0.236749;0.194346;0.618375;0.123675;0.0530036;0.272085;-0.0600707;-0.413428;-0.042471;0.212355;0.00436681;0.07109;0.308057;0.383886;0.772512;0.469194;0.43128;0.270142;0.71564;0.526066;0.57346;0.418182;0.772727;0.363636;0.236364;0.772727;0.354545;-0.490909;0.463636;0.918182;0.381818;-0.227273;-1;0;0;0;0

0.566502;0.577465;0.578109;0.622857;-0.339381;-0.349823;0.0671378;0.265018;-0.116608;0.378092;0.074205;0.159011;0.300353;-0.0459364;0.363958;0.159011;-0.0106007;0.116608;0.151943;0.349823;0.243816;-0.144876;0.40636;-0.123675;0.222615;0.151943;0.208481;0.0883392;0.307421;0.0812721;-0.872791;0.236749;0.0600707;0.144876;0.236749;0.194346;0.618375;0.123675;0.0530036;0.272085;-0.0600707;-0.359073;-0.042471;0.371179;-0.0805688;0.07109;0.308057;0.383886;0.772512;0.469194;0.43128;0.270142;0.71564;0.526066;0.509091;0.418182;0.772727;0.363636;0.236364;0.772727;0.354545;-0.490909;0.463636;0.918182;0.381818;-1;0;0;0;0

0.540887;0.48491;0.556219;0.495238;-0.384133;0.102474;-0.349823;0.0671378;0.265018;-0.116608;0.378092;0.074205;0.159011;0.300353;-0.0459364;0.363958;0.159011;-0.0106007;0.116608;0.151943;0.349823;0.243816;-0.144876;0.40636;-0.123675;0.222615;0.151943;0.208481;0.0883392;0.307421;0.0812721;-0.872791;0.236749;0.0600707;0.144876;0.236749;0.194346;0.618375;0.123675;0.0530036;0.272085;0.027027;-0.359073;0.0829695;0.317536;-0.0805688;0.07109;0.308057;0.383886;0.772512;0.469194;0.43128;0.270142;0.71564;0.463636;0.509091;0.418182;0.772727;0.363636;0.236364;0.772727;0.354545;-0.490909;0.463636;0.918182;-1;0;0;0;0

0.485714;0.428571;0.490547;0.436191;-0.570421;-0.00353354;0.102474;-0.349823;0.0671378;0.265018;-0.116608;0.378092;0.074205;0.159011;0.300353;-0.0459364;0.363958;0.159011;-0.0106007;0.116608;0.151943;0.349823;0.243816;-0.144876;0.40636;-0.123675;0.222615;0.151943;0.208481;0.0883392;0.307421;0.0812721;-0.872791;0.236749;0.0600707;0.144876;0.236749;0.194346;0.618375;0.123675;0.0530036;0.389961;0.027027;-0.275109;0.00473933;0.317536;-0.0805688;0.07109;0.308057;0.383886;0.772512;0.469194;0.43128;0.270142;0.645455;0.463636;0.509091;0.418182;0.772727;0.363636;0.236364;0.772727;0.354545;-0.490909;0.463636;-1;0;0;0;0

0.381281;0.366197;0.363184;0.388572;1;-0.180212;-0.00353354;0.102474;-0.349823;0.0671378;0.265018;-0.116608;0.378092;0.074205;0.159011;0.300353;-0.0459364;0.363958;0.159011;-0.0106007;0.116608;0.151943;0.349823;0.243816;-0.144876;0.40636;-0.123675;0.222615;0.151943;0.208481;0.0883392;0.307421;0.0812721;-0.872791;0.236749;0.0600707;0.144876;0.236749;0.194346;0.618375;0.123675;0.150579;0.389961;0.161572;-0.383886;0.00473933;0.317536;-0.0805688;0.07109;0.308057;0.383886;0.772512;0.469194;0.43128;0.218182;0.645455;0.463636;0.509091;0.418182;0.772727;0.363636;0.236364;0.772727;0.354545;-0.490909;+1;0;0;0;0

0.418719;0.293763;0.373134;0.285714;-0.0213233;0.328622;-0.180212;-0.00353354;0.102474;-0.349823;0.0671378;0.265018;-0.116608;0.378092;0.074205;0.159011;0.300353;-0.0459364;0.363958;0.159011;-0.0106007;0.116608;0.151943;0.349823;0.243816;-0.144876;0.40636;-0.123675;0.222615;0.151943;0.208481;0.0883392;0.307421;0.0812721;-0.872791;0.236749;0.0600707;0.144876;0.236749;0.194346;0.618375;0.227799;0.150579;0.572052;0.0900474;-0.383886;0.00473933;0.317536;-0.0805688;0.07109;0.308057;0.383886;0.772512;0.469194;0.372727;0.218182;0.645455;0.463636;0.509091;0.418182;0.772727;0.363636;0.236364;0.772727;0.354545;-1;0;0;0;0

0.341872;0.269618;0.355224;0.321905;-0.452986;-0.0812721;0.328622;-0.180212;-0.00353354;0.102474;-0.349823;0.0671378;0.265018;-0.116608;0.378092;0.074205;0.159011;0.300353;-0.0459364;0.363958;0.159011;-0.0106007;0.116608;0.151943;0.349823;0.243816;-0.144876;0.40636;-0.123675;0.222615;0.151943;0.208481;0.0883392;0.307421;0.0812721;-0.872791;0.236749;0.0600707;0.144876;0.236749;0.194346;0.76834;0.227799;0.30131;0.535545;0.0900474;-0.383886;0.00473933;0.317536;-0.0805688;0.07109;0.308057;0.383886;0.772512;0.409091;0.372727;0.218182;0.645455;0.463636;0.509091;0.418182;0.772727;0.363636;0.236364;0.772727;-1;0;0;0;0

0.330049;0.22334;0.323383;0.255238;-0.342539;0.151943;-0.0812721;0.328622;-0.180212;-0.00353354;0.102474;-0.349823;0.0671378;0.265018;-0.116608;0.378092;0.074205;0.159011;0.300353;-0.0459364;0.363958;0.159011;-0.0106007;0.116608;0.151943;0.349823;0.243816;-0.144876;0.40636;-0.123675;0.222615;0.151943;0.208481;0.0883392;0.307421;0.0812721;-0.872791;0.236749;0.0600707;0.144876;0.236749;0.305019;0.76834;0.388646;0.241706;0.535545;0.0900474;-0.383886;0.00473933;0.317536;-0.0805688;0.07109;0.308057;0.383886;0.7;0.409091;0.372727;0.218182;0.645455;0.463636;0.509091;0.418182;0.772727;0.363636;0.236364;-1;0;0;0;0

0.300492;0.203219;0.293532;0.213333;-0.274672;0.0883392;0.151943;-0.0812721;0.328622;-0.180212;-0.00353354;0.102474;-0.349823;0.0671378;0.265018;-0.116608;0.378092;0.074205;0.159011;0.300353;-0.0459364;0.363958;0.159011;-0.0106007;0.116608;0.151943;0.349823;0.243816;-0.144876;0.40636;-0.123675;0.222615;0.151943;0.208481;0.0883392;0.307421;0.0812721;-0.872791;0.236749;0.0600707;0.144876;0.351351;0.305019;1;0.336493;0.241706;0.535545;0.0900474;-0.383886;0.00473933;0.317536;-0.0805688;0.07109;0.308057;0.327273;0.7;0.409091;0.372727;0.218182;0.645455;0.463636;0.509091;0.418182;0.772727;0.363636;-1;0;0;0;0

0.225616;0.156942;0.22587;0.207619;-0.387067;-0.0742049;0.0883392;0.151943;-0.0812721;0.328622;-0.180212;-0.00353354;0.102474;-0.349823;0.0671378;0.265018;-0.116608;0.378092;0.074205;0.159011;0.300353;-0.0459364;0.363958;0.159011;-0.0106007;0.116608;0.151943;0.349823;0.243816;-0.144876;0.40636;-0.123675;0.222615;0.151943;0.208481;0.0883392;0.307421;0.0812721;-0.872791;0.236749;0.0600707;0.250965;0.351351;0.475983;1;0.336493;0.241706;0.535545;0.0900474;-0.383886;0.00473933;0.317536;-0.0805688;0.07109;0.254545;0.327273;0.7;0.409091;0.372727;0.218182;0.645455;0.463636;0.509091;0.418182;0.772727;+1;0;0;0;0

0.229557;0.118712;0.21393;0.150476;-0.521794;0.208481;-0.0742049;0.0883392;0.151943;-0.0812721;0.328622;-0.180212;-0.00353354;0.102474;-0.349823;0.0671378;0.265018;-0.116608;0.378092;0.074205;0.159011;0.300353;-0.0459364;0.363958;0.159011;-0.0106007;0.116608;0.151943;0.349823;0.243816;-0.144876;0.40636;-0.123675;0.222615;0.151943;0.208481;0.0883392;0.307421;0.0812721;-0.872791;0.236749;0.158301;0.250965;0.528384;0.43128;1;0.336493;0.241706;0.535545;0.0900474;-0.383886;0.00473933;0.317536;-0.0805688;0.0272727;0.254545;0.327273;0.7;0.409091;0.372727;0.218182;0.645455;0.463636;0.509091;0.418182;-1;0;0;0;0

0.20197;0.1167;0.20995;0.121905;-0.771939;0.0954064;0.208481;-0.0742049;0.0883392;0.151943;-0.0812721;0.328622;-0.180212;-0.00353354;0.102474;-0.349823;0.0671378;0.265018;-0.116608;0.378092;0.074205;0.159011;0.300353;-0.0459364;0.363958;0.159011;-0.0106007;0.116608;0.151943;0.349823;0.243816;-0.144876;0.40636;-0.123675;0.222615;0.151943;0.208481;0.0883392;0.307421;0.0812721;-0.872791;0.351351;0.158301;0.414847;0.488152;0.43128;1;0.336493;0.241706;0.535545;0.0900474;-0.383886;0.00473933;0.317536;-0.118182;0.0272727;0.254545;0.327273;0.7;0.409091;0.372727;0.218182;0.645455;0.463636;0.509091;-1;0;0;0;0

0.192118;0.0704224;0.176119;0.127619;-0.564127;0.159011;0.0954064;0.208481;-0.0742049;0.0883392;0.151943;-0.0812721;0.328622;-0.180212;-0.00353354;0.102474;-0.349823;0.0671378;0.265018;-0.116608;0.378092;0.074205;0.159011;0.300353;-0.0459364;0.363958;0.159011;-0.0106007;0.116608;0.151943;0.349823;0.243816;-0.144876;0.40636;-0.123675;0.222615;0.151943;0.208481;0.0883392;0.307421;0.0812721;-0.861004;0.351351;0.310044;0.364929;0.488152;0.43128;1;0.336493;0.241706;0.535545;0.0900474;-0.383886;0.00473933;0.263636;-0.118182;0.0272727;0.254545;0.327273;0.7;0.409091;0.372727;0.218182;0.645455;0.463636;-1;0;0;0;0

0.140887;0.0362172;0.152239;0.0876192;-0.536353;0.0106007;0.159011;0.0954064;0.208481;-0.0742049;0.0883392;0.151943;-0.0812721;0.328622;-0.180212;-0.00353354;0.102474;-0.349823;0.0671378;0.265018;-0.116608;0.378092;0.074205;0.159011;0.300353;-0.0459364;0.363958;0.159011;-0.0106007;0.116608;0.151943;0.349823;0.243816;-0.144876;0.40636;-0.123675;0.222615;0.151943;0.208481;0.0883392;0.307421;0.181467;-0.861004;0.528384;0.251185;0.364929;0.488152;0.43128;1;0.336493;0.241706;0.535545;0.0900474;-0.383886;-0.0363636;0.263636;-0.118182;0.0272727;0.254545;0.327273;0.7;0.409091;0.372727;0.218182;0.645455;-1;0;0;0;0

0.133005;0.0281691;0.130348;0.0742859;-0.679434;0.166078;0.0106007;0.159011;0.0954064;0.208481;-0.0742049;0.0883392;0.151943;-0.0812721;0.328622;-0.180212;-0.00353354;0.102474;-0.349823;0.0671378;0.265018;-0.116608;0.378092;0.074205;0.159011;0.300353;-0.0459364;0.363958;0.159011;-0.0106007;0.116608;0.151943;0.349823;0.243816;-0.144876;0.40636;-0.123675;0.222615;0.151943;0.208481;0.0883392;0.428571;0.181467;-0.842795;0.488152;0.251185;0.364929;0.488152;0.43128;1;0.336493;0.241706;0.535545;0.0900474;-0.409091;-0.0363636;0.263636;-0.118182;0.0272727;0.254545;0.327273;0.7;0.409091;0.372727;0.218182;+1;0;0;0;0

0.142857;0.0140846;0.114428;0.057143;-0.688281;0.229682;0.166078;0.0106007;0.159011;0.0954064;0.208481;-0.0742049;0.0883392;0.151943;-0.0812721;0.328622;-0.180212;-0.00353354;0.102474;-0.349823;0.0671378;0.265018;-0.116608;0.378092;0.074205;0.159011;0.300353;-0.0459364;0.363958;0.159011;-0.0106007;0.116608;0.151943;0.349823;0.243816;-0.144876;0.40636;-0.123675;0.222615;0.151943;0.208481;0.189189;0.428571;0.336245;-1;0.488152;0.251185;0.364929;0.488152;0.43128;1;0.336493;0.241706;0.535545;0.0454545;-0.409091;-0.0363636;0.263636;-0.118182;0.0272727;0.254545;0.327273;0.7;0.409091;0.372727;+1;0;0;0;0

0.198029;0.0543259;0.160199;0.0609522;-0.381266;0.392226;0.229682;0.166078;0.0106007;0.159011;0.0954064;0.208481;-0.0742049;0.0883392;0.151943;-0.0812721;0.328622;-0.180212;-0.00353354;0.102474;-0.349823;0.0671378;0.265018;-0.116608;0.378092;0.074205;0.159011;0.300353;-0.0459364;0.363958;0.159011;-0.0106007;0.116608;0.151943;0.349823;0.243816;-0.144876;0.40636;-0.123675;0.222615;0.151943;0.320463;0.189189;0.615721;0.279621;-1;0.488152;0.251185;0.364929;0.488152;0.43128;1;0.336493;0.241706;0.472727;0.0454545;-0.409091;-0.0363636;0.263636;-0.118182;0.0272727;0.254545;0.327273;0.7;0.409091;+1;0;0;0;0

0.270936;0.191147;0.18607;0.131429;-0.084666;0.45583;0.392226;0.229682;0.166078;0.0106007;0.159011;0.0954064;0.208481;-0.0742049;0.0883392;0.151943;-0.0812721;0.328622;-0.180212;-0.00353354;0.102474;-0.349823;0.0671378;0.265018;-0.116608;0.378092;0.074205;0.159011;0.300353;-0.0459364;0.363958;0.159011;-0.0106007;0.116608;0.151943;0.349823;0.243816;-0.144876;0.40636;-0.123675;0.222615;0.258687;0.320463;0.344978;0.582938;0.279621;-1;0.488152;0.251185;0.364929;0.488152;0.43128;1;0.336493;0.190909;0.472727;0.0454545;-0.409091;-0.0363636;0.263636;-0.118182;0.0272727;0.254545;0.327273;0.7;-1;0;0;0;0

0.259113;0.169014;0.21592;0.209524;-0.544886;0.151943;0.45583;0.392226;0.229682;0.166078;0.0106007;0.159011;0.0954064;0.208481;-0.0742049;0.0883392;0.151943;-0.0812721;0.328622;-0.180212;-0.00353354;0.102474;-0.349823;0.0671378;0.265018;-0.116608;0.378092;0.074205;0.159011;0.300353;-0.0459364;0.363958;0.159011;-0.0106007;0.116608;0.151943;0.349823;0.243816;-0.144876;0.40636;-0.123675;0.335907;0.258687;0.49345;0.2891;0.582938;0.279621;-1;0.488152;0.251185;0.364929;0.488152;0.43128;1;0.281818;0.190909;0.472727;0.0454545;-0.409091;-0.0363636;0.263636;-0.118182;0.0272727;0.254545;0.327273;+1;0;0;0;0

0.274877;0.146881;0.22587;0.167619;-0.40895;0.250883;0.151943;0.45583;0.392226;0.229682;0.166078;0.0106007;0.159011;0.0954064;0.208481;-0.0742049;0.0883392;0.151943;-0.0812721;0.328622;-0.180212;-0.00353354;0.102474;-0.349823;0.0671378;0.265018;-0.116608;0.378092;0.074205;0.159011;0.300353;-0.0459364;0.363958;0.159011;-0.0106007;0.116608;0.151943;0.349823;0.243816;-0.144876;0.40636;-0.042471;0.335907;0.423581;0.450237;0.2891;0.582938;0.279621;-1;0.488152;0.251185;0.364929;0.488152;0.43128;0.918182;0.281818;0.190909;0.472727;0.0454545;-0.409091;-0.0363636;0.263636;-0.118182;0.0272727;0.254545;+1;0;0;0;0

0.330049;0.171026;0.273632;0.184762;-0.858375;0.392226;0.250883;0.151943;0.45583;0.392226;0.229682;0.166078;0.0106007;0.159011;0.0954064;0.208481;-0.0742049;0.0883392;0.151943;-0.0812721;0.328622;-0.180212;-0.00353354;0.102474;-0.349823;0.0671378;0.265018;-0.116608;0.378092;0.074205;0.159011;0.300353;-0.0459364;0.363958;0.159011;-0.0106007;0.116608;0.151943;0.349823;0.243816;-0.144876;0.53668;-0.042471;0.510917;0.374408;0.450237;0.2891;0.582938;0.279621;-1;0.488152;0.251185;0.364929;0.488152;0.372727;0.918182;0.281818;0.190909;0.472727;0.0454545;-0.409091;-0.0363636;0.263636;-0.118182;0.0272727;-1;0;0;0;0

0.29064;0.219316;0.287562;0.232381;-0.452224;0.0530036;0.392226;0.250883;0.151943;0.45583;0.392226;0.229682;0.166078;0.0106007;0.159011;0.0954064;0.208481;-0.0742049;0.0883392;0.151943;-0.0812721;0.328622;-0.180212;-0.00353354;0.102474;-0.349823;0.0671378;0.265018;-0.116608;0.378092;0.074205;0.159011;0.300353;-0.0459364;0.363958;0.159011;-0.0106007;0.116608;0.151943;0.349823;0.243816;-0.065637;0.53668;0.0829695;0.469194;0.374408;0.450237;0.2891;0.582938;0.279621;-1;0.488152;0.251185;0.364929;0.427273;0.372727;0.918182;0.281818;0.190909;0.472727;0.0454545;-0.409091;-0.0363636;0.263636;-0.118182;-1;0;0;0;0

0.241379;0.120724;0.22587;0.179048;-0.73646;0.0176679;0.0530036;0.392226;0.250883;0.151943;0.45583;0.392226;0.229682;0.166078;0.0106007;0.159011;0.0954064;0.208481;-0.0742049;0.0883392;0.151943;-0.0812721;0.328622;-0.180212;-0.00353354;0.102474;-0.349823;0.0671378;0.265018;-0.116608;0.378092;0.074205;0.159011;0.300353;-0.0459364;0.363958;0.159011;-0.0106007;0.116608;0.151943;0.349823;0.359073;-0.065637;0.737991;0.00473933;0.469194;0.374408;0.450237;0.2891;0.582938;0.279621;-1;0.488152;0.251185;0.309091;0.427273;0.372727;0.918182;0.281818;0.190909;0.472727;0.0454545;-0.409091;-0.0363636;0.263636;+1;0;0;0;0

0.310345;0.154929;0.273632;0.198095;-0.59918;0.441696;0.0176679;0.0530036;0.392226;0.250883;0.151943;0.45583;0.392226;0.229682;0.166078;0.0106007;0.159011;0.0954064;0.208481;-0.0742049;0.0883392;0.151943;-0.0812721;0.328622;-0.180212;-0.00353354;0.102474;-0.349823;0.0671378;0.265018;-0.116608;0.378092;0.074205;0.159011;0.300353;-0.0459364;0.363958;0.159011;-0.0106007;0.116608;0.151943;0.474903;0.359073;0.0567686;0.71564;0.00473933;0.469194;0.374408;0.450237;0.2891;0.582938;0.279621;-1;0.488152;0.2;0.309091;0.427273;0.372727;0.918182;0.281818;0.190909;0.472727;0.0454545;-0.409091;-0.0363636;-1;0;0;0;0

0.221675;0.118712;0.19801;0.169524;-0.390763;-0.123675;0.441696;0.0176679;0.0530036;0.392226;0.250883;0.151943;0.45583;0.392226;0.229682;0.166078;0.0106007;0.159011;0.0954064;0.208481;-0.0742049;0.0883392;0.151943;-0.0812721;0.328622;-0.180212;-0.00353354;0.102474;-0.349823;0.0671378;0.265018;-0.116608;0.378092;0.074205;0.159011;0.300353;-0.0459364;0.363958;0.159011;-0.0106007;0.116608;0.258687;0.474903;0.537118;-0.0236967;0.71564;0.00473933;0.469194;0.374408;0.450237;0.2891;0.582938;0.279621;-1;0.427273;0.2;0.309091;0.427273;0.372727;0.918182;0.281818;0.190909;0.472727;0.0454545;-0.409091;-1;0;0;0;0

0.0896551;0.0241448;0.0766167;0.0838095;-0.383595;-0.279152;-0.123675;0.441696;0.0176679;0.0530036;0.392226;0.250883;0.151943;0.45583;0.392226;0.229682;0.166078;0.0106007;0.159011;0.0954064;0.208481;-0.0742049;0.0883392;0.151943;-0.0812721;0.328622;-0.180212;-0.00353354;0.102474;-0.349823;0.0671378;0.265018;-0.116608;0.378092;0.074205;0.159011;0.300353;-0.0459364;0.363958;0.159011;-0.0106007;0.220077;0.258687;0.668122;0.49763;-0.0236967;0.71564;0.00473933;0.469194;0.374408;0.450237;0.2891;0.582938;0.279621;-1;0.427273;0.2;0.309091;0.427273;0.372727;0.918182;0.281818;0.190909;0.472727;0.0454545;-1;0;0;0;0

0.00492594;-0.0663986;0.0149252;-0.0190478;-0.473973;-0.109541;-0.279152;-0.123675;0.441696;0.0176679;0.0530036;0.392226;0.250883;0.151943;0.45583;0.392226;0.229682;0.166078;0.0106007;0.159011;0.0954064;0.208481;-0.0742049;0.0883392;0.151943;-0.0812721;0.328622;-0.180212;-0.00353354;0.102474;-0.349823;0.0671378;0.265018;-0.116608;0.378092;0.074205;0.159011;0.300353;-0.0459364;0.363958;0.159011;0.0810811;0.220077;0.423581;0.63981;0.49763;-0.0236967;0.71564;0.00473933;0.469194;0.374408;0.450237;0.2891;0.582938;0.227273;-1;0.427273;0.2;0.309091;0.427273;0.372727;0.918182;0.281818;0.190909;0.472727;+1;0;0;0;0

0.071921;-0.0583501;0.000994953;-0.0914286;-0.676925;0.434629;-0.109541;-0.279152;-0.123675;0.441696;0.0176679;0.0530036;0.392226;0.250883;0.151943;0.45583;0.392226;0.229682;0.166078;0.0106007;0.159011;0.0954064;0.208481;-0.0742049;0.0883392;0.151943;-0.0812721;0.328622;-0.180212;-0.00353354;0.102474;-0.349823;0.0671378;0.265018;-0.116608;0.378092;0.074205;0.159011;0.300353;-0.0459364;0.363958;0.266409;0.0810811;0.379913;0.374408;0.63981;0.49763;-0.0236967;0.71564;0.00473933;0.469194;0.374408;0.450237;0.2891;0.518182;0.227273;-1;0.427273;0.2;0.309091;0.427273;0.372727;0.918182;0.281818;0.190909;-1;0;0;0;0

-0.0364532;-0.0925553;-0.0527365;-0.0133334;-0.437262;-0.194346;0.434629;-0.109541;-0.279152;-0.123675;0.441696;0.0176679;0.0530036;0.392226;0.250883;0.151943;0.45583;0.392226;0.229682;0.166078;0.0106007;0.159011;0.0954064;0.208481;-0.0742049;0.0883392;0.151943;-0.0812721;0.328622;-0.180212;-0.00353354;0.102474;-0.349823;0.0671378;0.265018;-0.116608;0.378092;0.074205;0.159011;0.300353;-0.0459364;0.490348;0.266409;0.222707;0.327014;0.374408;0.63981;0.49763;-0.0236967;0.71564;0.00473933;0.469194;0.374408;0.450237;0.236364;0.518182;0.227273;-1;0.427273;0.2;0.309091;0.427273;0.372727;0.918182;0.281818;-1;0;0;0;0

-0.117241;-0.179075;-0.136319;-0.118095;-0.588586;-0.0954063;-0.194346;0.434629;-0.109541;-0.279152;-0.123675;0.441696;0.0176679;0.0530036;0.392226;0.250883;0.151943;0.45583;0.392226;0.229682;0.166078;0.0106007;0.159011;0.0954064;0.208481;-0.0742049;0.0883392;0.151943;-0.0812721;0.328622;-0.180212;-0.00353354;0.102474;-0.349823;0.0671378;0.265018;-0.116608;0.378092;0.074205;0.159011;0.300353;0.0424711;0.490348;0.432314;0.156398;0.327014;0.374408;0.63981;0.49763;-0.0236967;0.71564;0.00473933;0.469194;0.374408;0.390909;0.236364;0.518182;0.227273;-1;0.427273;0.2;0.309091;0.427273;0.372727;0.918182;-1;0;0;0;0

-0.182266;-0.293763;-0.19403;-0.238095;-0.572145;-0.0388692;-0.0954063;-0.194346;0.434629;-0.109541;-0.279152;-0.123675;0.441696;0.0176679;0.0530036;0.392226;0.250883;0.151943;0.45583;0.392226;0.229682;0.166078;0.0106007;0.159011;0.0954064;0.208481;-0.0742049;0.0883392;0.151943;-0.0812721;0.328622;-0.180212;-0.00353354;0.102474;-0.349823;0.0671378;0.265018;-0.116608;0.378092;0.074205;0.159011;0.420849;0.0424711;0.685589;0.383886;0.156398;0.327014;0.374408;0.63981;0.49763;-0.0236967;0.71564;0.00473933;0.469194;0.318182;0.390909;0.236364;0.518182;0.227273;-1;0.427273;0.2;0.309091;0.427273;0.372727;+1;0;0;0;0

-0.140887;-0.263582;-0.20199;-0.234286;-0.38653;0.342756;-0.0388692;-0.0954063;-0.194346;0.434629;-0.109541;-0.279152;-0.123675;0.441696;0.0176679;0.0530036;0.392226;0.250883;0.151943;0.45583;0.392226;0.229682;0.166078;0.0106007;0.159011;0.0954064;0.208481;-0.0742049;0.0883392;0.151943;-0.0812721;0.328622;-0.180212;-0.00353354;0.102474;-0.349823;0.0671378;0.265018;-0.116608;0.378092;0.074205;0.266409;0.420849;0.179039;0.658768;0.383886;0.156398;0.327014;0.374408;0.63981;0.49763;-0.0236967;0.71564;0.00473933;0.409091;0.318182;0.390909;0.236364;0.518182;0.227273;-1;0.427273;0.2;0.309091;0.427273;-1;0;0;0;0

-0.190148;-0.253521;-0.18209;-0.190476;-0.554988;0.0176679;0.342756;-0.0388692;-0.0954063;-0.194346;0.434629;-0.109541;-0.279152;-0.123675;0.441696;0.0176679;0.0530036;0.392226;0.250883;0.151943;0.45583;0.392226;0.229682;0.166078;0.0106007;0.159011;0.0954064;0.208481;-0.0742049;0.0883392;0.151943;-0.0812721;0.328622;-0.180212;-0.00353354;0.102474;-0.349823;0.0671378;0.265018;-0.116608;0.378092;0.173745;0.266409;0.606987;0.109005;0.658768;0.383886;0.156398;0.327014;0.374408;0.63981;0.49763;-0.0236967;0.71564;-0.0363636;0.409091;0.318182;0.390909;0.236364;0.518182;0.227273;-1;0.427273;0.2;0.309091;+1;0;0;0;0

-0.123153;-0.253521;-0.20199;-0.247619;-0.302289;0.434629;0.0176679;0.342756;-0.0388692;-0.0954063;-0.194346;0.434629;-0.109541;-0.279152;-0.123675;0.441696;0.0176679;0.0530036;0.392226;0.250883;0.151943;0.45583;0.392226;0.229682;0.166078;0.0106007;0.159011;0.0954064;0.208481;-0.0742049;0.0883392;0.151943;-0.0812721;0.328622;-0.180212;-0.00353354;0.102474;-0.349823;0.0671378;0.265018;-0.116608;0.505792;0.173745;0.432314;0.57346;0.109005;0.658768;0.383886;0.156398;0.327014;0.374408;0.63981;0.49763;-0.0236967;0.645455;-0.0363636;0.409091;0.318182;0.390909;0.236364;0.518182;0.227273;-1;0.427273;0.2;-1;0;0;0;0

-0.172414;-0.217304;-0.166169;-0.201905;-0.510482;0.0176679;0.434629;0.0176679;0.342756;-0.0388692;-0.0954063;-0.194346;0.434629;-0.109541;-0.279152;-0.123675;0.441696;0.0176679;0.0530036;0.392226;0.250883;0.151943;0.45583;0.392226;0.229682;0.166078;0.0106007;0.159011;0.0954064;0.208481;-0.0742049;0.0883392;0.151943;-0.0812721;0.328622;-0.180212;-0.00353354;0.102474;-0.349823;0.0671378;0.265018;-0.034749;0.505792;0.327511;0.383886;0.57346;0.109005;0.658768;0.383886;0.156398;0.327014;0.374408;0.63981;0.49763;-0.0636364;0.645455;-0.0363636;0.409091;0.318182;0.390909;0.236364;0.518182;0.227273;-1;0.427273;-1;0;0;0;0

-0.24335;-0.323944;-0.235821;-0.268572;-0.310039;-0.0600707;0.0176679;0.434629;0.0176679;0.342756;-0.0388692;-0.0954063;-0.194346;0.434629;-0.109541;-0.279152;-0.123675;0.441696;0.0176679;0.0530036;0.392226;0.250883;0.151943;0.45583;0.392226;0.229682;0.166078;0.0106007;0.159011;0.0954064;0.208481;-0.0742049;0.0883392;0.151943;-0.0812721;0.328622;-0.180212;-0.00353354;0.102474;-0.349823;0.0671378;0.382239;-0.034749;0.703057;0.270142;0.383886;0.57346;0.109005;0.658768;0.383886;0.156398;0.327014;0.374408;0.63981;0.436364;-0.0636364;0.645455;-0.0363636;0.409091;0.318182;0.390909;0.236364;0.518182;0.227273;-1;-1;0;0;0;0

-0.310345;-0.400403;-0.311443;-0.316191;-0.332057;-0.0459364;-0.0600707;0.0176679;0.434629;0.0176679;0.342756;-0.0388692;-0.0954063;-0.194346;0.434629;-0.109541;-0.279152;-0.123675;0.441696;0.0176679;0.0530036;0.392226;0.250883;0.151943;0.45583;0.392226;0.229682;0.166078;0.0106007;0.159011;0.0954064;0.208481;-0.0742049;0.0883392;0.151943;-0.0812721;0.328622;-0.180212;-0.00353354;0.102474;-0.349823;0.166023;0.382239;0.0917031;0.677725;0.270142;0.383886;0.57346;0.109005;0.658768;0.383886;0.156398;0.327014;0.374408;0.572727;0.436364;-0.0636364;0.645455;-0.0363636;0.409091;0.318182;0.390909;0.236364;0.518182;0.227273;-1;0;0;0;0

-0.320197;-0.452716;-0.381095;-0.424762;-0.259687;0.159011;-0.0459364;-0.0600707;0.0176679;0.434629;0.0176679;0.342756;-0.0388692;-0.0954063;-0.194346;0.434629;-0.109541;-0.279152;-0.123675;0.441696;0.0176679;0.0530036;0.392226;0.250883;0.151943;0.45583;0.392226;0.229682;0.166078;0.0106007;0.159011;0.0954064;0.208481;-0.0742049;0.0883392;0.151943;-0.0812721;0.328622;-0.180212;-0.00353354;0.102474;-0.289575;0.166023;0.563319;0.014218;0.677725;0.270142;0.383886;0.57346;0.109005;0.658768;0.383886;0.156398;0.327014;0.318182;0.572727;0.436364;-0.0636364;0.645455;-0.0363636;0.409091;0.318182;0.390909;0.236364;0.518182;+1;0;0;0;0

-0.314286;-0.432596;-0.329353;-0.392381;-0.63616;0.215548;0.159011;-0.0459364;-0.0600707;0.0176679;0.434629;0.0176679;0.342756;-0.0388692;-0.0954063;-0.194346;0.434629;-0.109541;-0.279152;-0.123675;0.441696;0.0176679;0.0530036;0.392226;0.250883;0.151943;0.45583;0.392226;0.229682;0.166078;0.0106007;0.159011;0.0954064;0.208481;-0.0742049;0.0883392;0.151943;-0.0812721;0.328622;-0.180212;-0.00353354;0.204633;-0.289575;0.318777;0.526066;0.014218;0.677725;0.270142;0.383886;0.57346;0.109005;0.658768;0.383886;0.156398;0.272727;0.318182;0.572727;0.436364;-0.0636364;0.645455;-0.0363636;0.409091;0.318182;0.390909;0.236364;-1;0;0;0;0

-0.33399;-0.472837;-0.349254;-0.405714;-0.380079;0.123675;0.215548;0.159011;-0.0459364;-0.0600707;0.0176679;0.434629;0.0176679;0.342756;-0.0388692;-0.0954063;-0.194346;0.434629;-0.109541;-0.279152;-0.123675;0.441696;0.0176679;0.0530036;0.392226;0.250883;0.151943;0.45583;0.392226;0.229682;0.166078;0.0106007;0.159011;0.0954064;0.208481;-0.0742049;0.0883392;0.151943;-0.0812721;0.328622;-0.180212;0.0888031;0.204633;-0.196507;0.260663;0.526066;0.014218;0.677725;0.270142;0.383886;0.57346;0.109005;0.658768;0.383886;0.109091;0.272727;0.318182;0.572727;0.436364;-0.0636364;0.645455;-0.0363636;0.409091;0.318182;0.390909;-1;0;0;0;0

-0.408867;-0.464789;-0.406965;-0.382857;-0.584644;-0.0742049;0.123675;0.215548;0.159011;-0.0459364;-0.0600707;0.0176679;0.434629;0.0176679;0.342756;-0.0388692;-0.0954063;-0.194346;0.434629;-0.109541;-0.279152;-0.123675;0.441696;0.0176679;0.0530036;0.392226;0.250883;0.151943;0.45583;0.392226;0.229682;0.166078;0.0106007;0.159011;0.0954064;0.208481;-0.0742049;0.0883392;0.151943;-0.0812721;0.328622;-0.104247;0.0888031;0.362445;-0.298578;0.260663;0.526066;0.014218;0.677725;0.270142;0.383886;0.57346;0.109005;0.658768;0.327273;0.109091;0.272727;0.318182;0.572727;0.436364;-0.0636364;0.645455;-0.0363636;0.409091;0.318182;-1;0;0;0;0

-0.464039;-0.50503;-0.482587;-0.491429;-0.572862;-0.00353354;-0.0742049;0.123675;0.215548;0.159011;-0.0459364;-0.0600707;0.0176679;0.434629;0.0176679;0.342756;-0.0388692;-0.0954063;-0.194346;0.434629;-0.109541;-0.279152;-0.123675;0.441696;0.0176679;0.0530036;0.392226;0.250883;0.151943;0.45583;0.392226;0.229682;0.166078;0.0106007;0.159011;0.0954064;0.208481;-0.0742049;0.0883392;0.151943;-0.0812721;0.451737;-0.104247;0.231441;0.308057;-0.298578;0.260663;0.526066;0.014218;0.677725;0.270142;0.383886;0.57346;0.109005;0.590909;0.327273;0.109091;0.272727;0.318182;0.572727;0.436364;-0.0636364;0.645455;-0.0363636;0.409091;+1;0;0;0;0

-0.456158;-0.567404;-0.560199;-0.51619;0.111589;0.222615;-0.00353354;-0.0742049;0.123675;0.215548;0.159011;-0.0459364;-0.0600707;0.0176679;0.434629;0.0176679;0.342756;-0.0388692;-0.0954063;-0.194346;0.434629;-0.109541;-0.279152;-0.123675;0.441696;0.0176679;0.0530036;0.392226;0.250883;0.151943;0.45583;0.392226;0.229682;0.166078;0.0106007;0.159011;0.0954064;0.208481;-0.0742049;0.0883392;0.151943;0.00386105;0.451737;0.0131005;0.165877;0.308057;-0.298578;0.260663;0.526066;0.014218;0.677725;0.270142;0.383886;0.57346;0.0636364;0.590909;0.327273;0.109091;0.272727;0.318182;0.572727;0.436364;-0.0636364;0.645455;-0.0363636;-1;0;0;0;0

-0.704434;-0.714286;-0.701493;-0.620952;0.638265;-0.696113;0.222615;-0.00353354;-0.0742049;0.123675;0.215548;0.159011;-0.0459364;-0.0600707;0.0176679;0.434629;0.0176679;0.342756;-0.0388692;-0.0954063;-0.194346;0.434629;-0.109541;-0.279152;-0.123675;0.441696;0.0176679;0.0530036;0.392226;0.250883;0.151943;0.45583;0.392226;0.229682;0.166078;0.0106007;0.159011;0.0954064;0.208481;-0.0742049;0.0883392;0.258687;0.00386105;0.641921;-0.07109;0.165877;0.308057;-0.298578;0.260663;0.526066;0.014218;0.677725;0.270142;0.383886;0.509091;0.0636364;0.590909;0.327273;0.109091;0.272727;0.318182;0.572727;0.436364;-0.0636364;0.645455;+1;0;0;0;0

-0.666995;-0.788732;-0.810945;-0.782857;0.162165;0.328622;-0.696113;0.222615;-0.00353354;-0.0742049;0.123675;0.215548;0.159011;-0.0459364;-0.0600707;0.0176679;0.434629;0.0176679;0.342756;-0.0388692;-0.0954063;-0.194346;0.434629;-0.109541;-0.279152;-0.123675;0.441696;0.0176679;0.0530036;0.392226;0.250883;0.151943;0.45583;0.392226;0.229682;0.166078;0.0106007;0.159011;0.0954064;0.208481;-0.0742049;0.189189;0.258687;0.135371;0.611374;-0.07109;0.165877;0.308057;-0.298578;0.260663;0.526066;0.014218;0.677725;0.270142;0.327273;0.509091;0.0636364;0.590909;0.327273;0.109091;0.272727;0.318182;0.572727;0.436364;-0.0636364;-1;0;0;0;0

-1;-0.955734;-1;-0.881905;0.264525;-1;0.328622;-0.696113;0.222615;-0.00353354;-0.0742049;0.123675;0.215548;0.159011;-0.0459364;-0.0600707;0.0176679;0.434629;0.0176679;0.342756;-0.0388692;-0.0954063;-0.194346;0.434629;-0.109541;-0.279152;-0.123675;0.441696;0.0176679;0.0530036;0.392226;0.250883;0.151943;0.45583;0.392226;0.229682;0.166078;0.0106007;0.159011;0.0954064;0.208481;0.011583;0.189189;0.423581;0.0616114;0.611374;-0.07109;0.165877;0.308057;-0.298578;0.260663;0.526066;0.014218;0.677725;0.218182;0.327273;0.509091;0.0636364;0.590909;0.327273;0.109091;0.272727;0.318182;0.572727;0.436364;+1;0;0;0;0

-0.82266;-1;-0.99204;-1;0.368364;0.830389;-1;0.328622;-0.696113;0.222615;-0.00353354;-0.0742049;0.123675;0.215548;0.159011;-0.0459364;-0.0600707;0.0176679;0.434629;0.0176679;0.342756;-0.0388692;-0.0954063;-0.194346;0.434629;-0.109541;-0.279152;-0.123675;0.441696;0.0176679;0.0530036;0.392226;0.250883;0.151943;0.45583;0.392226;0.229682;0.166078;0.0106007;0.159011;0.0954064;0.320463;0.011583;0.344978;0.374408;0.0616114;0.611374;-0.07109;0.165877;0.308057;-0.298578;0.260663;0.526066;0.014218;0.609091;0.218182;0.327273;0.509091;0.0636364;0.590909;0.327273;0.109091;0.272727;0.318182;0.572727;-1;0;0;0;0

-0.862069;-0.977867;-0.916418;-0.881905;0.222215;0.0530036;0.830389;-1;0.328622;-0.696113;0.222615;-0.00353354;-0.0742049;0.123675;0.215548;0.159011;-0.0459364;-0.0600707;0.0176679;0.434629;0.0176679;0.342756;-0.0388692;-0.0954063;-0.194346;0.434629;-0.109541;-0.279152;-0.123675;0.441696;0.0176679;0.0530036;0.392226;0.250883;0.151943;0.45583;0.392226;0.229682;0.166078;0.0106007;0.159011;0.196911;0.320463;0.144105;0.2891;0.374408;0.0616114;0.611374;-0.07109;0.165877;0.308057;-0.298578;0.260663;0.526066;-0.0272727;0.609091;0.218182;0.327273;0.509091;0.0636364;0.590909;0.327273;0.109091;0.272727;0.318182;+1;0;0;0;0

-0.637438;-0.752515;-0.856716;-0.887619;0.140931;1;0.0530036;0.830389;-1;0.328622;-0.696113;0.222615;-0.00353354;-0.0742049;0.123675;0.215548;0.159011;-0.0459364;-0.0600707;0.0176679;0.434629;0.0176679;0.342756;-0.0388692;-0.0954063;-0.194346;0.434629;-0.109541;-0.279152;-0.123675;0.441696;0.0176679;0.0530036;0.392226;0.250883;0.151943;0.45583;0.392226;0.229682;0.166078;0.0106007;0.266409;0.196911;0.49345;0.07109;0.2891;0.374408;0.0616114;0.611374;-0.07109;0.165877;0.308057;-0.298578;0.260663;0.463636;-0.0272727;0.609091;0.218182;0.327273;0.509091;0.0636364;0.590909;0.327273;0.109091;0.272727;+1;0;0;0;0

-0.566503;-0.688129;-0.677612;-0.659048;0.647382;0.448763;1;0.0530036;0.830389;-1;0.328622;-0.696113;0.222615;-0.00353354;-0.0742049;0.123675;0.215548;0.159011;-0.0459364;-0.0600707;0.0176679;0.434629;0.0176679;0.342756;-0.0388692;-0.0954063;-0.194346;0.434629;-0.109541;-0.279152;-0.123675;0.441696;0.0176679;0.0530036;0.392226;0.250883;0.151943;0.45583;0.392226;0.229682;0.166078;0.104247;0.266409;0.353712;0.450237;0.07109;0.2891;0.374408;0.0616114;0.611374;-0.07109;0.165877;0.308057;-0.298578;0.209091;0.463636;-0.0272727;0.609091;0.218182;0.327273;0.509091;0.0636364;0.590909;0.327273;0.109091;+1;0;0;0;0

-0.487685;-0.60161;-0.508458;-0.55619;-0.0645523;0.477032;0.448763;1;0.0530036;0.830389;-1;0.328622;-0.696113;0.222615;-0.00353354;-0.0742049;0.123675;0.215548;0.159011;-0.0459364;-0.0600707;0.0176679;0.434629;0.0176679;0.342756;-0.0388692;-0.0954063;-0.194346;0.434629;-0.109541;-0.279152;-0.123675;0.441696;0.0176679;0.0530036;0.392226;0.250883;0.151943;0.45583;0.392226;0.229682;0.274131;0.104247;0.432314;0.298578;0.450237;0.07109;0.2891;0.374408;0.0616114;0.611374;-0.07109;0.165877;0.308057;-0.327273;0.209091;0.463636;-0.0272727;0.609091;0.218182;0.327273;0.509091;0.0636364;0.590909;0.327273;-1;0;0;0;0

-0.592118;-0.70825;-0.627861;-0.630476;-0.161963;-0.180212;0.477032;0.448763;1;0.0530036;0.830389;-1;0.328622;-0.696113;0.222615;-0.00353354;-0.0742049;0.123675;0.215548;0.159011;-0.0459364;-0.0600707;0.0176679;0.434629;0.0176679;0.342756;-0.0388692;-0.0954063;-0.194346;0.434629;-0.109541;-0.279152;-0.123675;0.441696;0.0176679;0.0530036;0.392226;0.250883;0.151943;0.45583;0.392226;0.343629;0.274131;0.248908;0.383886;0.298578;0.450237;0.07109;0.2891;0.374408;0.0616114;0.611374;-0.07109;0.165877;0.254545;-0.327273;0.209091;0.463636;-0.0272727;0.609091;0.218182;0.327273;0.509091;0.0636364;0.590909;-1;0;0;0;0

-0.592118;-0.738431;-0.685572;-0.622857;0.196793;0.194346;-0.180212;0.477032;0.448763;1;0.0530036;0.830389;-1;0.328622;-0.696113;0.222615;-0.00353354;-0.0742049;0.123675;0.215548;0.159011;-0.0459364;-0.0600707;0.0176679;0.434629;0.0176679;0.342756;-0.0388692;-0.0954063;-0.194346;0.434629;-0.109541;-0.279152;-0.123675;0.441696;0.0176679;0.0530036;0.392226;0.250883;0.151943;0.45583;0.521236;0.343629;0.441048;0.184834;0.383886;0.298578;0.450237;0.07109;0.2891;0.374408;0.0616114;0.611374;-0.07109;0.118182;0.254545;-0.327273;0.209091;0.463636;-0.0272727;0.609091;0.218182;0.327273;0.509091;0.0636364;-1;0;0;0;0

-0.674877;-0.851107;-0.771144;-0.752381;-0.315997;-0.102473;0.194346;-0.180212;0.477032;0.448763;1;0.0530036;0.830389;-1;0.328622;-0.696113;0.222615;-0.00353354;-0.0742049;0.123675;0.215548;0.159011;-0.0459364;-0.0600707;0.0176679;0.434629;0.0176679;0.342756;-0.0388692;-0.0954063;-0.194346;0.434629;-0.109541;-0.279152;-0.123675;0.441696;0.0176679;0.0530036;0.392226;0.250883;0.151943;0.590734;0.521236;0.519651;0.393365;0.184834;0.383886;0.298578;0.450237;0.07109;0.2891;0.374408;0.0616114;0.611374;-0.109091;0.118182;0.254545;-0.327273;0.209091;0.463636;-0.0272727;0.609091;0.218182;0.327273;0.509091;-1;0;0;0;0

-0.753695;-0.806841;-0.761194;-0.784762;-0.250997;-0.0883392;-0.102473;0.194346;-0.180212;0.477032;0.448763;1;0.0530036;0.830389;-1;0.328622;-0.696113;0.222615;-0.00353354;-0.0742049;0.123675;0.215548;0.159011;-0.0459364;-0.0600707;0.0176679;0.434629;0.0176679;0.342756;-0.0388692;-0.0954063;-0.194346;0.434629;-0.109541;-0.279152;-0.123675;0.441696;0.0176679;0.0530036;0.392226;0.250883;0.258687;0.590734;0.720524;0.478673;0.393365;0.184834;0.383886;0.298578;0.450237;0.07109;0.2891;0.374408;0.0616114;0.545455;-0.109091;0.118182;0.254545;-0.327273;0.209091;0.463636;-0.0272727;0.609091;0.218182;0.327273;-1;0;0;0;0

-0.787192;-0.839034;-0.785075;-0.769524;-0.41072;0.074205;-0.0883392;-0.102473;0.194346;-0.180212;0.477032;0.448763;1;0.0530036;0.830389;-1;0.328622;-0.696113;0.222615;-0.00353354;-0.0742049;0.123675;0.215548;0.159011;-0.0459364;-0.0600707;0.0176679;0.434629;0.0176679;0.342756;-0.0388692;-0.0954063;-0.194346;0.434629;-0.109541;-0.279152;-0.123675;0.441696;0.0176679;0.0530036;0.392226;0.366795;0.258687;0.799127;0.696682;0.478673;0.393365;0.184834;0.383886;0.298578;0.450237;0.07109;0.2891;0.374408;0.0181818;0.545455;-0.109091;0.118182;0.254545;-0.327273;0.209091;0.463636;-0.0272727;0.609091;0.218182;+1;0;0;0;0

-0.615764;-0.796781;-0.808955;-0.819048;-0.241321;0.809187;0.074205;-0.0883392;-0.102473;0.194346;-0.180212;0.477032;0.448763;1;0.0530036;0.830389;-1;0.328622;-0.696113;0.222615;-0.00353354;-0.0742049;0.123675;0.215548;0.159011;-0.0459364;-0.0600707;0.0176679;0.434629;0.0176679;0.342756;-0.0388692;-0.0954063;-0.194346;0.434629;-0.109541;-0.279152;-0.123675;0.441696;0.0176679;0.0530036;0.521236;0.366795;0.423581;0.781991;0.696682;0.478673;0.393365;0.184834;0.383886;0.298578;0.450237;0.07109;0.2891;0.318182;0.0181818;0.545455;-0.109091;0.118182;0.254545;-0.327273;0.209091;0.463636;-0.0272727;0.609091;+1;0;0;0;0

-0.586207;-0.738431;-0.661692;-0.668571;-0.330265;0.300353;0.809187;0.074205;-0.0883392;-0.102473;0.194346;-0.180212;0.477032;0.448763;1;0.0530036;0.830389;-1;0.328622;-0.696113;0.222615;-0.00353354;-0.0742049;0.123675;0.215548;0.159011;-0.0459364;-0.0600707;0.0176679;0.434629;0.0176679;0.342756;-0.0388692;-0.0954063;-0.194346;0.434629;-0.109541;-0.279152;-0.123675;0.441696;0.0176679;0.150579;0.521236;0.545852;0.374408;0.781991;0.696682;0.478673;0.393365;0.184834;0.383886;0.298578;0.450237;0.07109;0.236364;0.318182;0.0181818;0.545455;-0.109091;0.118182;0.254545;-0.327273;0.209091;0.463636;-0.0272727;-1;0;0;0;0

-0.665025;-0.750503;-0.679602;-0.653333;-0.479707;-0.0883392;0.300353;0.809187;0.074205;-0.0883392;-0.102473;0.194346;-0.180212;0.477032;0.448763;1;0.0530036;0.830389;-1;0.328622;-0.696113;0.222615;-0.00353354;-0.0742049;0.123675;0.215548;0.159011;-0.0459364;-0.0600707;0.0176679;0.434629;0.0176679;0.342756;-0.0388692;-0.0954063;-0.194346;0.434629;-0.109541;-0.279152;-0.123675;0.441696;0.111969;0.150579;0.720524;0.507109;0.374408;0.781991;0.696682;0.478673;0.393365;0.184834;0.383886;0.298578;0.450237;0.0272727;0.236364;0.318182;0.0181818;0.545455;-0.109091;0.118182;0.254545;-0.327273;0.209091;0.463636;+1;0;0;0;0

-0.64532;-0.798793;-0.757214;-0.76;-0.48123;0.265018;-0.0883392;0.300353;0.809187;0.074205;-0.0883392;-0.102473;0.194346;-0.180212;0.477032;0.448763;1;0.0530036;0.830389;-1;0.328622;-0.696113;0.222615;-0.00353354;-0.0742049;0.123675;0.215548;0.159011;-0.0459364;-0.0600707;0.0176679;0.434629;0.0176679;0.342756;-0.0388692;-0.0954063;-0.194346;0.434629;-0.109541;-0.279152;-0.123675;0.57529;0.111969;0.30131;0.696682;0.507109;0.374408;0.781991;0.696682;0.478673;0.393365;0.184834;0.383886;0.298578;0.390909;0.0272727;0.236364;0.318182;0.0181818;0.545455;-0.109091;0.118182;0.254545;-0.327273;0.209091;+1;0;0;0;0

-0.521182;-0.665996;-0.631841;-0.653333;-0.406375;0.639576;0.265018;-0.0883392;0.300353;0.809187;0.074205;-0.0883392;-0.102473;0.194346;-0.180212;0.477032;0.448763;1;0.0530036;0.830389;-1;0.328622;-0.696113;0.222615;-0.00353354;-0.0742049;0.123675;0.215548;0.159011;-0.0459364;-0.0600707;0.0176679;0.434629;0.0176679;0.342756;-0.0388692;-0.0954063;-0.194346;0.434629;-0.109541;-0.279152;-0.042471;0.57529;0.257642;0.241706;0.696682;0.507109;0.374408;0.781991;0.696682;0.478673;0.393365;0.184834;0.383886;0.245455;0.390909;0.0272727;0.236364;0.318182;0.0181818;0.545455;-0.109091;0.118182;0.254545;-0.327273;+1;0;0;0;0

-0.481773;-0.635815;-0.5801;-0.601905;-0.418985;0.335689;0.639576;0.265018;-0.0883392;0.300353;0.809187;0.074205;-0.0883392;-0.102473;0.194346;-0.180212;0.477032;0.448763;1;0.0530036;0.830389;-1;0.328622;-0.696113;0.222615;-0.00353354;-0.0742049;0.123675;0.215548;0.159011;-0.0459364;-0.0600707;0.0176679;0.434629;0.0176679;0.342756;-0.0388692;-0.0954063;-0.194346;0.434629;-0.109541;-0.212355;-0.042471;0.781659;0.194313;0.241706;0.696682;0.507109;0.374408;0.781991;0.696682;0.478673;0.393365;0.184834;0.327273;0.245455;0.390909;0.0272727;0.236364;0.318182;0.0181818;0.545455;-0.109091;0.118182;0.254545;+1;0;0;0;0

-0.408867;-0.547284;-0.484577;-0.506667;-0.217063;0.45583;0.335689;0.639576;0.265018;-0.0883392;0.300353;0.809187;0.074205;-0.0883392;-0.102473;0.194346;-0.180212;0.477032;0.448763;1;0.0530036;0.830389;-1;0.328622;-0.696113;0.222615;-0.00353354;-0.0742049;0.123675;0.215548;0.159011;-0.0459364;-0.0600707;0.0176679;0.434629;0.0176679;0.342756;-0.0388692;-0.0954063;-0.194346;0.434629;-0.027027;-0.212355;0.0829695;0.763033;0.194313;0.241706;0.696682;0.507109;0.374408;0.781991;0.696682;0.478673;0.393365;0.136364;0.327273;0.245455;0.390909;0.0272727;0.236364;0.318182;0.0181818;0.545455;-0.109091;0.118182;+1;0;0;0;0

-0.389163;-0.468813;-0.389055;-0.438095;-0.316288;0.265018;0.45583;0.335689;0.639576;0.265018;-0.0883392;0.300353;0.809187;0.074205;-0.0883392;-0.102473;0.194346;-0.180212;0.477032;0.448763;1;0.0530036;0.830389;-1;0.328622;-0.696113;0.222615;-0.00353354;-0.0742049;0.123675;0.215548;0.159011;-0.0459364;-0.0600707;0.0176679;0.434629;0.0176679;0.342756;-0.0388692;-0.0954063;-0.194346;0.567568;-0.027027;-0.10917;0.00473933;0.763033;0.194313;0.241706;0.696682;0.507109;0.374408;0.781991;0.696682;0.478673;0.336364;0.136364;0.327273;0.245455;0.390909;0.0272727;0.236364;0.318182;0.0181818;0.545455;-0.109091;-1;0;0;0;0

-0.515271;-0.593561;-0.510448;-0.540952;-0.545939;-0.25795;0.265018;0.45583;0.335689;0.639576;0.265018;-0.0883392;0.300353;0.809187;0.074205;-0.0883392;-0.102473;0.194346;-0.180212;0.477032;0.448763;1;0.0530036;0.830389;-1;0.328622;-0.696113;0.222615;-0.00353354;-0.0742049;0.123675;0.215548;0.159011;-0.0459364;-0.0600707;0.0176679;0.434629;0.0176679;0.342756;-0.0388692;-0.0954063;-0.119691;0.567568;0.100437;-0.203791;0.00473933;0.763033;0.194313;0.241706;0.696682;0.507109;0.374408;0.781991;0.696682;0.418182;0.336364;0.136364;0.327273;0.245455;0.390909;0.0272727;0.236364;0.318182;0.0181818;0.545455;-1;0;0;0;0

-0.613793;-0.70825;-0.621891;-0.649524;-0.867782;-0.159011;-0.25795;0.265018;0.45583;0.335689;0.639576;0.265018;-0.0883392;0.300353;0.809187;0.074205;-0.0883392;-0.102473;0.194346;-0.180212;0.477032;0.448763;1;0.0530036;0.830389;-1;0.328622;-0.696113;0.222615;-0.00353354;-0.0742049;0.123675;0.215548;0.159011;-0.0459364;-0.0600707;0.0176679;0.434629;0.0176679;0.342756;-0.0388692;-0.011583;-0.119691;0.772926;0.0236967;-0.203791;0.00473933;0.763033;0.194313;0.241706;0.696682;0.507109;0.374408;0.781991;0.627273;0.418182;0.336364;0.136364;0.327273;0.245455;0.390909;0.0272727;0.236364;0.318182;0.0181818;+1;0;0;0;0

-0.458128;-0.635815;-0.679602;-0.716191;-0.295637;0.75265;-0.159011;-0.25795;0.265018;0.45583;0.335689;0.639576;0.265018;-0.0883392;0.300353;0.809187;0.074205;-0.0883392;-0.102473;0.194346;-0.180212;0.477032;0.448763;1;0.0530036;0.830389;-1;0.328622;-0.696113;0.222615;-0.00353354;-0.0742049;0.123675;0.215548;0.159011;-0.0459364;-0.0600707;0.0176679;0.434629;0.0176679;0.342756;0.0501931;-0.011583;-0.00436681;0.753554;0.0236967;-0.203791;0.00473933;0.763033;0.194313;0.241706;0.696682;0.507109;0.374408;0.709091;0.627273;0.418182;0.336364;0.136364;0.327273;0.245455;0.390909;0.0272727;0.236364;0.318182;+1;0;0;0;0

-0.410838;-0.517103;-0.428856;-0.459048;-0.210232;0.363958;0.75265;-0.159011;-0.25795;0.265018;0.45583;0.335689;0.639576;0.265018;-0.0883392;0.300353;0.809187;0.074205;-0.0883392;-0.102473;0.194346;-0.180212;0.477032;0.448763;1;0.0530036;0.830389;-1;0.328622;-0.696113;0.222615;-0.00353354;-0.0742049;0.123675;0.215548;0.159011;-0.0459364;-0.0600707;0.0176679;0.434629;0.0176679;0.467181;0.0501931;0.117904;-0.0900474;0.753554;0.0236967;-0.203791;0.00473933;0.763033;0.194313;0.241706;0.696682;0.507109;0.318182;0.709091;0.627273;0.418182;0.336364;0.136364;0.327273;0.245455;0.390909;0.0272727;0.236364;-1;0;0;0;0

-0.523153;-0.605634;-0.538309;-0.523809;-0.276195;-0.208481;0.363958;0.75265;-0.159011;-0.25795;0.265018;0.45583;0.335689;0.639576;0.265018;-0.0883392;0.300353;0.809187;0.074205;-0.0883392;-0.102473;0.194346;-0.180212;0.477032;0.448763;1;0.0530036;0.830389;-1;0.328622;-0.696113;0.222615;-0.00353354;-0.0742049;0.123675;0.215548;0.159011;-0.0459364;-0.0600707;0.0176679;0.434629;0.111969;0.467181;0.187773;0.042654;-0.0900474;0.753554;0.0236967;-0.203791;0.00473933;0.763033;0.194313;0.241706;0.696682;0.445455;0.318182;0.709091;0.627273;0.418182;0.336364;0.136364;0.327273;0.245455;0.390909;0.0272727;+1;0;0;0;0

-0.485714;-0.657948;-0.6;-0.620952;-0.274269;0.328622;-0.208481;0.363958;0.75265;-0.159011;-0.25795;0.265018;0.45583;0.335689;0.639576;0.265018;-0.0883392;0.300353;0.809187;0.074205;-0.0883392;-0.102473;0.194346;-0.180212;0.477032;0.448763;1;0.0530036;0.830389;-1;0.328622;-0.696113;0.222615;-0.00353354;-0.0742049;0.123675;0.215548;0.159011;-0.0459364;-0.0600707;0.0176679;0.567568;0.111969;0.659389;0.118483;0.042654;-0.0900474;0.753554;0.0236967;-0.203791;0.00473933;0.763033;0.194313;0.241706;0.627273;0.445455;0.318182;0.709091;0.627273;0.418182;0.336364;0.136364;0.327273;0.245455;0.390909;-1;0;0;0;0

-0.505419;-0.591549;-0.512438;-0.542857;-0.560879;0.123675;0.328622;-0.208481;0.363958;0.75265;-0.159011;-0.25795;0.265018;0.45583;0.335689;0.639576;0.265018;-0.0883392;0.300353;0.809187;0.074205;-0.0883392;-0.102473;0.194346;-0.180212;0.477032;0.448763;1;0.0530036;0.830389;-1;0.328622;-0.696113;0.222615;-0.00353354;-0.0742049;0.123675;0.215548;0.159011;-0.0459364;-0.0600707;0.111969;0.567568;0.257642;0.630332;0.118483;0.042654;-0.0900474;0.753554;0.0236967;-0.203791;0.00473933;0.763033;0.194313;0.190909;0.627273;0.445455;0.318182;0.709091;0.627273;0.418182;0.336364;0.136364;0.327273;0.245455;+1;0;0;0;0

-0.434483;-0.571429;-0.554229;-0.51619;-0.268826;0.448763;0.123675;0.328622;-0.208481;0.363958;0.75265;-0.159011;-0.25795;0.265018;0.45583;0.335689;0.639576;0.265018;-0.0883392;0.300353;0.809187;0.074205;-0.0883392;-0.102473;0.194346;-0.180212;0.477032;0.448763;1;0.0530036;0.830389;-1;0.328622;-0.696113;0.222615;-0.00353354;-0.0742049;0.123675;0.215548;0.159011;-0.0459364;0.027027;0.111969;0.772926;0.194313;0.630332;0.118483;0.042654;-0.0900474;0.753554;0.0236967;-0.203791;0.00473933;0.763033;0.145455;0.190909;0.627273;0.445455;0.318182;0.709091;0.627273;0.418182;0.336364;0.136364;0.327273;+1;0;0;0;0

-0.418719;-0.519115;-0.446766;-0.481905;-0.479617;0.250883;0.448763;0.123675;0.328622;-0.208481;0.363958;0.75265;-0.159011;-0.25795;0.265018;0.45583;0.335689;0.639576;0.265018;-0.0883392;0.300353;0.809187;0.074205;-0.0883392;-0.102473;0.194346;-0.180212;0.477032;0.448763;1;0.0530036;0.830389;-1;0.328622;-0.696113;0.222615;-0.00353354;-0.0742049;0.123675;0.215548;0.159011;0.0424711;0.027027;0.257642;0.753554;0.194313;0.630332;0.118483;0.042654;-0.0900474;0.753554;0.0236967;-0.203791;0.00473933;0.690909;0.145455;0.190909;0.627273;0.445455;0.318182;0.709091;0.627273;0.418182;0.336364;0.136364;+1;0;0;0;0

-0.28867;-0.462777;-0.402985;-0.459048;-0.508758;0.660777;0.250883;0.448763;0.123675;0.328622;-0.208481;0.363958;0.75265;-0.159011;-0.25795;0.265018;0.45583;0.335689;0.639576;0.265018;-0.0883392;0.300353;0.809187;0.074205;-0.0883392;-0.102473;0.194346;-0.180212;0.477032;0.448763;1;0.0530036;0.830389;-1;0.328622;-0.696113;0.222615;-0.00353354;-0.0742049;0.123675;0.215548;0.266409;0.0424711;0.161572;0.194313;0.753554;0.194313;0.630332;0.118483;0.042654;-0.0900474;0.753554;0.0236967;-0.203791;-0.0363636;0.690909;0.145455;0.190909;0.627273;0.445455;0.318182;0.709091;0.627273;0.418182;0.336364;+1;0;0;0;0

-0.219704;-0.390342;-0.357214;-0.432381;-0.195964;0.441696;0.660777;0.250883;0.448763;0.123675;0.328622;-0.208481;0.363958;0.75265;-0.159011;-0.25795;0.265018;0.45583;0.335689;0.639576;0.265018;-0.0883392;0.300353;0.809187;0.074205;-0.0883392;-0.102473;0.194346;-0.180212;0.477032;0.448763;1;0.0530036;0.830389;-1;0.328622;-0.696113;0.222615;-0.00353354;-0.0742049;0.123675;0.328185;0.266409;0.179039;0.0900474;0.194313;0.753554;0.194313;0.630332;0.118483;0.042654;-0.0900474;0.753554;0.0236967;-0.236364;-0.0363636;0.690909;0.145455;0.190909;0.627273;0.445455;0.318182;0.709091;0.627273;0.418182;-1;0;0;0;0

-0.300493;-0.384306;-0.311443;-0.287619;-0.289858;-0.0954063;0.441696;0.660777;0.250883;0.448763;0.123675;0.328622;-0.208481;0.363958;0.75265;-0.159011;-0.25795;0.265018;0.45583;0.335689;0.639576;0.265018;-0.0883392;0.300353;0.809187;0.074205;-0.0883392;-0.102473;0.194346;-0.180212;0.477032;0.448763;1;0.0530036;0.830389;-1;0.328622;-0.696113;0.222615;-0.00353354;-0.0742049;0.227799;0.328185;0.432314;0.109005;0.0900474;0.194313;0.753554;0.194313;0.630332;0.118483;0.042654;-0.0900474;0.753554;-0.0181818;-0.236364;-0.0363636;0.690909;0.145455;0.190909;0.627273;0.445455;0.318182;0.709091;0.627273;-1;0;0;0;0

-0.347783;-0.394366;-0.341293;-0.329524;-0.1709;0.024735;-0.0954063;0.441696;0.660777;0.250883;0.448763;0.123675;0.328622;-0.208481;0.363958;0.75265;-0.159011;-0.25795;0.265018;0.45583;0.335689;0.639576;0.265018;-0.0883392;0.300353;0.809187;0.074205;-0.0883392;-0.102473;0.194346;-0.180212;0.477032;0.448763;1;0.0530036;0.830389;-1;0.328622;-0.696113;0.222615;-0.00353354;0.011583;0.227799;0.502183;0.383886;0.109005;0.0900474;0.194313;0.753554;0.194313;0.630332;0.118483;0.042654;-0.0900474;0.681818;-0.0181818;-0.236364;-0.0363636;0.690909;0.145455;0.190909;0.627273;0.445455;0.318182;0.709091;-1;0;0;0;0

-0.564532;-0.565392;-0.5801;-0.56381;0.0338216;-0.583039;0.024735;-0.0954063;0.441696;0.660777;0.250883;0.448763;0.123675;0.328622;-0.208481;0.363958;0.75265;-0.159011;-0.25795;0.265018;0.45583;0.335689;0.639576;0.265018;-0.0883392;0.300353;0.809187;0.074205;-0.0883392;-0.102473;0.194346;-0.180212;0.477032;0.448763;1;0.0530036;0.830389;-1;0.328622;-0.696113;0.222615;0.0888031;0.011583;0.388646;0.459716;0.383886;0.109005;0.0900474;0.194313;0.753554;0.194313;0.630332;0.118483;0.042654;-0.127273;0.681818;-0.0181818;-0.236364;-0.0363636;0.690909;0.145455;0.190909;0.627273;0.445455;0.318182;-1;0;0;0;0

-0.578325;-0.706237;-0.659701;-0.630476;-0.35291;0.144876;-0.583039;0.024735;-0.0954063;0.441696;0.660777;0.250883;0.448763;0.123675;0.328622;-0.208481;0.363958;0.75265;-0.159011;-0.25795;0.265018;0.45583;0.335689;0.639576;0.265018;-0.0883392;0.300353;0.809187;0.074205;-0.0883392;-0.102473;0.194346;-0.180212;0.477032;0.448763;1;0.0530036;0.830389;-1;0.328622;-0.696113;0.335907;0.0888031;0.144105;0.336493;0.459716;0.383886;0.109005;0.0900474;0.194313;0.753554;0.194313;0.630332;0.118483;0;-0.127273;0.681818;-0.0181818;-0.236364;-0.0363636;0.690909;0.145455;0.190909;0.627273;0.445455;+1;0;0;0;0

-0.534975;-0.690141;-0.667662;-0.617143;-0.422748;0.349823;0.144876;-0.583039;0.024735;-0.0954063;0.441696;0.660777;0.250883;0.448763;0.123675;0.328622;-0.208481;0.363958;0.75265;-0.159011;-0.25795;0.265018;0.45583;0.335689;0.639576;0.265018;-0.0883392;0.300353;0.809187;0.074205;-0.0883392;-0.102473;0.194346;-0.180212;0.477032;0.448763;1;0.0530036;0.830389;-1;0.328622;-0.667954;0.335907;0.231441;0.07109;0.336493;0.459716;0.383886;0.109005;0.0900474;0.194313;0.753554;0.194313;0.630332;0.0727273;0;-0.127273;0.681818;-0.0181818;-0.236364;-0.0363636;0.690909;0.145455;0.190909;0.627273;-1;0;0;0;0

-0.566503;-0.605634;-0.562189;-0.539048;-0.734399;0.0812721;0.349823;0.144876;-0.583039;0.024735;-0.0954063;0.441696;0.660777;0.250883;0.448763;0.123675;0.328622;-0.208481;0.363958;0.75265;-0.159011;-0.25795;0.265018;0.45583;0.335689;0.639576;0.265018;-0.0883392;0.300353;0.809187;0.074205;-0.0883392;-0.102473;0.194346;-0.180212;0.477032;0.448763;1;0.0530036;0.830389;-1;0.451737;-0.667954;0.510917;0.165877;0.07109;0.336493;0.459716;0.383886;0.109005;0.0900474;0.194313;0.753554;0.194313;0.563636;0.0727273;0;-0.127273;0.681818;-0.0181818;-0.236364;-0.0363636;0.690909;0.145455;0.190909;-1;0;0;0;0

-0.576355;-0.643863;-0.59801;-0.615238;-0.359763;0.159011;0.0812721;0.349823;0.144876;-0.583039;0.024735;-0.0954063;0.441696;0.660777;0.250883;0.448763;0.123675;0.328622;-0.208481;0.363958;0.75265;-0.159011;-0.25795;0.265018;0.45583;0.335689;0.639576;0.265018;-0.0883392;0.300353;0.809187;0.074205;-0.0883392;-0.102473;0.194346;-0.180212;0.477032;0.448763;1;0.0530036;0.830389;-1;0.451737;-0.624454;0.469194;0.165877;0.07109;0.336493;0.459716;0.383886;0.109005;0.0900474;0.194313;0.753554;0.145455;0.563636;0.0727273;0;-0.127273;0.681818;-0.0181818;-0.236364;-0.0363636;0.690909;0.145455;+1;0;0;0;0

-0.562562;-0.676056;-0.60597;-0.605714;-0.384223;0.243816;0.159011;0.0812721;0.349823;0.144876;-0.583039;0.024735;-0.0954063;0.441696;0.660777;0.250883;0.448763;0.123675;0.328622;-0.208481;0.363958;0.75265;-0.159011;-0.25795;0.265018;0.45583;0.335689;0.639576;0.265018;-0.0883392;0.300353;0.809187;0.074205;-0.0883392;-0.102473;0.194346;-0.180212;0.477032;0.448763;1;0.0530036;1;-1;0.641921;-0.763033;0.469194;0.165877;0.07109;0.336493;0.459716;0.383886;0.109005;0.0900474;0.194313;0.681818;0.145455;0.563636;0.0727273;0;-0.127273;0.681818;-0.0181818;-0.236364;-0.0363636;0.690909;-1;0;0;0;0

-0.613793;-0.688129;-0.649751;-0.668571;-0.140483;0.0106007;0.243816;0.159011;0.0812721;0.349823;0.144876;-0.583039;0.024735;-0.0954063;0.441696;0.660777;0.250883;0.448763;0.123675;0.328622;-0.208481;0.363958;0.75265;-0.159011;-0.25795;0.265018;0.45583;0.335689;0.639576;0.265018;-0.0883392;0.300353;0.809187;0.074205;-0.0883392;-0.102473;0.194346;-0.180212;0.477032;0.448763;1;0.150579;1;-1;0.611374;-0.763033;0.469194;0.165877;0.07109;0.336493;0.459716;0.383886;0.109005;0.0900474;0.145455;0.681818;0.145455;0.563636;0.0727273;0;-0.127273;0.681818;-0.0181818;-0.236364;-0.0363636;-1;0;0;0;0

