19;0.161972;-0.556338;-0.598592;-0.323944;-0.239437;-0.570423;-0.119718;-0.366197;-0.225352;-0.542254;-0.640845;-0.471831;-0.514085;-0.852113;-0.0915493;0.0915493;-0.71831;0.0915493;-0.690141;-1;-0.031579;0.235088;-1;0.00313479;-0.216301;-0.874608;0.510972;-0.109718;-0.347962;-0.0783699;0.0658307;0.166144;0.442006;-0.141066;-0.0094044;-0.467085;-0.153605;-0.84326;-0.592476;-0.122257;-0.278997;0.316614;0.442006;0.473354;-0.561129;-0.636364;-0.705329;-0.755486;0.54232;-0.128527;-0.210031;-0.216301;-0.655172;-0.899687;-0.630094;-0.504702;-0.178683;0.253918;-1;0.958589;0.946023;0.894617;1;0.985943;0.941243;0.904133;0.901602;0.910037;0.940961;0.891763;1;0.90219;0.883179;0.881251;0.86775;0.811269;0.836066;0.976581;0.998898;0.961152;-1;0;-1;-1;-1

18.6;-0.612676;0.161972;-0.556338;-0.598592;-0.323944;-0.239437;-0.570423;-0.119718;-0.366197;-0.225352;-0.542254;-0.640845;-0.471831;-0.514085;-0.852113;-0.0915493;0.0915493;-0.71831;0.0915493;-0.684211;-1;-0.031579;0.316614;-1;0.00313479;-0.216301;-0.874608;0.510972;-0.109718;-0.347962;-0.0783699;0.0658307;0.166144;0.442006;-0.141066;-0.0094044;-0.467085;-0.153605;-0.84326;-0.592476;-0.122257;-0.278997;0.316614;0.442006;0.473354;-0.561129;-0.636364;-0.705329;-0.755486;0.54232;-0.128527;-0.210031;-0.216301;-0.655172;-0.899687;-0.630094;-0.504702;-0.178683;0.966015;-1;0.958589;0.946023;0.865055;1;0.985943;0.941243;0.904133;0.901602;0.910037;0.940961;0.853974;1;0.90219;0.883179;0.881251;0.86775;0.811269;0.836066;0.976581;0.998898;-1;0;-1;-1;-1

17.85;-0.859155;-0.612676;0.161972;-0.556338;-0.598592;-0.323944;-0.239437;-0.570423;-0.119718;-0.366197;-0.225352;-0.542254;-0.640845;-0.471831;-0.514085;-0.852113;-0.0915493;0.0915493;-0.71831;0.0947369;-0.684211;-1;0.0783699;0.316614;-1;0.00313479;-0.216301;-0.874608;0.510972;-0.109718;-0.347962;-0.0783699;0.0658307;0.166144;0.442006;-0.141066;-0.0094044;-0.467085;-0.153605;-0.84326;-0.592476;-0.122257;-0.278997;0.316614;0.442006;0.473354;-0.561129;-0.636364;-0.705329;-0.755486;0.54232;-0.128527;-0.210031;-0.216301;-0.655172;-0.899687;-0.630094;-0.504702;0.946309;0.966015;-1;0.958589;0.915659;0.865055;1;0.985943;0.941243;0.904133;0.901602;0.910037;0.90219;0.853974;1;0.90219;0.883179;0.881251;0.86775;0.811269;0.836066;0.976581;+1;0;-1;+1;-1

18.3;-0.0140845;-0.859155;-0.612676;0.161972;-0.556338;-0.598592;-0.323944;-0.239437;-0.570423;-0.119718;-0.366197;-0.225352;-0.542254;-0.640845;-0.471831;-0.514085;-0.852113;-0.0915493;0.0915493;-0.712281;0.0947369;-0.684211;-0.786834;0.0783699;0.316614;-1;0.00313479;-0.216301;-0.874608;0.510972;-0.109718;-0.347962;-0.0783699;0.0658307;0.166144;0.442006;-0.141066;-0.0094044;-0.467085;-0.153605;-0.84326;-0.592476;-0.122257;-0.278997;0.316614;0.442006;0.473354;-0.561129;-0.636364;-0.705329;-0.755486;0.54232;-0.128527;-0.210031;-0.216301;-0.655172;-0.899687;-0.630094;0.931458;0.946309;0.966015;-1;0.928029;0.915659;0.865055;1;0.985943;0.941243;0.904133;0.901602;0.871883;0.90219;0.853974;1;0.90219;0.883179;0.881251;0.86775;0.811269;0.836066;+1;0;+1;+1;-1

18.9;0.0915493;-0.0140845;-0.859155;-0.612676;0.161972;-0.556338;-0.598592;-0.323944;-0.239437;-0.570423;-0.119718;-0.366197;-0.225352;-0.542254;-0.640845;-0.471831;-0.514085;-0.852113;-0.0915493;0.0947369;-0.712281;0.0947369;-0.504702;-0.786834;0.0783699;0.316614;-1;0.00313479;-0.216301;-0.874608;0.510972;-0.109718;-0.347962;-0.0783699;0.0658307;0.166144;0.442006;-0.141066;-0.0094044;-0.467085;-0.153605;-0.84326;-0.592476;-0.122257;-0.278997;0.316614;0.442006;0.473354;-0.561129;-0.636364;-0.705329;-0.755486;0.54232;-0.128527;-0.210031;-0.216301;-0.655172;-0.899687;0.925746;0.931458;0.946309;0.966015;-1;0.928029;0.915659;0.865055;1;0.985943;0.941243;0.904133;0.863618;0.871883;0.90219;0.853974;1;0.90219;0.883179;0.881251;0.86775;0.811269;+1;0;+1;+1;-1

19.9;0.373239;0.0915493;-0.0140845;-0.859155;-0.612676;0.161972;-0.556338;-0.598592;-0.323944;-0.239437;-0.570423;-0.119718;-0.366197;-0.225352;-0.542254;-0.640845;-0.471831;-0.514085;-0.852113;-0.0877193;0.0947369;-0.712281;0.191223;-0.504702;-0.786834;0.0783699;0.316614;-1;0.00313479;-0.216301;-0.874608;0.510972;-0.109718;-0.347962;-0.0783699;0.0658307;0.166144;0.442006;-0.141066;-0.0094044;-0.467085;-0.153605;-0.84326;-0.592476;-0.122257;-0.278997;0.316614;0.442006;0.473354;-0.561129;-0.636364;-0.705329;-0.755486;0.54232;-0.128527;-0.210031;-0.216301;-0.655172;0.913466;0.925746;0.931458;0.946309;0.935339;-1;0.928029;0.915659;0.865055;1;0.985943;0.941243;0.866097;0.863618;0.871883;0.90219;0.853974;1;0.90219;0.883179;0.881251;0.86775;-1;0;-1;-1;-1

19.8;-0.401408;0.373239;0.0915493;-0.0140845;-0.859155;-0.612676;0.161972;-0.556338;-0.598592;-0.323944;-0.239437;-0.570423;-0.119718;-0.366197;-0.225352;-0.542254;-0.640845;-0.471831;-0.514085;-0.845614;-0.0877193;0.0947369;-0.529781;0.191223;-0.504702;-0.786834;0.0783699;0.316614;-1;0.00313479;-0.216301;-0.874608;0.510972;-0.109718;-0.347962;-0.0783699;0.0658307;0.166144;0.442006;-0.141066;-0.0094044;-0.467085;-0.153605;-0.84326;-0.592476;-0.122257;-0.278997;0.316614;0.442006;0.473354;-0.561129;-0.636364;-0.705329;-0.755486;0.54232;-0.128527;-0.210031;-0.216301;0.924604;0.913466;0.925746;0.931458;0.91594;0.935339;-1;0.928029;0.915659;0.865055;1;0.985943;0.902466;0.866097;0.863618;0.871883;0.90219;0.853974;1;0.90219;0.883179;0.881251;-1;0;-1;-1;-1

19.19;-0.760563;-0.401408;0.373239;0.0915493;-0.0140845;-0.859155;-0.612676;0.161972;-0.556338;-0.598592;-0.323944;-0.239437;-0.570423;-0.119718;-0.366197;-0.225352;-0.542254;-0.640845;-0.471831;-0.508772;-0.845614;-0.0877193;0.191223;-0.529781;0.191223;-0.504702;-0.786834;0.0783699;0.316614;-1;0.00313479;-0.216301;-0.874608;0.510972;-0.109718;-0.347962;-0.0783699;0.0658307;0.166144;0.442006;-0.141066;-0.0094044;-0.467085;-0.153605;-0.84326;-0.592476;-0.122257;-0.278997;0.316614;0.442006;0.473354;-0.561129;-0.636364;-0.705329;-0.755486;0.54232;-0.128527;-0.210031;0.944595;0.924604;0.913466;0.925746;0.901321;0.91594;0.935339;-1;0.928029;0.915659;0.865055;1;0.946274;0.902466;0.866097;0.863618;0.871883;0.90219;0.853974;1;0.90219;0.883179;-1;0;-1;-1;-1

19;-0.464789;-0.760563;-0.401408;0.373239;0.0915493;-0.0140845;-0.859155;-0.612676;0.161972;-0.556338;-0.598592;-0.323944;-0.239437;-0.570423;-0.119718;-0.366197;-0.225352;-0.542254;-0.640845;-0.466667;-0.508772;-0.845614;0.0282132;0.191223;-0.529781;0.191223;-0.504702;-0.786834;0.0783699;0.316614;-1;0.00313479;-0.216301;-0.874608;0.510972;-0.109718;-0.347962;-0.0783699;0.0658307;0.166144;0.442006;-0.141066;-0.0094044;-0.467085;-0.153605;-0.84326;-0.592476;-0.122257;-0.278997;0.316614;0.442006;0.473354;-0.561129;-0.636364;-0.705329;-0.755486;0.54232;-0.128527;0.944881;0.944595;0.924604;0.913466;0.895699;0.901321;0.91594;0.935339;-1;0.928029;0.915659;0.865055;0.96005;0.946274;0.902466;0.866097;0.863618;0.871883;0.90219;0.853974;1;0.90219;-1;0;-1;-1;-1

18.76;-0.5;-0.464789;-0.760563;-0.401408;0.373239;0.0915493;-0.0140845;-0.859155;-0.612676;0.161972;-0.556338;-0.598592;-0.323944;-0.239437;-0.570423;-0.119718;-0.366197;-0.225352;-0.542254;-0.635088;-0.466667;-0.508772;-0.648903;0.0282132;0.191223;-0.529781;0.191223;-0.504702;-0.786834;0.0783699;0.316614;-1;0.00313479;-0.216301;-0.874608;0.510972;-0.109718;-0.347962;-0.0783699;0.0658307;0.166144;0.442006;-0.141066;-0.0094044;-0.467085;-0.153605;-0.84326;-0.592476;-0.122257;-0.278997;0.316614;0.442006;0.473354;-0.561129;-0.636364;-0.705329;-0.755486;0.54232;0.948593;0.944881;0.944595;0.924604;0.88361;0.895699;0.901321;0.91594;0.935339;-1;0.928029;0.915659;0.8278;0.96005;0.946274;0.902466;0.866097;0.863618;0.871883;0.90219;0.853974;1;+1;0;+1;+1;-1

19;-0.161972;-0.5;-0.464789;-0.760563;-0.401408;0.373239;0.0915493;-0.0140845;-0.859155;-0.612676;0.161972;-0.556338;-0.598592;-0.323944;-0.239437;-0.570423;-0.119718;-0.366197;-0.225352;-0.536842;-0.635088;-0.466667;-0.347962;-0.648903;0.0282132;0.191223;-0.529781;0.191223;-0.504702;-0.786834;0.0783699;0.316614;-1;0.00313479;-0.216301;-0.874608;0.510972;-0.109718;-0.347962;-0.0783699;0.0658307;0.166144;0.442006;-0.141066;-0.0094044;-0.467085;-0.153605;-0.84326;-0.592476;-0.122257;-0.278997;0.316614;0.442006;0.473354;-0.561129;-0.636364;-0.705329;-0.755486;0.979152;0.948593;0.944881;0.944595;0.894574;0.88361;0.895699;0.901321;0.91594;0.935339;-1;0.928029;0.877394;0.8278;0.96005;0.946274;0.902466;0.866097;0.863618;0.871883;0.90219;0.853974;-1;0;-1;-1;-1

18.31;-0.816901;-0.161972;-0.5;-0.464789;-0.760563;-0.401408;0.373239;0.0915493;-0.0140845;-0.859155;-0.612676;0.161972;-0.556338;-0.598592;-0.323944;-0.239437;-0.570423;-0.119718;-0.366197;-0.221053;-0.536842;-0.635088;-0.310345;-0.347962;-0.648903;0.0282132;0.191223;-0.529781;0.191223;-0.504702;-0.786834;0.0783699;0.316614;-1;0.00313479;-0.216301;-0.874608;0.510972;-0.109718;-0.347962;-0.0783699;0.0658307;0.166144;0.442006;-0.141066;-0.0094044;-0.467085;-0.153605;-0.84326;-0.592476;-0.122257;-0.278997;0.316614;0.442006;0.473354;-0.561129;-0.636364;-0.705329;0.920034;0.979152;0.948593;0.944881;0.914254;0.894574;0.88361;0.895699;0.901321;0.91594;0.935339;-1;0.889516;0.877394;0.8278;0.96005;0.946274;0.902466;0.866097;0.863618;0.871883;0.90219;+1;0;+1;+1;-1

18.5;-0.197183;-0.816901;-0.161972;-0.5;-0.464789;-0.760563;-0.401408;0.373239;0.0915493;-0.0140845;-0.859155;-0.612676;0.161972;-0.556338;-0.598592;-0.323944;-0.239437;-0.570423;-0.119718;-0.361404;-0.221053;-0.536842;-0.460815;-0.310345;-0.347962;-0.648903;0.0282132;0.191223;-0.529781;0.191223;-0.504702;-0.786834;0.0783699;0.316614;-1;0.00313479;-0.216301;-0.874608;0.510972;-0.109718;-0.347962;-0.0783699;0.0658307;0.166144;0.442006;-0.141066;-0.0094044;-0.467085;-0.153605;-0.84326;-0.592476;-0.122257;-0.278997;0.316614;0.442006;0.473354;-0.561129;-0.636364;0.922319;0.920034;0.979152;0.948593;0.914535;0.914254;0.894574;0.88361;0.895699;0.901321;0.91594;0.935339;-1;0.889516;0.877394;0.8278;0.96005;0.946274;0.902466;0.866097;0.863618;0.871883;-1;0;-1;-1;-1

18.02;-0.669014;-0.197183;-0.816901;-0.161972;-0.5;-0.464789;-0.760563;-0.401408;0.373239;0.0915493;-0.0140845;-0.859155;-0.612676;0.161972;-0.556338;-0.598592;-0.323944;-0.239437;-0.570423;-0.115789;-0.361404;-0.221053;-0.373041;-0.460815;-0.310345;-0.347962;-0.648903;0.0282132;0.191223;-0.529781;0.191223;-0.504702;-0.786834;0.0783699;0.316614;-1;0.00313479;-0.216301;-0.874608;0.510972;-0.109718;-0.347962;-0.0783699;0.0658307;0.166144;0.442006;-0.141066;-0.0094044;-0.467085;-0.153605;-0.84326;-0.592476;-0.122257;-0.278997;0.316614;0.442006;0.473354;-0.561129;0.925461;0.922319;0.920034;0.979152;0.918189;0.914535;0.914254;0.894574;0.88361;0.895699;0.901321;0.91594;0.89668;-1;0.889516;0.877394;0.8278;0.96005;0.946274;0.902466;0.866097;0.863618;-1;0;-1;-1;-1

17.5;-0.697183;-0.669014;-0.197183;-0.816901;-0.161972;-0.5;-0.464789;-0.760563;-0.401408;0.373239;0.0915493;-0.0140845;-0.859155;-0.612676;0.161972;-0.556338;-0.598592;-0.323944;-0.239437;-0.564912;-0.115789;-0.361404;-0.0909091;-0.373041;-0.460815;-0.310345;-0.347962;-0.648903;0.0282132;0.191223;-0.529781;0.191223;-0.504702;-0.786834;0.0783699;0.316614;-1;0.00313479;-0.216301;-0.874608;0.510972;-0.109718;-0.347962;-0.0783699;0.0658307;0.166144;0.442006;-0.141066;-0.0094044;-0.467085;-0.153605;-0.84326;-0.592476;-0.122257;-0.278997;0.316614;0.442006;0.473354;0.928888;0.925461;0.922319;0.920034;0.948271;0.918189;0.914535;0.914254;0.894574;0.88361;0.895699;0.901321;0.877669;0.89668;-1;0.889516;0.877394;0.8278;0.96005;0.946274;0.902466;0.866097;-1;0;-1;-1;-1

16.8;-0.823944;-0.697183;-0.669014;-0.197183;-0.816901;-0.161972;-0.5;-0.464789;-0.760563;-0.401408;0.373239;0.0915493;-0.0140845;-0.859155;-0.612676;0.161972;-0.556338;-0.598592;-0.323944;-0.235088;-0.564912;-0.115789;-0.216301;-0.0909091;-0.373041;-0.460815;-0.310345;-0.347962;-0.648903;0.0282132;0.191223;-0.529781;0.191223;-0.504702;-0.786834;0.0783699;0.316614;-1;0.00313479;-0.216301;-0.874608;0.510972;-0.109718;-0.347962;-0.0783699;0.0658307;0.166144;0.442006;-0.141066;-0.0094044;-0.467085;-0.153605;-0.84326;-0.592476;-0.122257;-0.278997;0.316614;0.442006;0.97601;0.928888;0.925461;0.922319;0.890076;0.948271;0.918189;0.914535;0.914254;0.894574;0.88361;0.895699;0.863342;0.877669;0.89668;-1;0.889516;0.877394;0.8278;0.96005;0.946274;0.902466;-1;0;-1;-1;-1

16;-0.894366;-0.823944;-0.697183;-0.669014;-0.197183;-0.816901;-0.161972;-0.5;-0.464789;-0.760563;-0.401408;0.373239;0.0915493;-0.0140845;-0.859155;-0.612676;0.161972;-0.556338;-0.598592;-0.319298;-0.235088;-0.564912;0.00313479;-0.216301;-0.0909091;-0.373041;-0.460815;-0.310345;-0.347962;-0.648903;0.0282132;0.191223;-0.529781;0.191223;-0.504702;-0.786834;0.0783699;0.316614;-1;0.00313479;-0.216301;-0.874608;0.510972;-0.109718;-0.347962;-0.0783699;0.0658307;0.166144;0.442006;-0.141066;-0.0094044;-0.467085;-0.153605;-0.84326;-0.592476;-0.122257;-0.278997;0.316614;0.974582;0.97601;0.928888;0.925461;0.892325;0.890076;0.948271;0.918189;0.914535;0.914254;0.894574;0.88361;0.857832;0.863342;0.877669;0.89668;-1;0.889516;0.877394;0.8278;0.96005;0.946274;+1;0;+1;+1;-1

17.89;1;-0.894366;-0.823944;-0.697183;-0.669014;-0.197183;-0.816901;-0.161972;-0.5;-0.464789;-0.760563;-0.401408;0.373239;0.0915493;-0.0140845;-0.859155;-0.612676;0.161972;-0.556338;-0.592982;-0.319298;-0.235088;-0.398119;0.00313479;-0.216301;-0.0909091;-0.373041;-0.460815;-0.310345;-0.347962;-0.648903;0.0282132;0.191223;-0.529781;0.191223;-0.504702;-0.786834;0.0783699;0.316614;-1;0.00313479;-0.216301;-0.874608;0.510972;-0.109718;-0.347962;-0.0783699;0.0658307;0.166144;0.442006;-0.141066;-0.0094044;-0.467085;-0.153605;-0.84326;-0.592476;-0.122257;-0.278997;0.96887;0.974582;0.97601;0.928888;0.895418;0.892325;0.890076;0.948271;0.918189;0.914535;0.914254;0.894574;0.845984;0.857832;0.863342;0.877669;0.89668;-1;0.889516;0.877394;0.8278;0.96005;+1;0;+1;+1;-1

18.19;-0.119718;1;-0.894366;-0.823944;-0.697183;-0.669014;-0.197183;-0.816901;-0.161972;-0.5;-0.464789;-0.760563;-0.401408;0.373239;0.0915493;-0.0140845;-0.859155;-0.612676;0.161972;-0.550877;-0.592982;-0.319298;-0.103448;-0.398119;0.00313479;-0.216301;-0.0909091;-0.373041;-0.460815;-0.310345;-0.347962;-0.648903;0.0282132;0.191223;-0.529781;0.191223;-0.504702;-0.786834;0.0783699;0.316614;-1;0.00313479;-0.216301;-0.874608;0.510972;-0.109718;-0.347962;-0.0783699;0.0658307;0.166144;0.442006;-0.141066;-0.0094044;-0.467085;-0.153605;-0.84326;-0.592476;-0.122257;0.941739;0.96887;0.974582;0.97601;0.898791;0.895418;0.892325;0.890076;0.948271;0.918189;0.914535;0.914254;0.85673;0.845984;0.857832;0.863342;0.877669;0.89668;-1;0.889516;0.877394;0.8278;-1;0;-1;-1;-1

17.7;-0.676056;-0.119718;1;-0.894366;-0.823944;-0.697183;-0.669014;-0.197183;-0.816901;-0.161972;-0.5;-0.464789;-0.760563;-0.401408;0.373239;0.0915493;-0.0140845;-0.859155;-0.612676;0.164912;-0.550877;-0.592982;-0.178683;-0.103448;-0.398119;0.00313479;-0.216301;-0.0909091;-0.373041;-0.460815;-0.310345;-0.347962;-0.648903;0.0282132;0.191223;-0.529781;0.191223;-0.504702;-0.786834;0.0783699;0.316614;-1;0.00313479;-0.216301;-0.874608;0.510972;-0.109718;-0.347962;-0.0783699;0.0658307;0.166144;0.442006;-0.141066;-0.0094044;-0.467085;-0.153605;-0.84326;-0.592476;0.948879;0.941739;0.96887;0.974582;0.945179;0.898791;0.895418;0.892325;0.890076;0.948271;0.918189;0.914535;0.876016;0.85673;0.845984;0.857832;0.863342;0.877669;0.89668;-1;0.889516;0.877394;-1;0;-1;-1;-1

17.51;-0.464789;-0.676056;-0.119718;1;-0.894366;-0.823944;-0.697183;-0.669014;-0.197183;-0.816901;-0.161972;-0.5;-0.464789;-0.760563;-0.401408;0.373239;0.0915493;-0.0140845;-0.859155;-0.607018;0.164912;-0.550877;-0.423198;-0.178683;-0.103448;-0.398119;0.00313479;-0.216301;-0.0909091;-0.373041;-0.460815;-0.310345;-0.347962;-0.648903;0.0282132;0.191223;-0.529781;0.191223;-0.504702;-0.786834;0.0783699;0.316614;-1;0.00313479;-0.216301;-0.874608;0.510972;-0.109718;-0.347962;-0.0783699;0.0658307;0.166144;0.442006;-0.141066;-0.0094044;-0.467085;-0.153605;-0.84326;0.92746;0.948879;0.941739;0.96887;0.943773;0.945179;0.898791;0.895418;0.892325;0.890076;0.948271;0.918189;0.876292;0.876016;0.85673;0.845984;0.857832;0.863342;0.877669;0.89668;-1;0.889516;-1;0;-1;-1;-1

17.25;-0.514085;-0.464789;-0.676056;-0.119718;1;-0.894366;-0.823944;-0.697183;-0.669014;-0.197183;-0.816901;-0.161972;-0.5;-0.464789;-0.760563;-0.401408;0.373239;0.0915493;-0.0140845;-0.852632;-0.607018;0.164912;-0.38558;-0.423198;-0.178683;-0.103448;-0.398119;0.00313479;-0.216301;-0.0909091;-0.373041;-0.460815;-0.310345;-0.347962;-0.648903;0.0282132;0.191223;-0.529781;0.191223;-0.504702;-0.786834;0.0783699;0.316614;-1;0.00313479;-0.216301;-0.874608;0.510972;-0.109718;-0.347962;-0.0783699;0.0658307;0.166144;0.442006;-0.141066;-0.0094044;-0.467085;-0.153605;0.916036;0.92746;0.948879;0.941739;0.93815;0.943773;0.945179;0.898791;0.895418;0.892325;0.890076;0.948271;0.879873;0.876292;0.876016;0.85673;0.845984;0.857832;0.863342;0.877669;0.89668;-1;+1;0;+1;+1;-1

18;0.197183;-0.514085;-0.464789;-0.676056;-0.119718;1;-0.894366;-0.823944;-0.697183;-0.669014;-0.197183;-0.816901;-0.161972;-0.5;-0.464789;-0.760563;-0.401408;0.373239;0.0915493;-0.0105263;-0.852632;-0.607018;0.253918;-0.38558;-0.423198;-0.178683;-0.103448;-0.398119;0.00313479;-0.216301;-0.0909091;-0.373041;-0.460815;-0.310345;-0.347962;-0.648903;0.0282132;0.191223;-0.529781;0.191223;-0.504702;-0.786834;0.0783699;0.316614;-1;0.00313479;-0.216301;-0.874608;0.510972;-0.109718;-0.347962;-0.0783699;0.0658307;0.166144;0.442006;-0.141066;-0.0094044;-0.467085;0.947451;0.916036;0.92746;0.948879;0.911442;0.93815;0.943773;0.945179;0.898791;0.895418;0.892325;0.890076;0.909354;0.879873;0.876292;0.876016;0.85673;0.845984;0.857832;0.863342;0.877669;0.89668;-1;0;-1;-1;-1

17.9;-0.401408;0.197183;-0.514085;-0.464789;-0.676056;-0.119718;1;-0.894366;-0.823944;-0.697183;-0.669014;-0.197183;-0.816901;-0.161972;-0.5;-0.464789;-0.760563;-0.401408;0.373239;0.0947369;-0.0105263;-0.852632;-0.435737;0.253918;-0.38558;-0.423198;-0.178683;-0.103448;-0.398119;0.00313479;-0.216301;-0.0909091;-0.373041;-0.460815;-0.310345;-0.347962;-0.648903;0.0282132;0.191223;-0.529781;0.191223;-0.504702;-0.786834;0.0783699;0.316614;-1;0.00313479;-0.216301;-0.874608;0.510972;-0.109718;-0.347962;-0.0783699;0.0658307;0.166144;0.442006;-0.141066;-0.0094044;0.933172;0.947451;0.916036;0.92746;0.918471;0.911442;0.93815;0.943773;0.945179;0.898791;0.895418;0.892325;0.852321;0.909354;0.879873;0.876292;0.876016;0.85673;0.845984;0.857832;0.863342;0.877669;-1;0;+1;+1;-1

17.25;-0.788732;-0.401408;0.197183;-0.514085;-0.464789;-0.676056;-0.119718;1;-0.894366;-0.823944;-0.697183;-0.669014;-0.197183;-0.816901;-0.161972;-0.5;-0.464789;-0.760563;-0.401408;0.375439;0.0947369;-0.0105263;-0.655172;-0.435737;0.253918;-0.38558;-0.423198;-0.178683;-0.103448;-0.398119;0.00313479;-0.216301;-0.0909091;-0.373041;-0.460815;-0.310345;-0.347962;-0.648903;0.0282132;0.191223;-0.529781;0.191223;-0.504702;-0.786834;0.0783699;0.316614;-1;0.00313479;-0.216301;-0.874608;0.510972;-0.109718;-0.347962;-0.0783699;0.0658307;0.166144;0.442006;-0.141066;0.95402;0.933172;0.947451;0.916036;0.897385;0.918471;0.911442;0.93815;0.943773;0.945179;0.898791;0.895418;0.854525;0.852321;0.909354;0.879873;0.876292;0.876016;0.85673;0.845984;0.857832;0.863342;+1;0;+1;+1;-1

17.4;-0.225352;-0.788732;-0.401408;0.197183;-0.514085;-0.464789;-0.676056;-0.119718;1;-0.894366;-0.823944;-0.697183;-0.669014;-0.197183;-0.816901;-0.161972;-0.5;-0.464789;-0.760563;-0.396491;0.375439;0.0947369;0.0971787;-0.655172;-0.435737;0.253918;-0.38558;-0.423198;-0.178683;-0.103448;-0.398119;0.00313479;-0.216301;-0.0909091;-0.373041;-0.460815;-0.310345;-0.347962;-0.648903;0.0282132;0.191223;-0.529781;0.191223;-0.504702;-0.786834;0.0783699;0.316614;-1;0.00313479;-0.216301;-0.874608;0.510972;-0.109718;-0.347962;-0.0783699;0.0658307;0.166144;0.442006;0.948022;0.95402;0.933172;0.947451;0.88614;0.897385;0.918471;0.911442;0.93815;0.943773;0.945179;0.898791;0.857556;0.854525;0.852321;0.909354;0.879873;0.876292;0.876016;0.85673;0.845984;0.857832;-1;0;-1;-1;-1

17.3;-0.401408;-0.225352;-0.788732;-0.401408;0.197183;-0.514085;-0.464789;-0.676056;-0.119718;1;-0.894366;-0.823944;-0.697183;-0.669014;-0.197183;-0.816901;-0.161972;-0.5;-0.464789;-0.754386;-0.396491;0.375439;0.191223;0.0971787;-0.655172;-0.435737;0.253918;-0.38558;-0.423198;-0.178683;-0.103448;-0.398119;0.00313479;-0.216301;-0.0909091;-0.373041;-0.460815;-0.310345;-0.347962;-0.648903;0.0282132;0.191223;-0.529781;0.191223;-0.504702;-0.786834;0.0783699;0.316614;-1;0.00313479;-0.216301;-0.874608;0.510972;-0.109718;-0.347962;-0.0783699;0.0658307;0.166144;0.974582;0.948022;0.95402;0.933172;0.917065;0.88614;0.897385;0.918471;0.911442;0.93815;0.943773;0.945179;0.860862;0.857556;0.854525;0.852321;0.909354;0.879873;0.876292;0.876016;0.85673;0.845984;+1;0;+1;+1;-1

18;0.161972;-0.401408;-0.225352;-0.788732;-0.401408;0.197183;-0.514085;-0.464789;-0.676056;-0.119718;1;-0.894366;-0.823944;-0.697183;-0.669014;-0.197183;-0.816901;-0.161972;-0.5;-0.459649;-0.754386;-0.396491;0.442006;0.191223;0.0971787;-0.655172;-0.435737;0.253918;-0.38558;-0.423198;-0.178683;-0.103448;-0.398119;0.00313479;-0.216301;-0.0909091;-0.373041;-0.460815;-0.310345;-0.347962;-0.648903;0.0282132;0.191223;-0.529781;0.191223;-0.504702;-0.786834;0.0783699;0.316614;-1;0.00313479;-0.216301;-0.874608;0.510972;-0.109718;-0.347962;-0.0783699;0.0658307;0.962016;0.974582;0.948022;0.95402;0.903008;0.917065;0.88614;0.897385;0.918471;0.911442;0.93815;0.943773;0.906323;0.860862;0.857556;0.854525;0.852321;0.909354;0.879873;0.876292;0.876016;0.85673;-1;0;-1;-1;-1

17.8;-0.471831;0.161972;-0.401408;-0.225352;-0.788732;-0.401408;0.197183;-0.514085;-0.464789;-0.676056;-0.119718;1;-0.894366;-0.823944;-0.697183;-0.669014;-0.197183;-0.816901;-0.161972;-0.494737;-0.459649;-0.754386;-0.247649;0.442006;0.191223;0.0971787;-0.655172;-0.435737;0.253918;-0.38558;-0.423198;-0.178683;-0.103448;-0.398119;0.00313479;-0.216301;-0.0909091;-0.373041;-0.460815;-0.310345;-0.347962;-0.648903;0.0282132;0.191223;-0.529781;0.191223;-0.504702;-0.786834;0.0783699;0.316614;-1;0.00313479;-0.216301;-0.874608;0.510972;-0.109718;-0.347962;-0.0783699;0.957447;0.962016;0.974582;0.948022;0.923531;0.903008;0.917065;0.88614;0.897385;0.918471;0.911442;0.93815;0.904946;0.906323;0.860862;0.857556;0.854525;0.852321;0.909354;0.879873;0.876292;0.876016;-1;0;-1;-1;-1

16.97;-0.915493;-0.471831;0.161972;-0.401408;-0.225352;-0.788732;-0.401408;0.197183;-0.514085;-0.464789;-0.676056;-0.119718;1;-0.894366;-0.823944;-0.697183;-0.669014;-0.197183;-0.816901;-0.157895;-0.494737;-0.459649;-0.567398;-0.247649;0.442006;0.191223;0.0971787;-0.655172;-0.435737;0.253918;-0.38558;-0.423198;-0.178683;-0.103448;-0.398119;0.00313479;-0.216301;-0.0909091;-0.373041;-0.460815;-0.310345;-0.347962;-0.648903;0.0282132;0.191223;-0.529781;0.191223;-0.504702;-0.786834;0.0783699;0.316614;-1;0.00313479;-0.216301;-0.874608;0.510972;-0.109718;-0.347962;0.950878;0.957447;0.962016;0.974582;0.917627;0.923531;0.903008;0.917065;0.88614;0.897385;0.918471;0.911442;0.899435;0.904946;0.906323;0.860862;0.857556;0.854525;0.852321;0.909354;0.879873;0.876292;+1;0;+1;+1;-1

17;-0.309859;-0.915493;-0.471831;0.161972;-0.401408;-0.225352;-0.788732;-0.401408;0.197183;-0.514085;-0.464789;-0.676056;-0.119718;1;-0.894366;-0.823944;-0.697183;-0.669014;-0.197183;-0.810526;-0.157895;-0.494737;-0.304075;-0.567398;-0.247649;0.442006;0.191223;0.0971787;-0.655172;-0.435737;0.253918;-0.38558;-0.423198;-0.178683;-0.103448;-0.398119;0.00313479;-0.216301;-0.0909091;-0.373041;-0.460815;-0.310345;-0.347962;-0.648903;0.0282132;0.191223;-0.529781;0.191223;-0.504702;-0.786834;0.0783699;0.316614;-1;0.00313479;-0.216301;-0.874608;0.510972;-0.109718;0.938598;0.950878;0.957447;0.962016;0.943773;0.917627;0.923531;0.903008;0.917065;0.88614;0.897385;0.918471;0.873261;0.899435;0.904946;0.906323;0.860862;0.857556;0.854525;0.852321;0.909354;0.879873;+1;0;+1;+1;-1

17.7;0.161972;-0.309859;-0.915493;-0.471831;0.161972;-0.401408;-0.225352;-0.788732;-0.401408;0.197183;-0.514085;-0.464789;-0.676056;-0.119718;1;-0.894366;-0.823944;-0.697183;-0.669014;-0.192982;-0.810526;-0.157895;-0.335423;-0.304075;-0.567398;-0.247649;0.442006;0.191223;0.0971787;-0.655172;-0.435737;0.253918;-0.38558;-0.423198;-0.178683;-0.103448;-0.398119;0.00313479;-0.216301;-0.0909091;-0.373041;-0.460815;-0.310345;-0.347962;-0.648903;0.0282132;0.191223;-0.529781;0.191223;-0.504702;-0.786834;0.0783699;0.316614;-1;0.00313479;-0.216301;-0.874608;0.510972;0.94945;0.938598;0.950878;0.957447;0.931403;0.943773;0.917627;0.923531;0.903008;0.917065;0.88614;0.897385;0.880149;0.873261;0.899435;0.904946;0.906323;0.860862;0.857556;0.854525;0.852321;0.909354;-1;0;+1;-1;-1

17.42;-0.528169;0.161972;-0.309859;-0.915493;-0.471831;0.161972;-0.401408;-0.225352;-0.788732;-0.401408;0.197183;-0.514085;-0.464789;-0.676056;-0.119718;1;-0.894366;-0.823944;-0.697183;-0.663158;-0.192982;-0.810526;-0.0344828;-0.335423;-0.304075;-0.567398;-0.247649;0.442006;0.191223;0.0971787;-0.655172;-0.435737;0.253918;-0.38558;-0.423198;-0.178683;-0.103448;-0.398119;0.00313479;-0.216301;-0.0909091;-0.373041;-0.460815;-0.310345;-0.347962;-0.648903;0.0282132;0.191223;-0.529781;0.191223;-0.504702;-0.786834;0.0783699;0.316614;-1;0.00313479;-0.216301;-0.874608;0.977724;0.94945;0.938598;0.950878;0.926905;0.931403;0.943773;0.917627;0.923531;0.903008;0.917065;0.88614;0.859485;0.880149;0.873261;0.899435;0.904946;0.906323;0.860862;0.857556;0.854525;0.852321;+1;0;+1;+1;-1

17.8;-0.0633803;-0.528169;0.161972;-0.309859;-0.915493;-0.471831;0.161972;-0.401408;-0.225352;-0.788732;-0.401408;0.197183;-0.514085;-0.464789;-0.676056;-0.119718;1;-0.894366;-0.823944;-0.691228;-0.663158;-0.192982;-0.617555;-0.0344828;-0.335423;-0.304075;-0.567398;-0.247649;0.442006;0.191223;0.0971787;-0.655172;-0.435737;0.253918;-0.38558;-0.423198;-0.178683;-0.103448;-0.398119;0.00313479;-0.216301;-0.0909091;-0.373041;-0.460815;-0.310345;-0.347962;-0.648903;0.0282132;0.191223;-0.529781;0.191223;-0.504702;-0.786834;0.0783699;0.316614;-1;0.00313479;-0.216301;0.914608;0.977724;0.94945;0.938598;0.920439;0.926905;0.931403;0.943773;0.917627;0.923531;0.903008;0.917065;0.848464;0.859485;0.880149;0.873261;0.899435;0.904946;0.906323;0.860862;0.857556;0.854525;-1;0;-1;-1;-1

17.6;-0.471831;-0.0633803;-0.528169;0.161972;-0.309859;-0.915493;-0.471831;0.161972;-0.401408;-0.225352;-0.788732;-0.401408;0.197183;-0.514085;-0.464789;-0.676056;-0.119718;1;-0.894366;-0.817544;-0.691228;-0.663158;-0.0658307;-0.617555;-0.0344828;-0.335423;-0.304075;-0.567398;-0.247649;0.442006;0.191223;0.0971787;-0.655172;-0.435737;0.253918;-0.38558;-0.423198;-0.178683;-0.103448;-0.398119;0.00313479;-0.216301;-0.0909091;-0.373041;-0.460815;-0.310345;-0.347962;-0.648903;0.0282132;0.191223;-0.529781;0.191223;-0.504702;-0.786834;0.0783699;0.316614;-1;0.00313479;0.944595;0.914608;0.977724;0.94945;0.90835;0.920439;0.926905;0.931403;0.943773;0.917627;0.923531;0.903008;0.878771;0.848464;0.859485;0.880149;0.873261;0.899435;0.904946;0.906323;0.860862;0.857556;-1;0;-1;-1;-1

17.19;-0.619718;-0.471831;-0.0633803;-0.528169;0.161972;-0.309859;-0.915493;-0.471831;0.161972;-0.401408;-0.225352;-0.788732;-0.401408;0.197183;-0.514085;-0.464789;-0.676056;-0.119718;1;-0.887719;-0.817544;-0.691228;-0.485893;-0.0658307;-0.617555;-0.0344828;-0.335423;-0.304075;-0.567398;-0.247649;0.442006;0.191223;0.0971787;-0.655172;-0.435737;0.253918;-0.38558;-0.423198;-0.178683;-0.103448;-0.398119;0.00313479;-0.216301;-0.0909091;-0.373041;-0.460815;-0.310345;-0.347962;-0.648903;0.0282132;0.191223;-0.529781;0.191223;-0.504702;-0.786834;0.0783699;0.316614;-1;0.954591;0.944595;0.914608;0.977724;0.919033;0.90835;0.920439;0.926905;0.931403;0.943773;0.917627;0.923531;0.864995;0.878771;0.848464;0.859485;0.880149;0.873261;0.899435;0.904946;0.906323;0.860862;+1;0;+1;+1;-1

17.51;-0.105634;-0.619718;-0.471831;-0.0633803;-0.528169;0.161972;-0.309859;-0.915493;-0.471831;0.161972;-0.401408;-0.225352;-0.788732;-0.401408;0.197183;-0.514085;-0.464789;-0.676056;-0.119718;1;-0.887719;-0.817544;-0.510972;-0.485893;-0.0658307;-0.617555;-0.0344828;-0.335423;-0.304075;-0.567398;-0.247649;0.442006;0.191223;0.0971787;-0.655172;-0.435737;0.253918;-0.38558;-0.423198;-0.178683;-0.103448;-0.398119;0.00313479;-0.216301;-0.0909091;-0.373041;-0.460815;-0.310345;-0.347962;-0.648903;0.0282132;0.191223;-0.529781;0.191223;-0.504702;-0.786834;0.0783699;0.316614;0.908896;0.954591;0.944595;0.914608;0.946865;0.919033;0.90835;0.920439;0.926905;0.931403;0.943773;0.917627;0.885108;0.864995;0.878771;0.848464;0.859485;0.880149;0.873261;0.899435;0.904946;0.906323;+1;0;+1;+1;-1

17.7;-0.197183;-0.105634;-0.619718;-0.471831;-0.0633803;-0.528169;0.161972;-0.309859;-0.915493;-0.471831;0.161972;-0.401408;-0.225352;-0.788732;-0.401408;0.197183;-0.514085;-0.464789;-0.676056;-0.115789;1;-0.887719;-0.623824;-0.510972;-0.485893;-0.0658307;-0.617555;-0.0344828;-0.335423;-0.304075;-0.567398;-0.247649;0.442006;0.191223;0.0971787;-0.655172;-0.435737;0.253918;-0.38558;-0.423198;-0.178683;-0.103448;-0.398119;0.00313479;-0.216301;-0.0909091;-0.373041;-0.460815;-0.310345;-0.347962;-0.648903;0.0282132;0.191223;-0.529781;0.191223;-0.504702;-0.786834;0.0783699;0.96887;0.908896;0.954591;0.944595;0.884734;0.946865;0.919033;0.90835;0.920439;0.926905;0.931403;0.943773;0.879322;0.885108;0.864995;0.878771;0.848464;0.859485;0.880149;0.873261;0.899435;0.904946;-1;0;+1;+1;-1

17.55;-0.43662;-0.197183;-0.105634;-0.619718;-0.471831;-0.0633803;-0.528169;0.161972;-0.309859;-0.915493;-0.471831;0.161972;-0.401408;-0.225352;-0.788732;-0.401408;0.197183;-0.514085;-0.464789;-0.670175;-0.115789;1;-0.68652;-0.623824;-0.510972;-0.485893;-0.0658307;-0.617555;-0.0344828;-0.335423;-0.304075;-0.567398;-0.247649;0.442006;0.191223;0.0971787;-0.655172;-0.435737;0.253918;-0.38558;-0.423198;-0.178683;-0.103448;-0.398119;0.00313479;-0.216301;-0.0909091;-0.373041;-0.460815;-0.310345;-0.347962;-0.648903;0.0282132;0.191223;-0.529781;0.191223;-0.504702;-0.786834;0.958018;0.96887;0.908896;0.954591;0.914254;0.884734;0.946865;0.919033;0.90835;0.920439;0.926905;0.931403;0.904946;0.879322;0.885108;0.864995;0.878771;0.848464;0.859485;0.880149;0.873261;0.899435;-1;0;-1;-1;-1

17.41;-0.429577;-0.43662;-0.197183;-0.105634;-0.619718;-0.471831;-0.0633803;-0.528169;0.161972;-0.309859;-0.915493;-0.471831;0.161972;-0.401408;-0.225352;-0.788732;-0.401408;0.197183;-0.514085;-0.459649;-0.670175;-0.115789;1;-0.68652;-0.623824;-0.510972;-0.485893;-0.0658307;-0.617555;-0.0344828;-0.335423;-0.304075;-0.567398;-0.247649;0.442006;0.191223;0.0971787;-0.655172;-0.435737;0.253918;-0.38558;-0.423198;-0.178683;-0.103448;-0.398119;0.00313479;-0.216301;-0.0909091;-0.373041;-0.460815;-0.310345;-0.347962;-0.648903;0.0282132;0.191223;-0.529781;0.191223;-0.504702;0.918606;0.958018;0.96887;0.908896;0.924093;0.914254;0.884734;0.946865;0.919033;0.90835;0.920439;0.926905;0.892823;0.904946;0.879322;0.885108;0.864995;0.878771;0.848464;0.859485;0.880149;0.873261;-1;0;-1;-1;-1

17.01;-0.612676;-0.429577;-0.43662;-0.197183;-0.105634;-0.619718;-0.471831;-0.0633803;-0.528169;0.161972;-0.309859;-0.915493;-0.471831;0.161972;-0.401408;-0.225352;-0.788732;-0.401408;0.197183;-0.508772;-0.459649;-0.670175;0.00313479;1;-0.68652;-0.623824;-0.510972;-0.485893;-0.0658307;-0.617555;-0.0344828;-0.335423;-0.304075;-0.567398;-0.247649;0.442006;0.191223;0.0971787;-0.655172;-0.435737;0.253918;-0.38558;-0.423198;-0.178683;-0.103448;-0.398119;0.00313479;-0.216301;-0.0909091;-0.373041;-0.460815;-0.310345;-0.347962;-0.648903;0.0282132;0.191223;-0.529781;0.191223;0.931458;0.918606;0.958018;0.96887;0.879112;0.924093;0.914254;0.884734;0.946865;0.919033;0.90835;0.920439;0.888414;0.892823;0.904946;0.879322;0.885108;0.864995;0.878771;0.848464;0.859485;0.880149;+1;0;+1;+1;-1

17.84;0.253521;-0.612676;-0.429577;-0.43662;-0.197183;-0.105634;-0.619718;-0.471831;-0.0633803;-0.528169;0.161972;-0.309859;-0.915493;-0.471831;0.161972;-0.401408;-0.225352;-0.788732;-0.401408;0.2;-0.508772;-0.459649;-0.492163;0.00313479;1;-0.68652;-0.623824;-0.510972;-0.485893;-0.0658307;-0.617555;-0.0344828;-0.335423;-0.304075;-0.567398;-0.247649;0.442006;0.191223;0.0971787;-0.655172;-0.435737;0.253918;-0.38558;-0.423198;-0.178683;-0.103448;-0.398119;0.00313479;-0.216301;-0.0909091;-0.373041;-0.460815;-0.310345;-0.347962;-0.648903;0.0282132;0.191223;-0.529781;0.963159;0.931458;0.918606;0.958018;0.93815;0.879112;0.924093;0.914254;0.884734;0.946865;0.919033;0.90835;0.882077;0.888414;0.892823;0.904946;0.879322;0.885108;0.864995;0.878771;0.848464;0.859485;-1;0;+1;-1;-1

17.7;-0.429577;0.253521;-0.612676;-0.429577;-0.43662;-0.197183;-0.105634;-0.619718;-0.471831;-0.0633803;-0.528169;0.161972;-0.309859;-0.915493;-0.471831;0.161972;-0.401408;-0.225352;-0.788732;-0.396491;0.2;-0.508772;-0.304075;-0.492163;0.00313479;1;-0.68652;-0.623824;-0.510972;-0.485893;-0.0658307;-0.617555;-0.0344828;-0.335423;-0.304075;-0.567398;-0.247649;0.442006;0.191223;0.0971787;-0.655172;-0.435737;0.253918;-0.38558;-0.423198;-0.178683;-0.103448;-0.398119;0.00313479;-0.216301;-0.0909091;-0.373041;-0.460815;-0.310345;-0.347962;-0.648903;0.0282132;0.191223;0.930316;0.963159;0.931458;0.918606;0.927467;0.93815;0.879112;0.924093;0.914254;0.884734;0.946865;0.919033;0.87023;0.882077;0.888414;0.892823;0.904946;0.879322;0.885108;0.864995;0.878771;0.848464;+1;0;+1;-1;-1

18.55;0.267606;-0.429577;0.253521;-0.612676;-0.429577;-0.43662;-0.197183;-0.105634;-0.619718;-0.471831;-0.0633803;-0.528169;0.161972;-0.309859;-0.915493;-0.471831;0.161972;-0.401408;-0.225352;-0.782456;-0.396491;0.2;-0.347962;-0.304075;-0.492163;0.00313479;1;-0.68652;-0.623824;-0.510972;-0.485893;-0.0658307;-0.617555;-0.0344828;-0.335423;-0.304075;-0.567398;-0.247649;0.442006;0.191223;0.0971787;-0.655172;-0.435737;0.253918;-0.38558;-0.423198;-0.178683;-0.103448;-0.398119;0.00313479;-0.216301;-0.0909091;-0.373041;-0.460815;-0.310345;-0.347962;-0.648903;0.0282132;0.963159;0.930316;0.963159;0.931458;0.88867;0.927467;0.93815;0.879112;0.924093;0.914254;0.884734;0.946865;0.8807;0.87023;0.882077;0.888414;0.892823;0.904946;0.879322;0.885108;0.864995;0.878771;-1;0;+1;-1;-1

18.35;-0.471831;0.267606;-0.429577;0.253521;-0.612676;-0.429577;-0.43662;-0.197183;-0.105634;-0.619718;-0.471831;-0.0633803;-0.528169;0.161972;-0.309859;-0.915493;-0.471831;0.161972;-0.401408;-0.221053;-0.782456;-0.396491;0.285266;-0.347962;-0.304075;-0.492163;0.00313479;1;-0.68652;-0.623824;-0.510972;-0.485893;-0.0658307;-0.617555;-0.0344828;-0.335423;-0.304075;-0.567398;-0.247649;0.442006;0.191223;0.0971787;-0.655172;-0.435737;0.253918;-0.38558;-0.423198;-0.178683;-0.103448;-0.398119;0.00313479;-0.216301;-0.0909091;-0.373041;-0.460815;-0.310345;-0.347962;-0.648903;0.955733;0.963159;0.930316;0.963159;0.901321;0.88867;0.927467;0.93815;0.879112;0.924093;0.914254;0.884734;0.907976;0.8807;0.87023;0.882077;0.888414;0.892823;0.904946;0.879322;0.885108;0.864995;-1;0;+1;-1;-1

17.4;-1;-0.471831;0.267606;-0.429577;0.253521;-0.612676;-0.429577;-0.43662;-0.197183;-0.105634;-0.619718;-0.471831;-0.0633803;-0.528169;0.161972;-0.309859;-0.915493;-0.471831;0.161972;-0.396491;-0.221053;-0.782456;-0.247649;0.285266;-0.347962;-0.304075;-0.492163;0.00313479;1;-0.68652;-0.623824;-0.510972;-0.485893;-0.0658307;-0.617555;-0.0344828;-0.335423;-0.304075;-0.567398;-0.247649;0.442006;0.191223;0.0971787;-0.655172;-0.435737;0.253918;-0.38558;-0.423198;-0.178683;-0.103448;-0.398119;0.00313479;-0.216301;-0.0909091;-0.373041;-0.460815;-0.310345;-0.347962;0.924889;0.955733;0.963159;0.930316;0.932527;0.901321;0.88867;0.927467;0.93815;0.879112;0.924093;0.914254;0.847086;0.907976;0.8807;0.87023;0.882077;0.888414;0.892823;0.904946;0.879322;0.885108;+1;0;+1;+1;-1

17.43;-0.309859;-1;-0.471831;0.267606;-0.429577;0.253521;-0.612676;-0.429577;-0.43662;-0.197183;-0.105634;-0.619718;-0.471831;-0.0633803;-0.528169;0.161972;-0.309859;-0.915493;-0.471831;0.164912;-0.396491;-0.221053;-0.592476;-0.247649;0.285266;-0.347962;-0.304075;-0.492163;0.00313479;1;-0.68652;-0.623824;-0.510972;-0.485893;-0.0658307;-0.617555;-0.0344828;-0.335423;-0.304075;-0.567398;-0.247649;0.442006;0.191223;0.0971787;-0.655172;-0.435737;0.253918;-0.38558;-0.423198;-0.178683;-0.103448;-0.398119;0.00313479;-0.216301;-0.0909091;-0.373041;-0.460815;-0.310345;0.938598;0.924889;0.955733;0.963159;0.900197;0.932527;0.901321;0.88867;0.927467;0.93815;0.879112;0.924093;0.876016;0.847086;0.907976;0.8807;0.87023;0.882077;0.888414;0.892823;0.904946;0.879322;+1;0;+1;+1;-1

18.24;0.239437;-0.309859;-1;-0.471831;0.267606;-0.429577;0.253521;-0.612676;-0.429577;-0.43662;-0.197183;-0.105634;-0.619718;-0.471831;-0.0633803;-0.528169;0.161972;-0.309859;-0.915493;-0.466667;0.164912;-0.396491;-0.0909091;-0.592476;-0.247649;0.285266;-0.347962;-0.304075;-0.492163;0.00313479;1;-0.68652;-0.623824;-0.510972;-0.485893;-0.0658307;-0.617555;-0.0344828;-0.335423;-0.304075;-0.567398;-0.247649;0.442006;0.191223;0.0971787;-0.655172;-0.435737;0.253918;-0.38558;-0.423198;-0.178683;-0.103448;-0.398119;0.00313479;-0.216301;-0.0909091;-0.373041;-0.460815;0.940311;0.938598;0.924889;0.955733;0.932527;0.900197;0.932527;0.901321;0.88867;0.927467;0.93815;0.879112;0.885659;0.876016;0.847086;0.907976;0.8807;0.87023;0.882077;0.888414;0.892823;0.904946;-1;0;+1;-1;-1

17.61;-0.774648;0.239437;-0.309859;-1;-0.471831;0.267606;-0.429577;0.253521;-0.612676;-0.429577;-0.43662;-0.197183;-0.105634;-0.619718;-0.471831;-0.0633803;-0.528169;0.161972;-0.309859;-0.908772;-0.466667;0.164912;-0.247649;-0.0909091;-0.592476;-0.247649;0.285266;-0.347962;-0.304075;-0.492163;0.00313479;1;-0.68652;-0.623824;-0.510972;-0.485893;-0.0658307;-0.617555;-0.0344828;-0.335423;-0.304075;-0.567398;-0.247649;0.442006;0.191223;0.0971787;-0.655172;-0.435737;0.253918;-0.38558;-0.423198;-0.178683;-0.103448;-0.398119;0.00313479;-0.216301;-0.0909091;-0.373041;0.933457;0.940311;0.938598;0.924889;0.925218;0.932527;0.900197;0.932527;0.901321;0.88867;0.927467;0.93815;0.841576;0.885659;0.876016;0.847086;0.907976;0.8807;0.87023;0.882077;0.888414;0.892823;-1;0;-1;-1;-1

17.45;-0.443662;-0.774648;0.239437;-0.309859;-1;-0.471831;0.267606;-0.429577;0.253521;-0.612676;-0.429577;-0.43662;-0.197183;-0.105634;-0.619718;-0.471831;-0.0633803;-0.528169;0.161972;-0.305263;-0.908772;-0.466667;0.253918;-0.247649;-0.0909091;-0.592476;-0.247649;0.285266;-0.347962;-0.304075;-0.492163;0.00313479;1;-0.68652;-0.623824;-0.510972;-0.485893;-0.0658307;-0.617555;-0.0344828;-0.335423;-0.304075;-0.567398;-0.247649;0.442006;0.191223;0.0971787;-0.655172;-0.435737;0.253918;-0.38558;-0.423198;-0.178683;-0.103448;-0.398119;0.00313479;-0.216301;-0.0909091;0.937455;0.933457;0.940311;0.938598;0.894855;0.925218;0.932527;0.900197;0.932527;0.901321;0.88867;0.927467;0.899435;0.841576;0.885659;0.876016;0.847086;0.907976;0.8807;0.87023;0.882077;0.888414;+1;0;+1;+1;-1

17.75;-0.119718;-0.443662;-0.774648;0.239437;-0.309859;-1;-0.471831;0.267606;-0.429577;0.253521;-0.612676;-0.429577;-0.43662;-0.197183;-0.105634;-0.619718;-0.471831;-0.0633803;-0.528169;0.164912;-0.305263;-0.908772;-0.310345;0.253918;-0.247649;-0.0909091;-0.592476;-0.247649;0.285266;-0.347962;-0.304075;-0.492163;0.00313479;1;-0.68652;-0.623824;-0.510972;-0.485893;-0.0658307;-0.617555;-0.0344828;-0.335423;-0.304075;-0.567398;-0.247649;0.442006;0.191223;0.0971787;-0.655172;-0.435737;0.253918;-0.38558;-0.423198;-0.178683;-0.103448;-0.398119;0.00313479;-0.216301;0.950307;0.937455;0.933457;0.940311;0.90835;0.894855;0.925218;0.932527;0.900197;0.932527;0.901321;0.88867;0.888965;0.899435;0.841576;0.885659;0.876016;0.847086;0.907976;0.8807;0.87023;0.882077;-1;0;+1;+1;-1

17.35;-0.612676;-0.119718;-0.443662;-0.774648;0.239437;-0.309859;-1;-0.471831;0.267606;-0.429577;0.253521;-0.612676;-0.429577;-0.43662;-0.197183;-0.105634;-0.619718;-0.471831;-0.0633803;-0.522807;0.164912;-0.305263;-0.705329;-0.310345;0.253918;-0.247649;-0.0909091;-0.592476;-0.247649;0.285266;-0.347962;-0.304075;-0.492163;0.00313479;1;-0.68652;-0.623824;-0.510972;-0.485893;-0.0658307;-0.617555;-0.0344828;-0.335423;-0.304075;-0.567398;-0.247649;0.442006;0.191223;0.0971787;-0.655172;-0.435737;0.253918;-0.38558;-0.423198;-0.178683;-0.103448;-0.398119;0.00313479;0.944595;0.950307;0.937455;0.933457;0.910037;0.90835;0.894855;0.925218;0.932527;0.900197;0.932527;0.901321;0.850944;0.888965;0.899435;0.841576;0.885659;0.876016;0.847086;0.907976;0.8807;0.87023;+1;0;+1;-1;-1

17.75;-0.0492958;-0.612676;-0.119718;-0.443662;-0.774648;0.239437;-0.309859;-1;-0.471831;0.267606;-0.429577;0.253521;-0.612676;-0.429577;-0.43662;-0.197183;-0.105634;-0.619718;-0.471831;-0.0596491;-0.522807;0.164912;-0.166144;-0.705329;-0.310345;0.253918;-0.247649;-0.0909091;-0.592476;-0.247649;0.285266;-0.347962;-0.304075;-0.492163;0.00313479;1;-0.68652;-0.623824;-0.510972;-0.485893;-0.0658307;-0.617555;-0.0344828;-0.335423;-0.304075;-0.567398;-0.247649;0.442006;0.191223;0.0971787;-0.655172;-0.435737;0.253918;-0.38558;-0.423198;-0.178683;-0.103448;-0.398119;0.954591;0.944595;0.950307;0.937455;0.903289;0.910037;0.90835;0.894855;0.925218;0.932527;0.900197;0.932527;0.863342;0.850944;0.888965;0.899435;0.841576;0.885659;0.876016;0.847086;0.907976;0.8807;-1;0;+1;-1;-1

17.73;-0.34507;-0.0492958;-0.612676;-0.119718;-0.443662;-0.774648;0.239437;-0.309859;-1;-0.471831;0.267606;-0.429577;0.253521;-0.612676;-0.429577;-0.43662;-0.197183;-0.105634;-0.619718;-0.466667;-0.0596491;-0.522807;0.253918;-0.166144;-0.705329;-0.310345;0.253918;-0.247649;-0.0909091;-0.592476;-0.247649;0.285266;-0.347962;-0.304075;-0.492163;0.00313479;1;-0.68652;-0.623824;-0.510972;-0.485893;-0.0658307;-0.617555;-0.0344828;-0.335423;-0.304075;-0.567398;-0.247649;0.442006;0.191223;0.0971787;-0.655172;-0.435737;0.253918;-0.38558;-0.423198;-0.178683;-0.103448;0.936313;0.954591;0.944595;0.950307;0.907225;0.903289;0.910037;0.90835;0.894855;0.925218;0.932527;0.900197;0.893925;0.863342;0.850944;0.888965;0.899435;0.841576;0.885659;0.876016;0.847086;0.907976;+1;0;+1;+1;-1

18.28;0.056338;-0.34507;-0.0492958;-0.612676;-0.119718;-0.443662;-0.774648;0.239437;-0.309859;-1;-0.471831;0.267606;-0.429577;0.253521;-0.612676;-0.429577;-0.43662;-0.197183;-0.105634;-0.614035;-0.466667;-0.0596491;-0.360502;0.253918;-0.166144;-0.705329;-0.310345;0.253918;-0.247649;-0.0909091;-0.592476;-0.247649;0.285266;-0.347962;-0.304075;-0.492163;0.00313479;1;-0.68652;-0.623824;-0.510972;-0.485893;-0.0658307;-0.617555;-0.0344828;-0.335423;-0.304075;-0.567398;-0.247649;0.442006;0.191223;0.0971787;-0.655172;-0.435737;0.253918;-0.38558;-0.423198;-0.178683;0.949736;0.936313;0.954591;0.944595;0.919876;0.907225;0.903289;0.910037;0.90835;0.894855;0.925218;0.932527;0.86224;0.893925;0.863342;0.850944;0.888965;0.899435;0.841576;0.885659;0.876016;0.847086;+1;0;+1;+1;-1

19.1;0.246479;0.056338;-0.34507;-0.0492958;-0.612676;-0.119718;-0.443662;-0.774648;0.239437;-0.309859;-1;-0.471831;0.267606;-0.429577;0.253521;-0.612676;-0.429577;-0.43662;-0.197183;-0.101754;-0.614035;-0.466667;0.0532915;-0.360502;0.253918;-0.166144;-0.705329;-0.310345;0.253918;-0.247649;-0.0909091;-0.592476;-0.247649;0.285266;-0.347962;-0.304075;-0.492163;0.00313479;1;-0.68652;-0.623824;-0.510972;-0.485893;-0.0658307;-0.617555;-0.0344828;-0.335423;-0.304075;-0.567398;-0.247649;0.442006;0.191223;0.0971787;-0.655172;-0.435737;0.253918;-0.38558;-0.423198;0.946309;0.949736;0.936313;0.954591;0.914254;0.919876;0.907225;0.903289;0.910037;0.90835;0.894855;0.925218;0.893925;0.86224;0.893925;0.863342;0.850944;0.888965;0.899435;0.841576;0.885659;0.876016;-1;0;-1;-1;-1

18.74;-0.584507;0.246479;0.056338;-0.34507;-0.0492958;-0.612676;-0.119718;-0.443662;-0.774648;0.239437;-0.309859;-1;-0.471831;0.267606;-0.429577;0.253521;-0.612676;-0.429577;-0.43662;-0.192982;-0.101754;-0.614035;-0.310345;0.0532915;-0.360502;0.253918;-0.166144;-0.705329;-0.310345;0.253918;-0.247649;-0.0909091;-0.592476;-0.247649;0.285266;-0.347962;-0.304075;-0.492163;0.00313479;1;-0.68652;-0.623824;-0.510972;-0.485893;-0.0658307;-0.617555;-0.0344828;-0.335423;-0.304075;-0.567398;-0.247649;0.442006;0.191223;0.0971787;-0.655172;-0.435737;0.253918;-0.38558;0.935171;0.946309;0.949736;0.936313;0.924093;0.914254;0.919876;0.907225;0.903289;0.910037;0.90835;0.894855;0.886761;0.893925;0.86224;0.893925;0.863342;0.850944;0.888965;0.899435;0.841576;0.885659;+1;0;+1;-1;-1

18.79;-0.295775;-0.584507;0.246479;0.056338;-0.34507;-0.0492958;-0.612676;-0.119718;-0.443662;-0.774648;0.239437;-0.309859;-1;-0.471831;0.267606;-0.429577;0.253521;-0.612676;-0.429577;-0.431579;-0.192982;-0.101754;-0.442006;-0.310345;0.0532915;-0.360502;0.253918;-0.166144;-0.705329;-0.310345;0.253918;-0.247649;-0.0909091;-0.592476;-0.247649;0.285266;-0.347962;-0.304075;-0.492163;0.00313479;1;-0.68652;-0.623824;-0.510972;-0.485893;-0.0658307;-0.617555;-0.0344828;-0.335423;-0.304075;-0.567398;-0.247649;0.442006;0.191223;0.0971787;-0.655172;-0.435737;0.253918;0.936884;0.935171;0.946309;0.949736;0.906101;0.924093;0.914254;0.919876;0.907225;0.903289;0.910037;0.90835;0.857005;0.886761;0.893925;0.86224;0.893925;0.863342;0.850944;0.888965;0.899435;0.841576;+1;0;+1;-1;-1

19.6;0.239437;-0.295775;-0.584507;0.246479;0.056338;-0.34507;-0.0492958;-0.612676;-0.119718;-0.443662;-0.774648;0.239437;-0.309859;-1;-0.471831;0.267606;-0.429577;0.253521;-0.612676;-0.424561;-0.431579;-0.192982;0.015674;-0.442006;-0.310345;0.0532915;-0.360502;0.253918;-0.166144;-0.705329;-0.310345;0.253918;-0.247649;-0.0909091;-0.592476;-0.247649;0.285266;-0.347962;-0.304075;-0.492163;0.00313479;1;-0.68652;-0.623824;-0.510972;-0.485893;-0.0658307;-0.617555;-0.0344828;-0.335423;-0.304075;-0.567398;-0.247649;0.442006;0.191223;0.0971787;-0.655172;-0.435737;0.966015;0.936884;0.935171;0.946309;0.919314;0.906101;0.924093;0.914254;0.919876;0.907225;0.903289;0.910037;0.87023;0.857005;0.886761;0.893925;0.86224;0.893925;0.863342;0.850944;0.888965;0.899435;+1;0;+1;-1;-1

20.3;0.161972;0.239437;-0.295775;-0.584507;0.246479;0.056338;-0.34507;-0.0492958;-0.612676;-0.119718;-0.443662;-0.774648;0.239437;-0.309859;-1;-0.471831;0.267606;-0.429577;0.253521;-0.607018;-0.424561;-0.431579;-0.0658307;0.015674;-0.442006;-0.310345;0.0532915;-0.360502;0.253918;-0.166144;-0.705329;-0.310345;0.253918;-0.247649;-0.0909091;-0.592476;-0.247649;0.285266;-0.347962;-0.304075;-0.492163;0.00313479;1;-0.68652;-0.623824;-0.510972;-0.485893;-0.0658307;-0.617555;-0.0344828;-0.335423;-0.304075;-0.567398;-0.247649;0.442006;0.191223;0.0971787;-0.655172;0.934599;0.966015;0.936884;0.935171;0.91594;0.919314;0.906101;0.924093;0.914254;0.919876;0.907225;0.903289;0.871883;0.87023;0.857005;0.886761;0.893925;0.86224;0.893925;0.863342;0.850944;0.888965;-1;0;+1;-1;-1

20.3;-0.330986;0.161972;0.239437;-0.295775;-0.584507;0.246479;0.056338;-0.34507;-0.0492958;-0.612676;-0.119718;-0.443662;-0.774648;0.239437;-0.309859;-1;-0.471831;0.267606;-0.429577;0.25614;-0.607018;-0.424561;-0.278997;-0.0658307;0.015674;-0.442006;-0.310345;0.0532915;-0.360502;0.253918;-0.166144;-0.705329;-0.310345;0.253918;-0.247649;-0.0909091;-0.592476;-0.247649;0.285266;-0.347962;-0.304075;-0.492163;0.00313479;1;-0.68652;-0.623824;-0.510972;-0.485893;-0.0658307;-0.617555;-0.0344828;-0.335423;-0.304075;-0.567398;-0.247649;0.442006;0.191223;0.0971787;0.924604;0.934599;0.966015;0.936884;0.904976;0.91594;0.919314;0.906101;0.924093;0.914254;0.919876;0.907225;0.865271;0.871883;0.87023;0.857005;0.886761;0.893925;0.86224;0.893925;0.863342;0.850944;-1;0;+1;-1;-1

19.7;-0.753521;-0.330986;0.161972;0.239437;-0.295775;-0.584507;0.246479;0.056338;-0.34507;-0.0492958;-0.612676;-0.119718;-0.443662;-0.774648;0.239437;-0.309859;-1;-0.471831;0.267606;-0.424561;0.25614;-0.607018;-0.272727;-0.278997;-0.0658307;0.015674;-0.442006;-0.310345;0.0532915;-0.360502;0.253918;-0.166144;-0.705329;-0.310345;0.253918;-0.247649;-0.0909091;-0.592476;-0.247649;0.285266;-0.347962;-0.304075;-0.492163;0.00313479;1;-0.68652;-0.623824;-0.510972;-0.485893;-0.0658307;-0.617555;-0.0344828;-0.335423;-0.304075;-0.567398;-0.247649;0.442006;0.191223;0.958875;0.924604;0.934599;0.966015;0.906663;0.904976;0.91594;0.919314;0.906101;0.924093;0.914254;0.919876;0.869128;0.865271;0.871883;0.87023;0.857005;0.886761;0.893925;0.86224;0.893925;0.863342;+1;0;+1;+1;-1

20.17;0;-0.753521;-0.330986;0.161972;0.239437;-0.295775;-0.584507;0.246479;0.056338;-0.34507;-0.0492958;-0.612676;-0.119718;-0.443662;-0.774648;0.239437;-0.309859;-1;-0.471831;0.270175;-0.424561;0.25614;-0.435737;-0.272727;-0.278997;-0.0658307;0.015674;-0.442006;-0.310345;0.0532915;-0.360502;0.253918;-0.166144;-0.705329;-0.310345;0.253918;-0.247649;-0.0909091;-0.592476;-0.247649;0.285266;-0.347962;-0.304075;-0.492163;0.00313479;1;-0.68652;-0.623824;-0.510972;-0.485893;-0.0658307;-0.617555;-0.0344828;-0.335423;-0.304075;-0.567398;-0.247649;0.442006;0.963159;0.958875;0.924604;0.934599;0.935339;0.906663;0.904976;0.91594;0.919314;0.906101;0.924093;0.914254;0.881526;0.869128;0.865271;0.871883;0.87023;0.857005;0.886761;0.893925;0.86224;0.893925;+1;0;+1;+1;-1

20.45;-0.133803;0;-0.753521;-0.330986;0.161972;0.239437;-0.295775;-0.584507;0.246479;0.056338;-0.34507;-0.0492958;-0.612676;-0.119718;-0.443662;-0.774648;0.239437;-0.309859;-1;-0.466667;0.270175;-0.424561;0.335423;-0.435737;-0.272727;-0.278997;-0.0658307;0.015674;-0.442006;-0.310345;0.0532915;-0.360502;0.253918;-0.166144;-0.705329;-0.310345;0.253918;-0.247649;-0.0909091;-0.592476;-0.247649;0.285266;-0.347962;-0.304075;-0.492163;0.00313479;1;-0.68652;-0.623824;-0.510972;-0.485893;-0.0658307;-0.617555;-0.0344828;-0.335423;-0.304075;-0.567398;-0.247649;0.974582;0.963159;0.958875;0.924604;0.904414;0.935339;0.906663;0.904976;0.91594;0.919314;0.906101;0.924093;0.876016;0.881526;0.869128;0.865271;0.871883;0.87023;0.857005;0.886761;0.893925;0.86224;-1;0;+1;-1;-1

20;-0.647887;-0.133803;0;-0.753521;-0.330986;0.161972;0.239437;-0.295775;-0.584507;0.246479;0.056338;-0.34507;-0.0492958;-0.612676;-0.119718;-0.443662;-0.774648;0.239437;-0.309859;-0.992982;-0.466667;0.270175;-0.272727;0.335423;-0.435737;-0.272727;-0.278997;-0.0658307;0.015674;-0.442006;-0.310345;0.0532915;-0.360502;0.253918;-0.166144;-0.705329;-0.310345;0.253918;-0.247649;-0.0909091;-0.592476;-0.247649;0.285266;-0.347962;-0.304075;-0.492163;0.00313479;1;-0.68652;-0.623824;-0.510972;-0.485893;-0.0658307;-0.617555;-0.0344828;-0.335423;-0.304075;-0.567398;0.943167;0.974582;0.963159;0.958875;0.894574;0.904414;0.935339;0.906663;0.904976;0.91594;0.919314;0.906101;0.885659;0.876016;0.881526;0.869128;0.865271;0.871883;0.87023;0.857005;0.886761;0.893925;-1;0;+1;-1;-1

19.98;-0.34507;-0.647887;-0.133803;0;-0.753521;-0.330986;0.161972;0.239437;-0.295775;-0.584507;0.246479;0.056338;-0.34507;-0.0492958;-0.612676;-0.119718;-0.443662;-0.774648;0.239437;-0.305263;-0.992982;-0.466667;0.347962;-0.272727;0.335423;-0.435737;-0.272727;-0.278997;-0.0658307;0.015674;-0.442006;-0.310345;0.0532915;-0.360502;0.253918;-0.166144;-0.705329;-0.310345;0.253918;-0.247649;-0.0909091;-0.592476;-0.247649;0.285266;-0.347962;-0.304075;-0.492163;0.00313479;1;-0.68652;-0.623824;-0.510972;-0.485893;-0.0658307;-0.617555;-0.0344828;-0.335423;-0.304075;0.928602;0.943167;0.974582;0.963159;0.92831;0.894574;0.904414;0.935339;0.906663;0.904976;0.91594;0.919314;0.868026;0.885659;0.876016;0.881526;0.869128;0.865271;0.871883;0.87023;0.857005;0.886761;-1;0;+1;-1;-1

19.37;-0.760563;-0.34507;-0.647887;-0.133803;0;-0.753521;-0.330986;0.161972;0.239437;-0.295775;-0.584507;0.246479;0.056338;-0.34507;-0.0492958;-0.612676;-0.119718;-0.443662;-0.774648;0.242105;-0.305263;-0.992982;-0.310345;0.347962;-0.272727;0.335423;-0.435737;-0.272727;-0.278997;-0.0658307;0.015674;-0.442006;-0.310345;0.0532915;-0.360502;0.253918;-0.166144;-0.705329;-0.310345;0.253918;-0.247649;-0.0909091;-0.592476;-0.247649;0.285266;-0.347962;-0.304075;-0.492163;0.00313479;1;-0.68652;-0.623824;-0.510972;-0.485893;-0.0658307;-0.617555;-0.0344828;-0.335423;0.940597;0.928602;0.943167;0.974582;0.932527;0.92831;0.894574;0.904414;0.935339;0.906663;0.904976;0.91594;0.880975;0.868026;0.885659;0.876016;0.881526;0.869128;0.865271;0.871883;0.87023;0.857005;+1;0;+1;+1;-1

19.85;0.00704225;-0.760563;-0.34507;-0.647887;-0.133803;0;-0.753521;-0.330986;0.161972;0.239437;-0.295775;-0.584507;0.246479;0.056338;-0.34507;-0.0492958;-0.612676;-0.119718;-0.443662;-0.768421;0.242105;-0.305263;-0.780564;-0.310345;0.347962;-0.272727;0.335423;-0.435737;-0.272727;-0.278997;-0.0658307;0.015674;-0.442006;-0.310345;0.0532915;-0.360502;0.253918;-0.166144;-0.705329;-0.310345;0.253918;-0.247649;-0.0909091;-0.592476;-0.247649;0.285266;-0.347962;-0.304075;-0.492163;0.00313479;1;-0.68652;-0.623824;-0.510972;-0.485893;-0.0658307;-0.617555;-0.0344828;0.939169;0.940597;0.928602;0.943167;0.943773;0.932527;0.92831;0.894574;0.904414;0.935339;0.906663;0.904976;0.877669;0.880975;0.868026;0.885659;0.876016;0.881526;0.869128;0.865271;0.871883;0.87023;-1;0;+1;+1;-1

19.6;-0.507042;0.00704225;-0.760563;-0.34507;-0.647887;-0.133803;0;-0.753521;-0.330986;0.161972;0.239437;-0.295775;-0.584507;0.246479;0.056338;-0.34507;-0.0492958;-0.612676;-0.119718;-0.438596;-0.768421;0.242105;-0.166144;-0.780564;-0.310345;0.347962;-0.272727;0.335423;-0.435737;-0.272727;-0.278997;-0.0658307;0.015674;-0.442006;-0.310345;0.0532915;-0.360502;0.253918;-0.166144;-0.705329;-0.310345;0.253918;-0.247649;-0.0909091;-0.592476;-0.247649;0.285266;-0.347962;-0.304075;-0.492163;0.00313479;1;-0.68652;-0.623824;-0.510972;-0.485893;-0.0658307;-0.617555;0.952877;0.939169;0.940597;0.928602;0.912848;0.943773;0.932527;0.92831;0.894574;0.904414;0.935339;0.906663;0.866924;0.877669;0.880975;0.868026;0.885659;0.876016;0.881526;0.869128;0.865271;0.871883;-1;0;+1;-1;-1

19.6;-0.330986;-0.507042;0.00704225;-0.760563;-0.34507;-0.647887;-0.133803;0;-0.753521;-0.330986;0.161972;0.239437;-0.295775;-0.584507;0.246479;0.056338;-0.34507;-0.0492958;-0.612676;-0.115789;-0.438596;-0.768421;0.322884;-0.166144;-0.780564;-0.310345;0.347962;-0.272727;0.335423;-0.435737;-0.272727;-0.278997;-0.0658307;0.015674;-0.442006;-0.310345;0.0532915;-0.360502;0.253918;-0.166144;-0.705329;-0.310345;0.253918;-0.247649;-0.0909091;-0.592476;-0.247649;0.285266;-0.347962;-0.304075;-0.492163;0.00313479;1;-0.68652;-0.623824;-0.510972;-0.485893;-0.0658307;0.926317;0.952877;0.939169;0.940597;0.89851;0.912848;0.943773;0.932527;0.92831;0.894574;0.904414;0.935339;0.868577;0.866924;0.877669;0.880975;0.868026;0.885659;0.876016;0.881526;0.869128;0.865271;-1;0;+1;-1;-1

19.5;-0.401408;-0.330986;-0.507042;0.00704225;-0.760563;-0.34507;-0.647887;-0.133803;0;-0.753521;-0.330986;0.161972;0.239437;-0.295775;-0.584507;0.246479;0.056338;-0.34507;-0.0492958;-0.607018;-0.115789;-0.438596;-0.579937;0.322884;-0.166144;-0.780564;-0.310345;0.347962;-0.272727;0.335423;-0.435737;-0.272727;-0.278997;-0.0658307;0.015674;-0.442006;-0.310345;0.0532915;-0.360502;0.253918;-0.166144;-0.705329;-0.310345;0.253918;-0.247649;-0.0909091;-0.592476;-0.247649;0.285266;-0.347962;-0.304075;-0.492163;0.00313479;1;-0.68652;-0.623824;-0.510972;-0.485893;0.951449;0.926317;0.952877;0.939169;0.910318;0.89851;0.912848;0.943773;0.932527;0.92831;0.894574;0.904414;0.89668;0.868577;0.866924;0.877669;0.880975;0.868026;0.885659;0.876016;0.881526;0.869128;+1;0;+1;+1;-1

20.1;0.0915493;-0.401408;-0.330986;-0.507042;0.00704225;-0.760563;-0.34507;-0.647887;-0.133803;0;-0.753521;-0.330986;0.161972;0.239437;-0.295775;-0.584507;0.246479;0.056338;-0.34507;-0.045614;-0.607018;-0.115789;-0.285266;-0.579937;0.322884;-0.166144;-0.780564;-0.310345;0.347962;-0.272727;0.335423;-0.435737;-0.272727;-0.278997;-0.0658307;0.015674;-0.442006;-0.310345;0.0532915;-0.360502;0.253918;-0.166144;-0.705329;-0.310345;0.253918;-0.247649;-0.0909091;-0.592476;-0.247649;0.285266;-0.347962;-0.304075;-0.492163;0.00313479;1;-0.68652;-0.623824;-0.510972;0.932315;0.951449;0.926317;0.952877;0.908912;0.910318;0.89851;0.912848;0.943773;0.932527;0.92831;0.894574;0.866373;0.89668;0.868577;0.866924;0.877669;0.880975;0.868026;0.885659;0.876016;0.881526;-1;0;+1;-1;-1

19.51;-0.746479;0.0915493;-0.401408;-0.330986;-0.507042;0.00704225;-0.760563;-0.34507;-0.647887;-0.133803;0;-0.753521;-0.330986;0.161972;0.239437;-0.295775;-0.584507;0.246479;0.056338;-0.340351;-0.045614;-0.607018;0.00313479;-0.285266;-0.579937;0.322884;-0.166144;-0.780564;-0.310345;0.347962;-0.272727;0.335423;-0.435737;-0.272727;-0.278997;-0.0658307;0.015674;-0.442006;-0.310345;0.0532915;-0.360502;0.253918;-0.166144;-0.705329;-0.310345;0.253918;-0.247649;-0.0909091;-0.592476;-0.247649;0.285266;-0.347962;-0.304075;-0.492163;0.00313479;1;-0.68652;-0.623824;0.931172;0.932315;0.951449;0.926317;0.922406;0.908912;0.910318;0.89851;0.912848;0.943773;0.932527;0.92831;0.85673;0.866373;0.89668;0.868577;0.866924;0.877669;0.880975;0.868026;0.885659;0.876016;-1;0;+1;-1;-1

19.5;-0.338028;-0.746479;0.0915493;-0.401408;-0.330986;-0.507042;0.00704225;-0.760563;-0.34507;-0.647887;-0.133803;0;-0.753521;-0.330986;0.161972;0.239437;-0.295775;-0.584507;0.246479;0.0596491;-0.340351;-0.045614;-0.435737;0.00313479;-0.285266;-0.579937;0.322884;-0.166144;-0.780564;-0.310345;0.347962;-0.272727;0.335423;-0.435737;-0.272727;-0.278997;-0.0658307;0.015674;-0.442006;-0.310345;0.0532915;-0.360502;0.253918;-0.166144;-0.705329;-0.310345;0.253918;-0.247649;-0.0909091;-0.592476;-0.247649;0.285266;-0.347962;-0.304075;-0.492163;0.00313479;1;-0.68652;0.926032;0.931172;0.932315;0.951449;0.896261;0.922406;0.908912;0.910318;0.89851;0.912848;0.943773;0.932527;0.889792;0.85673;0.866373;0.89668;0.868577;0.866924;0.877669;0.880975;0.868026;0.885659;+1;0;+1;-1;-1

20;0.0211268;-0.338028;-0.746479;0.0915493;-0.401408;-0.330986;-0.507042;0.00704225;-0.760563;-0.34507;-0.647887;-0.133803;0;-0.753521;-0.330986;0.161972;0.239437;-0.295775;-0.584507;0.249123;0.0596491;-0.340351;0.0658307;-0.435737;0.00313479;-0.285266;-0.579937;0.322884;-0.166144;-0.780564;-0.310345;0.347962;-0.272727;0.335423;-0.435737;-0.272727;-0.278997;-0.0658307;0.015674;-0.442006;-0.310345;0.0532915;-0.360502;0.253918;-0.166144;-0.705329;-0.310345;0.253918;-0.247649;-0.0909091;-0.592476;-0.247649;0.285266;-0.347962;-0.304075;-0.492163;0.00313479;1;0.923176;0.926032;0.931172;0.932315;0.921001;0.896261;0.922406;0.908912;0.910318;0.89851;0.912848;0.943773;0.893925;0.889792;0.85673;0.866373;0.89668;0.868577;0.866924;0.877669;0.880975;0.868026;+1;0;+1;-1;-1

20.15;-0.225352;0.0211268;-0.338028;-0.746479;0.0915493;-0.401408;-0.330986;-0.507042;0.00704225;-0.760563;-0.34507;-0.647887;-0.133803;0;-0.753521;-0.330986;0.161972;0.239437;-0.295775;-0.578947;0.249123;0.0596491;-0.197492;0.0658307;-0.435737;0.00313479;-0.285266;-0.579937;0.322884;-0.166144;-0.780564;-0.310345;0.347962;-0.272727;0.335423;-0.435737;-0.272727;-0.278997;-0.0658307;0.015674;-0.442006;-0.310345;0.0532915;-0.360502;0.253918;-0.166144;-0.705329;-0.310345;0.253918;-0.247649;-0.0909091;-0.592476;-0.247649;0.285266;-0.347962;-0.304075;-0.492163;0.00313479;1;0.923176;0.926032;0.931172;0.902165;0.921001;0.896261;0.922406;0.908912;0.910318;0.89851;0.912848;0.904946;0.893925;0.889792;0.85673;0.866373;0.89668;0.868577;0.866924;0.877669;0.880975;-1;0;-1;-1;-1

19.8;-0.577465;-0.225352;0.0211268;-0.338028;-0.746479;0.0915493;-0.401408;-0.330986;-0.507042;0.00704225;-0.760563;-0.34507;-0.647887;-0.133803;0;-0.753521;-0.330986;0.161972;0.239437;-0.291228;-0.578947;0.249123;0.159875;-0.197492;0.0658307;-0.435737;0.00313479;-0.285266;-0.579937;0.322884;-0.166144;-0.780564;-0.310345;0.347962;-0.272727;0.335423;-0.435737;-0.272727;-0.278997;-0.0658307;0.015674;-0.442006;-0.310345;0.0532915;-0.360502;0.253918;-0.166144;-0.705329;-0.310345;0.253918;-0.247649;-0.0909091;-0.592476;-0.247649;0.285266;-0.347962;-0.304075;-0.492163;0.954591;1;0.923176;0.926032;0.90104;0.902165;0.921001;0.896261;0.922406;0.908912;0.910318;0.89851;0.874638;0.904946;0.893925;0.889792;0.85673;0.866373;0.89668;0.868577;0.866924;0.877669;+1;0;-1;-1;-1

19.9;-0.260563;-0.577465;-0.225352;0.0211268;-0.338028;-0.746479;0.0915493;-0.401408;-0.330986;-0.507042;0.00704225;-0.760563;-0.34507;-0.647887;-0.133803;0;-0.753521;-0.330986;0.161972;0.242105;-0.291228;-0.578947;0.329154;0.159875;-0.197492;0.0658307;-0.435737;0.00313479;-0.285266;-0.579937;0.322884;-0.166144;-0.780564;-0.310345;0.347962;-0.272727;0.335423;-0.435737;-0.272727;-0.278997;-0.0658307;0.015674;-0.442006;-0.310345;0.0532915;-0.360502;0.253918;-0.166144;-0.705329;-0.310345;0.253918;-0.247649;-0.0909091;-0.592476;-0.247649;0.285266;-0.347962;-0.304075;0.932029;0.954591;1;0.923176;0.89598;0.90104;0.902165;0.921001;0.896261;0.922406;0.908912;0.910318;0.860587;0.874638;0.904946;0.893925;0.889792;0.85673;0.866373;0.89668;0.868577;0.866924;+1;0;+1;+1;-1

20.06;-0.21831;-0.260563;-0.577465;-0.225352;0.0211268;-0.338028;-0.746479;0.0915493;-0.401408;-0.330986;-0.507042;0.00704225;-0.760563;-0.34507;-0.647887;-0.133803;0;-0.753521;-0.330986;0.164912;0.242105;-0.291228;-0.410658;0.329154;0.159875;-0.197492;0.0658307;-0.435737;0.00313479;-0.285266;-0.579937;0.322884;-0.166144;-0.780564;-0.310345;0.347962;-0.272727;0.335423;-0.435737;-0.272727;-0.278997;-0.0658307;0.015674;-0.442006;-0.310345;0.0532915;-0.360502;0.253918;-0.166144;-0.705329;-0.310345;0.253918;-0.247649;-0.0909091;-0.592476;-0.247649;0.285266;-0.347962;0.940597;0.932029;0.954591;1;0.893168;0.89598;0.90104;0.902165;0.921001;0.896261;0.922406;0.908912;0.872159;0.860587;0.874638;0.904946;0.893925;0.889792;0.85673;0.866373;0.89668;0.868577;-1;0;+1;+1;-1

19.6;-0.65493;-0.21831;-0.260563;-0.577465;-0.225352;0.0211268;-0.338028;-0.746479;0.0915493;-0.401408;-0.330986;-0.507042;0.00704225;-0.760563;-0.34507;-0.647887;-0.133803;0;-0.753521;-0.326316;0.164912;0.242105;-0.153605;-0.410658;0.329154;0.159875;-0.197492;0.0658307;-0.435737;0.00313479;-0.285266;-0.579937;0.322884;-0.166144;-0.780564;-0.310345;0.347962;-0.272727;0.335423;-0.435737;-0.272727;-0.278997;-0.0658307;0.015674;-0.442006;-0.310345;0.0532915;-0.360502;0.253918;-0.166144;-0.705329;-0.310345;0.253918;-0.247649;-0.0909091;-0.592476;-0.247649;0.285266;0.938598;0.940597;0.932029;0.954591;0.968794;0.893168;0.89598;0.90104;0.902165;0.921001;0.896261;0.922406;0.870781;0.872159;0.860587;0.874638;0.904946;0.893925;0.889792;0.85673;0.866373;0.89668;-1;0;+1;-1;-1

19.5;-0.401408;-0.65493;-0.21831;-0.260563;-0.577465;-0.225352;0.0211268;-0.338028;-0.746479;0.0915493;-0.401408;-0.330986;-0.507042;0.00704225;-0.760563;-0.34507;-0.647887;-0.133803;0;-0.747368;-0.326316;0.164912;0.322884;-0.153605;-0.410658;0.329154;0.159875;-0.197492;0.0658307;-0.435737;0.00313479;-0.285266;-0.579937;0.322884;-0.166144;-0.780564;-0.310345;0.347962;-0.272727;0.335423;-0.435737;-0.272727;-0.278997;-0.0658307;0.015674;-0.442006;-0.310345;0.0532915;-0.360502;0.253918;-0.166144;-0.705329;-0.310345;0.253918;-0.247649;-0.0909091;-0.592476;-0.247649;0.967443;0.938598;0.940597;0.932029;0.924093;0.968794;0.893168;0.89598;0.90104;0.902165;0.921001;0.896261;0.884006;0.870781;0.872159;0.860587;0.874638;0.904946;0.893925;0.889792;0.85673;0.866373;+1;0;+1;-1;-1

20;0.0211268;-0.401408;-0.65493;-0.21831;-0.260563;-0.577465;-0.225352;0.0211268;-0.338028;-0.746479;0.0915493;-0.401408;-0.330986;-0.507042;0.00704225;-0.760563;-0.34507;-0.647887;-0.133803;0.00350877;-0.747368;-0.326316;0.253918;0.322884;-0.153605;-0.410658;0.329154;0.159875;-0.197492;0.0658307;-0.435737;0.00313479;-0.285266;-0.579937;0.322884;-0.166144;-0.780564;-0.310345;0.347962;-0.272727;0.335423;-0.435737;-0.272727;-0.278997;-0.0658307;0.015674;-0.442006;-0.310345;0.0532915;-0.360502;0.253918;-0.166144;-0.705329;-0.310345;0.253918;-0.247649;-0.0909091;-0.592476;0.943167;0.967443;0.938598;0.940597;0.901884;0.924093;0.968794;0.893168;0.89598;0.90104;0.902165;0.921001;0.858383;0.884006;0.870781;0.872159;0.860587;0.874638;0.904946;0.893925;0.889792;0.85673;+1;0;-1;-1;-1

20.45;-0.0140845;0.0211268;-0.401408;-0.65493;-0.21831;-0.260563;-0.577465;-0.225352;0.0211268;-0.338028;-0.746479;0.0915493;-0.401408;-0.330986;-0.507042;0.00704225;-0.760563;-0.34507;-0.647887;-0.129825;0.00350877;-0.747368;-0.184953;0.253918;0.322884;-0.153605;-0.410658;0.329154;0.159875;-0.197492;0.0658307;-0.435737;0.00313479;-0.285266;-0.579937;0.322884;-0.166144;-0.780564;-0.310345;0.347962;-0.272727;0.335423;-0.435737;-0.272727;-0.278997;-0.0658307;0.015674;-0.442006;-0.310345;0.0532915;-0.360502;0.253918;-0.166144;-0.705329;-0.310345;0.253918;-0.247649;-0.0909091;0.92746;0.943167;0.967443;0.938598;0.910318;0.901884;0.924093;0.968794;0.893168;0.89598;0.90104;0.902165;0.882628;0.858383;0.884006;0.870781;0.872159;0.860587;0.874638;0.904946;0.893925;0.889792;+1;0;+1;-1;-1

20.9;-0.0140845;-0.0140845;0.0211268;-0.401408;-0.65493;-0.21831;-0.260563;-0.577465;-0.225352;0.0211268;-0.338028;-0.746479;0.0915493;-0.401408;-0.330986;-0.507042;0.00704225;-0.760563;-0.34507;-0.642105;-0.129825;0.00350877;-0.561129;-0.184953;0.253918;0.322884;-0.153605;-0.410658;0.329154;0.159875;-0.197492;0.0658307;-0.435737;0.00313479;-0.285266;-0.579937;0.322884;-0.166144;-0.780564;-0.310345;0.347962;-0.272727;0.335423;-0.435737;-0.272727;-0.278997;-0.0658307;0.015674;-0.442006;-0.310345;0.0532915;-0.360502;0.253918;-0.166144;-0.705329;-0.310345;0.253918;-0.247649;0.950307;0.92746;0.943167;0.967443;0.90835;0.910318;0.901884;0.924093;0.968794;0.893168;0.89598;0.90104;0.864169;0.882628;0.858383;0.884006;0.870781;0.872159;0.860587;0.874638;0.904946;0.893925;-1;0;+1;-1;-1

20.79;-0.408451;-0.0140845;-0.0140845;0.0211268;-0.401408;-0.65493;-0.21831;-0.260563;-0.577465;-0.225352;0.0211268;-0.338028;-0.746479;0.0915493;-0.401408;-0.330986;-0.507042;0.00704225;-0.760563;-0.340351;-0.642105;-0.129825;0.109718;-0.561129;-0.184953;0.253918;0.322884;-0.153605;-0.410658;0.329154;0.159875;-0.197492;0.0658307;-0.435737;0.00313479;-0.285266;-0.579937;0.322884;-0.166144;-0.780564;-0.310345;0.347962;-0.272727;0.335423;-0.435737;-0.272727;-0.278997;-0.0658307;0.015674;-0.442006;-0.310345;0.0532915;-0.360502;0.253918;-0.166144;-0.705329;-0.310345;0.253918;0.943167;0.950307;0.92746;0.943167;0.936744;0.90835;0.910318;0.901884;0.924093;0.968794;0.893168;0.89598;0.863067;0.864169;0.882628;0.858383;0.884006;0.870781;0.872159;0.860587;0.874638;0.904946;-1;0;+1;-1;-1

20.5;-0.535211;-0.408451;-0.0140845;-0.0140845;0.0211268;-0.401408;-0.65493;-0.21831;-0.260563;-0.577465;-0.225352;0.0211268;-0.338028;-0.746479;0.0915493;-0.401408;-0.330986;-0.507042;0.00704225;-0.754386;-0.340351;-0.642105;-0.0094044;0.109718;-0.561129;-0.184953;0.253918;0.322884;-0.153605;-0.410658;0.329154;0.159875;-0.197492;0.0658307;-0.435737;0.00313479;-0.285266;-0.579937;0.322884;-0.166144;-0.780564;-0.310345;0.347962;-0.272727;0.335423;-0.435737;-0.272727;-0.278997;-0.0658307;0.015674;-0.442006;-0.310345;0.0532915;-0.360502;0.253918;-0.166144;-0.705329;-0.310345;0.966015;0.943167;0.950307;0.92746;0.912848;0.936744;0.90835;0.910318;0.901884;0.924093;0.968794;0.893168;0.858107;0.863067;0.864169;0.882628;0.858383;0.884006;0.870781;0.872159;0.860587;0.874638;+1;0;+1;-1;-1

20.89;-0.056338;-0.535211;-0.408451;-0.0140845;-0.0140845;0.0211268;-0.401408;-0.65493;-0.21831;-0.260563;-0.577465;-0.225352;0.0211268;-0.338028;-0.746479;0.0915493;-0.401408;-0.330986;-0.507042;0.0105263;-0.754386;-0.340351;-0.467085;-0.0094044;0.109718;-0.561129;-0.184953;0.253918;0.322884;-0.153605;-0.410658;0.329154;0.159875;-0.197492;0.0658307;-0.435737;0.00313479;-0.285266;-0.579937;0.322884;-0.166144;-0.780564;-0.310345;0.347962;-0.272727;0.335423;-0.435737;-0.272727;-0.278997;-0.0658307;0.015674;-0.442006;-0.310345;0.0532915;-0.360502;0.253918;-0.166144;-0.705329;0.940311;0.966015;0.943167;0.950307;0.897385;0.912848;0.936744;0.90835;0.910318;0.901884;0.924093;0.968794;0.855352;0.858107;0.863067;0.864169;0.882628;0.858383;0.884006;0.870781;0.872159;0.860587;+1;0;+1;+1;-1

21.55;0.133803;-0.056338;-0.535211;-0.408451;-0.0140845;-0.0140845;0.0211268;-0.401408;-0.65493;-0.21831;-0.260563;-0.577465;-0.225352;0.0211268;-0.338028;-0.746479;0.0915493;-0.401408;-0.330986;-0.501754;0.0105263;-0.754386;-0.197492;-0.467085;-0.0094044;0.109718;-0.561129;-0.184953;0.253918;0.322884;-0.153605;-0.410658;0.329154;0.159875;-0.197492;0.0658307;-0.435737;0.00313479;-0.285266;-0.579937;0.322884;-0.166144;-0.780564;-0.310345;0.347962;-0.272727;0.335423;-0.435737;-0.272727;-0.278997;-0.0658307;0.015674;-0.442006;-0.310345;0.0532915;-0.360502;0.253918;-0.166144;0.922319;0.940311;0.966015;0.943167;0.919876;0.897385;0.912848;0.936744;0.90835;0.910318;0.901884;0.924093;0.929467;0.855352;0.858107;0.863067;0.864169;0.882628;0.858383;0.884006;0.870781;0.872159;+1;0;+1;-1;-1

22;-0.0140845;0.133803;-0.056338;-0.535211;-0.408451;-0.0140845;-0.0140845;0.0211268;-0.401408;-0.65493;-0.21831;-0.260563;-0.577465;-0.225352;0.0211268;-0.338028;-0.746479;0.0915493;-0.401408;-0.326316;-0.501754;0.0105263;-0.567398;-0.197492;-0.467085;-0.0094044;0.109718;-0.561129;-0.184953;0.253918;0.322884;-0.153605;-0.410658;0.329154;0.159875;-0.197492;0.0658307;-0.435737;0.00313479;-0.285266;-0.579937;0.322884;-0.166144;-0.780564;-0.310345;0.347962;-0.272727;0.335423;-0.435737;-0.272727;-0.278997;-0.0658307;0.015674;-0.442006;-0.310345;0.0532915;-0.360502;0.253918;0.94688;0.922319;0.940311;0.966015;0.912848;0.919876;0.897385;0.912848;0.936744;0.90835;0.910318;0.901884;0.885659;0.929467;0.855352;0.858107;0.863067;0.864169;0.882628;0.858383;0.884006;0.870781;-1;0;-1;-1;-1

21.9;-0.401408;-0.0140845;0.133803;-0.056338;-0.535211;-0.408451;-0.0140845;-0.0140845;0.0211268;-0.401408;-0.65493;-0.21831;-0.260563;-0.577465;-0.225352;0.0211268;-0.338028;-0.746479;0.0915493;-0.396491;-0.326316;-0.501754;0.115987;-0.567398;-0.197492;-0.467085;-0.0094044;0.109718;-0.561129;-0.184953;0.253918;0.322884;-0.153605;-0.410658;0.329154;0.159875;-0.197492;0.0658307;-0.435737;0.00313479;-0.285266;-0.579937;0.322884;-0.166144;-0.780564;-0.310345;0.347962;-0.272727;0.335423;-0.435737;-0.272727;-0.278997;-0.0658307;0.015674;-0.442006;-0.310345;0.0532915;-0.360502;0.966015;0.94688;0.922319;0.940311;0.935339;0.912848;0.919876;0.897385;0.912848;0.936744;0.90835;0.910318;0.863893;0.885659;0.929467;0.855352;0.858107;0.863067;0.864169;0.882628;0.858383;0.884006;-1;0;+1;-1;-1

21.81;-0.394366;-0.401408;-0.0140845;0.133803;-0.056338;-0.535211;-0.408451;-0.0140845;-0.0140845;0.0211268;-0.401408;-0.65493;-0.21831;-0.260563;-0.577465;-0.225352;0.0211268;-0.338028;-0.746479;0.0947369;-0.396491;-0.326316;-0.341693;0.115987;-0.567398;-0.197492;-0.467085;-0.0094044;0.109718;-0.561129;-0.184953;0.253918;0.322884;-0.153605;-0.410658;0.329154;0.159875;-0.197492;0.0658307;-0.435737;0.00313479;-0.285266;-0.579937;0.322884;-0.166144;-0.780564;-0.310345;0.347962;-0.272727;0.335423;-0.435737;-0.272727;-0.278997;-0.0658307;0.015674;-0.442006;-0.310345;0.0532915;0.938027;0.966015;0.94688;0.922319;0.910037;0.935339;0.912848;0.919876;0.897385;0.912848;0.936744;0.90835;0.872159;0.863893;0.885659;0.929467;0.855352;0.858107;0.863067;0.864169;0.882628;0.858383;+1;0;+1;+1;-1

22;-0.197183;-0.394366;-0.401408;-0.0140845;0.133803;-0.056338;-0.535211;-0.408451;-0.0140845;-0.0140845;0.0211268;-0.401408;-0.65493;-0.21831;-0.260563;-0.577465;-0.225352;0.0211268;-0.338028;-0.740351;0.0947369;-0.396491;-0.184953;-0.341693;0.115987;-0.567398;-0.197492;-0.467085;-0.0094044;0.109718;-0.561129;-0.184953;0.253918;0.322884;-0.153605;-0.410658;0.329154;0.159875;-0.197492;0.0658307;-0.435737;0.00313479;-0.285266;-0.579937;0.322884;-0.166144;-0.780564;-0.310345;0.347962;-0.272727;0.335423;-0.435737;-0.272727;-0.278997;-0.0658307;0.015674;-0.442006;-0.310345;0.956876;0.938027;0.966015;0.94688;0.892325;0.910037;0.935339;0.912848;0.919876;0.897385;0.912848;0.936744;0.87023;0.872159;0.863893;0.885659;0.929467;0.855352;0.858107;0.863067;0.864169;0.882628;-1;0;+1;-1;-1

21.9;-0.401408;-0.197183;-0.394366;-0.401408;-0.0140845;0.133803;-0.056338;-0.535211;-0.408451;-0.0140845;-0.0140845;0.0211268;-0.401408;-0.65493;-0.21831;-0.260563;-0.577465;-0.225352;0.0211268;-0.333333;-0.740351;0.0947369;-0.247649;-0.184953;-0.341693;0.115987;-0.567398;-0.197492;-0.467085;-0.0094044;0.109718;-0.561129;-0.184953;0.253918;0.322884;-0.153605;-0.410658;0.329154;0.159875;-0.197492;0.0658307;-0.435737;0.00313479;-0.285266;-0.579937;0.322884;-0.166144;-0.780564;-0.310345;0.347962;-0.272727;0.335423;-0.435737;-0.272727;-0.278997;-0.0658307;0.015674;-0.442006;0.940311;0.956876;0.938027;0.966015;0.916503;0.892325;0.910037;0.935339;0.912848;0.919876;0.897385;0.912848;0.898058;0.87023;0.872159;0.863893;0.885659;0.929467;0.855352;0.858107;0.863067;0.864169;-1;0;+1;-1;-1

21;-0.964789;-0.401408;-0.197183;-0.394366;-0.401408;-0.0140845;0.133803;-0.056338;-0.535211;-0.408451;-0.0140845;-0.0140845;0.0211268;-0.401408;-0.65493;-0.21831;-0.260563;-0.577465;-0.225352;0.0245614;-0.333333;-0.740351;0.191223;-0.247649;-0.184953;-0.341693;0.115987;-0.567398;-0.197492;-0.467085;-0.0094044;0.109718;-0.561129;-0.184953;0.253918;0.322884;-0.153605;-0.410658;0.329154;0.159875;-0.197492;0.0658307;-0.435737;0.00313479;-0.285266;-0.579937;0.322884;-0.166144;-0.780564;-0.310345;0.347962;-0.272727;0.335423;-0.435737;-0.272727;-0.278997;-0.0658307;0.015674;0.934314;0.940311;0.956876;0.938027;0.935339;0.916503;0.892325;0.910037;0.935339;0.912848;0.919876;0.897385;0.874638;0.898058;0.87023;0.872159;0.863893;0.885659;0.929467;0.855352;0.858107;0.863067;-1;0;-1;-1;-1

20.4;-0.753521;-0.964789;-0.401408;-0.197183;-0.394366;-0.401408;-0.0140845;0.133803;-0.056338;-0.535211;-0.408451;-0.0140845;-0.0140845;0.0211268;-0.401408;-0.65493;-0.21831;-0.260563;-0.577465;-0.221053;0.0245614;-0.333333;-0.554859;0.191223;-0.247649;-0.184953;-0.341693;0.115987;-0.567398;-0.197492;-0.467085;-0.0094044;0.109718;-0.561129;-0.184953;0.253918;0.322884;-0.153605;-0.410658;0.329154;0.159875;-0.197492;0.0658307;-0.435737;0.00313479;-0.285266;-0.579937;0.322884;-0.166144;-0.780564;-0.310345;0.347962;-0.272727;0.335423;-0.435737;-0.272727;-0.278997;-0.0658307;0.955162;0.934314;0.940311;0.956876;0.907787;0.935339;0.916503;0.892325;0.910037;0.935339;0.912848;0.919876;0.859485;0.874638;0.898058;0.87023;0.872159;0.863893;0.885659;0.929467;0.855352;0.858107;+1;0;+1;+1;-1

20.7;-0.119718;-0.753521;-0.964789;-0.401408;-0.197183;-0.394366;-0.401408;-0.0140845;0.133803;-0.056338;-0.535211;-0.408451;-0.0140845;-0.0140845;0.0211268;-0.401408;-0.65493;-0.21831;-0.260563;-0.57193;-0.221053;0.0245614;-0.191223;-0.554859;0.191223;-0.247649;-0.184953;-0.341693;0.115987;-0.567398;-0.197492;-0.467085;-0.0094044;0.109718;-0.561129;-0.184953;0.253918;0.322884;-0.153605;-0.410658;0.329154;0.159875;-0.197492;0.0658307;-0.435737;0.00313479;-0.285266;-0.579937;0.322884;-0.166144;-0.780564;-0.310345;0.347962;-0.272727;0.335423;-0.435737;-0.272727;-0.278997;0.951449;0.955162;0.934314;0.940311;0.926342;0.907787;0.935339;0.916503;0.892325;0.910037;0.935339;0.912848;0.881526;0.859485;0.874638;0.898058;0.87023;0.872159;0.863893;0.885659;0.929467;0.855352;+1;0;+1;-1;-1

21.48;0.21831;-0.119718;-0.753521;-0.964789;-0.401408;-0.197183;-0.394366;-0.401408;-0.0140845;0.133803;-0.056338;-0.535211;-0.408451;-0.0140845;-0.0140845;0.0211268;-0.401408;-0.65493;-0.21831;-0.25614;-0.57193;-0.221053;0.128527;-0.191223;-0.554859;0.191223;-0.247649;-0.184953;-0.341693;0.115987;-0.567398;-0.197492;-0.467085;-0.0094044;0.109718;-0.561129;-0.184953;0.253918;0.322884;-0.153605;-0.410658;0.329154;0.159875;-0.197492;0.0658307;-0.435737;0.00313479;-0.285266;-0.579937;0.322884;-0.166144;-0.780564;-0.310345;0.347962;-0.272727;0.335423;-0.435737;-0.272727;0.941739;0.951449;0.955162;0.934314;0.910037;0.926342;0.907787;0.935339;0.916503;0.892325;0.910037;0.935339;0.874638;0.881526;0.859485;0.874638;0.898058;0.87023;0.872159;0.863893;0.885659;0.929467;+1;0;+1;-1;-1

21.95;0;0.21831;-0.119718;-0.753521;-0.964789;-0.401408;-0.197183;-0.394366;-0.401408;-0.0140845;0.133803;-0.056338;-0.535211;-0.408451;-0.0140845;-0.0140845;0.0211268;-0.401408;-0.65493;-0.214035;-0.25614;-0.57193;-0.0909091;0.128527;-0.191223;-0.554859;0.191223;-0.247649;-0.184953;-0.341693;0.115987;-0.567398;-0.197492;-0.467085;-0.0094044;0.109718;-0.561129;-0.184953;0.253918;0.322884;-0.153605;-0.410658;0.329154;0.159875;-0.197492;0.0658307;-0.435737;0.00313479;-0.285266;-0.579937;0.322884;-0.166144;-0.780564;-0.310345;0.347962;-0.272727;0.335423;-0.435737;0.942025;0.941739;0.951449;0.955162;0.904133;0.910037;0.926342;0.907787;0.935339;0.916503;0.892325;0.910037;0.89668;0.874638;0.881526;0.859485;0.874638;0.898058;0.87023;0.872159;0.863893;0.885659;-1;0;-1;-1;-1

21.4;-0.71831;0;0.21831;-0.119718;-0.753521;-0.964789;-0.401408;-0.197183;-0.394366;-0.401408;-0.0140845;0.133803;-0.056338;-0.535211;-0.408451;-0.0140845;-0.0140845;0.0211268;-0.401408;-0.649123;-0.214035;-0.25614;-0.404389;-0.0909091;0.128527;-0.191223;-0.554859;0.191223;-0.247649;-0.184953;-0.341693;0.115987;-0.567398;-0.197492;-0.467085;-0.0094044;0.109718;-0.561129;-0.184953;0.253918;0.322884;-0.153605;-0.410658;0.329154;0.159875;-0.197492;0.0658307;-0.435737;0.00313479;-0.285266;-0.579937;0.322884;-0.166144;-0.780564;-0.310345;0.347962;-0.272727;0.335423;0.934599;0.942025;0.941739;0.951449;0.924656;0.904133;0.910037;0.926342;0.907787;0.935339;0.916503;0.892325;0.871883;0.89668;0.874638;0.881526;0.859485;0.874638;0.898058;0.87023;0.872159;0.863893;-1;0;+1;-1;-1

20.86;-0.711268;-0.71831;0;0.21831;-0.119718;-0.753521;-0.964789;-0.401408;-0.197183;-0.394366;-0.401408;-0.0140845;0.133803;-0.056338;-0.535211;-0.408451;-0.0140845;-0.0140845;0.0211268;-0.396491;-0.649123;-0.214035;-0.122257;-0.404389;-0.0909091;0.128527;-0.191223;-0.554859;0.191223;-0.247649;-0.184953;-0.341693;0.115987;-0.567398;-0.197492;-0.467085;-0.0094044;0.109718;-0.561129;-0.184953;0.253918;0.322884;-0.153605;-0.410658;0.329154;0.159875;-0.197492;0.0658307;-0.435737;0.00313479;-0.285266;-0.579937;0.322884;-0.166144;-0.780564;-0.310345;0.347962;-0.272727;0.969727;0.934599;0.942025;0.941739;0.921001;0.924656;0.904133;0.910037;0.926342;0.907787;0.935339;0.916503;0.854525;0.871883;0.89668;0.874638;0.881526;0.859485;0.874638;0.898058;0.87023;0.872159;-1;0;+1;+1;-1

20.5;-0.584507;-0.711268;-0.71831;0;0.21831;-0.119718;-0.753521;-0.964789;-0.401408;-0.197183;-0.394366;-0.401408;-0.0140845;0.133803;-0.056338;-0.535211;-0.408451;-0.0140845;-0.0140845;0.0245614;-0.396491;-0.649123;-0.0846395;-0.122257;-0.404389;-0.0909091;0.128527;-0.191223;-0.554859;0.191223;-0.247649;-0.184953;-0.341693;0.115987;-0.567398;-0.197492;-0.467085;-0.0094044;0.109718;-0.561129;-0.184953;0.253918;0.322884;-0.153605;-0.410658;0.329154;0.159875;-0.197492;0.0658307;-0.435737;0.00313479;-0.285266;-0.579937;0.322884;-0.166144;-0.780564;-0.310345;0.347962;0.942025;0.969727;0.934599;0.942025;0.911442;0.921001;0.924656;0.904133;0.910037;0.926342;0.907787;0.935339;0.87822;0.854525;0.871883;0.89668;0.874638;0.881526;0.859485;0.874638;0.898058;0.87023;+1;0;+1;+1;-1

20.65;-0.225352;-0.584507;-0.711268;-0.71831;0;0.21831;-0.119718;-0.753521;-0.964789;-0.401408;-0.197183;-0.394366;-0.401408;-0.0140845;0.133803;-0.056338;-0.535211;-0.408451;-0.0140845;-0.0105263;0.0245614;-0.396491;-0.473354;-0.0846395;-0.122257;-0.404389;-0.0909091;0.128527;-0.191223;-0.554859;0.191223;-0.247649;-0.184953;-0.341693;0.115987;-0.567398;-0.197492;-0.467085;-0.0094044;0.109718;-0.561129;-0.184953;0.253918;0.322884;-0.153605;-0.410658;0.329154;0.159875;-0.197492;0.0658307;-0.435737;0.00313479;-0.285266;-0.579937;0.322884;-0.166144;-0.780564;-0.310345;0.970298;0.942025;0.969727;0.934599;0.911723;0.911442;0.921001;0.924656;0.904133;0.910037;0.926342;0.907787;0.89668;0.87822;0.854525;0.871883;0.89668;0.874638;0.881526;0.859485;0.874638;0.898058;+1;0;+1;-1;-1

21.75;0.443662;-0.225352;-0.584507;-0.711268;-0.71831;0;0.21831;-0.119718;-0.753521;-0.964789;-0.401408;-0.197183;-0.394366;-0.401408;-0.0140845;0.133803;-0.056338;-0.535211;-0.408451;-0.0105263;-0.0105263;0.0245614;-0.247649;-0.473354;-0.0846395;-0.122257;-0.404389;-0.0909091;0.128527;-0.191223;-0.554859;0.191223;-0.247649;-0.184953;-0.341693;0.115987;-0.567398;-0.197492;-0.467085;-0.0094044;0.109718;-0.561129;-0.184953;0.253918;0.322884;-0.153605;-0.410658;0.329154;0.159875;-0.197492;0.0658307;-0.435737;0.00313479;-0.285266;-0.579937;0.322884;-0.166144;-0.780564;0.940311;0.970298;0.942025;0.969727;0.904414;0.911723;0.911442;0.921001;0.924656;0.904133;0.910037;0.926342;0.869679;0.89668;0.87822;0.854525;0.871883;0.89668;0.874638;0.881526;0.859485;0.874638;-1;0;+1;-1;-1

21.7;-0.366197;0.443662;-0.225352;-0.584507;-0.711268;-0.71831;0;0.21831;-0.119718;-0.753521;-0.964789;-0.401408;-0.197183;-0.394366;-0.401408;-0.0140845;0.133803;-0.056338;-0.535211;-0.403509;-0.0105263;-0.0105263;0.128527;-0.247649;-0.473354;-0.0846395;-0.122257;-0.404389;-0.0909091;0.128527;-0.191223;-0.554859;0.191223;-0.247649;-0.184953;-0.341693;0.115987;-0.567398;-0.197492;-0.467085;-0.0094044;0.109718;-0.561129;-0.184953;0.253918;0.322884;-0.153605;-0.410658;0.329154;0.159875;-0.197492;0.0658307;-0.435737;0.00313479;-0.285266;-0.579937;0.322884;-0.166144;0.918892;0.940311;0.970298;0.942025;0.938994;0.904414;0.911723;0.911442;0.921001;0.924656;0.904133;0.910037;0.887863;0.869679;0.89668;0.87822;0.854525;0.871883;0.89668;0.874638;0.881526;0.859485;-1;0;+1;-1;-1

21.45;-0.507042;-0.366197;0.443662;-0.225352;-0.584507;-0.711268;-0.71831;0;0.21831;-0.119718;-0.753521;-0.964789;-0.401408;-0.197183;-0.394366;-0.401408;-0.0140845;0.133803;-0.056338;-0.529825;-0.403509;-0.0105263;0.0971787;0.128527;-0.247649;-0.473354;-0.0846395;-0.122257;-0.404389;-0.0909091;0.128527;-0.191223;-0.554859;0.191223;-0.247649;-0.184953;-0.341693;0.115987;-0.567398;-0.197492;-0.467085;-0.0094044;0.109718;-0.561129;-0.184953;0.253918;0.322884;-0.153605;-0.410658;0.329154;0.159875;-0.197492;0.0658307;-0.435737;0.00313479;-0.285266;-0.579937;0.322884;0.94688;0.918892;0.940311;0.970298;0.911723;0.938994;0.904414;0.911723;0.911442;0.921001;0.924656;0.904133;0.871883;0.887863;0.869679;0.89668;0.87822;0.854525;0.871883;0.89668;0.874638;0.881526;-1;0;+1;-1;-1

21;-0.647887;-0.507042;-0.366197;0.443662;-0.225352;-0.584507;-0.711268;-0.71831;0;0.21831;-0.119718;-0.753521;-0.964789;-0.401408;-0.197183;-0.394366;-0.401408;-0.0140845;0.133803;-0.0526316;-0.529825;-0.403509;0.0971787;0.0971787;0.128527;-0.247649;-0.473354;-0.0846395;-0.122257;-0.404389;-0.0909091;0.128527;-0.191223;-0.554859;0.191223;-0.247649;-0.184953;-0.341693;0.115987;-0.567398;-0.197492;-0.467085;-0.0094044;0.109718;-0.561129;-0.184953;0.253918;0.322884;-0.153605;-0.410658;0.329154;0.159875;-0.197492;0.0658307;-0.435737;0.00313479;-0.285266;-0.579937;0.969156;0.94688;0.918892;0.940311;0.939556;0.911723;0.938994;0.904414;0.911723;0.911442;0.921001;0.924656;0.866097;0.871883;0.887863;0.869679;0.89668;0.87822;0.854525;0.871883;0.89668;0.874638;-1;0;+1;-1;-1

21;-0.330986;-0.647887;-0.507042;-0.366197;0.443662;-0.225352;-0.584507;-0.711268;-0.71831;0;0.21831;-0.119718;-0.753521;-0.964789;-0.401408;-0.197183;-0.394366;-0.401408;-0.0140845;0.136842;-0.0526316;-0.529825;-0.253918;0.0971787;0.0971787;0.128527;-0.247649;-0.473354;-0.0846395;-0.122257;-0.404389;-0.0909091;0.128527;-0.191223;-0.554859;0.191223;-0.247649;-0.184953;-0.341693;0.115987;-0.567398;-0.197492;-0.467085;-0.0094044;0.109718;-0.561129;-0.184953;0.253918;0.322884;-0.153605;-0.410658;0.329154;0.159875;-0.197492;0.0658307;-0.435737;0.00313479;-0.285266;0.928031;0.969156;0.94688;0.918892;0.910037;0.939556;0.911723;0.938994;0.904414;0.911723;0.911442;0.921001;0.88621;0.866097;0.871883;0.887863;0.869679;0.89668;0.87822;0.854525;0.871883;0.89668;-1;0;+1;+1;-1

