36.28;0.0157895;0.715789;-0.242105;0.173684;-0.00526316;-1;0.157635;0.0394089;0.08867;-0.325123;0.305419;0.211823;-0.428571;0.561576;0.113301;-0.0443349;0.0197045;0.605911;-0.871921;-0.527094;0.310345;0.187192;-0.206897;0.812808;0.0541872;-0.182266;-0.0837438;0.211823;0.359606;0.458128;0.433498;0.0492611;-0.0443349;0.216749;-0.226601;0.128079;0.0394089;0.157635;0.660099;-0.418719;+1;0;0;0;0

36.5;0.115789;0.0157895;0.715789;-0.242105;0.173684;0.0591133;-1;0.157635;0.0394089;0.08867;-0.325123;0.305419;0.211823;-0.428571;0.561576;0.113301;-0.0443349;0.0197045;0.605911;-0.871921;-0.527094;0.310345;0.187192;-0.206897;0.812808;0.0541872;-0.182266;-0.0837438;0.211823;0.359606;0.458128;0.433498;0.0492611;-0.0443349;0.216749;-0.226601;0.128079;0.0394089;0.157635;0.660099;+1;0;0;0;0

36.78;0.147368;0.115789;0.0157895;0.715789;-0.242105;0.226601;0.0591133;-1;0.157635;0.0394089;0.08867;-0.325123;0.305419;0.211823;-0.428571;0.561576;0.113301;-0.0443349;0.0197045;0.605911;-0.871921;-0.527094;0.310345;0.187192;-0.206897;0.812808;0.0541872;-0.182266;-0.0837438;0.211823;0.359606;0.458128;0.433498;0.0492611;-0.0443349;0.216749;-0.226601;0.128079;0.0394089;0.157635;+1;0;0;0;0

36.8;0.0105263;0.147368;0.115789;0.0157895;0.715789;-0.162562;0.226601;0.0591133;-1;0.157635;0.0394089;0.08867;-0.325123;0.305419;0.211823;-0.428571;0.561576;0.113301;-0.0443349;0.0197045;0.605911;-0.871921;-0.527094;0.310345;0.187192;-0.206897;0.812808;0.0541872;-0.182266;-0.0837438;0.211823;0.359606;0.458128;0.433498;0.0492611;-0.0443349;0.216749;-0.226601;0.128079;0.0394089;+1;0;0;0;0

38.65;0.973684;0.0105263;0.147368;0.115789;0.0157895;0.73399;-0.162562;0.226601;0.0591133;-1;0.157635;0.0394089;0.08867;-0.325123;0.305419;0.211823;-0.428571;0.561576;0.113301;-0.0443349;0.0197045;0.605911;-0.871921;-0.527094;0.310345;0.187192;-0.206897;0.812808;0.0541872;-0.182266;-0.0837438;0.211823;0.359606;0.458128;0.433498;0.0492611;-0.0443349;0.216749;-0.226601;0.128079;-1;0;0;0;0

37.73;-0.484211;0.973684;0.0105263;0.147368;0.115789;0.0788178;0.73399;-0.162562;0.226601;0.0591133;-1;0.157635;0.0394089;0.08867;-0.325123;0.305419;0.211823;-0.428571;0.561576;0.113301;-0.0443349;0.0197045;0.605911;-0.871921;-0.527094;0.310345;0.187192;-0.206897;0.812808;0.0541872;-0.182266;-0.0837438;0.211823;0.359606;0.458128;0.433498;0.0492611;-0.0443349;0.216749;-0.226601;-1;0;0;0;0

37.1;-0.331579;-0.484211;0.973684;0.0105263;0.147368;0.172414;0.0788178;0.73399;-0.162562;0.226601;0.0591133;-1;0.157635;0.0394089;0.08867;-0.325123;0.305419;0.211823;-0.428571;0.561576;0.113301;-0.0443349;0.0197045;0.605911;-0.871921;-0.527094;0.310345;0.187192;-0.206897;0.812808;0.0541872;-0.182266;-0.0837438;0.211823;0.359606;0.458128;0.433498;0.0492611;-0.0443349;0.216749;+1;0;0;0;0

39;1;-0.331579;-0.484211;0.973684;0.0105263;0.20197;0.172414;0.0788178;0.73399;-0.162562;0.226601;0.0591133;-1;0.157635;0.0394089;0.08867;-0.325123;0.305419;0.211823;-0.428571;0.561576;0.113301;-0.0443349;0.0197045;0.605911;-0.871921;-0.527094;0.310345;0.187192;-0.206897;0.812808;0.0541872;-0.182266;-0.0837438;0.211823;0.359606;0.458128;0.433498;0.0492611;-0.0443349;+1;0;0;0;0

39.05;0.0263158;1;-0.331579;-0.484211;0.973684;0.0738917;0.20197;0.172414;0.0788178;0.73399;-0.162562;0.226601;0.0591133;-1;0.157635;0.0394089;0.08867;-0.325123;0.305419;0.211823;-0.428571;0.561576;0.113301;-0.0443349;0.0197045;0.605911;-0.871921;-0.527094;0.310345;0.187192;-0.206897;0.812808;0.0541872;-0.182266;-0.0837438;0.211823;0.359606;0.458128;0.433498;0.0492611;+1;0;0;0;0

39.4;0.184211;0.0263158;1;-0.331579;-0.484211;0.975369;0.0738917;0.20197;0.172414;0.0788178;0.73399;-0.162562;0.226601;0.0591133;-1;0.157635;0.0394089;0.08867;-0.325123;0.305419;0.211823;-0.428571;0.561576;0.113301;-0.0443349;0.0197045;0.605911;-0.871921;-0.527094;0.310345;0.187192;-0.206897;0.812808;0.0541872;-0.182266;-0.0837438;0.211823;0.359606;0.458128;0.433498;-1;0;0;0;0

38.7;-0.368421;0.184211;0.0263158;1;-0.331579;-0.389163;0.975369;0.0738917;0.20197;0.172414;0.0788178;0.73399;-0.162562;0.226601;0.0591133;-1;0.157635;0.0394089;0.08867;-0.325123;0.305419;0.211823;-0.428571;0.561576;0.113301;-0.0443349;0.0197045;0.605911;-0.871921;-0.527094;0.310345;0.187192;-0.206897;0.812808;0.0541872;-0.182266;-0.0837438;0.211823;0.359606;0.458128;-1;0;0;0;0

38;-0.368421;-0.368421;0.184211;0.0263158;1;-0.246305;-0.389163;0.975369;0.0738917;0.20197;0.172414;0.0788178;0.73399;-0.162562;0.226601;0.0591133;-1;0.157635;0.0394089;0.08867;-0.325123;0.305419;0.211823;-0.428571;0.561576;0.113301;-0.0443349;0.0197045;0.605911;-0.871921;-0.527094;0.310345;0.187192;-0.206897;0.812808;0.0541872;-0.182266;-0.0837438;0.211823;0.359606;-1;0;0;0;0

37;-0.526316;-0.368421;-0.368421;0.184211;0.0263158;1;-0.246305;-0.389163;0.975369;0.0738917;0.20197;0.172414;0.0788178;0.73399;-0.162562;0.226601;0.0591133;-1;0.157635;0.0394089;0.08867;-0.325123;0.305419;0.211823;-0.428571;0.561576;0.113301;-0.0443349;0.0197045;0.605911;-0.871921;-0.527094;0.310345;0.187192;-0.206897;0.812808;0.0541872;-0.182266;-0.0837438;0.211823;-1;0;0;0;0

35.51;-0.784211;-0.526316;-0.368421;-0.368421;0.184211;0.08867;1;-0.246305;-0.389163;0.975369;0.0738917;0.20197;0.172414;0.0788178;0.73399;-0.162562;0.226601;0.0591133;-1;0.157635;0.0394089;0.08867;-0.325123;0.305419;0.211823;-0.428571;0.561576;0.113301;-0.0443349;0.0197045;0.605911;-0.871921;-0.527094;0.310345;0.187192;-0.206897;0.812808;0.0541872;-0.182266;-0.0837438;-1;0;0;0;0

34.49;-0.536842;-0.784211;-0.526316;-0.368421;-0.368421;0.236453;0.08867;1;-0.246305;-0.389163;0.975369;0.0738917;0.20197;0.172414;0.0788178;0.73399;-0.162562;0.226601;0.0591133;-1;0.157635;0.0394089;0.08867;-0.325123;0.305419;0.211823;-0.428571;0.561576;0.113301;-0.0443349;0.0197045;0.605911;-0.871921;-0.527094;0.310345;0.187192;-0.206897;0.812808;0.0541872;-0.182266;+1;0;0;0;0

34.81;0.168421;-0.536842;-0.784211;-0.526316;-0.368421;-0.280788;0.236453;0.08867;1;-0.246305;-0.389163;0.975369;0.0738917;0.20197;0.172414;0.0788178;0.73399;-0.162562;0.226601;0.0591133;-1;0.157635;0.0394089;0.08867;-0.325123;0.305419;0.211823;-0.428571;0.561576;0.113301;-0.0443349;0.0197045;0.605911;-0.871921;-0.527094;0.310345;0.187192;-0.206897;0.812808;0.0541872;-1;0;0;0;0

34.71;-0.0526316;0.168421;-0.536842;-0.784211;-0.526316;-0.280788;-0.280788;0.236453;0.08867;1;-0.246305;-0.389163;0.975369;0.0738917;0.20197;0.172414;0.0788178;0.73399;-0.162562;0.226601;0.0591133;-1;0.157635;0.0394089;0.08867;-0.325123;0.305419;0.211823;-0.428571;0.561576;0.113301;-0.0443349;0.0197045;0.605911;-0.871921;-0.527094;0.310345;0.187192;-0.206897;0.812808;+1;0;0;0;0

35.5;0.415789;-0.0526316;0.168421;-0.536842;-0.784211;-0.428571;-0.280788;-0.280788;0.236453;0.08867;1;-0.246305;-0.389163;0.975369;0.0738917;0.20197;0.172414;0.0788178;0.73399;-0.162562;0.226601;0.0591133;-1;0.157635;0.0394089;0.08867;-0.325123;0.305419;0.211823;-0.428571;0.561576;0.113301;-0.0443349;0.0197045;0.605911;-0.871921;-0.527094;0.310345;0.187192;-0.206897;+1;0;0;0;0

36;0.263158;0.415789;-0.0526316;0.168421;-0.536842;-0.669951;-0.428571;-0.280788;-0.280788;0.236453;0.08867;1;-0.246305;-0.389163;0.975369;0.0738917;0.20197;0.172414;0.0788178;0.73399;-0.162562;0.226601;0.0591133;-1;0.157635;0.0394089;0.08867;-0.325123;0.305419;0.211823;-0.428571;0.561576;0.113301;-0.0443349;0.0197045;0.605911;-0.871921;-0.527094;0.310345;0.187192;-1;0;0;0;0

35.2;-0.421053;0.263158;0.415789;-0.0526316;0.168421;-0.438424;-0.669951;-0.428571;-0.280788;-0.280788;0.236453;0.08867;1;-0.246305;-0.389163;0.975369;0.0738917;0.20197;0.172414;0.0788178;0.73399;-0.162562;0.226601;0.0591133;-1;0.157635;0.0394089;0.08867;-0.325123;0.305419;0.211823;-0.428571;0.561576;0.113301;-0.0443349;0.0197045;0.605911;-0.871921;-0.527094;0.310345;-1;0;0;0;0

34.6;-0.315789;-0.421053;0.263158;0.415789;-0.0526316;0.221675;-0.438424;-0.669951;-0.428571;-0.280788;-0.280788;0.236453;0.08867;1;-0.246305;-0.389163;0.975369;0.0738917;0.20197;0.172414;0.0788178;0.73399;-0.162562;0.226601;0.0591133;-1;0.157635;0.0394089;0.08867;-0.325123;0.305419;0.211823;-0.428571;0.561576;0.113301;-0.0443349;0.0197045;0.605911;-0.871921;-0.527094;-1;0;0;0;0

34.1;-0.263158;-0.315789;-0.421053;0.263158;0.415789;0.0147784;0.221675;-0.438424;-0.669951;-0.428571;-0.280788;-0.280788;0.236453;0.08867;1;-0.246305;-0.389163;0.975369;0.0738917;0.20197;0.172414;0.0788178;0.73399;-0.162562;0.226601;0.0591133;-1;0.157635;0.0394089;0.08867;-0.325123;0.305419;0.211823;-0.428571;0.561576;0.113301;-0.0443349;0.0197045;0.605911;-0.871921;+1;0;0;0;0

34.91;0.426316;-0.263158;-0.315789;-0.421053;0.263158;0.453202;0.0147784;0.221675;-0.438424;-0.669951;-0.428571;-0.280788;-0.280788;0.236453;0.08867;1;-0.246305;-0.389163;0.975369;0.0738917;0.20197;0.172414;0.0788178;0.73399;-0.162562;0.226601;0.0591133;-1;0.157635;0.0394089;0.08867;-0.325123;0.305419;0.211823;-0.428571;0.561576;0.113301;-0.0443349;0.0197045;0.605911;+1;0;0;0;0

34.94;0.0157895;0.426316;-0.263158;-0.315789;-0.421053;0.310345;0.453202;0.0147784;0.221675;-0.438424;-0.669951;-0.428571;-0.280788;-0.280788;0.236453;0.08867;1;-0.246305;-0.389163;0.975369;0.0738917;0.20197;0.172414;0.0788178;0.73399;-0.162562;0.226601;0.0591133;-1;0.157635;0.0394089;0.08867;-0.325123;0.305419;0.211823;-0.428571;0.561576;0.113301;-0.0443349;0.0197045;-1;0;0;0;0

34.15;-0.415789;0.0157895;0.426316;-0.263158;-0.315789;-0.330049;0.310345;0.453202;0.0147784;0.221675;-0.438424;-0.669951;-0.428571;-0.280788;-0.280788;0.236453;0.08867;1;-0.246305;-0.389163;0.975369;0.0738917;0.20197;0.172414;0.0788178;0.73399;-0.162562;0.226601;0.0591133;-1;0.157635;0.0394089;0.08867;-0.325123;0.305419;0.211823;-0.428571;0.561576;0.113301;-0.0443349;+1;0;0;0;0

35;0.447368;-0.415789;0.0157895;0.426316;-0.263158;-0.231527;-0.330049;0.310345;0.453202;0.0147784;0.221675;-0.438424;-0.669951;-0.428571;-0.280788;-0.280788;0.236453;0.08867;1;-0.246305;-0.389163;0.975369;0.0738917;0.20197;0.172414;0.0788178;0.73399;-0.162562;0.226601;0.0591133;-1;0.157635;0.0394089;0.08867;-0.325123;0.305419;0.211823;-0.428571;0.561576;0.113301;+1;0;0;0;0

35.29;0.152632;0.447368;-0.415789;0.0157895;0.426316;-0.182266;-0.231527;-0.330049;0.310345;0.453202;0.0147784;0.221675;-0.438424;-0.669951;-0.428571;-0.280788;-0.280788;0.236453;0.08867;1;-0.246305;-0.389163;0.975369;0.0738917;0.20197;0.172414;0.0788178;0.73399;-0.162562;0.226601;0.0591133;-1;0.157635;0.0394089;0.08867;-0.325123;0.305419;0.211823;-0.428571;0.561576;-1;0;0;0;0

34.75;-0.284211;0.152632;0.447368;-0.415789;0.0157895;0.463054;-0.182266;-0.231527;-0.330049;0.310345;0.453202;0.0147784;0.221675;-0.438424;-0.669951;-0.428571;-0.280788;-0.280788;0.236453;0.08867;1;-0.246305;-0.389163;0.975369;0.0738917;0.20197;0.172414;0.0788178;0.73399;-0.162562;0.226601;0.0591133;-1;0.157635;0.0394089;0.08867;-0.325123;0.305419;0.211823;-0.428571;-1;0;0;0;0

34.5;-0.131579;-0.284211;0.152632;0.447368;-0.415789;0.0788178;0.463054;-0.182266;-0.231527;-0.330049;0.310345;0.453202;0.0147784;0.221675;-0.438424;-0.669951;-0.428571;-0.280788;-0.280788;0.236453;0.08867;1;-0.246305;-0.389163;0.975369;0.0738917;0.20197;0.172414;0.0788178;0.73399;-0.162562;0.226601;0.0591133;-1;0.157635;0.0394089;0.08867;-0.325123;0.305419;0.211823;-1;0;0;0;0

33.71;-0.415789;-0.131579;-0.284211;0.152632;0.447368;-0.325123;0.0788178;0.463054;-0.182266;-0.231527;-0.330049;0.310345;0.453202;0.0147784;0.221675;-0.438424;-0.669951;-0.428571;-0.280788;-0.280788;0.236453;0.08867;1;-0.246305;-0.389163;0.975369;0.0738917;0.20197;0.172414;0.0788178;0.73399;-0.162562;0.226601;0.0591133;-1;0.157635;0.0394089;0.08867;-0.325123;0.305419;+1;0;0;0;0

33.95;0.126316;-0.415789;-0.131579;-0.284211;0.152632;0.482759;-0.325123;0.0788178;0.463054;-0.182266;-0.231527;-0.330049;0.310345;0.453202;0.0147784;0.221675;-0.438424;-0.669951;-0.428571;-0.280788;-0.280788;0.236453;0.08867;1;-0.246305;-0.389163;0.975369;0.0738917;0.20197;0.172414;0.0788178;0.73399;-0.162562;0.226601;0.0591133;-1;0.157635;0.0394089;0.08867;-0.325123;-1;0;0;0;0

33.61;-0.178947;0.126316;-0.415789;-0.131579;-0.284211;0.206897;0.482759;-0.325123;0.0788178;0.463054;-0.182266;-0.231527;-0.330049;0.310345;0.453202;0.0147784;0.221675;-0.438424;-0.669951;-0.428571;-0.280788;-0.280788;0.236453;0.08867;1;-0.246305;-0.389163;0.975369;0.0738917;0.20197;0.172414;0.0788178;0.73399;-0.162562;0.226601;0.0591133;-1;0.157635;0.0394089;0.08867;+1;0;0;0;0

34.75;0.6;-0.178947;0.126316;-0.415789;-0.131579;-0.20197;0.206897;0.482759;-0.325123;0.0788178;0.463054;-0.182266;-0.231527;-0.330049;0.310345;0.453202;0.0147784;0.221675;-0.438424;-0.669951;-0.428571;-0.280788;-0.280788;0.236453;0.08867;1;-0.246305;-0.389163;0.975369;0.0738917;0.20197;0.172414;0.0788178;0.73399;-0.162562;0.226601;0.0591133;-1;0.157635;0.0394089;+1;0;0;0;0

34.9;0.0789474;0.6;-0.178947;0.126316;-0.415789;-0.0591133;-0.20197;0.206897;0.482759;-0.325123;0.0788178;0.463054;-0.182266;-0.231527;-0.330049;0.310345;0.453202;0.0147784;0.221675;-0.438424;-0.669951;-0.428571;-0.280788;-0.280788;0.236453;0.08867;1;-0.246305;-0.389163;0.975369;0.0738917;0.20197;0.172414;0.0788178;0.73399;-0.162562;0.226601;0.0591133;-1;0.157635;-1;0;0;0;0

34.87;-0.0157895;0.0789474;0.6;-0.178947;0.126316;-0.325123;-0.0591133;-0.20197;0.206897;0.482759;-0.325123;0.0788178;0.463054;-0.182266;-0.231527;-0.330049;0.310345;0.453202;0.0147784;0.221675;-0.438424;-0.669951;-0.428571;-0.280788;-0.280788;0.236453;0.08867;1;-0.246305;-0.389163;0.975369;0.0738917;0.20197;0.172414;0.0788178;0.73399;-0.162562;0.226601;0.0591133;-1;-1;0;0;0;0

34.59;-0.147368;-0.0157895;0.0789474;0.6;-0.178947;0.182266;-0.325123;-0.0591133;-0.20197;0.206897;0.482759;-0.325123;0.0788178;0.463054;-0.182266;-0.231527;-0.330049;0.310345;0.453202;0.0147784;0.221675;-0.438424;-0.669951;-0.428571;-0.280788;-0.280788;0.236453;0.08867;1;-0.246305;-0.389163;0.975369;0.0738917;0.20197;0.172414;0.0788178;0.73399;-0.162562;0.226601;0.0591133;+1;0;0;0;0

34.77;0.0947368;-0.147368;-0.0157895;0.0789474;0.6;-0.103448;0.182266;-0.325123;-0.0591133;-0.20197;0.206897;0.482759;-0.325123;0.0788178;0.463054;-0.182266;-0.231527;-0.330049;0.310345;0.453202;0.0147784;0.221675;-0.438424;-0.669951;-0.428571;-0.280788;-0.280788;0.236453;0.08867;1;-0.246305;-0.389163;0.975369;0.0738917;0.20197;0.172414;0.0788178;0.73399;-0.162562;0.226601;-1;0;0;0;0

34.7;-0.0368421;0.0947368;-0.147368;-0.0157895;0.0789474;0.625616;-0.103448;0.182266;-0.325123;-0.0591133;-0.20197;0.206897;0.482759;-0.325123;0.0788178;0.463054;-0.182266;-0.231527;-0.330049;0.310345;0.453202;0.0147784;0.221675;-0.438424;-0.669951;-0.428571;-0.280788;-0.280788;0.236453;0.08867;1;-0.246305;-0.389163;0.975369;0.0738917;0.20197;0.172414;0.0788178;0.73399;-0.162562;-1;0;0;0;0

34;-0.368421;-0.0368421;0.0947368;-0.147368;-0.0157895;0.137931;0.625616;-0.103448;0.182266;-0.325123;-0.0591133;-0.20197;0.206897;0.482759;-0.325123;0.0788178;0.463054;-0.182266;-0.231527;-0.330049;0.310345;0.453202;0.0147784;0.221675;-0.438424;-0.669951;-0.428571;-0.280788;-0.280788;0.236453;0.08867;1;-0.246305;-0.389163;0.975369;0.0738917;0.20197;0.172414;0.0788178;0.73399;+1;0;0;0;0

34.11;0.0578947;-0.368421;-0.0368421;0.0947368;-0.147368;0.0492611;0.137931;0.625616;-0.103448;0.182266;-0.325123;-0.0591133;-0.20197;0.206897;0.482759;-0.325123;0.0788178;0.463054;-0.182266;-0.231527;-0.330049;0.310345;0.453202;0.0147784;0.221675;-0.438424;-0.669951;-0.428571;-0.280788;-0.280788;0.236453;0.08867;1;-0.246305;-0.389163;0.975369;0.0738917;0.20197;0.172414;0.0788178;+1;0;0;0;0

34.3;0.1;0.0578947;-0.368421;-0.0368421;0.0947368;-0.0738916;0.0492611;0.137931;0.625616;-0.103448;0.182266;-0.325123;-0.0591133;-0.20197;0.206897;0.482759;-0.325123;0.0788178;0.463054;-0.182266;-0.231527;-0.330049;0.310345;0.453202;0.0147784;0.221675;-0.438424;-0.669951;-0.428571;-0.280788;-0.280788;0.236453;0.08867;1;-0.246305;-0.389163;0.975369;0.0738917;0.20197;0.172414;-1;0;0;0;0

34.15;-0.0789474;0.1;0.0578947;-0.368421;-0.0368421;0.152709;-0.0738916;0.0492611;0.137931;0.625616;-0.103448;0.182266;-0.325123;-0.0591133;-0.20197;0.206897;0.482759;-0.325123;0.0788178;0.463054;-0.182266;-0.231527;-0.330049;0.310345;0.453202;0.0147784;0.221675;-0.438424;-0.669951;-0.428571;-0.280788;-0.280788;0.236453;0.08867;1;-0.246305;-0.389163;0.975369;0.0738917;0.20197;-1;0;0;0;0

34.1;-0.0263158;-0.0789474;0.1;0.0578947;-0.368421;0.0295567;0.152709;-0.0738916;0.0492611;0.137931;0.625616;-0.103448;0.182266;-0.325123;-0.0591133;-0.20197;0.206897;0.482759;-0.325123;0.0788178;0.463054;-0.182266;-0.231527;-0.330049;0.310345;0.453202;0.0147784;0.221675;-0.438424;-0.669951;-0.428571;-0.280788;-0.280788;0.236453;0.08867;1;-0.246305;-0.389163;0.975369;0.0738917;+1;0;0;0;0

34.2;0.0526316;-0.0263158;-0.0789474;0.1;0.0578947;-0.280788;0.0295567;0.152709;-0.0738916;0.0492611;0.137931;0.625616;-0.103448;0.182266;-0.325123;-0.0591133;-0.20197;0.206897;0.482759;-0.325123;0.0788178;0.463054;-0.182266;-0.231527;-0.330049;0.310345;0.453202;0.0147784;0.221675;-0.438424;-0.669951;-0.428571;-0.280788;-0.280788;0.236453;0.08867;1;-0.246305;-0.389163;0.975369;+1;0;0;0;0

35;0.421053;0.0526316;-0.0263158;-0.0789474;0.1;0.118227;-0.280788;0.0295567;0.152709;-0.0738916;0.0492611;0.137931;0.625616;-0.103448;0.182266;-0.325123;-0.0591133;-0.20197;0.206897;0.482759;-0.325123;0.0788178;0.463054;-0.182266;-0.231527;-0.330049;0.310345;0.453202;0.0147784;0.221675;-0.438424;-0.669951;-0.428571;-0.280788;-0.280788;0.236453;0.08867;1;-0.246305;-0.389163;-1;0;0;0;0

34.9;-0.0526316;0.421053;0.0526316;-0.0263158;-0.0789474;0.157635;0.118227;-0.280788;0.0295567;0.152709;-0.0738916;0.0492611;0.137931;0.625616;-0.103448;0.182266;-0.325123;-0.0591133;-0.20197;0.206897;0.482759;-0.325123;0.0788178;0.463054;-0.182266;-0.231527;-0.330049;0.310345;0.453202;0.0147784;0.221675;-0.438424;-0.669951;-0.428571;-0.280788;-0.280788;0.236453;0.08867;1;-0.246305;+1;0;0;0;0

35.5;0.315789;-0.0526316;0.421053;0.0526316;-0.0263158;-0.00985219;0.157635;0.118227;-0.280788;0.0295567;0.152709;-0.0738916;0.0492611;0.137931;0.625616;-0.103448;0.182266;-0.325123;-0.0591133;-0.20197;0.206897;0.482759;-0.325123;0.0788178;0.463054;-0.182266;-0.231527;-0.330049;0.310345;0.453202;0.0147784;0.221675;-0.438424;-0.669951;-0.428571;-0.280788;-0.280788;0.236453;0.08867;1;-1;0;0;0;0

35.5;0;0.315789;-0.0526316;0.421053;0.0526316;0.0394089;-0.00985219;0.157635;0.118227;-0.280788;0.0295567;0.152709;-0.0738916;0.0492611;0.137931;0.625616;-0.103448;0.182266;-0.325123;-0.0591133;-0.20197;0.206897;0.482759;-0.325123;0.0788178;0.463054;-0.182266;-0.231527;-0.330049;0.310345;0.453202;0.0147784;0.221675;-0.438424;-0.669951;-0.428571;-0.280788;-0.280788;0.236453;0.08867;-1;0;0;0;0

34.01;-0.784211;0;0.315789;-0.0526316;0.421053;0.113301;0.0394089;-0.00985219;0.157635;0.118227;-0.280788;0.0295567;0.152709;-0.0738916;0.0492611;0.137931;0.625616;-0.103448;0.182266;-0.325123;-0.0591133;-0.20197;0.206897;0.482759;-0.325123;0.0788178;0.463054;-0.182266;-0.231527;-0.330049;0.310345;0.453202;0.0147784;0.221675;-0.438424;-0.669951;-0.428571;-0.280788;-0.280788;0.236453;+1;0;0;0;0

34.9;0.468421;-0.784211;0;0.315789;-0.0526316;0.458128;0.113301;0.0394089;-0.00985219;0.157635;0.118227;-0.280788;0.0295567;0.152709;-0.0738916;0.0492611;0.137931;0.625616;-0.103448;0.182266;-0.325123;-0.0591133;-0.20197;0.206897;0.482759;-0.325123;0.0788178;0.463054;-0.182266;-0.231527;-0.330049;0.310345;0.453202;0.0147784;0.221675;-0.438424;-0.669951;-0.428571;-0.280788;-0.280788;-1;0;0;0;0

33;-1;0.468421;-0.784211;0;0.315789;0.0147784;0.458128;0.113301;0.0394089;-0.00985219;0.157635;0.118227;-0.280788;0.0295567;0.152709;-0.0738916;0.0492611;0.137931;0.625616;-0.103448;0.182266;-0.325123;-0.0591133;-0.20197;0.206897;0.482759;-0.325123;0.0788178;0.463054;-0.182266;-0.231527;-0.330049;0.310345;0.453202;0.0147784;0.221675;-0.438424;-0.669951;-0.428571;-0.280788;-1;0;0;0;0

31.85;-0.605263;-1;0.468421;-0.784211;0;0.359606;0.0147784;0.458128;0.113301;0.0394089;-0.00985219;0.157635;0.118227;-0.280788;0.0295567;0.152709;-0.0738916;0.0492611;0.137931;0.625616;-0.103448;0.182266;-0.325123;-0.0591133;-0.20197;0.206897;0.482759;-0.325123;0.0788178;0.463054;-0.182266;-0.231527;-0.330049;0.310345;0.453202;0.0147784;0.221675;-0.438424;-0.669951;-0.428571;-1;0;0;0;0

31.83;-0.0105263;-0.605263;-1;0.468421;-0.784211;0.0640394;0.359606;0.0147784;0.458128;0.113301;0.0394089;-0.00985219;0.157635;0.118227;-0.280788;0.0295567;0.152709;-0.0738916;0.0492611;0.137931;0.625616;-0.103448;0.182266;-0.325123;-0.0591133;-0.20197;0.206897;0.482759;-0.325123;0.0788178;0.463054;-0.182266;-0.231527;-0.330049;0.310345;0.453202;0.0147784;0.221675;-0.438424;-0.669951;+1;0;0;0;0

31.85;0.0105263;-0.0105263;-0.605263;-1;0.468421;-0.669951;0.0640394;0.359606;0.0147784;0.458128;0.113301;0.0394089;-0.00985219;0.157635;0.118227;-0.280788;0.0295567;0.152709;-0.0738916;0.0492611;0.137931;0.625616;-0.103448;0.182266;-0.325123;-0.0591133;-0.20197;0.206897;0.482759;-0.325123;0.0788178;0.463054;-0.182266;-0.231527;-0.330049;0.310345;0.453202;0.0147784;0.221675;-0.438424;+1;0;0;0;0

31.99;0.0736842;0.0105263;-0.0105263;-0.605263;-1;0.502463;-0.669951;0.0640394;0.359606;0.0147784;0.458128;0.113301;0.0394089;-0.00985219;0.157635;0.118227;-0.280788;0.0295567;0.152709;-0.0738916;0.0492611;0.137931;0.625616;-0.103448;0.182266;-0.325123;-0.0591133;-0.20197;0.206897;0.482759;-0.325123;0.0788178;0.463054;-0.182266;-0.231527;-0.330049;0.310345;0.453202;0.0147784;0.221675;+1;0;0;0;0

32.98;0.521053;0.0736842;0.0105263;-0.0105263;-0.605263;-0.871921;0.502463;-0.669951;0.0640394;0.359606;0.0147784;0.458128;0.113301;0.0394089;-0.00985219;0.157635;0.118227;-0.280788;0.0295567;0.152709;-0.0738916;0.0492611;0.137931;0.625616;-0.103448;0.182266;-0.325123;-0.0591133;-0.20197;0.206897;0.482759;-0.325123;0.0788178;0.463054;-0.182266;-0.231527;-0.330049;0.310345;0.453202;0.0147784;-1;0;0;0;0

32;-0.51579;0.521053;0.0736842;0.0105263;-0.0105263;-0.502463;-0.871921;0.502463;-0.669951;0.0640394;0.359606;0.0147784;0.458128;0.113301;0.0394089;-0.00985219;0.157635;0.118227;-0.280788;0.0295567;0.152709;-0.0738916;0.0492611;0.137931;0.625616;-0.103448;0.182266;-0.325123;-0.0591133;-0.20197;0.206897;0.482759;-0.325123;0.0788178;0.463054;-0.182266;-0.231527;-0.330049;0.310345;0.453202;+1;0;0;0;0

32.65;0.342105;-0.51579;0.521053;0.0736842;0.0105263;0.0541872;-0.502463;-0.871921;0.502463;-0.669951;0.0640394;0.359606;0.0147784;0.458128;0.113301;0.0394089;-0.00985219;0.157635;0.118227;-0.280788;0.0295567;0.152709;-0.0738916;0.0492611;0.137931;0.625616;-0.103448;0.182266;-0.325123;-0.0591133;-0.20197;0.206897;0.482759;-0.325123;0.0788178;0.463054;-0.182266;-0.231527;-0.330049;0.310345;-1;0;0;0;0

31.77;-0.463158;0.342105;-0.51579;0.521053;0.0736842;0.0738917;0.0541872;-0.502463;-0.871921;0.502463;-0.669951;0.0640394;0.359606;0.0147784;0.458128;0.113301;0.0394089;-0.00985219;0.157635;0.118227;-0.280788;0.0295567;0.152709;-0.0738916;0.0492611;0.137931;0.625616;-0.103448;0.182266;-0.325123;-0.0591133;-0.20197;0.206897;0.482759;-0.325123;0.0788178;0.463054;-0.182266;-0.231527;-0.330049;+1;0;0;0;0

32.65;0.463158;-0.463158;0.342105;-0.51579;0.521053;0.133005;0.0738917;0.0541872;-0.502463;-0.871921;0.502463;-0.669951;0.0640394;0.359606;0.0147784;0.458128;0.113301;0.0394089;-0.00985219;0.157635;0.118227;-0.280788;0.0295567;0.152709;-0.0738916;0.0492611;0.137931;0.625616;-0.103448;0.182266;-0.325123;-0.0591133;-0.20197;0.206897;0.482759;-0.325123;0.0788178;0.463054;-0.182266;-0.231527;-1;0;0;0;0

32.21;-0.231579;0.463158;-0.463158;0.342105;-0.51579;0.551724;0.133005;0.0738917;0.0541872;-0.502463;-0.871921;0.502463;-0.669951;0.0640394;0.359606;0.0147784;0.458128;0.113301;0.0394089;-0.00985219;0.157635;0.118227;-0.280788;0.0295567;0.152709;-0.0738916;0.0492611;0.137931;0.625616;-0.103448;0.182266;-0.325123;-0.0591133;-0.20197;0.206897;0.482759;-0.325123;0.0788178;0.463054;-0.182266;+1;0;0;0;0

32.6;0.205263;-0.231579;0.463158;-0.463158;0.342105;-0.418719;0.551724;0.133005;0.0738917;0.0541872;-0.502463;-0.871921;0.502463;-0.669951;0.0640394;0.359606;0.0147784;0.458128;0.113301;0.0394089;-0.00985219;0.157635;0.118227;-0.280788;0.0295567;0.152709;-0.0738916;0.0492611;0.137931;0.625616;-0.103448;0.182266;-0.325123;-0.0591133;-0.20197;0.206897;0.482759;-0.325123;0.0788178;0.463054;-1;0;0;0;0

32.2;-0.210526;0.205263;-0.231579;0.463158;-0.463158;0.384236;-0.418719;0.551724;0.133005;0.0738917;0.0541872;-0.502463;-0.871921;0.502463;-0.669951;0.0640394;0.359606;0.0147784;0.458128;0.113301;0.0394089;-0.00985219;0.157635;0.118227;-0.280788;0.0295567;0.152709;-0.0738916;0.0492611;0.137931;0.625616;-0.103448;0.182266;-0.325123;-0.0591133;-0.20197;0.206897;0.482759;-0.325123;0.0788178;+1;0;0;0;0

32.41;0.110526;-0.210526;0.205263;-0.231579;0.463158;-0.369458;0.384236;-0.418719;0.551724;0.133005;0.0738917;0.0541872;-0.502463;-0.871921;0.502463;-0.669951;0.0640394;0.359606;0.0147784;0.458128;0.113301;0.0394089;-0.00985219;0.157635;0.118227;-0.280788;0.0295567;0.152709;-0.0738916;0.0492611;0.137931;0.625616;-0.103448;0.182266;-0.325123;-0.0591133;-0.20197;0.206897;0.482759;-0.325123;-1;0;0;0;0

32.02;-0.205263;0.110526;-0.210526;0.205263;-0.231579;0.497537;-0.369458;0.384236;-0.418719;0.551724;0.133005;0.0738917;0.0541872;-0.502463;-0.871921;0.502463;-0.669951;0.0640394;0.359606;0.0147784;0.458128;0.113301;0.0394089;-0.00985219;0.157635;0.118227;-0.280788;0.0295567;0.152709;-0.0738916;0.0492611;0.137931;0.625616;-0.103448;0.182266;-0.325123;-0.0591133;-0.20197;0.206897;0.482759;+1;0;0;0;0

32.4;0.2;-0.205263;0.110526;-0.210526;0.205263;-0.152709;0.497537;-0.369458;0.384236;-0.418719;0.551724;0.133005;0.0738917;0.0541872;-0.502463;-0.871921;0.502463;-0.669951;0.0640394;0.359606;0.0147784;0.458128;0.113301;0.0394089;-0.00985219;0.157635;0.118227;-0.280788;0.0295567;0.152709;-0.0738916;0.0492611;0.137931;0.625616;-0.103448;0.182266;-0.325123;-0.0591133;-0.20197;0.206897;+1;0;0;0;0

33.9;0.789474;0.2;-0.205263;0.110526;-0.210526;0.256158;-0.152709;0.497537;-0.369458;0.384236;-0.418719;0.551724;0.133005;0.0738917;0.0541872;-0.502463;-0.871921;0.502463;-0.669951;0.0640394;0.359606;0.0147784;0.458128;0.113301;0.0394089;-0.00985219;0.157635;0.118227;-0.280788;0.0295567;0.152709;-0.0738916;0.0492611;0.137931;0.625616;-0.103448;0.182266;-0.325123;-0.0591133;-0.20197;+1;0;0;0;0

34.5;0.315789;0.789474;0.2;-0.205263;0.110526;-0.133005;0.256158;-0.152709;0.497537;-0.369458;0.384236;-0.418719;0.551724;0.133005;0.0738917;0.0541872;-0.502463;-0.871921;0.502463;-0.669951;0.0640394;0.359606;0.0147784;0.458128;0.113301;0.0394089;-0.00985219;0.157635;0.118227;-0.280788;0.0295567;0.152709;-0.0738916;0.0492611;0.137931;0.625616;-0.103448;0.182266;-0.325123;-0.0591133;+1;0;0;0;0

35.3;0.421053;0.315789;0.789474;0.2;-0.205263;0.167488;-0.133005;0.256158;-0.152709;0.497537;-0.369458;0.384236;-0.418719;0.551724;0.133005;0.0738917;0.0541872;-0.502463;-0.871921;0.502463;-0.669951;0.0640394;0.359606;0.0147784;0.458128;0.113301;0.0394089;-0.00985219;0.157635;0.118227;-0.280788;0.0295567;0.152709;-0.0738916;0.0492611;0.137931;0.625616;-0.103448;0.182266;-0.325123;+1;0;0;0;0

36.68;0.726316;0.421053;0.315789;0.789474;0.2;-0.128079;0.167488;-0.133005;0.256158;-0.152709;0.497537;-0.369458;0.384236;-0.418719;0.551724;0.133005;0.0738917;0.0541872;-0.502463;-0.871921;0.502463;-0.669951;0.0640394;0.359606;0.0147784;0.458128;0.113301;0.0394089;-0.00985219;0.157635;0.118227;-0.280788;0.0295567;0.152709;-0.0738916;0.0492611;0.137931;0.625616;-0.103448;0.182266;+1;0;0;0;0

37.4;0.378947;0.726316;0.421053;0.315789;0.789474;0.251232;-0.128079;0.167488;-0.133005;0.256158;-0.152709;0.497537;-0.369458;0.384236;-0.418719;0.551724;0.133005;0.0738917;0.0541872;-0.502463;-0.871921;0.502463;-0.669951;0.0640394;0.359606;0.0147784;0.458128;0.113301;0.0394089;-0.00985219;0.157635;0.118227;-0.280788;0.0295567;0.152709;-0.0738916;0.0492611;0.137931;0.625616;-0.103448;-1;0;0;0;0

36.35;-0.552632;0.378947;0.726316;0.421053;0.315789;0.802956;0.251232;-0.128079;0.167488;-0.133005;0.256158;-0.152709;0.497537;-0.369458;0.384236;-0.418719;0.551724;0.133005;0.0738917;0.0541872;-0.502463;-0.871921;0.502463;-0.669951;0.0640394;0.359606;0.0147784;0.458128;0.113301;0.0394089;-0.00985219;0.157635;0.118227;-0.280788;0.0295567;0.152709;-0.0738916;0.0492611;0.137931;0.625616;+1;0;0;0;0

36.5;0.0789474;-0.552632;0.378947;0.726316;0.421053;0.359606;0.802956;0.251232;-0.128079;0.167488;-0.133005;0.256158;-0.152709;0.497537;-0.369458;0.384236;-0.418719;0.551724;0.133005;0.0738917;0.0541872;-0.502463;-0.871921;0.502463;-0.669951;0.0640394;0.359606;0.0147784;0.458128;0.113301;0.0394089;-0.00985219;0.157635;0.118227;-0.280788;0.0295567;0.152709;-0.0738916;0.0492611;0.137931;+1;0;0;0;0

36.75;0.131579;0.0789474;-0.552632;0.378947;0.726316;0.458128;0.359606;0.802956;0.251232;-0.128079;0.167488;-0.133005;0.256158;-0.152709;0.497537;-0.369458;0.384236;-0.418719;0.551724;0.133005;0.0738917;0.0541872;-0.502463;-0.871921;0.502463;-0.669951;0.0640394;0.359606;0.0147784;0.458128;0.113301;0.0394089;-0.00985219;0.157635;0.118227;-0.280788;0.0295567;0.152709;-0.0738916;0.0492611;+1;0;0;0;0

36.87;0.0631579;0.131579;0.0789474;-0.552632;0.378947;0.743842;0.458128;0.359606;0.802956;0.251232;-0.128079;0.167488;-0.133005;0.256158;-0.152709;0.497537;-0.369458;0.384236;-0.418719;0.551724;0.133005;0.0738917;0.0541872;-0.502463;-0.871921;0.502463;-0.669951;0.0640394;0.359606;0.0147784;0.458128;0.113301;0.0394089;-0.00985219;0.157635;0.118227;-0.280788;0.0295567;0.152709;-0.0738916;+1;0;0;0;0

37.01;0.0736842;0.0631579;0.131579;0.0789474;-0.552632;0.418719;0.743842;0.458128;0.359606;0.802956;0.251232;-0.128079;0.167488;-0.133005;0.256158;-0.152709;0.497537;-0.369458;0.384236;-0.418719;0.551724;0.133005;0.0738917;0.0541872;-0.502463;-0.871921;0.502463;-0.669951;0.0640394;0.359606;0.0147784;0.458128;0.113301;0.0394089;-0.00985219;0.157635;0.118227;-0.280788;0.0295567;0.152709;+1;0;0;0;0

38;0.521053;0.0736842;0.0631579;0.131579;0.0789474;-0.453202;0.418719;0.743842;0.458128;0.359606;0.802956;0.251232;-0.128079;0.167488;-0.133005;0.256158;-0.152709;0.497537;-0.369458;0.384236;-0.418719;0.551724;0.133005;0.0738917;0.0541872;-0.502463;-0.871921;0.502463;-0.669951;0.0640394;0.359606;0.0147784;0.458128;0.113301;0.0394089;-0.00985219;0.157635;0.118227;-0.280788;0.0295567;-1;0;0;0;0

37.8;-0.105263;0.521053;0.0736842;0.0631579;0.131579;0.137931;-0.453202;0.418719;0.743842;0.458128;0.359606;0.802956;0.251232;-0.128079;0.167488;-0.133005;0.256158;-0.152709;0.497537;-0.369458;0.384236;-0.418719;0.551724;0.133005;0.0738917;0.0541872;-0.502463;-0.871921;0.502463;-0.669951;0.0640394;0.359606;0.0147784;0.458128;0.113301;0.0394089;-0.00985219;0.157635;0.118227;-0.280788;-1;0;0;0;0

37.69;-0.0578947;-0.105263;0.521053;0.0736842;0.0631579;0.187192;0.137931;-0.453202;0.418719;0.743842;0.458128;0.359606;0.802956;0.251232;-0.128079;0.167488;-0.133005;0.256158;-0.152709;0.497537;-0.369458;0.384236;-0.418719;0.551724;0.133005;0.0738917;0.0541872;-0.502463;-0.871921;0.502463;-0.669951;0.0640394;0.359606;0.0147784;0.458128;0.113301;0.0394089;-0.00985219;0.157635;0.118227;-1;0;0;0;0

37.1;-0.310526;-0.0578947;-0.105263;0.521053;0.0736842;0.123153;0.187192;0.137931;-0.453202;0.418719;0.743842;0.458128;0.359606;0.802956;0.251232;-0.128079;0.167488;-0.133005;0.256158;-0.152709;0.497537;-0.369458;0.384236;-0.418719;0.551724;0.133005;0.0738917;0.0541872;-0.502463;-0.871921;0.502463;-0.669951;0.0640394;0.359606;0.0147784;0.458128;0.113301;0.0394089;-0.00985219;0.157635;-1;0;0;0;0

36.2;-0.473684;-0.310526;-0.0578947;-0.105263;0.521053;0.133005;0.123153;0.187192;0.137931;-0.453202;0.418719;0.743842;0.458128;0.359606;0.802956;0.251232;-0.128079;0.167488;-0.133005;0.256158;-0.152709;0.497537;-0.369458;0.384236;-0.418719;0.551724;0.133005;0.0738917;0.0541872;-0.502463;-0.871921;0.502463;-0.669951;0.0640394;0.359606;0.0147784;0.458128;0.113301;0.0394089;-0.00985219;-1;0;0;0;0

35.78;-0.221053;-0.473684;-0.310526;-0.0578947;-0.105263;0.551724;0.133005;0.123153;0.187192;0.137931;-0.453202;0.418719;0.743842;0.458128;0.359606;0.802956;0.251232;-0.128079;0.167488;-0.133005;0.256158;-0.152709;0.497537;-0.369458;0.384236;-0.418719;0.551724;0.133005;0.0738917;0.0541872;-0.502463;-0.871921;0.502463;-0.669951;0.0640394;0.359606;0.0147784;0.458128;0.113301;0.0394089;-1;0;0;0;0

35.52;-0.136842;-0.221053;-0.473684;-0.310526;-0.0578947;-0.0344827;0.551724;0.133005;0.123153;0.187192;0.137931;-0.453202;0.418719;0.743842;0.458128;0.359606;0.802956;0.251232;-0.128079;0.167488;-0.133005;0.256158;-0.152709;0.497537;-0.369458;0.384236;-0.418719;0.551724;0.133005;0.0738917;0.0541872;-0.502463;-0.871921;0.502463;-0.669951;0.0640394;0.359606;0.0147784;0.458128;0.113301;-1;0;0;0;0

35.5;-0.0105263;-0.136842;-0.221053;-0.473684;-0.310526;0.00985224;-0.0344827;0.551724;0.133005;0.123153;0.187192;0.137931;-0.453202;0.418719;0.743842;0.458128;0.359606;0.802956;0.251232;-0.128079;0.167488;-0.133005;0.256158;-0.152709;0.497537;-0.369458;0.384236;-0.418719;0.551724;0.133005;0.0738917;0.0541872;-0.502463;-0.871921;0.502463;-0.669951;0.0640394;0.359606;0.0147784;0.458128;+1;0;0;0;0

36.32;0.431579;-0.0105263;-0.136842;-0.221053;-0.473684;-0.226601;0.00985224;-0.0344827;0.551724;0.133005;0.123153;0.187192;0.137931;-0.453202;0.418719;0.743842;0.458128;0.359606;0.802956;0.251232;-0.128079;0.167488;-0.133005;0.256158;-0.152709;0.497537;-0.369458;0.384236;-0.418719;0.551724;0.133005;0.0738917;0.0541872;-0.502463;-0.871921;0.502463;-0.669951;0.0640394;0.359606;0.0147784;+1;0;0;0;0

37;0.357895;0.431579;-0.0105263;-0.136842;-0.221053;-0.37931;-0.226601;0.00985224;-0.0344827;0.551724;0.133005;0.123153;0.187192;0.137931;-0.453202;0.418719;0.743842;0.458128;0.359606;0.802956;0.251232;-0.128079;0.167488;-0.133005;0.256158;-0.152709;0.497537;-0.369458;0.384236;-0.418719;0.551724;0.133005;0.0738917;0.0541872;-0.502463;-0.871921;0.502463;-0.669951;0.0640394;0.359606;+1;0;0;0;0

38.4;0.736842;0.357895;0.431579;-0.0105263;-0.136842;-0.142857;-0.37931;-0.226601;0.00985224;-0.0344827;0.551724;0.133005;0.123153;0.187192;0.137931;-0.453202;0.418719;0.743842;0.458128;0.359606;0.802956;0.251232;-0.128079;0.167488;-0.133005;0.256158;-0.152709;0.497537;-0.369458;0.384236;-0.418719;0.551724;0.133005;0.0738917;0.0541872;-0.502463;-0.871921;0.502463;-0.669951;0.0640394;-1;0;0;0;0

38.2;-0.105263;0.736842;0.357895;0.431579;-0.0105263;-0.0640394;-0.142857;-0.37931;-0.226601;0.00985224;-0.0344827;0.551724;0.133005;0.123153;0.187192;0.137931;-0.453202;0.418719;0.743842;0.458128;0.359606;0.802956;0.251232;-0.128079;0.167488;-0.133005;0.256158;-0.152709;0.497537;-0.369458;0.384236;-0.418719;0.551724;0.133005;0.0738917;0.0541872;-0.502463;-0.871921;0.502463;-0.669951;-1;0;0;0;0

38.2;0;-0.105263;0.736842;0.357895;0.431579;0.0541872;-0.0640394;-0.142857;-0.37931;-0.226601;0.00985224;-0.0344827;0.551724;0.133005;0.123153;0.187192;0.137931;-0.453202;0.418719;0.743842;0.458128;0.359606;0.802956;0.251232;-0.128079;0.167488;-0.133005;0.256158;-0.152709;0.497537;-0.369458;0.384236;-0.418719;0.551724;0.133005;0.0738917;0.0541872;-0.502463;-0.871921;0.502463;+1;0;0;0;0

38.79;0.310526;0;-0.105263;0.736842;0.357895;0.46798;0.0541872;-0.0640394;-0.142857;-0.37931;-0.226601;0.00985224;-0.0344827;0.551724;0.133005;0.123153;0.187192;0.137931;-0.453202;0.418719;0.743842;0.458128;0.359606;0.802956;0.251232;-0.128079;0.167488;-0.133005;0.256158;-0.152709;0.497537;-0.369458;0.384236;-0.418719;0.551724;0.133005;0.0738917;0.0541872;-0.502463;-0.871921;-1;0;0;0;0

38.7;-0.0473684;0.310526;0;-0.105263;0.736842;0.399015;0.46798;0.0541872;-0.0640394;-0.142857;-0.37931;-0.226601;0.00985224;-0.0344827;0.551724;0.133005;0.123153;0.187192;0.137931;-0.453202;0.418719;0.743842;0.458128;0.359606;0.802956;0.251232;-0.128079;0.167488;-0.133005;0.256158;-0.152709;0.497537;-0.369458;0.384236;-0.418719;0.551724;0.133005;0.0738917;0.0541872;-0.502463;+1;0;0;0;0

38.99;0.152632;-0.0473684;0.310526;0;-0.105263;0.753695;0.399015;0.46798;0.0541872;-0.0640394;-0.142857;-0.37931;-0.226601;0.00985224;-0.0344827;0.551724;0.133005;0.123153;0.187192;0.137931;-0.453202;0.418719;0.743842;0.458128;0.359606;0.802956;0.251232;-0.128079;0.167488;-0.133005;0.256158;-0.152709;0.497537;-0.369458;0.384236;-0.418719;0.551724;0.133005;0.0738917;0.0541872;-1;0;0;0;0

38;-0.521053;0.152632;-0.0473684;0.310526;0;-0.0344827;0.753695;0.399015;0.46798;0.0541872;-0.0640394;-0.142857;-0.37931;-0.226601;0.00985224;-0.0344827;0.551724;0.133005;0.123153;0.187192;0.137931;-0.453202;0.418719;0.743842;0.458128;0.359606;0.802956;0.251232;-0.128079;0.167488;-0.133005;0.256158;-0.152709;0.497537;-0.369458;0.384236;-0.418719;0.551724;0.133005;0.0738917;+1;0;0;0;0

38.39;0.205263;-0.521053;0.152632;-0.0473684;0.310526;0.0640394;-0.0344827;0.753695;0.399015;0.46798;0.0541872;-0.0640394;-0.142857;-0.37931;-0.226601;0.00985224;-0.0344827;0.551724;0.133005;0.123153;0.187192;0.137931;-0.453202;0.418719;0.743842;0.458128;0.359606;0.802956;0.251232;-0.128079;0.167488;-0.133005;0.256158;-0.152709;0.497537;-0.369458;0.384236;-0.418719;0.551724;0.133005;+1;0;0;0;0

38.99;0.315789;0.205263;-0.521053;0.152632;-0.0473684;0.35468;0.0640394;-0.0344827;0.753695;0.399015;0.46798;0.0541872;-0.0640394;-0.142857;-0.37931;-0.226601;0.00985224;-0.0344827;0.551724;0.133005;0.123153;0.187192;0.137931;-0.453202;0.418719;0.743842;0.458128;0.359606;0.802956;0.251232;-0.128079;0.167488;-0.133005;0.256158;-0.152709;0.497537;-0.369458;0.384236;-0.418719;0.551724;+1;0;0;0;0

39.02;0.0157895;0.315789;0.205263;-0.521053;0.152632;0.0197045;0.35468;0.0640394;-0.0344827;0.753695;0.399015;0.46798;0.0541872;-0.0640394;-0.142857;-0.37931;-0.226601;0.00985224;-0.0344827;0.551724;0.133005;0.123153;0.187192;0.137931;-0.453202;0.418719;0.743842;0.458128;0.359606;0.802956;0.251232;-0.128079;0.167488;-0.133005;0.256158;-0.152709;0.497537;-0.369458;0.384236;-0.418719;+1;0;0;0;0

39.19;0.0894737;0.0157895;0.315789;0.205263;-0.521053;0.206897;0.0197045;0.35468;0.0640394;-0.0344827;0.753695;0.399015;0.46798;0.0541872;-0.0640394;-0.142857;-0.37931;-0.226601;0.00985224;-0.0344827;0.551724;0.133005;0.123153;0.187192;0.137931;-0.453202;0.418719;0.743842;0.458128;0.359606;0.802956;0.251232;-0.128079;0.167488;-0.133005;0.256158;-0.152709;0.497537;-0.369458;0.384236;-1;0;0;0;0

39;-0.1;0.0894737;0.0157895;0.315789;0.205263;-0.423645;0.206897;0.0197045;0.35468;0.0640394;-0.0344827;0.753695;0.399015;0.46798;0.0541872;-0.0640394;-0.142857;-0.37931;-0.226601;0.00985224;-0.0344827;0.551724;0.133005;0.123153;0.187192;0.137931;-0.453202;0.418719;0.743842;0.458128;0.359606;0.802956;0.251232;-0.128079;0.167488;-0.133005;0.256158;-0.152709;0.497537;-0.369458;-1;0;0;0;0

38.29;-0.373684;-0.1;0.0894737;0.0157895;0.315789;0.256158;-0.423645;0.206897;0.0197045;0.35468;0.0640394;-0.0344827;0.753695;0.399015;0.46798;0.0541872;-0.0640394;-0.142857;-0.37931;-0.226601;0.00985224;-0.0344827;0.551724;0.133005;0.123153;0.187192;0.137931;-0.453202;0.418719;0.743842;0.458128;0.359606;0.802956;0.251232;-0.128079;0.167488;-0.133005;0.256158;-0.152709;0.497537;+1;0;0;0;0

38.69;0.210526;-0.373684;-0.1;0.0894737;0.0157895;0.359606;0.256158;-0.423645;0.206897;0.0197045;0.35468;0.0640394;-0.0344827;0.753695;0.399015;0.46798;0.0541872;-0.0640394;-0.142857;-0.37931;-0.226601;0.00985224;-0.0344827;0.551724;0.133005;0.123153;0.187192;0.137931;-0.453202;0.418719;0.743842;0.458128;0.359606;0.802956;0.251232;-0.128079;0.167488;-0.133005;0.256158;-0.152709;+1;0;0;0;0

39;0.163158;0.210526;-0.373684;-0.1;0.0894737;0.0788178;0.359606;0.256158;-0.423645;0.206897;0.0197045;0.35468;0.0640394;-0.0344827;0.753695;0.399015;0.46798;0.0541872;-0.0640394;-0.142857;-0.37931;-0.226601;0.00985224;-0.0344827;0.551724;0.133005;0.123153;0.187192;0.137931;-0.453202;0.418719;0.743842;0.458128;0.359606;0.802956;0.251232;-0.128079;0.167488;-0.133005;0.256158;-1;0;0;0;0

37.6;-0.736842;0.163158;0.210526;-0.373684;-0.1;0.147783;0.0788178;0.359606;0.256158;-0.423645;0.206897;0.0197045;0.35468;0.0640394;-0.0344827;0.753695;0.399015;0.46798;0.0541872;-0.0640394;-0.142857;-0.37931;-0.226601;0.00985224;-0.0344827;0.551724;0.133005;0.123153;0.187192;0.137931;-0.453202;0.418719;0.743842;0.458128;0.359606;0.802956;0.251232;-0.128079;0.167488;-0.133005;-1;0;0;0;0

37.45;-0.0789474;-0.736842;0.163158;0.210526;-0.373684;-0.0295566;0.147783;0.0788178;0.359606;0.256158;-0.423645;0.206897;0.0197045;0.35468;0.0640394;-0.0344827;0.753695;0.399015;0.46798;0.0541872;-0.0640394;-0.142857;-0.37931;-0.226601;0.00985224;-0.0344827;0.551724;0.133005;0.123153;0.187192;0.137931;-0.453202;0.418719;0.743842;0.458128;0.359606;0.802956;0.251232;-0.128079;0.167488;+1;0;0;0;0

38.99;0.810526;-0.0789474;-0.736842;0.163158;0.210526;-0.285714;-0.0295566;0.147783;0.0788178;0.359606;0.256158;-0.423645;0.206897;0.0197045;0.35468;0.0640394;-0.0344827;0.753695;0.399015;0.46798;0.0541872;-0.0640394;-0.142857;-0.37931;-0.226601;0.00985224;-0.0344827;0.551724;0.133005;0.123153;0.187192;0.137931;-0.453202;0.418719;0.743842;0.458128;0.359606;0.802956;0.251232;-0.128079;-1;0;0;0;0

38;-0.521053;0.810526;-0.0789474;-0.736842;0.163158;0.261084;-0.285714;-0.0295566;0.147783;0.0788178;0.359606;0.256158;-0.423645;0.206897;0.0197045;0.35468;0.0640394;-0.0344827;0.753695;0.399015;0.46798;0.0541872;-0.0640394;-0.142857;-0.37931;-0.226601;0.00985224;-0.0344827;0.551724;0.133005;0.123153;0.187192;0.137931;-0.453202;0.418719;0.743842;0.458128;0.359606;0.802956;0.251232;+1;0;0;0;0

38.21;0.110526;-0.521053;0.810526;-0.0789474;-0.736842;0.216749;0.261084;-0.285714;-0.0295566;0.147783;0.0788178;0.359606;0.256158;-0.423645;0.206897;0.0197045;0.35468;0.0640394;-0.0344827;0.753695;0.399015;0.46798;0.0541872;-0.0640394;-0.142857;-0.37931;-0.226601;0.00985224;-0.0344827;0.551724;0.133005;0.123153;0.187192;0.137931;-0.453202;0.418719;0.743842;0.458128;0.359606;0.802956;+1;0;0;0;0

38.4;0.1;0.110526;-0.521053;0.810526;-0.0789474;-0.625616;0.216749;0.261084;-0.285714;-0.0295566;0.147783;0.0788178;0.359606;0.256158;-0.423645;0.206897;0.0197045;0.35468;0.0640394;-0.0344827;0.753695;0.399015;0.46798;0.0541872;-0.0640394;-0.142857;-0.37931;-0.226601;0.00985224;-0.0344827;0.551724;0.133005;0.123153;0.187192;0.137931;-0.453202;0.418719;0.743842;0.458128;0.359606;-1;0;0;0;0

