19.3;-0.290598;-1;0.0468085;0.012766;-0.114894;0.0212766;0.0723404;0.0723404;0.293617;-0.404255;0.114894;-0.285106;-0.293617;-0.455319;0.225532;-0.455319;-0.0588235;-0.149321;0.466063;-0.674208;+1;0;0;0;0

19.4;-0.034188;-0.285106;-1;0.0468085;0.012766;-0.114894;0.0212766;0.0723404;0.0723404;0.293617;-0.404255;0.114894;-0.285106;-0.293617;-0.455319;0.225532;-0.420814;-0.0588235;-0.149321;0.466063;-1;0;0;0;0

19.14;-0.34188;-0.0297872;-0.285106;-1;0.0468085;0.012766;-0.114894;0.0212766;0.0723404;0.0723404;0.293617;-0.404255;0.114894;-0.285106;-0.293617;-0.455319;0.303167;-0.420814;-0.0588235;-0.149321;+1;0;0;0;0

19.2;-0.0683761;-0.33617;-0.0297872;-0.285106;-1;0.0468085;0.012766;-0.114894;0.0212766;0.0723404;0.0723404;0.293617;-0.404255;0.114894;-0.285106;-0.293617;-0.420814;0.303167;-0.420814;-0.0588235;+1;0;0;0;0

19.6;0.222222;-0.0638298;-0.33617;-0.0297872;-0.285106;-1;0.0468085;0.012766;-0.114894;0.0212766;0.0723404;0.0723404;0.293617;-0.404255;0.114894;-0.285106;-0.248869;-0.420814;0.303167;-0.420814;-1;0;0;0;0

19.6;-0.119658;0.225532;-0.0638298;-0.33617;-0.0297872;-0.285106;-1;0.0468085;0.012766;-0.114894;0.0212766;0.0723404;0.0723404;0.293617;-0.404255;0.114894;-0.239819;-0.248869;-0.420814;0.303167;+1;0;0;0;0

19.8;0.0512821;-0.114894;0.225532;-0.0638298;-0.33617;-0.0297872;-0.285106;-1;0.0468085;0.012766;-0.114894;0.0212766;0.0723404;0.0723404;0.293617;-0.404255;0.18552;-0.239819;-0.248869;-0.420814;+1;0;0;0;0

19.91;-0.025641;0.0553192;-0.114894;0.225532;-0.0638298;-0.33617;-0.0297872;-0.285106;-1;0.0468085;0.012766;-0.114894;0.0212766;0.0723404;0.0723404;0.293617;-0.366516;0.18552;-0.239819;-0.248869;-1;0;0;0;0

19.2;-0.726496;-0.0212766;0.0553192;-0.114894;0.225532;-0.0638298;-0.33617;-0.0297872;-0.285106;-1;0.0468085;0.012766;-0.114894;0.0212766;0.0723404;0.0723404;0.375566;-0.366516;0.18552;-0.239819;-1;0;0;0;0

18.5;-0.717949;-0.719149;-0.0212766;0.0553192;-0.114894;0.225532;-0.0638298;-0.33617;-0.0297872;-0.285106;-1;0.0468085;0.012766;-0.114894;0.0212766;0.0723404;0.140271;0.375566;-0.366516;0.18552;+1;0;0;0;0

19;0.307692;-0.710638;-0.719149;-0.0212766;0.0553192;-0.114894;0.225532;-0.0638298;-0.33617;-0.0297872;-0.285106;-1;0.0468085;0.012766;-0.114894;0.0212766;0.140271;0.140271;0.375566;-0.366516;-1;0;0;0;0

19;-0.119658;0.310638;-0.710638;-0.719149;-0.0212766;0.0553192;-0.114894;0.225532;-0.0638298;-0.33617;-0.0297872;-0.285106;-1;0.0468085;0.012766;-0.114894;0.0859729;0.140271;0.140271;0.375566;-1;0;0;0;0

18.71;-0.367521;-0.114894;0.310638;-0.710638;-0.719149;-0.0212766;0.0553192;-0.114894;0.225532;-0.0638298;-0.33617;-0.0297872;-0.285106;-1;0.0468085;0.012766;-0.0588235;0.0859729;0.140271;0.140271;+1;0;0;0;0

18.9;0.0427351;-0.361702;-0.114894;0.310638;-0.710638;-0.719149;-0.0212766;0.0553192;-0.114894;0.225532;-0.0638298;-0.33617;-0.0297872;-0.285106;-1;0.0468085;0.0769231;-0.0588235;0.0859729;0.140271;+1;0;0;0;0

19.15;0.0940171;0.0468085;-0.361702;-0.114894;0.310638;-0.710638;-0.719149;-0.0212766;0.0553192;-0.114894;0.225532;-0.0638298;-0.33617;-0.0297872;-0.285106;-1;0.113122;0.0769231;-0.0588235;0.0859729;-1;0;0;0;0

18.6;-0.589744;0.0978724;0.0468085;-0.361702;-0.114894;0.310638;-0.710638;-0.719149;-0.0212766;0.0553192;-0.114894;0.225532;-0.0638298;-0.33617;-0.0297872;-0.285106;-1;0.113122;0.0769231;-0.0588235;+1;0;0;0;0

18.75;0.00854703;-0.582979;0.0978724;0.0468085;-0.361702;-0.114894;0.310638;-0.710638;-0.719149;-0.0212766;0.0553192;-0.114894;0.225532;-0.0638298;-0.33617;-0.0297872;-0.239819;-1;0.113122;0.0769231;+1;0;0;0;0

19.06;0.145299;0.012766;-0.582979;0.0978724;0.0468085;-0.361702;-0.114894;0.310638;-0.710638;-0.719149;-0.0212766;0.0553192;-0.114894;0.225532;-0.0638298;-0.33617;0.0316742;-0.239819;-1;0.113122;+1;0;0;0;0

19.4;0.17094;0.148936;0.012766;-0.582979;0.0978724;0.0468085;-0.361702;-0.114894;0.310638;-0.710638;-0.719149;-0.0212766;0.0553192;-0.114894;0.225532;-0.0638298;-0.294118;0.0316742;-0.239819;-1;-1;0;0;0;0

19;-0.461538;0.174468;0.148936;0.012766;-0.582979;0.0978724;0.0468085;-0.361702;-0.114894;0.310638;-0.710638;-0.719149;-0.0212766;0.0553192;-0.114894;0.225532;-0.00452489;-0.294118;0.0316742;-0.239819;+1;0;0;0;0

19.4;0.222222;-0.455319;0.174468;0.148936;0.012766;-0.582979;0.0978724;0.0468085;-0.361702;-0.114894;0.310638;-0.710638;-0.719149;-0.0212766;0.0553192;-0.114894;0.303167;-0.00452489;-0.294118;0.0316742;-1;0;0;0;0

18.95;-0.504273;0.225532;-0.455319;0.174468;0.148936;0.012766;-0.582979;0.0978724;0.0468085;-0.361702;-0.114894;0.310638;-0.710638;-0.719149;-0.0212766;0.0553192;-0.0588235;0.303167;-0.00452489;-0.294118;+1;0;0;0;0

19.5;0.350427;-0.497872;0.225532;-0.455319;0.174468;0.148936;0.012766;-0.582979;0.0978724;0.0468085;-0.361702;-0.114894;0.310638;-0.710638;-0.719149;-0.0212766;0.122172;-0.0588235;0.303167;-0.00452489;+1;0;0;0;0

19.66;0.017094;0.353192;-0.497872;0.225532;-0.455319;0.174468;0.148936;0.012766;-0.582979;0.0978724;0.0468085;-0.361702;-0.114894;0.310638;-0.710638;-0.719149;0.040724;0.122172;-0.0588235;0.303167;-1;0;0;0;0

19.24;-0.478632;0.0212766;0.353192;-0.497872;0.225532;-0.455319;0.174468;0.148936;0.012766;-0.582979;0.0978724;0.0468085;-0.361702;-0.114894;0.310638;-0.710638;-0.701357;0.040724;0.122172;-0.0588235;-1;0;0;0;0

18.49;-0.760684;-0.47234;0.0212766;0.353192;-0.497872;0.225532;-0.455319;0.174468;0.148936;0.012766;-0.582979;0.0978724;0.0468085;-0.361702;-0.114894;0.310638;-0.692308;-0.701357;0.040724;0.122172;+1;0;0;0;0

18.75;0.102564;-0.753192;-0.47234;0.0212766;0.353192;-0.497872;0.225532;-0.455319;0.174468;0.148936;0.012766;-0.582979;0.0978724;0.0468085;-0.361702;-0.114894;0.393665;-0.692308;-0.701357;0.040724;+1;0;0;0;0

19.21;0.273504;0.106383;-0.753192;-0.47234;0.0212766;0.353192;-0.497872;0.225532;-0.455319;0.174468;0.148936;0.012766;-0.582979;0.0978724;0.0468085;-0.361702;-0.0588235;0.393665;-0.692308;-0.701357;+1;0;0;0;0

19.41;0.0512821;0.276596;0.106383;-0.753192;-0.47234;0.0212766;0.353192;-0.497872;0.225532;-0.455319;0.174468;0.148936;0.012766;-0.582979;0.0978724;0.0468085;-0.321267;-0.0588235;0.393665;-0.692308;+1;0;0;0;0

19.5;-0.042735;0.0553192;0.276596;0.106383;-0.753192;-0.47234;0.0212766;0.353192;-0.497872;0.225532;-0.455319;0.174468;0.148936;0.012766;-0.582979;0.0978724;0.113122;-0.321267;-0.0588235;0.393665;-1;0;0;0;0

18.96;-0.581197;-0.0382979;0.0553192;0.276596;0.106383;-0.753192;-0.47234;0.0212766;0.353192;-0.497872;0.225532;-0.455319;0.174468;0.148936;0.012766;-0.582979;0.167421;0.113122;-0.321267;-0.0588235;-1;0;0;0;0

18.7;-0.34188;-0.574468;-0.0382979;0.0553192;0.276596;0.106383;-0.753192;-0.47234;0.0212766;0.353192;-0.497872;0.225532;-0.455319;0.174468;0.148936;0.012766;-0.556561;0.167421;0.113122;-0.321267;+1;0;0;0;0

19.5;0.564103;-0.33617;-0.574468;-0.0382979;0.0553192;0.276596;0.106383;-0.753192;-0.47234;0.0212766;0.353192;-0.497872;0.225532;-0.455319;0.174468;0.148936;0.0769231;-0.556561;0.167421;0.113122;-1;0;0;0;0

19.25;-0.333333;0.565957;-0.33617;-0.574468;-0.0382979;0.0553192;0.276596;0.106383;-0.753192;-0.47234;0.0212766;0.353192;-0.497872;0.225532;-0.455319;0.174468;0.221719;0.0769231;-0.556561;0.167421;-1;0;0;0;0

19.17;-0.188034;-0.32766;0.565957;-0.33617;-0.574468;-0.0382979;0.0553192;0.276596;0.106383;-0.753192;-0.47234;0.0212766;0.353192;-0.497872;0.225532;-0.455319;0.248869;0.221719;0.0769231;-0.556561;+1;0;0;0;0

19.5;0.162393;-0.182979;-0.32766;0.565957;-0.33617;-0.574468;-0.0382979;0.0553192;0.276596;0.106383;-0.753192;-0.47234;0.0212766;0.353192;-0.497872;0.225532;-0.420814;0.248869;0.221719;0.0769231;-1;0;0;0;0

19.3;-0.290598;0.165957;-0.182979;-0.32766;0.565957;-0.33617;-0.574468;-0.0382979;0.0553192;0.276596;0.106383;-0.753192;-0.47234;0.0212766;0.353192;-0.497872;0.303167;-0.420814;0.248869;0.221719;-1;0;0;0;0

19.3;-0.119658;-0.285106;0.165957;-0.182979;-0.32766;0.565957;-0.33617;-0.574468;-0.0382979;0.0553192;0.276596;0.106383;-0.753192;-0.47234;0.0212766;0.353192;-0.466063;0.303167;-0.420814;0.248869;+1;0;0;0;0

19.7;0.222222;-0.114894;-0.285106;0.165957;-0.182979;-0.32766;0.565957;-0.33617;-0.574468;-0.0382979;0.0553192;0.276596;0.106383;-0.753192;-0.47234;0.0212766;0.438914;-0.466063;0.303167;-0.420814;-1;0;0;0;0

19;-0.717949;0.225532;-0.114894;-0.285106;0.165957;-0.182979;-0.32766;0.565957;-0.33617;-0.574468;-0.0382979;0.0553192;0.276596;0.106383;-0.753192;-0.47234;0.0859729;0.438914;-0.466063;0.303167;+1;0;0;0;0

19.34;0.17094;-0.710638;0.225532;-0.114894;-0.285106;0.165957;-0.182979;-0.32766;0.565957;-0.33617;-0.574468;-0.0382979;0.0553192;0.276596;0.106383;-0.753192;-0.438914;0.0859729;0.438914;-0.466063;+1;0;0;0;0

19.63;0.128205;0.174468;-0.710638;0.225532;-0.114894;-0.285106;0.165957;-0.182979;-0.32766;0.565957;-0.33617;-0.574468;-0.0382979;0.0553192;0.276596;0.106383;-0.737557;-0.438914;0.0859729;0.438914;+1;0;0;0;0

19.8;0.025641;0.131915;0.174468;-0.710638;0.225532;-0.114894;-0.285106;0.165957;-0.182979;-0.32766;0.565957;-0.33617;-0.574468;-0.0382979;0.0553192;0.276596;0.176471;-0.737557;-0.438914;0.0859729;-1;0;0;0;0

19.8;-0.119658;0.0297872;0.131915;0.174468;-0.710638;0.225532;-0.114894;-0.285106;0.165957;-0.182979;-0.32766;0.565957;-0.33617;-0.574468;-0.0382979;0.0553192;0.357466;0.176471;-0.737557;-0.438914;+1;0;0;0;0

20.08;0.119658;-0.114894;0.0297872;0.131915;0.174468;-0.710638;0.225532;-0.114894;-0.285106;0.165957;-0.182979;-0.32766;0.565957;-0.33617;-0.574468;-0.0382979;0.122172;0.357466;0.176471;-0.737557;-1;0;0;0;0

19.71;-0.435897;0.123404;-0.114894;0.0297872;0.131915;0.174468;-0.710638;0.225532;-0.114894;-0.285106;0.165957;-0.182979;-0.32766;0.565957;-0.33617;-0.574468;0.0226244;0.122172;0.357466;0.176471;+1;0;0;0;0

19.88;0.025641;-0.429787;0.123404;-0.114894;0.0297872;0.131915;0.174468;-0.710638;0.225532;-0.114894;-0.285106;0.165957;-0.182979;-0.32766;0.565957;-0.33617;-0.547511;0.0226244;0.122172;0.357466;-1;0;0;0;0

19.69;-0.282051;0.0297872;-0.429787;0.123404;-0.114894;0.0297872;0.131915;0.174468;-0.710638;0.225532;-0.114894;-0.285106;0.165957;-0.182979;-0.32766;0.565957;-0.294118;-0.547511;0.0226244;0.122172;-1;0;0;0;0

19.59;-0.205128;-0.276596;0.0297872;-0.429787;0.123404;-0.114894;0.0297872;0.131915;0.174468;-0.710638;0.225532;-0.114894;-0.285106;0.165957;-0.182979;-0.32766;0.665158;-0.294118;-0.547511;0.0226244;+1;0;0;0;0

19.9;0.145299;-0.2;-0.276596;0.0297872;-0.429787;0.123404;-0.114894;0.0297872;0.131915;0.174468;-0.710638;0.225532;-0.114894;-0.285106;0.165957;-0.182979;-0.285068;0.665158;-0.294118;-0.547511;-1;0;0;0;0

19.79;-0.213675;0.148936;-0.2;-0.276596;0.0297872;-0.429787;0.123404;-0.114894;0.0297872;0.131915;0.174468;-0.710638;0.225532;-0.114894;-0.285106;0.165957;-0.131222;-0.285068;0.665158;-0.294118;-1;0;0;0;0

18.76;-1;-0.208511;0.148936;-0.2;-0.276596;0.0297872;-0.429787;0.123404;-0.114894;0.0297872;0.131915;0.174468;-0.710638;0.225532;-0.114894;-0.285106;0.239819;-0.131222;-0.285068;0.665158;-1;0;0;0;0

18.42;-0.410256;-0.991489;-0.208511;0.148936;-0.2;-0.276596;0.0297872;-0.429787;0.123404;-0.114894;0.0297872;0.131915;0.174468;-0.710638;0.225532;-0.114894;-0.239819;0.239819;-0.131222;-0.285068;-1;0;0;0;0

18.25;-0.264957;-0.404255;-0.991489;-0.208511;0.148936;-0.2;-0.276596;0.0297872;-0.429787;0.123404;-0.114894;0.0297872;0.131915;0.174468;-0.710638;0.225532;-0.0588235;-0.239819;0.239819;-0.131222;-1;0;0;0;0

18.2;-0.162393;-0.259574;-0.404255;-0.991489;-0.208511;0.148936;-0.2;-0.276596;0.0297872;-0.429787;0.123404;-0.114894;0.0297872;0.131915;0.174468;-0.710638;0.303167;-0.0588235;-0.239819;0.239819;+1;0;0;0;0

18.8;0.393162;-0.157447;-0.259574;-0.404255;-0.991489;-0.208511;0.148936;-0.2;-0.276596;0.0297872;-0.429787;0.123404;-0.114894;0.0297872;0.131915;0.174468;-0.692308;0.303167;-0.0588235;-0.239819;-1;0;0;0;0

18.61;-0.282051;0.395745;-0.157447;-0.259574;-0.404255;-0.991489;-0.208511;0.148936;-0.2;-0.276596;0.0297872;-0.429787;0.123404;-0.114894;0.0297872;0.131915;0.248869;-0.692308;0.303167;-0.0588235;-1;0;0;0;0

18.6;-0.128205;-0.276596;0.395745;-0.157447;-0.259574;-0.404255;-0.991489;-0.208511;0.148936;-0.2;-0.276596;0.0297872;-0.429787;0.123404;-0.114894;0.0297872;0.20362;0.248869;-0.692308;0.303167;+1;0;0;0;0

19.15;0.350427;-0.123404;-0.276596;0.395745;-0.157447;-0.259574;-0.404255;-0.991489;-0.208511;0.148936;-0.2;-0.276596;0.0297872;-0.429787;0.123404;-0.114894;0.0950226;0.20362;0.248869;-0.692308;+1;0;0;0;0

19.61;0.273504;0.353192;-0.123404;-0.276596;0.395745;-0.157447;-0.259574;-0.404255;-0.991489;-0.208511;0.148936;-0.2;-0.276596;0.0297872;-0.429787;0.123404;-0.0588235;0.0950226;0.20362;0.248869;-1;0;0;0;0

19.52;-0.196581;0.276596;0.353192;-0.123404;-0.276596;0.395745;-0.157447;-0.259574;-0.404255;-0.991489;-0.208511;0.148936;-0.2;-0.276596;0.0297872;-0.429787;0.19457;-0.0588235;0.0950226;0.20362;-1;0;0;0;0

19.3;-0.307692;-0.191489;0.276596;0.353192;-0.123404;-0.276596;0.395745;-0.157447;-0.259574;-0.404255;-0.991489;-0.208511;0.148936;-0.2;-0.276596;0.0297872;-0.393665;0.19457;-0.0588235;0.0950226;-1;0;0;0;0

18.85;-0.504273;-0.302128;-0.191489;0.276596;0.353192;-0.123404;-0.276596;0.395745;-0.157447;-0.259574;-0.404255;-0.991489;-0.208511;0.148936;-0.2;-0.276596;0.0950226;-0.393665;0.19457;-0.0588235;-1;0;0;0;0

18.4;-0.504273;-0.497872;-0.302128;-0.191489;0.276596;0.353192;-0.123404;-0.276596;0.395745;-0.157447;-0.259574;-0.404255;-0.991489;-0.208511;0.148936;-0.2;-0.230769;0.0950226;-0.393665;0.19457;+1;0;0;0;0

18.65;0.0940171;-0.497872;-0.497872;-0.302128;-0.191489;0.276596;0.353192;-0.123404;-0.276596;0.395745;-0.157447;-0.259574;-0.404255;-0.991489;-0.208511;0.148936;-0.149321;-0.230769;0.0950226;-0.393665;+1;0;0;0;0

18.74;-0.042735;0.0978724;-0.497872;-0.497872;-0.302128;-0.191489;0.276596;0.353192;-0.123404;-0.276596;0.395745;-0.157447;-0.259574;-0.404255;-0.991489;-0.208511;0.221719;-0.149321;-0.230769;0.0950226;-1;0;0;0;0

18.7;-0.153846;-0.0382979;0.0978724;-0.497872;-0.497872;-0.302128;-0.191489;0.276596;0.353192;-0.123404;-0.276596;0.395745;-0.157447;-0.259574;-0.404255;-0.991489;-0.158371;0.221719;-0.149321;-0.230769;-1;0;0;0;0

18.5;-0.290598;-0.148936;-0.0382979;0.0978724;-0.497872;-0.497872;-0.302128;-0.191489;0.276596;0.353192;-0.123404;-0.276596;0.395745;-0.157447;-0.259574;-0.404255;-0.99095;-0.158371;0.221719;-0.149321;-1;0;0;0;0

18.45;-0.162393;-0.285106;-0.148936;-0.0382979;0.0978724;-0.497872;-0.497872;-0.302128;-0.191489;0.276596;0.353192;-0.123404;-0.276596;0.395745;-0.157447;-0.259574;-0.366516;-0.99095;-0.158371;0.221719;-1;0;0;0;0

18.31;-0.239316;-0.157447;-0.285106;-0.148936;-0.0382979;0.0978724;-0.497872;-0.497872;-0.302128;-0.191489;0.276596;0.353192;-0.123404;-0.276596;0.395745;-0.157447;-0.21267;-0.366516;-0.99095;-0.158371;-1;0;0;0;0

18.3;-0.128205;-0.234043;-0.157447;-0.285106;-0.148936;-0.0382979;0.0978724;-0.497872;-0.497872;-0.302128;-0.191489;0.276596;0.353192;-0.123404;-0.276596;0.395745;-0.104072;-0.21267;-0.366516;-0.99095;+1;0;0;0;0

18.34;-0.0854701;-0.123404;-0.234043;-0.157447;-0.285106;-0.148936;-0.0382979;0.0978724;-0.497872;-0.497872;-0.302128;-0.191489;0.276596;0.353192;-0.123404;-0.276596;0.484163;-0.104072;-0.21267;-0.366516;-1;0;0;0;0

18.2;-0.239316;-0.0808511;-0.123404;-0.234043;-0.157447;-0.285106;-0.148936;-0.0382979;0.0978724;-0.497872;-0.497872;-0.302128;-0.191489;0.276596;0.353192;-0.123404;-0.230769;0.484163;-0.104072;-0.21267;+1;0;0;0;0

18.35;0.00854703;-0.234043;-0.0808511;-0.123404;-0.234043;-0.157447;-0.285106;-0.148936;-0.0382979;0.0978724;-0.497872;-0.497872;-0.302128;-0.191489;0.276596;0.353192;-0.0678733;-0.230769;0.484163;-0.104072;+1;0;0;0;0

18.95;0.393162;0.012766;-0.234043;-0.0808511;-0.123404;-0.234043;-0.157447;-0.285106;-0.148936;-0.0382979;0.0978724;-0.497872;-0.497872;-0.302128;-0.191489;0.276596;0.438914;-0.0678733;-0.230769;0.484163;+1;0;0;0;0

19.25;0.136752;0.395745;0.012766;-0.234043;-0.0808511;-0.123404;-0.234043;-0.157447;-0.285106;-0.148936;-0.0382979;0.0978724;-0.497872;-0.497872;-0.302128;-0.191489;0.357466;0.438914;-0.0678733;-0.230769;-1;0;0;0;0

19.05;-0.290598;0.140426;0.395745;0.012766;-0.234043;-0.0808511;-0.123404;-0.234043;-0.157447;-0.285106;-0.148936;-0.0382979;0.0978724;-0.497872;-0.497872;-0.302128;-0.140271;0.357466;0.438914;-0.0678733;+1;0;0;0;0

19.15;-0.034188;-0.285106;0.140426;0.395745;0.012766;-0.234043;-0.0808511;-0.123404;-0.234043;-0.157447;-0.285106;-0.148936;-0.0382979;0.0978724;-0.497872;-0.497872;-0.257919;-0.140271;0.357466;0.438914;-1;0;0;0;0

19.02;-0.230769;-0.0297872;-0.285106;0.140426;0.395745;0.012766;-0.234043;-0.0808511;-0.123404;-0.234043;-0.157447;-0.285106;-0.148936;-0.0382979;0.0978724;-0.497872;-0.466063;-0.257919;-0.140271;0.357466;+1;0;0;0;0

19.5;0.290598;-0.225532;-0.0297872;-0.285106;0.140426;0.395745;0.012766;-0.234043;-0.0808511;-0.123404;-0.234043;-0.157447;-0.285106;-0.148936;-0.0382979;0.0978724;-0.466063;-0.466063;-0.257919;-0.140271;-1;0;0;0;0

19.3;-0.290598;0.293617;-0.225532;-0.0297872;-0.285106;0.140426;0.395745;0.012766;-0.234043;-0.0808511;-0.123404;-0.234043;-0.157447;-0.285106;-0.148936;-0.0382979;0.167421;-0.466063;-0.466063;-0.257919;-1;0;0;0;0

19.05;-0.333333;-0.285106;0.293617;-0.225532;-0.0297872;-0.285106;0.140426;0.395745;0.012766;-0.234043;-0.0808511;-0.123404;-0.234043;-0.157447;-0.285106;-0.148936;0.0226244;0.167421;-0.466063;-0.466063;+1;0;0;0;0

19.1;-0.0769231;-0.32766;-0.285106;0.293617;-0.225532;-0.0297872;-0.285106;0.140426;0.395745;0.012766;-0.234043;-0.0808511;-0.123404;-0.234043;-0.157447;-0.285106;-0.0950226;0.0226244;0.167421;-0.466063;+1;0;0;0;0

19.44;0.17094;-0.0723404;-0.32766;-0.285106;0.293617;-0.225532;-0.0297872;-0.285106;0.140426;0.395745;0.012766;-0.234043;-0.0808511;-0.123404;-0.234043;-0.157447;-0.239819;-0.0950226;0.0226244;0.167421;-1;0;0;0;0

19.44;-0.119658;0.174468;-0.0723404;-0.32766;-0.285106;0.293617;-0.225532;-0.0297872;-0.285106;0.140426;0.395745;0.012766;-0.234043;-0.0808511;-0.123404;-0.234043;-0.104072;-0.239819;-0.0950226;0.0226244;+1;0;0;0;0

20.61;0.880342;-0.114894;0.174468;-0.0723404;-0.32766;-0.285106;0.293617;-0.225532;-0.0297872;-0.285106;0.140426;0.395745;0.012766;-0.234043;-0.0808511;-0.123404;-0.18552;-0.104072;-0.239819;-0.0950226;+1;0;0;0;0

20.99;0.205128;0.880851;-0.114894;0.174468;-0.0723404;-0.32766;-0.285106;0.293617;-0.225532;-0.0297872;-0.285106;0.140426;0.395745;0.012766;-0.234043;-0.0808511;-0.0678733;-0.18552;-0.104072;-0.239819;+1;0;0;0;0

21.2;0.0598291;0.208511;0.880851;-0.114894;0.174468;-0.0723404;-0.32766;-0.285106;0.293617;-0.225532;-0.0297872;-0.285106;0.140426;0.395745;0.012766;-0.234043;-0.0226244;-0.0678733;-0.18552;-0.104072;+1;0;0;0;0

21.85;0.435897;0.0638298;0.208511;0.880851;-0.114894;0.174468;-0.0723404;-0.32766;-0.285106;0.293617;-0.225532;-0.0297872;-0.285106;0.140426;0.395745;0.012766;-0.18552;-0.0226244;-0.0678733;-0.18552;-1;0;0;0;0

21.26;-0.623932;0.438298;0.0638298;0.208511;0.880851;-0.114894;0.174468;-0.0723404;-0.32766;-0.285106;0.293617;-0.225532;-0.0297872;-0.285106;0.140426;0.395745;0.0769231;-0.18552;-0.0226244;-0.0678733;-1;0;0;0;0

21.2;-0.17094;-0.617021;0.438298;0.0638298;0.208511;0.880851;-0.114894;0.174468;-0.0723404;-0.32766;-0.285106;0.293617;-0.225532;-0.0297872;-0.285106;0.140426;0.484163;0.0769231;-0.18552;-0.0226244;+1;0;0;0;0

22.51;1;-0.165957;-0.617021;0.438298;0.0638298;0.208511;0.880851;-0.114894;0.174468;-0.0723404;-0.32766;-0.285106;0.293617;-0.225532;-0.0297872;-0.285106;0.21267;0.484163;0.0769231;-0.18552;-1;0;0;0;0

22.45;-0.17094;1;-0.165957;-0.617021;0.438298;0.0638298;0.208511;0.880851;-0.114894;0.174468;-0.0723404;-0.32766;-0.285106;0.293617;-0.225532;-0.0297872;-0.239819;0.21267;0.484163;0.0769231;-1;0;0;0;0

22.17;-0.358974;-0.165957;1;-0.165957;-0.617021;0.438298;0.0638298;0.208511;0.880851;-0.114894;0.174468;-0.0723404;-0.32766;-0.285106;0.293617;-0.225532;0.0316742;-0.239819;0.21267;0.484163;+1;0;0;0;0

22.2;-0.0940171;-0.353191;-0.165957;1;-0.165957;-0.617021;0.438298;0.0638298;0.208511;0.880851;-0.114894;0.174468;-0.0723404;-0.32766;-0.285106;0.293617;-0.176471;0.0316742;-0.239819;0.21267;-1;0;0;0;0

22.05;-0.247863;-0.0893617;-0.353191;-0.165957;1;-0.165957;-0.617021;0.438298;0.0638298;0.208511;0.880851;-0.114894;0.174468;-0.0723404;-0.32766;-0.285106;0.375566;-0.176471;0.0316742;-0.239819;-1;0;0;0;0

21.9;-0.247863;-0.242553;-0.0893617;-0.353191;-0.165957;1;-0.165957;-0.617021;0.438298;0.0638298;0.208511;0.880851;-0.114894;0.174468;-0.0723404;-0.32766;-0.239819;0.375566;-0.176471;0.0316742;+1;0;0;0;0

21.99;-0.042735;-0.242553;-0.242553;-0.0893617;-0.353191;-0.165957;1;-0.165957;-0.617021;0.438298;0.0638298;0.208511;0.880851;-0.114894;0.174468;-0.0723404;-0.285068;-0.239819;0.375566;-0.176471;+1;0;0;0;0

22.05;-0.0683761;-0.0382979;-0.242553;-0.242553;-0.0893617;-0.353191;-0.165957;1;-0.165957;-0.617021;0.438298;0.0638298;0.208511;0.880851;-0.114894;0.174468;-0.0135747;-0.285068;-0.239819;0.375566;+1;0;0;0;0

22.41;0.188034;-0.0638298;-0.0382979;-0.242553;-0.242553;-0.0893617;-0.353191;-0.165957;1;-0.165957;-0.617021;0.438298;0.0638298;0.208511;0.880851;-0.114894;0.248869;-0.0135747;-0.285068;-0.239819;-1;0;0;0;0

22.05;-0.42735;0.191489;-0.0638298;-0.0382979;-0.242553;-0.242553;-0.0893617;-0.353191;-0.165957;1;-0.165957;-0.617021;0.438298;0.0638298;0.208511;0.880851;-0.0588235;0.248869;-0.0135747;-0.285068;-1;0;0;0;0

21.91;-0.239316;-0.421277;0.191489;-0.0638298;-0.0382979;-0.242553;-0.242553;-0.0893617;-0.353191;-0.165957;1;-0.165957;-0.617021;0.438298;0.0638298;0.208511;1;-0.0588235;0.248869;-0.0135747;+1;0;0;0;0

22.05;1.2736e-008;-0.234043;-0.421277;0.191489;-0.0638298;-0.0382979;-0.242553;-0.242553;-0.0893617;-0.353191;-0.165957;1;-0.165957;-0.617021;0.438298;0.0638298;0.285068;1;-0.0588235;0.248869;-1;0;0;0;0

22;-0.162393;0.00425533;-0.234043;-0.421277;0.191489;-0.0638298;-0.0382979;-0.242553;-0.242553;-0.0893617;-0.353191;-0.165957;1;-0.165957;-0.617021;0.438298;0.131222;0.285068;1;-0.0588235;-1;0;0;0;0

21.9;-0.205128;-0.157447;0.00425533;-0.234043;-0.421277;0.191489;-0.0638298;-0.0382979;-0.242553;-0.242553;-0.0893617;-0.353191;-0.165957;1;-0.165957;-0.617021;0.529412;0.131222;0.285068;1;-1;0;0;0;0

21.3;-0.632479;-0.2;-0.157447;0.00425533;-0.234043;-0.421277;0.191489;-0.0638298;-0.0382979;-0.242553;-0.242553;-0.0893617;-0.353191;-0.165957;1;-0.165957;-0.59276;0.529412;0.131222;0.285068;-1;0;0;0;0

21.3;-0.119658;-0.625532;-0.2;-0.157447;0.00425533;-0.234043;-0.421277;0.191489;-0.0638298;-0.0382979;-0.242553;-0.242553;-0.0893617;-0.353191;-0.165957;1;-0.113122;-0.59276;0.529412;0.131222;-1;0;0;0;0

