79.7;-0.220184;-0.449541;-0.415138;-0.0481651;-0.40367;-0.438073;0.330275;0.43578;0.110092;-0.254587;-0.316514;-0.311927;-0.605505;-0.692661;-0.461009;-0.243119;-0.0802752;-0.151376;0.0986238;-0.401376;-0.541284;-0.059633;-0.736239;-0.633028;-0.415138;-0.449541;-0.0366973;-0.816514;-0.380734;-0.15367;0.0229358;0.0665138;0.0894495;-0.0940367;0.123853;-0.759174;-0.78211;-0.896789;-0.873853;-0.357798;-0.412844;0.591743;0.399083;-0.931193;-0.793578;0.502294;-0.529817;-0.357798;1;0.0430107;-0.36129;-0.864516;0.311828;0.129032;-0.419355;-0.806452;-0.397849;-0.591398;-0.935484;-0.225806;+1;0;+1;-1;-1

80.1;-0.151376;-0.220184;-0.449541;-0.415138;-0.0481651;-0.40367;-0.438073;0.330275;0.43578;0.110092;-0.254587;-0.316514;-0.311927;-0.605505;-0.692661;-0.461009;-0.243119;-0.0802752;-0.151376;0.0986238;-0.401376;-0.541284;-0.059633;-0.736239;-0.633028;-0.415138;-0.449541;-0.0366973;-0.816514;-0.380734;-0.15367;0.0229358;0.0665138;0.0894495;-0.0940367;0.123853;-0.759174;-0.78211;-0.896789;-0.873853;-0.357798;-0.412844;0.591743;0.399083;-0.931193;-0.793578;0.502294;-0.529817;-0.397849;1;0.0430107;-0.36129;-0.864516;0.311828;0.129032;-0.419355;-0.806452;-0.397849;-0.591398;-0.935484;+1;0;+1;-1;-1

80.5;-0.151376;-0.151376;-0.220184;-0.449541;-0.415138;-0.0481651;-0.40367;-0.438073;0.330275;0.43578;0.110092;-0.254587;-0.316514;-0.311927;-0.605505;-0.692661;-0.461009;-0.243119;-0.0802752;-0.151376;0.0986238;-0.401376;-0.541284;-0.059633;-0.736239;-0.633028;-0.415138;-0.449541;-0.0366973;-0.816514;-0.380734;-0.15367;0.0229358;0.0665138;0.0894495;-0.0940367;0.123853;-0.759174;-0.78211;-0.896789;-0.873853;-0.357798;-0.412844;0.591743;0.399083;-0.931193;-0.793578;0.502294;-0.55914;-0.397849;1;0.0430107;-0.36129;-0.864516;0.311828;0.129032;-0.419355;-0.806452;-0.397849;-0.591398;+1;0;+1;-1;-1

81.05;-0.116972;-0.151376;-0.151376;-0.220184;-0.449541;-0.415138;-0.0481651;-0.40367;-0.438073;0.330275;0.43578;0.110092;-0.254587;-0.316514;-0.311927;-0.605505;-0.692661;-0.461009;-0.243119;-0.0802752;-0.151376;0.0986238;-0.401376;-0.541284;-0.059633;-0.736239;-0.633028;-0.415138;-0.449541;-0.0366973;-0.816514;-0.380734;-0.15367;0.0229358;0.0665138;0.0894495;-0.0940367;0.123853;-0.759174;-0.78211;-0.896789;-0.873853;-0.357798;-0.412844;0.591743;0.399083;-0.931193;-0.793578;0.408602;-0.55914;-0.397849;1;0.0430107;-0.36129;-0.864516;0.311828;0.129032;-0.419355;-0.806452;-0.397849;+1;0;+1;-1;-1

82.06;-0.0114679;-0.116972;-0.151376;-0.151376;-0.220184;-0.449541;-0.415138;-0.0481651;-0.40367;-0.438073;0.330275;0.43578;0.110092;-0.254587;-0.316514;-0.311927;-0.605505;-0.692661;-0.461009;-0.243119;-0.0802752;-0.151376;0.0986238;-0.401376;-0.541284;-0.059633;-0.736239;-0.633028;-0.415138;-0.449541;-0.0366973;-0.816514;-0.380734;-0.15367;0.0229358;0.0665138;0.0894495;-0.0940367;0.123853;-0.759174;-0.78211;-0.896789;-0.873853;-0.357798;-0.412844;0.591743;0.399083;-0.931193;-0.806452;0.408602;-0.55914;-0.397849;1;0.0430107;-0.36129;-0.864516;0.311828;0.129032;-0.419355;-0.806452;-1;0;-1;-1;-1

81.59;-0.350917;-0.0114679;-0.116972;-0.151376;-0.151376;-0.220184;-0.449541;-0.415138;-0.0481651;-0.40367;-0.438073;0.330275;0.43578;0.110092;-0.254587;-0.316514;-0.311927;-0.605505;-0.692661;-0.461009;-0.243119;-0.0802752;-0.151376;0.0986238;-0.401376;-0.541284;-0.059633;-0.736239;-0.633028;-0.415138;-0.449541;-0.0366973;-0.816514;-0.380734;-0.15367;0.0229358;0.0665138;0.0894495;-0.0940367;0.123853;-0.759174;-0.78211;-0.896789;-0.873853;-0.357798;-0.412844;0.591743;0.399083;-0.935484;-0.806452;0.408602;-0.55914;-0.397849;1;0.0430107;-0.36129;-0.864516;0.311828;0.129032;-0.419355;-1;0;-1;-1;-1

81;-0.37844;-0.350917;-0.0114679;-0.116972;-0.151376;-0.151376;-0.220184;-0.449541;-0.415138;-0.0481651;-0.40367;-0.438073;0.330275;0.43578;0.110092;-0.254587;-0.316514;-0.311927;-0.605505;-0.692661;-0.461009;-0.243119;-0.0802752;-0.151376;0.0986238;-0.401376;-0.541284;-0.059633;-0.736239;-0.633028;-0.415138;-0.449541;-0.0366973;-0.816514;-0.380734;-0.15367;0.0229358;0.0665138;0.0894495;-0.0940367;0.123853;-0.759174;-0.78211;-0.896789;-0.873853;-0.357798;-0.412844;0.591743;0.311828;-0.935484;-0.806452;0.408602;-0.55914;-0.397849;1;0.0430107;-0.36129;-0.864516;0.311828;0.129032;-1;0;-1;-1;-1

80.2;-0.426606;-0.37844;-0.350917;-0.0114679;-0.116972;-0.151376;-0.151376;-0.220184;-0.449541;-0.415138;-0.0481651;-0.40367;-0.438073;0.330275;0.43578;0.110092;-0.254587;-0.316514;-0.311927;-0.605505;-0.692661;-0.461009;-0.243119;-0.0802752;-0.151376;0.0986238;-0.401376;-0.541284;-0.059633;-0.736239;-0.633028;-0.415138;-0.449541;-0.0366973;-0.816514;-0.380734;-0.15367;0.0229358;0.0665138;0.0894495;-0.0940367;0.123853;-0.759174;-0.78211;-0.896789;-0.873853;-0.357798;-0.412844;0.492473;0.311828;-0.935484;-0.806452;0.408602;-0.55914;-0.397849;1;0.0430107;-0.36129;-0.864516;0.311828;-1;0;-1;-1;-1

79.39;-0.428899;-0.426606;-0.37844;-0.350917;-0.0114679;-0.116972;-0.151376;-0.151376;-0.220184;-0.449541;-0.415138;-0.0481651;-0.40367;-0.438073;0.330275;0.43578;0.110092;-0.254587;-0.316514;-0.311927;-0.605505;-0.692661;-0.461009;-0.243119;-0.0802752;-0.151376;0.0986238;-0.401376;-0.541284;-0.059633;-0.736239;-0.633028;-0.415138;-0.449541;-0.0366973;-0.816514;-0.380734;-0.15367;0.0229358;0.0665138;0.0894495;-0.0940367;0.123853;-0.759174;-0.78211;-0.896789;-0.873853;-0.357798;-0.449462;0.492473;0.311828;-0.935484;-0.806452;0.408602;-0.55914;-0.397849;1;0.0430107;-0.36129;-0.864516;-1;0;-1;-1;-1

77.5;-0.676606;-0.428899;-0.426606;-0.37844;-0.350917;-0.0114679;-0.116972;-0.151376;-0.151376;-0.220184;-0.449541;-0.415138;-0.0481651;-0.40367;-0.438073;0.330275;0.43578;0.110092;-0.254587;-0.316514;-0.311927;-0.605505;-0.692661;-0.461009;-0.243119;-0.0802752;-0.151376;0.0986238;-0.401376;-0.541284;-0.059633;-0.736239;-0.633028;-0.415138;-0.449541;-0.0366973;-0.816514;-0.380734;-0.15367;0.0229358;0.0665138;0.0894495;-0.0940367;0.123853;-0.759174;-0.78211;-0.896789;-0.873853;-0.397849;-0.449462;0.492473;0.311828;-0.935484;-0.806452;0.408602;-0.55914;-0.397849;1;0.0430107;-0.36129;-1;0;-1;-1;-1

77.2;-0.311927;-0.676606;-0.428899;-0.426606;-0.37844;-0.350917;-0.0114679;-0.116972;-0.151376;-0.151376;-0.220184;-0.449541;-0.415138;-0.0481651;-0.40367;-0.438073;0.330275;0.43578;0.110092;-0.254587;-0.316514;-0.311927;-0.605505;-0.692661;-0.461009;-0.243119;-0.0802752;-0.151376;0.0986238;-0.401376;-0.541284;-0.059633;-0.736239;-0.633028;-0.415138;-0.449541;-0.0366973;-0.816514;-0.380734;-0.15367;0.0229358;0.0665138;0.0894495;-0.0940367;0.123853;-0.759174;-0.78211;-0.896789;-0.88172;-0.397849;-0.449462;0.492473;0.311828;-0.935484;-0.806452;0.408602;-0.55914;-0.397849;1;0.0430107;-1;0;-1;-1;-1

76.99;-0.291284;-0.311927;-0.676606;-0.428899;-0.426606;-0.37844;-0.350917;-0.0114679;-0.116972;-0.151376;-0.151376;-0.220184;-0.449541;-0.415138;-0.0481651;-0.40367;-0.438073;0.330275;0.43578;0.110092;-0.254587;-0.316514;-0.311927;-0.605505;-0.692661;-0.461009;-0.243119;-0.0802752;-0.151376;0.0986238;-0.401376;-0.541284;-0.059633;-0.736239;-0.633028;-0.415138;-0.449541;-0.0366973;-0.816514;-0.380734;-0.15367;0.0229358;0.0665138;0.0894495;-0.0940367;0.123853;-0.759174;-0.78211;-0.903226;-0.88172;-0.397849;-0.449462;0.492473;0.311828;-0.935484;-0.806452;0.408602;-0.55914;-0.397849;1;-1;0;-1;-1;-1

75.2;-0.65367;-0.291284;-0.311927;-0.676606;-0.428899;-0.426606;-0.37844;-0.350917;-0.0114679;-0.116972;-0.151376;-0.151376;-0.220184;-0.449541;-0.415138;-0.0481651;-0.40367;-0.438073;0.330275;0.43578;0.110092;-0.254587;-0.316514;-0.311927;-0.605505;-0.692661;-0.461009;-0.243119;-0.0802752;-0.151376;0.0986238;-0.401376;-0.541284;-0.059633;-0.736239;-0.633028;-0.415138;-0.449541;-0.0366973;-0.816514;-0.380734;-0.15367;0.0229358;0.0665138;0.0894495;-0.0940367;0.123853;-0.759174;-0.795699;-0.903226;-0.88172;-0.397849;-0.449462;0.492473;0.311828;-0.935484;-0.806452;0.408602;-0.55914;-0.397849;-1;0;-1;-1;-1

75;-0.288991;-0.65367;-0.291284;-0.311927;-0.676606;-0.428899;-0.426606;-0.37844;-0.350917;-0.0114679;-0.116972;-0.151376;-0.151376;-0.220184;-0.449541;-0.415138;-0.0481651;-0.40367;-0.438073;0.330275;0.43578;0.110092;-0.254587;-0.316514;-0.311927;-0.605505;-0.692661;-0.461009;-0.243119;-0.0802752;-0.151376;0.0986238;-0.401376;-0.541284;-0.059633;-0.736239;-0.633028;-0.415138;-0.449541;-0.0366973;-0.816514;-0.380734;-0.15367;0.0229358;0.0665138;0.0894495;-0.0940367;0.123853;-0.774194;-0.795699;-0.903226;-0.88172;-0.397849;-0.449462;0.492473;0.311828;-0.935484;-0.806452;0.408602;-0.55914;-1;0;-1;-1;-1

74;-0.472477;-0.288991;-0.65367;-0.291284;-0.311927;-0.676606;-0.428899;-0.426606;-0.37844;-0.350917;-0.0114679;-0.116972;-0.151376;-0.151376;-0.220184;-0.449541;-0.415138;-0.0481651;-0.40367;-0.438073;0.330275;0.43578;0.110092;-0.254587;-0.316514;-0.311927;-0.605505;-0.692661;-0.461009;-0.243119;-0.0802752;-0.151376;0.0986238;-0.401376;-0.541284;-0.059633;-0.736239;-0.633028;-0.415138;-0.449541;-0.0366973;-0.816514;-0.380734;-0.15367;0.0229358;0.0665138;0.0894495;-0.0940367;0.0537634;-0.774194;-0.795699;-0.903226;-0.88172;-0.397849;-0.449462;0.492473;0.311828;-0.935484;-0.806452;0.408602;-1;0;-1;-1;-1

73.8;-0.288991;-0.472477;-0.288991;-0.65367;-0.291284;-0.311927;-0.676606;-0.428899;-0.426606;-0.37844;-0.350917;-0.0114679;-0.116972;-0.151376;-0.151376;-0.220184;-0.449541;-0.415138;-0.0481651;-0.40367;-0.438073;0.330275;0.43578;0.110092;-0.254587;-0.316514;-0.311927;-0.605505;-0.692661;-0.461009;-0.243119;-0.0802752;-0.151376;0.0986238;-0.401376;-0.541284;-0.059633;-0.736239;-0.633028;-0.415138;-0.449541;-0.0366973;-0.816514;-0.380734;-0.15367;0.0229358;0.0665138;0.0894495;-0.150538;0.0537634;-0.774194;-0.795699;-0.903226;-0.88172;-0.397849;-0.449462;0.492473;0.311828;-0.935484;-0.806452;-1;0;-1;-1;-1

72.19;-0.612385;-0.288991;-0.472477;-0.288991;-0.65367;-0.291284;-0.311927;-0.676606;-0.428899;-0.426606;-0.37844;-0.350917;-0.0114679;-0.116972;-0.151376;-0.151376;-0.220184;-0.449541;-0.415138;-0.0481651;-0.40367;-0.438073;0.330275;0.43578;0.110092;-0.254587;-0.316514;-0.311927;-0.605505;-0.692661;-0.461009;-0.243119;-0.0802752;-0.151376;0.0986238;-0.401376;-0.541284;-0.059633;-0.736239;-0.633028;-0.415138;-0.449541;-0.0366973;-0.816514;-0.380734;-0.15367;0.0229358;0.0665138;0.0215054;-0.150538;0.0537634;-0.774194;-0.795699;-0.903226;-0.88172;-0.397849;-0.449462;0.492473;0.311828;-0.935484;+1;0;-1;-1;-1

74.5;0.286697;-0.612385;-0.288991;-0.472477;-0.288991;-0.65367;-0.291284;-0.311927;-0.676606;-0.428899;-0.426606;-0.37844;-0.350917;-0.0114679;-0.116972;-0.151376;-0.151376;-0.220184;-0.449541;-0.415138;-0.0481651;-0.40367;-0.438073;0.330275;0.43578;0.110092;-0.254587;-0.316514;-0.311927;-0.605505;-0.692661;-0.461009;-0.243119;-0.0802752;-0.151376;0.0986238;-0.401376;-0.541284;-0.059633;-0.736239;-0.633028;-0.415138;-0.449541;-0.0366973;-0.816514;-0.380734;-0.15367;0.0229358;0;0.0215054;-0.150538;0.0537634;-0.774194;-0.795699;-0.903226;-0.88172;-0.397849;-0.449462;0.492473;0.311828;+1;0;-1;-1;-1

74.53;-0.236239;0.286697;-0.612385;-0.288991;-0.472477;-0.288991;-0.65367;-0.291284;-0.311927;-0.676606;-0.428899;-0.426606;-0.37844;-0.350917;-0.0114679;-0.116972;-0.151376;-0.151376;-0.220184;-0.449541;-0.415138;-0.0481651;-0.40367;-0.438073;0.330275;0.43578;0.110092;-0.254587;-0.316514;-0.311927;-0.605505;-0.692661;-0.461009;-0.243119;-0.0802752;-0.151376;0.0986238;-0.401376;-0.541284;-0.059633;-0.736239;-0.633028;-0.415138;-0.449541;-0.0366973;-0.816514;-0.380734;-0.15367;-0.0408602;0;0.0215054;-0.150538;0.0537634;-0.774194;-0.795699;-0.903226;-0.88172;-0.397849;-0.449462;0.492473;-1;0;-1;-1;-1

74.5;-0.25;-0.236239;0.286697;-0.612385;-0.288991;-0.472477;-0.288991;-0.65367;-0.291284;-0.311927;-0.676606;-0.428899;-0.426606;-0.37844;-0.350917;-0.0114679;-0.116972;-0.151376;-0.151376;-0.220184;-0.449541;-0.415138;-0.0481651;-0.40367;-0.438073;0.330275;0.43578;0.110092;-0.254587;-0.316514;-0.311927;-0.605505;-0.692661;-0.461009;-0.243119;-0.0802752;-0.151376;0.0986238;-0.401376;-0.541284;-0.059633;-0.736239;-0.633028;-0.415138;-0.449541;-0.0366973;-0.816514;-0.380734;-0.206452;-0.0408602;0;0.0215054;-0.150538;0.0537634;-0.774194;-0.795699;-0.903226;-0.88172;-0.397849;-0.449462;-1;0;-1;-1;-1

71.32;-0.972477;-0.25;-0.236239;0.286697;-0.612385;-0.288991;-0.472477;-0.288991;-0.65367;-0.291284;-0.311927;-0.676606;-0.428899;-0.426606;-0.37844;-0.350917;-0.0114679;-0.116972;-0.151376;-0.151376;-0.220184;-0.449541;-0.415138;-0.0481651;-0.40367;-0.438073;0.330275;0.43578;0.110092;-0.254587;-0.316514;-0.311927;-0.605505;-0.692661;-0.461009;-0.243119;-0.0802752;-0.151376;0.0986238;-0.401376;-0.541284;-0.059633;-0.736239;-0.633028;-0.415138;-0.449541;-0.0366973;-0.816514;-0.419355;-0.206452;-0.0408602;0;0.0215054;-0.150538;0.0537634;-0.774194;-0.795699;-0.903226;-0.88172;-0.397849;-1;0;-1;-1;-1

70;-0.545872;-0.972477;-0.25;-0.236239;0.286697;-0.612385;-0.288991;-0.472477;-0.288991;-0.65367;-0.291284;-0.311927;-0.676606;-0.428899;-0.426606;-0.37844;-0.350917;-0.0114679;-0.116972;-0.151376;-0.151376;-0.220184;-0.449541;-0.415138;-0.0481651;-0.40367;-0.438073;0.330275;0.43578;0.110092;-0.254587;-0.316514;-0.311927;-0.605505;-0.692661;-0.461009;-0.243119;-0.0802752;-0.151376;0.0986238;-0.401376;-0.541284;-0.059633;-0.736239;-0.633028;-0.415138;-0.449541;-0.0366973;-0.827957;-0.419355;-0.206452;-0.0408602;0;0.0215054;-0.150538;0.0537634;-0.774194;-0.795699;-0.903226;-0.88172;+1;0;+1;-1;-1

72.5;0.330275;-0.545872;-0.972477;-0.25;-0.236239;0.286697;-0.612385;-0.288991;-0.472477;-0.288991;-0.65367;-0.291284;-0.311927;-0.676606;-0.428899;-0.426606;-0.37844;-0.350917;-0.0114679;-0.116972;-0.151376;-0.151376;-0.220184;-0.449541;-0.415138;-0.0481651;-0.40367;-0.438073;0.330275;0.43578;0.110092;-0.254587;-0.316514;-0.311927;-0.605505;-0.692661;-0.461009;-0.243119;-0.0802752;-0.151376;0.0986238;-0.401376;-0.541284;-0.059633;-0.736239;-0.633028;-0.415138;-0.449541;-0.0967742;-0.827957;-0.419355;-0.206452;-0.0408602;0;0.0215054;-0.150538;0.0537634;-0.774194;-0.795699;-0.903226;-1;0;-1;-1;-1

72.1;-0.334862;0.330275;-0.545872;-0.972477;-0.25;-0.236239;0.286697;-0.612385;-0.288991;-0.472477;-0.288991;-0.65367;-0.291284;-0.311927;-0.676606;-0.428899;-0.426606;-0.37844;-0.350917;-0.0114679;-0.116972;-0.151376;-0.151376;-0.220184;-0.449541;-0.415138;-0.0481651;-0.40367;-0.438073;0.330275;0.43578;0.110092;-0.254587;-0.316514;-0.311927;-0.605505;-0.692661;-0.461009;-0.243119;-0.0802752;-0.151376;0.0986238;-0.401376;-0.541284;-0.059633;-0.736239;-0.633028;-0.415138;-0.483871;-0.0967742;-0.827957;-0.419355;-0.206452;-0.0408602;0;0.0215054;-0.150538;0.0537634;-0.774194;-0.795699;-1;0;-1;-1;-1

70.2;-0.678899;-0.334862;0.330275;-0.545872;-0.972477;-0.25;-0.236239;0.286697;-0.612385;-0.288991;-0.472477;-0.288991;-0.65367;-0.291284;-0.311927;-0.676606;-0.428899;-0.426606;-0.37844;-0.350917;-0.0114679;-0.116972;-0.151376;-0.151376;-0.220184;-0.449541;-0.415138;-0.0481651;-0.40367;-0.438073;0.330275;0.43578;0.110092;-0.254587;-0.316514;-0.311927;-0.605505;-0.692661;-0.461009;-0.243119;-0.0802752;-0.151376;0.0986238;-0.401376;-0.541284;-0.059633;-0.736239;-0.633028;-0.451613;-0.483871;-0.0967742;-0.827957;-0.419355;-0.206452;-0.0408602;0;0.0215054;-0.150538;0.0537634;-0.774194;-1;0;-1;-1;-1

68.09;-0.727064;-0.678899;-0.334862;0.330275;-0.545872;-0.972477;-0.25;-0.236239;0.286697;-0.612385;-0.288991;-0.472477;-0.288991;-0.65367;-0.291284;-0.311927;-0.676606;-0.428899;-0.426606;-0.37844;-0.350917;-0.0114679;-0.116972;-0.151376;-0.151376;-0.220184;-0.449541;-0.415138;-0.0481651;-0.40367;-0.438073;0.330275;0.43578;0.110092;-0.254587;-0.316514;-0.311927;-0.605505;-0.692661;-0.461009;-0.243119;-0.0802752;-0.151376;0.0986238;-0.401376;-0.541284;-0.059633;-0.736239;-0.655914;-0.451613;-0.483871;-0.0967742;-0.827957;-0.419355;-0.206452;-0.0408602;0;0.0215054;-0.150538;0.0537634;-1;0;-1;-1;-1

65.01;-0.949541;-0.727064;-0.678899;-0.334862;0.330275;-0.545872;-0.972477;-0.25;-0.236239;0.286697;-0.612385;-0.288991;-0.472477;-0.288991;-0.65367;-0.291284;-0.311927;-0.676606;-0.428899;-0.426606;-0.37844;-0.350917;-0.0114679;-0.116972;-0.151376;-0.151376;-0.220184;-0.449541;-0.415138;-0.0481651;-0.40367;-0.438073;0.330275;0.43578;0.110092;-0.254587;-0.316514;-0.311927;-0.605505;-0.692661;-0.461009;-0.243119;-0.0802752;-0.151376;0.0986238;-0.401376;-0.541284;-0.059633;-0.752688;-0.655914;-0.451613;-0.483871;-0.0967742;-0.827957;-0.419355;-0.206452;-0.0408602;0;0.0215054;-0.150538;-1;0;+1;-1;-1

63.9;-0.497706;-0.949541;-0.727064;-0.678899;-0.334862;0.330275;-0.545872;-0.972477;-0.25;-0.236239;0.286697;-0.612385;-0.288991;-0.472477;-0.288991;-0.65367;-0.291284;-0.311927;-0.676606;-0.428899;-0.426606;-0.37844;-0.350917;-0.0114679;-0.116972;-0.151376;-0.151376;-0.220184;-0.449541;-0.415138;-0.0481651;-0.40367;-0.438073;0.330275;0.43578;0.110092;-0.254587;-0.316514;-0.311927;-0.605505;-0.692661;-0.461009;-0.243119;-0.0802752;-0.151376;0.0986238;-0.401376;-0.541284;-0.11828;-0.752688;-0.655914;-0.451613;-0.483871;-0.0967742;-0.827957;-0.419355;-0.206452;-0.0408602;0;0.0215054;-1;0;-1;-1;-1

63.9;-0.243119;-0.497706;-0.949541;-0.727064;-0.678899;-0.334862;0.330275;-0.545872;-0.972477;-0.25;-0.236239;0.286697;-0.612385;-0.288991;-0.472477;-0.288991;-0.65367;-0.291284;-0.311927;-0.676606;-0.428899;-0.426606;-0.37844;-0.350917;-0.0114679;-0.116972;-0.151376;-0.151376;-0.220184;-0.449541;-0.415138;-0.0481651;-0.40367;-0.438073;0.330275;0.43578;0.110092;-0.254587;-0.316514;-0.311927;-0.605505;-0.692661;-0.461009;-0.243119;-0.0802752;-0.151376;0.0986238;-0.401376;-0.569892;-0.11828;-0.752688;-0.655914;-0.451613;-0.483871;-0.0967742;-0.827957;-0.419355;-0.206452;-0.0408602;0;-1;0;-1;-1;-1

60.6;-1;-0.243119;-0.497706;-0.949541;-0.727064;-0.678899;-0.334862;0.330275;-0.545872;-0.972477;-0.25;-0.236239;0.286697;-0.612385;-0.288991;-0.472477;-0.288991;-0.65367;-0.291284;-0.311927;-0.676606;-0.428899;-0.426606;-0.37844;-0.350917;-0.0114679;-0.116972;-0.151376;-0.151376;-0.220184;-0.449541;-0.415138;-0.0481651;-0.40367;-0.438073;0.330275;0.43578;0.110092;-0.254587;-0.316514;-0.311927;-0.605505;-0.692661;-0.461009;-0.243119;-0.0802752;-0.151376;0.0986238;-0.43871;-0.569892;-0.11828;-0.752688;-0.655914;-0.451613;-0.483871;-0.0967742;-0.827957;-0.419355;-0.206452;-0.0408602;-1;0;-1;-1;-1

57.6;-0.931193;-1;-0.243119;-0.497706;-0.949541;-0.727064;-0.678899;-0.334862;0.330275;-0.545872;-0.972477;-0.25;-0.236239;0.286697;-0.612385;-0.288991;-0.472477;-0.288991;-0.65367;-0.291284;-0.311927;-0.676606;-0.428899;-0.426606;-0.37844;-0.350917;-0.0114679;-0.116972;-0.151376;-0.151376;-0.220184;-0.449541;-0.415138;-0.0481651;-0.40367;-0.438073;0.330275;0.43578;0.110092;-0.254587;-0.316514;-0.311927;-0.605505;-0.692661;-0.461009;-0.243119;-0.0802752;-0.151376;0.0301075;-0.43871;-0.569892;-0.11828;-0.752688;-0.655914;-0.451613;-0.483871;-0.0967742;-0.827957;-0.419355;-0.206452;+1;0;+1;-1;-1

59;0.0779816;-0.931193;-1;-0.243119;-0.497706;-0.949541;-0.727064;-0.678899;-0.334862;0.330275;-0.545872;-0.972477;-0.25;-0.236239;0.286697;-0.612385;-0.288991;-0.472477;-0.288991;-0.65367;-0.291284;-0.311927;-0.676606;-0.428899;-0.426606;-0.37844;-0.350917;-0.0114679;-0.116972;-0.151376;-0.151376;-0.220184;-0.449541;-0.415138;-0.0481651;-0.40367;-0.438073;0.330275;0.43578;0.110092;-0.254587;-0.316514;-0.311927;-0.605505;-0.692661;-0.461009;-0.243119;-0.0802752;-0.204301;0.0301075;-0.43871;-0.569892;-0.11828;-0.752688;-0.655914;-0.451613;-0.483871;-0.0967742;-0.827957;-0.419355;+1;0;+1;-1;-1

62.06;0.458716;0.0779816;-0.931193;-1;-0.243119;-0.497706;-0.949541;-0.727064;-0.678899;-0.334862;0.330275;-0.545872;-0.972477;-0.25;-0.236239;0.286697;-0.612385;-0.288991;-0.472477;-0.288991;-0.65367;-0.291284;-0.311927;-0.676606;-0.428899;-0.426606;-0.37844;-0.350917;-0.0114679;-0.116972;-0.151376;-0.151376;-0.220184;-0.449541;-0.415138;-0.0481651;-0.40367;-0.438073;0.330275;0.43578;0.110092;-0.254587;-0.316514;-0.311927;-0.605505;-0.692661;-0.461009;-0.243119;-0.137634;-0.204301;0.0301075;-0.43871;-0.569892;-0.11828;-0.752688;-0.655914;-0.451613;-0.483871;-0.0967742;-0.827957;-1;0;+1;-1;-1

61.5;-0.37156;0.458716;0.0779816;-0.931193;-1;-0.243119;-0.497706;-0.949541;-0.727064;-0.678899;-0.334862;0.330275;-0.545872;-0.972477;-0.25;-0.236239;0.286697;-0.612385;-0.288991;-0.472477;-0.288991;-0.65367;-0.291284;-0.311927;-0.676606;-0.428899;-0.426606;-0.37844;-0.350917;-0.0114679;-0.116972;-0.151376;-0.151376;-0.220184;-0.449541;-0.415138;-0.0481651;-0.40367;-0.438073;0.330275;0.43578;0.110092;-0.254587;-0.316514;-0.311927;-0.605505;-0.692661;-0.461009;-0.290323;-0.137634;-0.204301;0.0301075;-0.43871;-0.569892;-0.11828;-0.752688;-0.655914;-0.451613;-0.483871;-0.0967742;+1;0;+1;-1;-1

62.05;-0.116972;-0.37156;0.458716;0.0779816;-0.931193;-1;-0.243119;-0.497706;-0.949541;-0.727064;-0.678899;-0.334862;0.330275;-0.545872;-0.972477;-0.25;-0.236239;0.286697;-0.612385;-0.288991;-0.472477;-0.288991;-0.65367;-0.291284;-0.311927;-0.676606;-0.428899;-0.426606;-0.37844;-0.350917;-0.0114679;-0.116972;-0.151376;-0.151376;-0.220184;-0.449541;-0.415138;-0.0481651;-0.40367;-0.438073;0.330275;0.43578;0.110092;-0.254587;-0.316514;-0.311927;-0.605505;-0.692661;-0.494624;-0.290323;-0.137634;-0.204301;0.0301075;-0.43871;-0.569892;-0.11828;-0.752688;-0.655914;-0.451613;-0.483871;+1;0;+1;-1;-1

63.9;0.181193;-0.116972;-0.37156;0.458716;0.0779816;-0.931193;-1;-0.243119;-0.497706;-0.949541;-0.727064;-0.678899;-0.334862;0.330275;-0.545872;-0.972477;-0.25;-0.236239;0.286697;-0.612385;-0.288991;-0.472477;-0.288991;-0.65367;-0.291284;-0.311927;-0.676606;-0.428899;-0.426606;-0.37844;-0.350917;-0.0114679;-0.116972;-0.151376;-0.151376;-0.220184;-0.449541;-0.415138;-0.0481651;-0.40367;-0.438073;0.330275;0.43578;0.110092;-0.254587;-0.316514;-0.311927;-0.605505;-0.711828;-0.494624;-0.290323;-0.137634;-0.204301;0.0301075;-0.43871;-0.569892;-0.11828;-0.752688;-0.655914;-0.451613;-1;0;+1;-1;-1

62.94;-0.463303;0.181193;-0.116972;-0.37156;0.458716;0.0779816;-0.931193;-1;-0.243119;-0.497706;-0.949541;-0.727064;-0.678899;-0.334862;0.330275;-0.545872;-0.972477;-0.25;-0.236239;0.286697;-0.612385;-0.288991;-0.472477;-0.288991;-0.65367;-0.291284;-0.311927;-0.676606;-0.428899;-0.426606;-0.37844;-0.350917;-0.0114679;-0.116972;-0.151376;-0.151376;-0.220184;-0.449541;-0.415138;-0.0481651;-0.40367;-0.438073;0.330275;0.43578;0.110092;-0.254587;-0.316514;-0.311927;-0.630108;-0.711828;-0.494624;-0.290323;-0.137634;-0.204301;0.0301075;-0.43871;-0.569892;-0.11828;-0.752688;-0.655914;+1;0;+1;-1;-1

63;-0.229358;-0.463303;0.181193;-0.116972;-0.37156;0.458716;0.0779816;-0.931193;-1;-0.243119;-0.497706;-0.949541;-0.727064;-0.678899;-0.334862;0.330275;-0.545872;-0.972477;-0.25;-0.236239;0.286697;-0.612385;-0.288991;-0.472477;-0.288991;-0.65367;-0.291284;-0.311927;-0.676606;-0.428899;-0.426606;-0.37844;-0.350917;-0.0114679;-0.116972;-0.151376;-0.151376;-0.220184;-0.449541;-0.415138;-0.0481651;-0.40367;-0.438073;0.330275;0.43578;0.110092;-0.254587;-0.316514;-0.354839;-0.630108;-0.711828;-0.494624;-0.290323;-0.137634;-0.204301;0.0301075;-0.43871;-0.569892;-0.11828;-0.752688;+1;0;+1;-1;-1

63.1;-0.220184;-0.229358;-0.463303;0.181193;-0.116972;-0.37156;0.458716;0.0779816;-0.931193;-1;-0.243119;-0.497706;-0.949541;-0.727064;-0.678899;-0.334862;0.330275;-0.545872;-0.972477;-0.25;-0.236239;0.286697;-0.612385;-0.288991;-0.472477;-0.288991;-0.65367;-0.291284;-0.311927;-0.676606;-0.428899;-0.426606;-0.37844;-0.350917;-0.0114679;-0.116972;-0.151376;-0.151376;-0.220184;-0.449541;-0.415138;-0.0481651;-0.40367;-0.438073;0.330275;0.43578;0.110092;-0.254587;-0.35914;-0.354839;-0.630108;-0.711828;-0.494624;-0.290323;-0.137634;-0.204301;0.0301075;-0.43871;-0.569892;-0.11828;-1;0;-1;-1;-1

62;-0.495413;-0.220184;-0.229358;-0.463303;0.181193;-0.116972;-0.37156;0.458716;0.0779816;-0.931193;-1;-0.243119;-0.497706;-0.949541;-0.727064;-0.678899;-0.334862;0.330275;-0.545872;-0.972477;-0.25;-0.236239;0.286697;-0.612385;-0.288991;-0.472477;-0.288991;-0.65367;-0.291284;-0.311927;-0.676606;-0.428899;-0.426606;-0.37844;-0.350917;-0.0114679;-0.116972;-0.151376;-0.151376;-0.220184;-0.449541;-0.415138;-0.0481651;-0.40367;-0.438073;0.330275;0.43578;0.110092;-0.301075;-0.35914;-0.354839;-0.630108;-0.711828;-0.494624;-0.290323;-0.137634;-0.204301;0.0301075;-0.43871;-0.569892;-1;0;-1;-1;-1

61.59;-0.337156;-0.495413;-0.220184;-0.229358;-0.463303;0.181193;-0.116972;-0.37156;0.458716;0.0779816;-0.931193;-1;-0.243119;-0.497706;-0.949541;-0.727064;-0.678899;-0.334862;0.330275;-0.545872;-0.972477;-0.25;-0.236239;0.286697;-0.612385;-0.288991;-0.472477;-0.288991;-0.65367;-0.291284;-0.311927;-0.676606;-0.428899;-0.426606;-0.37844;-0.350917;-0.0114679;-0.116972;-0.151376;-0.151376;-0.220184;-0.449541;-0.415138;-0.0481651;-0.40367;-0.438073;0.330275;0.43578;0.0408602;-0.301075;-0.35914;-0.354839;-0.630108;-0.711828;-0.494624;-0.290323;-0.137634;-0.204301;0.0301075;-0.43871;+1;0;+1;-1;-1

67.01;1;-0.337156;-0.495413;-0.220184;-0.229358;-0.463303;0.181193;-0.116972;-0.37156;0.458716;0.0779816;-0.931193;-1;-0.243119;-0.497706;-0.949541;-0.727064;-0.678899;-0.334862;0.330275;-0.545872;-0.972477;-0.25;-0.236239;0.286697;-0.612385;-0.288991;-0.472477;-0.288991;-0.65367;-0.291284;-0.311927;-0.676606;-0.428899;-0.426606;-0.37844;-0.350917;-0.0114679;-0.116972;-0.151376;-0.151376;-0.220184;-0.449541;-0.415138;-0.0481651;-0.40367;-0.438073;0.330275;0.346237;0.0408602;-0.301075;-0.35914;-0.354839;-0.630108;-0.711828;-0.494624;-0.290323;-0.137634;-0.204301;0.0301075;+1;0;+1;-1;-1

67.7;-0.0848624;1;-0.337156;-0.495413;-0.220184;-0.229358;-0.463303;0.181193;-0.116972;-0.37156;0.458716;0.0779816;-0.931193;-1;-0.243119;-0.497706;-0.949541;-0.727064;-0.678899;-0.334862;0.330275;-0.545872;-0.972477;-0.25;-0.236239;0.286697;-0.612385;-0.288991;-0.472477;-0.288991;-0.65367;-0.291284;-0.311927;-0.676606;-0.428899;-0.426606;-0.37844;-0.350917;-0.0114679;-0.116972;-0.151376;-0.151376;-0.220184;-0.449541;-0.415138;-0.0481651;-0.40367;-0.438073;0.247312;0.346237;0.0408602;-0.301075;-0.35914;-0.354839;-0.630108;-0.711828;-0.494624;-0.290323;-0.137634;-0.204301;+1;0;+1;-1;-1

70.36;0.366972;-0.0848624;1;-0.337156;-0.495413;-0.220184;-0.229358;-0.463303;0.181193;-0.116972;-0.37156;0.458716;0.0779816;-0.931193;-1;-0.243119;-0.497706;-0.949541;-0.727064;-0.678899;-0.334862;0.330275;-0.545872;-0.972477;-0.25;-0.236239;0.286697;-0.612385;-0.288991;-0.472477;-0.288991;-0.65367;-0.291284;-0.311927;-0.676606;-0.428899;-0.426606;-0.37844;-0.350917;-0.0114679;-0.116972;-0.151376;-0.151376;-0.220184;-0.449541;-0.415138;-0.0481651;-0.40367;-0.473118;0.247312;0.346237;0.0408602;-0.301075;-0.35914;-0.354839;-0.630108;-0.711828;-0.494624;-0.290323;-0.137634;+1;0;+1;-1;-1

70.5;-0.211009;0.366972;-0.0848624;1;-0.337156;-0.495413;-0.220184;-0.229358;-0.463303;0.181193;-0.116972;-0.37156;0.458716;0.0779816;-0.931193;-1;-0.243119;-0.497706;-0.949541;-0.727064;-0.678899;-0.334862;0.330275;-0.545872;-0.972477;-0.25;-0.236239;0.286697;-0.612385;-0.288991;-0.472477;-0.288991;-0.65367;-0.291284;-0.311927;-0.676606;-0.428899;-0.426606;-0.37844;-0.350917;-0.0114679;-0.116972;-0.151376;-0.151376;-0.220184;-0.449541;-0.415138;-0.0481651;-0.44086;-0.473118;0.247312;0.346237;0.0408602;-0.301075;-0.35914;-0.354839;-0.630108;-0.711828;-0.494624;-0.290323;-1;0;+1;-1;-1

69;-0.587156;-0.211009;0.366972;-0.0848624;1;-0.337156;-0.495413;-0.220184;-0.229358;-0.463303;0.181193;-0.116972;-0.37156;0.458716;0.0779816;-0.931193;-1;-0.243119;-0.497706;-0.949541;-0.727064;-0.678899;-0.334862;0.330275;-0.545872;-0.972477;-0.25;-0.236239;0.286697;-0.612385;-0.288991;-0.472477;-0.288991;-0.65367;-0.291284;-0.311927;-0.676606;-0.428899;-0.426606;-0.37844;-0.350917;-0.0114679;-0.116972;-0.151376;-0.151376;-0.220184;-0.449541;-0.415138;-0.107527;-0.44086;-0.473118;0.247312;0.346237;0.0408602;-0.301075;-0.35914;-0.354839;-0.630108;-0.711828;-0.494624;+1;0;+1;-1;-1

69.2;-0.197248;-0.587156;-0.211009;0.366972;-0.0848624;1;-0.337156;-0.495413;-0.220184;-0.229358;-0.463303;0.181193;-0.116972;-0.37156;0.458716;0.0779816;-0.931193;-1;-0.243119;-0.497706;-0.949541;-0.727064;-0.678899;-0.334862;0.330275;-0.545872;-0.972477;-0.25;-0.236239;0.286697;-0.612385;-0.288991;-0.472477;-0.288991;-0.65367;-0.291284;-0.311927;-0.676606;-0.428899;-0.426606;-0.37844;-0.350917;-0.0114679;-0.116972;-0.151376;-0.151376;-0.220184;-0.449541;-0.451613;-0.107527;-0.44086;-0.473118;0.247312;0.346237;0.0408602;-0.301075;-0.35914;-0.354839;-0.630108;-0.711828;-1;0;-1;-1;-1

68.4;-0.426606;-0.197248;-0.587156;-0.211009;0.366972;-0.0848624;1;-0.337156;-0.495413;-0.220184;-0.229358;-0.463303;0.181193;-0.116972;-0.37156;0.458716;0.0779816;-0.931193;-1;-0.243119;-0.497706;-0.949541;-0.727064;-0.678899;-0.334862;0.330275;-0.545872;-0.972477;-0.25;-0.236239;0.286697;-0.612385;-0.288991;-0.472477;-0.288991;-0.65367;-0.291284;-0.311927;-0.676606;-0.428899;-0.426606;-0.37844;-0.350917;-0.0114679;-0.116972;-0.151376;-0.151376;-0.220184;-0.483871;-0.451613;-0.107527;-0.44086;-0.473118;0.247312;0.346237;0.0408602;-0.301075;-0.35914;-0.354839;-0.630108;-1;0;-1;-1;-1

67.9;-0.357798;-0.426606;-0.197248;-0.587156;-0.211009;0.366972;-0.0848624;1;-0.337156;-0.495413;-0.220184;-0.229358;-0.463303;0.181193;-0.116972;-0.37156;0.458716;0.0779816;-0.931193;-1;-0.243119;-0.497706;-0.949541;-0.727064;-0.678899;-0.334862;0.330275;-0.545872;-0.972477;-0.25;-0.236239;0.286697;-0.612385;-0.288991;-0.472477;-0.288991;-0.65367;-0.291284;-0.311927;-0.676606;-0.428899;-0.426606;-0.37844;-0.350917;-0.0114679;-0.116972;-0.151376;-0.151376;-0.268817;-0.483871;-0.451613;-0.107527;-0.44086;-0.473118;0.247312;0.346237;0.0408602;-0.301075;-0.35914;-0.354839;+1;0;+1;-1;-1

68.41;-0.126147;-0.357798;-0.426606;-0.197248;-0.587156;-0.211009;0.366972;-0.0848624;1;-0.337156;-0.495413;-0.220184;-0.229358;-0.463303;0.181193;-0.116972;-0.37156;0.458716;0.0779816;-0.931193;-1;-0.243119;-0.497706;-0.949541;-0.727064;-0.678899;-0.334862;0.330275;-0.545872;-0.972477;-0.25;-0.236239;0.286697;-0.612385;-0.288991;-0.472477;-0.288991;-0.65367;-0.291284;-0.311927;-0.676606;-0.428899;-0.426606;-0.37844;-0.350917;-0.0114679;-0.116972;-0.151376;-0.204301;-0.268817;-0.483871;-0.451613;-0.107527;-0.44086;-0.473118;0.247312;0.346237;0.0408602;-0.301075;-0.35914;-1;0;+1;-1;-1

67.06;-0.552752;-0.126147;-0.357798;-0.426606;-0.197248;-0.587156;-0.211009;0.366972;-0.0848624;1;-0.337156;-0.495413;-0.220184;-0.229358;-0.463303;0.181193;-0.116972;-0.37156;0.458716;0.0779816;-0.931193;-1;-0.243119;-0.497706;-0.949541;-0.727064;-0.678899;-0.334862;0.330275;-0.545872;-0.972477;-0.25;-0.236239;0.286697;-0.612385;-0.288991;-0.472477;-0.288991;-0.65367;-0.291284;-0.311927;-0.676606;-0.428899;-0.426606;-0.37844;-0.350917;-0.0114679;-0.116972;-0.204301;-0.204301;-0.268817;-0.483871;-0.451613;-0.107527;-0.44086;-0.473118;0.247312;0.346237;0.0408602;-0.301075;-1;0;-1;-1;-1

64.7;-0.784404;-0.552752;-0.126147;-0.357798;-0.426606;-0.197248;-0.587156;-0.211009;0.366972;-0.0848624;1;-0.337156;-0.495413;-0.220184;-0.229358;-0.463303;0.181193;-0.116972;-0.37156;0.458716;0.0779816;-0.931193;-1;-0.243119;-0.497706;-0.949541;-0.727064;-0.678899;-0.334862;0.330275;-0.545872;-0.972477;-0.25;-0.236239;0.286697;-0.612385;-0.288991;-0.472477;-0.288991;-0.65367;-0.291284;-0.311927;-0.676606;-0.428899;-0.426606;-0.37844;-0.350917;-0.0114679;-0.172043;-0.204301;-0.204301;-0.268817;-0.483871;-0.451613;-0.107527;-0.44086;-0.473118;0.247312;0.346237;0.0408602;-1;0;-1;-1;-1

64;-0.40367;-0.784404;-0.552752;-0.126147;-0.357798;-0.426606;-0.197248;-0.587156;-0.211009;0.366972;-0.0848624;1;-0.337156;-0.495413;-0.220184;-0.229358;-0.463303;0.181193;-0.116972;-0.37156;0.458716;0.0779816;-0.931193;-1;-0.243119;-0.497706;-0.949541;-0.727064;-0.678899;-0.334862;0.330275;-0.545872;-0.972477;-0.25;-0.236239;0.286697;-0.612385;-0.288991;-0.472477;-0.288991;-0.65367;-0.291284;-0.311927;-0.676606;-0.428899;-0.426606;-0.37844;-0.350917;-0.0731183;-0.172043;-0.204301;-0.204301;-0.268817;-0.483871;-0.451613;-0.107527;-0.44086;-0.473118;0.247312;0.346237;-1;0;-1;-1;-1

62.95;-0.483945;-0.40367;-0.784404;-0.552752;-0.126147;-0.357798;-0.426606;-0.197248;-0.587156;-0.211009;0.366972;-0.0848624;1;-0.337156;-0.495413;-0.220184;-0.229358;-0.463303;0.181193;-0.116972;-0.37156;0.458716;0.0779816;-0.931193;-1;-0.243119;-0.497706;-0.949541;-0.727064;-0.678899;-0.334862;0.330275;-0.545872;-0.972477;-0.25;-0.236239;0.286697;-0.612385;-0.288991;-0.472477;-0.288991;-0.65367;-0.291284;-0.311927;-0.676606;-0.428899;-0.426606;-0.37844;-0.391398;-0.0731183;-0.172043;-0.204301;-0.204301;-0.268817;-0.483871;-0.451613;-0.107527;-0.44086;-0.473118;0.247312;-1;0;-1;-1;-1

62.41;-0.366973;-0.483945;-0.40367;-0.784404;-0.552752;-0.126147;-0.357798;-0.426606;-0.197248;-0.587156;-0.211009;0.366972;-0.0848624;1;-0.337156;-0.495413;-0.220184;-0.229358;-0.463303;0.181193;-0.116972;-0.37156;0.458716;0.0779816;-0.931193;-1;-0.243119;-0.497706;-0.949541;-0.727064;-0.678899;-0.334862;0.330275;-0.545872;-0.972477;-0.25;-0.236239;0.286697;-0.612385;-0.288991;-0.472477;-0.288991;-0.65367;-0.291284;-0.311927;-0.676606;-0.428899;-0.426606;-0.417204;-0.391398;-0.0731183;-0.172043;-0.204301;-0.204301;-0.268817;-0.483871;-0.451613;-0.107527;-0.44086;-0.473118;+1;0;+1;-1;-1

67.75;0.981651;-0.366973;-0.483945;-0.40367;-0.784404;-0.552752;-0.126147;-0.357798;-0.426606;-0.197248;-0.587156;-0.211009;0.366972;-0.0848624;1;-0.337156;-0.495413;-0.220184;-0.229358;-0.463303;0.181193;-0.116972;-0.37156;0.458716;0.0779816;-0.931193;-1;-0.243119;-0.497706;-0.949541;-0.727064;-0.678899;-0.334862;0.330275;-0.545872;-0.972477;-0.25;-0.236239;0.286697;-0.612385;-0.288991;-0.472477;-0.288991;-0.65367;-0.291284;-0.311927;-0.676606;-0.428899;-0.462366;-0.417204;-0.391398;-0.0731183;-0.172043;-0.204301;-0.204301;-0.268817;-0.483871;-0.451613;-0.107527;-0.44086;-1;0;-1;-1;-1

66.7;-0.483945;0.981651;-0.366973;-0.483945;-0.40367;-0.784404;-0.552752;-0.126147;-0.357798;-0.426606;-0.197248;-0.587156;-0.211009;0.366972;-0.0848624;1;-0.337156;-0.495413;-0.220184;-0.229358;-0.463303;0.181193;-0.116972;-0.37156;0.458716;0.0779816;-0.931193;-1;-0.243119;-0.497706;-0.949541;-0.727064;-0.678899;-0.334862;0.330275;-0.545872;-0.972477;-0.25;-0.236239;0.286697;-0.612385;-0.288991;-0.472477;-0.288991;-0.65367;-0.291284;-0.311927;-0.676606;-0.464516;-0.462366;-0.417204;-0.391398;-0.0731183;-0.172043;-0.204301;-0.204301;-0.268817;-0.483871;-0.451613;-0.107527;+1;0;+1;-1;-1

67.1;-0.151376;-0.483945;0.981651;-0.366973;-0.483945;-0.40367;-0.784404;-0.552752;-0.126147;-0.357798;-0.426606;-0.197248;-0.587156;-0.211009;0.366972;-0.0848624;1;-0.337156;-0.495413;-0.220184;-0.229358;-0.463303;0.181193;-0.116972;-0.37156;0.458716;0.0779816;-0.931193;-1;-0.243119;-0.497706;-0.949541;-0.727064;-0.678899;-0.334862;0.330275;-0.545872;-0.972477;-0.25;-0.236239;0.286697;-0.612385;-0.288991;-0.472477;-0.288991;-0.65367;-0.291284;-0.311927;-0.696774;-0.464516;-0.462366;-0.417204;-0.391398;-0.0731183;-0.172043;-0.204301;-0.204301;-0.268817;-0.483871;-0.451613;+1;0;+1;-1;-1

69.5;0.307339;-0.151376;-0.483945;0.981651;-0.366973;-0.483945;-0.40367;-0.784404;-0.552752;-0.126147;-0.357798;-0.426606;-0.197248;-0.587156;-0.211009;0.366972;-0.0848624;1;-0.337156;-0.495413;-0.220184;-0.229358;-0.463303;0.181193;-0.116972;-0.37156;0.458716;0.0779816;-0.931193;-1;-0.243119;-0.497706;-0.949541;-0.727064;-0.678899;-0.334862;0.330275;-0.545872;-0.972477;-0.25;-0.236239;0.286697;-0.612385;-0.288991;-0.472477;-0.288991;-0.65367;-0.291284;-0.354839;-0.696774;-0.464516;-0.462366;-0.417204;-0.391398;-0.0731183;-0.172043;-0.204301;-0.204301;-0.268817;-0.483871;+1;0;+1;-1;-1

70.59;0.00688073;0.307339;-0.151376;-0.483945;0.981651;-0.366973;-0.483945;-0.40367;-0.784404;-0.552752;-0.126147;-0.357798;-0.426606;-0.197248;-0.587156;-0.211009;0.366972;-0.0848624;1;-0.337156;-0.495413;-0.220184;-0.229358;-0.463303;0.181193;-0.116972;-0.37156;0.458716;0.0779816;-0.931193;-1;-0.243119;-0.497706;-0.949541;-0.727064;-0.678899;-0.334862;0.330275;-0.545872;-0.972477;-0.25;-0.236239;0.286697;-0.612385;-0.288991;-0.472477;-0.288991;-0.65367;-0.335484;-0.354839;-0.696774;-0.464516;-0.462366;-0.417204;-0.391398;-0.0731183;-0.172043;-0.204301;-0.204301;-0.268817;+1;0;+1;-1;-1

70.9;-0.172018;0.00688073;0.307339;-0.151376;-0.483945;0.981651;-0.366973;-0.483945;-0.40367;-0.784404;-0.552752;-0.126147;-0.357798;-0.426606;-0.197248;-0.587156;-0.211009;0.366972;-0.0848624;1;-0.337156;-0.495413;-0.220184;-0.229358;-0.463303;0.181193;-0.116972;-0.37156;0.458716;0.0779816;-0.931193;-1;-0.243119;-0.497706;-0.949541;-0.727064;-0.678899;-0.334862;0.330275;-0.545872;-0.972477;-0.25;-0.236239;0.286697;-0.612385;-0.288991;-0.472477;-0.288991;-0.675269;-0.335484;-0.354839;-0.696774;-0.464516;-0.462366;-0.417204;-0.391398;-0.0731183;-0.172043;-0.204301;-0.204301;-1;0;-1;-1;-1

70.8;-0.266055;-0.172018;0.00688073;0.307339;-0.151376;-0.483945;0.981651;-0.366973;-0.483945;-0.40367;-0.784404;-0.552752;-0.126147;-0.357798;-0.426606;-0.197248;-0.587156;-0.211009;0.366972;-0.0848624;1;-0.337156;-0.495413;-0.220184;-0.229358;-0.463303;0.181193;-0.116972;-0.37156;0.458716;0.0779816;-0.931193;-1;-0.243119;-0.497706;-0.949541;-0.727064;-0.678899;-0.334862;0.330275;-0.545872;-0.972477;-0.25;-0.236239;0.286697;-0.612385;-0.288991;-0.472477;-0.333333;-0.675269;-0.335484;-0.354839;-0.696774;-0.464516;-0.462366;-0.417204;-0.391398;-0.0731183;-0.172043;-0.204301;+1;0;+1;-1;-1

72.88;0.233945;-0.266055;-0.172018;0.00688073;0.307339;-0.151376;-0.483945;0.981651;-0.366973;-0.483945;-0.40367;-0.784404;-0.552752;-0.126147;-0.357798;-0.426606;-0.197248;-0.587156;-0.211009;0.366972;-0.0848624;1;-0.337156;-0.495413;-0.220184;-0.229358;-0.463303;0.181193;-0.116972;-0.37156;0.458716;0.0779816;-0.931193;-1;-0.243119;-0.497706;-0.949541;-0.727064;-0.678899;-0.334862;0.330275;-0.545872;-0.972477;-0.25;-0.236239;0.286697;-0.612385;-0.288991;-0.505376;-0.333333;-0.675269;-0.335484;-0.354839;-0.696774;-0.464516;-0.462366;-0.417204;-0.391398;-0.0731183;-0.172043;-1;0;-1;-1;-1

72.8;-0.261468;0.233945;-0.266055;-0.172018;0.00688073;0.307339;-0.151376;-0.483945;0.981651;-0.366973;-0.483945;-0.40367;-0.784404;-0.552752;-0.126147;-0.357798;-0.426606;-0.197248;-0.587156;-0.211009;0.366972;-0.0848624;1;-0.337156;-0.495413;-0.220184;-0.229358;-0.463303;0.181193;-0.116972;-0.37156;0.458716;0.0779816;-0.931193;-1;-0.243119;-0.497706;-0.949541;-0.727064;-0.678899;-0.334862;0.330275;-0.545872;-0.972477;-0.25;-0.236239;0.286697;-0.612385;-0.333333;-0.505376;-0.333333;-0.675269;-0.335484;-0.354839;-0.696774;-0.464516;-0.462366;-0.417204;-0.391398;-0.0731183;-1;0;+1;-1;-1

72;-0.426606;-0.261468;0.233945;-0.266055;-0.172018;0.00688073;0.307339;-0.151376;-0.483945;0.981651;-0.366973;-0.483945;-0.40367;-0.784404;-0.552752;-0.126147;-0.357798;-0.426606;-0.197248;-0.587156;-0.211009;0.366972;-0.0848624;1;-0.337156;-0.495413;-0.220184;-0.229358;-0.463303;0.181193;-0.116972;-0.37156;0.458716;0.0779816;-0.931193;-1;-0.243119;-0.497706;-0.949541;-0.727064;-0.678899;-0.334862;0.330275;-0.545872;-0.972477;-0.25;-0.236239;0.286697;-0.636559;-0.333333;-0.505376;-0.333333;-0.675269;-0.335484;-0.354839;-0.696774;-0.464516;-0.462366;-0.417204;-0.391398;+1;0;+1;-1;-1

72.5;-0.12844;-0.426606;-0.261468;0.233945;-0.266055;-0.172018;0.00688073;0.307339;-0.151376;-0.483945;0.981651;-0.366973;-0.483945;-0.40367;-0.784404;-0.552752;-0.126147;-0.357798;-0.426606;-0.197248;-0.587156;-0.211009;0.366972;-0.0848624;1;-0.337156;-0.495413;-0.220184;-0.229358;-0.463303;0.181193;-0.116972;-0.37156;0.458716;0.0779816;-0.931193;-1;-0.243119;-0.497706;-0.949541;-0.727064;-0.678899;-0.334862;0.330275;-0.545872;-0.972477;-0.25;-0.236239;0.206452;-0.636559;-0.333333;-0.505376;-0.333333;-0.675269;-0.335484;-0.354839;-0.696774;-0.464516;-0.462366;-0.417204;-1;0;-1;-1;-1

72.2;-0.311927;-0.12844;-0.426606;-0.261468;0.233945;-0.266055;-0.172018;0.00688073;0.307339;-0.151376;-0.483945;0.981651;-0.366973;-0.483945;-0.40367;-0.784404;-0.552752;-0.126147;-0.357798;-0.426606;-0.197248;-0.587156;-0.211009;0.366972;-0.0848624;1;-0.337156;-0.495413;-0.220184;-0.229358;-0.463303;0.181193;-0.116972;-0.37156;0.458716;0.0779816;-0.931193;-1;-0.243119;-0.497706;-0.949541;-0.727064;-0.678899;-0.334862;0.330275;-0.545872;-0.972477;-0.25;-0.283871;0.206452;-0.636559;-0.333333;-0.505376;-0.333333;-0.675269;-0.335484;-0.354839;-0.696774;-0.464516;-0.462366;+1;0;+1;-1;-1

73.95;0.158257;-0.311927;-0.12844;-0.426606;-0.261468;0.233945;-0.266055;-0.172018;0.00688073;0.307339;-0.151376;-0.483945;0.981651;-0.366973;-0.483945;-0.40367;-0.784404;-0.552752;-0.126147;-0.357798;-0.426606;-0.197248;-0.587156;-0.211009;0.366972;-0.0848624;1;-0.337156;-0.495413;-0.220184;-0.229358;-0.463303;0.181193;-0.116972;-0.37156;0.458716;0.0779816;-0.931193;-1;-0.243119;-0.497706;-0.949541;-0.727064;-0.678899;-0.334862;0.330275;-0.545872;-0.972477;-0.296774;-0.283871;0.206452;-0.636559;-0.333333;-0.505376;-0.333333;-0.675269;-0.335484;-0.354839;-0.696774;-0.464516;-1;0;-1;-1;-1

72.2;-0.644495;0.158257;-0.311927;-0.12844;-0.426606;-0.261468;0.233945;-0.266055;-0.172018;0.00688073;0.307339;-0.151376;-0.483945;0.981651;-0.366973;-0.483945;-0.40367;-0.784404;-0.552752;-0.126147;-0.357798;-0.426606;-0.197248;-0.587156;-0.211009;0.366972;-0.0848624;1;-0.337156;-0.495413;-0.220184;-0.229358;-0.463303;0.181193;-0.116972;-0.37156;0.458716;0.0779816;-0.931193;-1;-0.243119;-0.497706;-0.949541;-0.727064;-0.678899;-0.334862;0.330275;-0.545872;-0.974194;-0.296774;-0.283871;0.206452;-0.636559;-0.333333;-0.505376;-0.333333;-0.675269;-0.335484;-0.354839;-0.696774;-1;0;+1;-1;-1

71.69;-0.360092;-0.644495;0.158257;-0.311927;-0.12844;-0.426606;-0.261468;0.233945;-0.266055;-0.172018;0.00688073;0.307339;-0.151376;-0.483945;0.981651;-0.366973;-0.483945;-0.40367;-0.784404;-0.552752;-0.126147;-0.357798;-0.426606;-0.197248;-0.587156;-0.211009;0.366972;-0.0848624;1;-0.337156;-0.495413;-0.220184;-0.229358;-0.463303;0.181193;-0.116972;-0.37156;0.458716;0.0779816;-0.931193;-1;-0.243119;-0.497706;-0.949541;-0.727064;-0.678899;-0.334862;0.330275;-0.574194;-0.974194;-0.296774;-0.283871;0.206452;-0.636559;-0.333333;-0.505376;-0.333333;-0.675269;-0.335484;-0.354839;-1;0;-1;-1;-1

69.9;-0.65367;-0.360092;-0.644495;0.158257;-0.311927;-0.12844;-0.426606;-0.261468;0.233945;-0.266055;-0.172018;0.00688073;0.307339;-0.151376;-0.483945;0.981651;-0.366973;-0.483945;-0.40367;-0.784404;-0.552752;-0.126147;-0.357798;-0.426606;-0.197248;-0.587156;-0.211009;0.366972;-0.0848624;1;-0.337156;-0.495413;-0.220184;-0.229358;-0.463303;0.181193;-0.116972;-0.37156;0.458716;0.0779816;-0.931193;-1;-0.243119;-0.497706;-0.949541;-0.727064;-0.678899;-0.334862;0.247312;-0.574194;-0.974194;-0.296774;-0.283871;0.206452;-0.636559;-0.333333;-0.505376;-0.333333;-0.675269;-0.335484;+1;0;+1;-1;-1

70.55;-0.0940367;-0.65367;-0.360092;-0.644495;0.158257;-0.311927;-0.12844;-0.426606;-0.261468;0.233945;-0.266055;-0.172018;0.00688073;0.307339;-0.151376;-0.483945;0.981651;-0.366973;-0.483945;-0.40367;-0.784404;-0.552752;-0.126147;-0.357798;-0.426606;-0.197248;-0.587156;-0.211009;0.366972;-0.0848624;1;-0.337156;-0.495413;-0.220184;-0.229358;-0.463303;0.181193;-0.116972;-0.37156;0.458716;0.0779816;-0.931193;-1;-0.243119;-0.497706;-0.949541;-0.727064;-0.678899;-0.376344;0.247312;-0.574194;-0.974194;-0.296774;-0.283871;0.206452;-0.636559;-0.333333;-0.505376;-0.333333;-0.675269;-1;0;-1;-1;-1

70;-0.369266;-0.0940367;-0.65367;-0.360092;-0.644495;0.158257;-0.311927;-0.12844;-0.426606;-0.261468;0.233945;-0.266055;-0.172018;0.00688073;0.307339;-0.151376;-0.483945;0.981651;-0.366973;-0.483945;-0.40367;-0.784404;-0.552752;-0.126147;-0.357798;-0.426606;-0.197248;-0.587156;-0.211009;0.366972;-0.0848624;1;-0.337156;-0.495413;-0.220184;-0.229358;-0.463303;0.181193;-0.116972;-0.37156;0.458716;0.0779816;-0.931193;-1;-0.243119;-0.497706;-0.949541;-0.727064;-0.698925;-0.376344;0.247312;-0.574194;-0.974194;-0.296774;-0.283871;0.206452;-0.636559;-0.333333;-0.505376;-0.333333;-1;0;-1;-1;-1

69;-0.472477;-0.369266;-0.0940367;-0.65367;-0.360092;-0.644495;0.158257;-0.311927;-0.12844;-0.426606;-0.261468;0.233945;-0.266055;-0.172018;0.00688073;0.307339;-0.151376;-0.483945;0.981651;-0.366973;-0.483945;-0.40367;-0.784404;-0.552752;-0.126147;-0.357798;-0.426606;-0.197248;-0.587156;-0.211009;0.366972;-0.0848624;1;-0.337156;-0.495413;-0.220184;-0.229358;-0.463303;0.181193;-0.116972;-0.37156;0.458716;0.0779816;-0.931193;-1;-0.243119;-0.497706;-0.949541;-0.744086;-0.698925;-0.376344;0.247312;-0.574194;-0.974194;-0.296774;-0.283871;0.206452;-0.636559;-0.333333;-0.505376;+1;0;+1;-1;-1

71.8;0.399083;-0.472477;-0.369266;-0.0940367;-0.65367;-0.360092;-0.644495;0.158257;-0.311927;-0.12844;-0.426606;-0.261468;0.233945;-0.266055;-0.172018;0.00688073;0.307339;-0.151376;-0.483945;0.981651;-0.366973;-0.483945;-0.40367;-0.784404;-0.552752;-0.126147;-0.357798;-0.426606;-0.197248;-0.587156;-0.211009;0.366972;-0.0848624;1;-0.337156;-0.495413;-0.220184;-0.229358;-0.463303;0.181193;-0.116972;-0.37156;0.458716;0.0779816;-0.931193;-1;-0.243119;-0.497706;-0.952688;-0.744086;-0.698925;-0.376344;0.247312;-0.574194;-0.974194;-0.296774;-0.283871;0.206452;-0.636559;-0.333333;+1;0;+1;-1;-1

72.3;-0.12844;0.399083;-0.472477;-0.369266;-0.0940367;-0.65367;-0.360092;-0.644495;0.158257;-0.311927;-0.12844;-0.426606;-0.261468;0.233945;-0.266055;-0.172018;0.00688073;0.307339;-0.151376;-0.483945;0.981651;-0.366973;-0.483945;-0.40367;-0.784404;-0.552752;-0.126147;-0.357798;-0.426606;-0.197248;-0.587156;-0.211009;0.366972;-0.0848624;1;-0.337156;-0.495413;-0.220184;-0.229358;-0.463303;0.181193;-0.116972;-0.37156;0.458716;0.0779816;-0.931193;-1;-0.243119;-0.529032;-0.952688;-0.744086;-0.698925;-0.376344;0.247312;-0.574194;-0.974194;-0.296774;-0.283871;0.206452;-0.636559;+1;0;+1;-1;-1

72.99;-0.0848624;-0.12844;0.399083;-0.472477;-0.369266;-0.0940367;-0.65367;-0.360092;-0.644495;0.158257;-0.311927;-0.12844;-0.426606;-0.261468;0.233945;-0.266055;-0.172018;0.00688073;0.307339;-0.151376;-0.483945;0.981651;-0.366973;-0.483945;-0.40367;-0.784404;-0.552752;-0.126147;-0.357798;-0.426606;-0.197248;-0.587156;-0.211009;0.366972;-0.0848624;1;-0.337156;-0.495413;-0.220184;-0.229358;-0.463303;0.181193;-0.116972;-0.37156;0.458716;0.0779816;-0.931193;-1;-0.290323;-0.529032;-0.952688;-0.744086;-0.698925;-0.376344;0.247312;-0.574194;-0.974194;-0.296774;-0.283871;0.206452;-1;0;-1;-1;-1

71.41;-0.605505;-0.0848624;-0.12844;0.399083;-0.472477;-0.369266;-0.0940367;-0.65367;-0.360092;-0.644495;0.158257;-0.311927;-0.12844;-0.426606;-0.261468;0.233945;-0.266055;-0.172018;0.00688073;0.307339;-0.151376;-0.483945;0.981651;-0.366973;-0.483945;-0.40367;-0.784404;-0.552752;-0.126147;-0.357798;-0.426606;-0.197248;-0.587156;-0.211009;0.366972;-0.0848624;1;-0.337156;-0.495413;-0.220184;-0.229358;-0.463303;0.181193;-0.116972;-0.37156;0.458716;0.0779816;-0.931193;-1;-0.290323;-0.529032;-0.952688;-0.744086;-0.698925;-0.376344;0.247312;-0.574194;-0.974194;-0.296774;-0.283871;-1;0;-1;-1;-1

70.51;-0.449541;-0.605505;-0.0848624;-0.12844;0.399083;-0.472477;-0.369266;-0.0940367;-0.65367;-0.360092;-0.644495;0.158257;-0.311927;-0.12844;-0.426606;-0.261468;0.233945;-0.266055;-0.172018;0.00688073;0.307339;-0.151376;-0.483945;0.981651;-0.366973;-0.483945;-0.40367;-0.784404;-0.552752;-0.126147;-0.357798;-0.426606;-0.197248;-0.587156;-0.211009;0.366972;-0.0848624;1;-0.337156;-0.495413;-0.220184;-0.229358;-0.463303;0.181193;-0.116972;-0.37156;0.458716;0.0779816;-0.935484;-1;-0.290323;-0.529032;-0.952688;-0.744086;-0.698925;-0.376344;0.247312;-0.574194;-0.974194;-0.296774;-1;0;+1;-1;-1

70.25;-0.302752;-0.449541;-0.605505;-0.0848624;-0.12844;0.399083;-0.472477;-0.369266;-0.0940367;-0.65367;-0.360092;-0.644495;0.158257;-0.311927;-0.12844;-0.426606;-0.261468;0.233945;-0.266055;-0.172018;0.00688073;0.307339;-0.151376;-0.483945;0.981651;-0.366973;-0.483945;-0.40367;-0.784404;-0.552752;-0.126147;-0.357798;-0.426606;-0.197248;-0.587156;-0.211009;0.366972;-0.0848624;1;-0.337156;-0.495413;-0.220184;-0.229358;-0.463303;0.181193;-0.116972;-0.37156;0.458716;0.0107527;-0.935484;-1;-0.290323;-0.529032;-0.952688;-0.744086;-0.698925;-0.376344;0.247312;-0.574194;-0.974194;-1;0;-1;-1;-1

69;-0.529817;-0.302752;-0.449541;-0.605505;-0.0848624;-0.12844;0.399083;-0.472477;-0.369266;-0.0940367;-0.65367;-0.360092;-0.644495;0.158257;-0.311927;-0.12844;-0.426606;-0.261468;0.233945;-0.266055;-0.172018;0.00688073;0.307339;-0.151376;-0.483945;0.981651;-0.366973;-0.483945;-0.40367;-0.784404;-0.552752;-0.126147;-0.357798;-0.426606;-0.197248;-0.587156;-0.211009;0.366972;-0.0848624;1;-0.337156;-0.495413;-0.220184;-0.229358;-0.463303;0.181193;-0.116972;-0.37156;0.367742;0.0107527;-0.935484;-1;-0.290323;-0.529032;-0.952688;-0.744086;-0.698925;-0.376344;0.247312;-0.574194;-1;0;-1;-1;-1

68.49;-0.360092;-0.529817;-0.302752;-0.449541;-0.605505;-0.0848624;-0.12844;0.399083;-0.472477;-0.369266;-0.0940367;-0.65367;-0.360092;-0.644495;0.158257;-0.311927;-0.12844;-0.426606;-0.261468;0.233945;-0.266055;-0.172018;0.00688073;0.307339;-0.151376;-0.483945;0.981651;-0.366973;-0.483945;-0.40367;-0.784404;-0.552752;-0.126147;-0.357798;-0.426606;-0.197248;-0.587156;-0.211009;0.366972;-0.0848624;1;-0.337156;-0.495413;-0.220184;-0.229358;-0.463303;0.181193;-0.116972;-0.410753;0.367742;0.0107527;-0.935484;-1;-0.290323;-0.529032;-0.952688;-0.744086;-0.698925;-0.376344;0.247312;-1;0;-1;-1;-1

67.55;-0.458716;-0.360092;-0.529817;-0.302752;-0.449541;-0.605505;-0.0848624;-0.12844;0.399083;-0.472477;-0.369266;-0.0940367;-0.65367;-0.360092;-0.644495;0.158257;-0.311927;-0.12844;-0.426606;-0.261468;0.233945;-0.266055;-0.172018;0.00688073;0.307339;-0.151376;-0.483945;0.981651;-0.366973;-0.483945;-0.40367;-0.784404;-0.552752;-0.126147;-0.357798;-0.426606;-0.197248;-0.587156;-0.211009;0.366972;-0.0848624;1;-0.337156;-0.495413;-0.220184;-0.229358;-0.463303;0.181193;-0.172043;-0.410753;0.367742;0.0107527;-0.935484;-1;-0.290323;-0.529032;-0.952688;-0.744086;-0.698925;-0.376344;+1;0;+1;-1;-1

69.98;0.31422;-0.458716;-0.360092;-0.529817;-0.302752;-0.449541;-0.605505;-0.0848624;-0.12844;0.399083;-0.472477;-0.369266;-0.0940367;-0.65367;-0.360092;-0.644495;0.158257;-0.311927;-0.12844;-0.426606;-0.261468;0.233945;-0.266055;-0.172018;0.00688073;0.307339;-0.151376;-0.483945;0.981651;-0.366973;-0.483945;-0.40367;-0.784404;-0.552752;-0.126147;-0.357798;-0.426606;-0.197248;-0.587156;-0.211009;0.366972;-0.0848624;1;-0.337156;-0.495413;-0.220184;-0.229358;-0.463303;0.107527;-0.172043;-0.410753;0.367742;0.0107527;-0.935484;-1;-0.290323;-0.529032;-0.952688;-0.744086;-0.698925;-1;0;-1;-1;-1

69.71;-0.305046;0.31422;-0.458716;-0.360092;-0.529817;-0.302752;-0.449541;-0.605505;-0.0848624;-0.12844;0.399083;-0.472477;-0.369266;-0.0940367;-0.65367;-0.360092;-0.644495;0.158257;-0.311927;-0.12844;-0.426606;-0.261468;0.233945;-0.266055;-0.172018;0.00688073;0.307339;-0.151376;-0.483945;0.981651;-0.366973;-0.483945;-0.40367;-0.784404;-0.552752;-0.126147;-0.357798;-0.426606;-0.197248;-0.587156;-0.211009;0.366972;-0.0848624;1;-0.337156;-0.495413;-0.220184;-0.229358;-0.496774;0.107527;-0.172043;-0.410753;0.367742;0.0107527;-0.935484;-1;-0.290323;-0.529032;-0.952688;-0.744086;+1;0;+1;-1;-1

70.1;-0.15367;-0.305046;0.31422;-0.458716;-0.360092;-0.529817;-0.302752;-0.449541;-0.605505;-0.0848624;-0.12844;0.399083;-0.472477;-0.369266;-0.0940367;-0.65367;-0.360092;-0.644495;0.158257;-0.311927;-0.12844;-0.426606;-0.261468;0.233945;-0.266055;-0.172018;0.00688073;0.307339;-0.151376;-0.483945;0.981651;-0.366973;-0.483945;-0.40367;-0.784404;-0.552752;-0.126147;-0.357798;-0.426606;-0.197248;-0.587156;-0.211009;0.366972;-0.0848624;1;-0.337156;-0.495413;-0.220184;-0.277419;-0.496774;0.107527;-0.172043;-0.410753;0.367742;0.0107527;-0.935484;-1;-0.290323;-0.529032;-0.952688;-1;0;-1;-1;-1

69.51;-0.37844;-0.15367;-0.305046;0.31422;-0.458716;-0.360092;-0.529817;-0.302752;-0.449541;-0.605505;-0.0848624;-0.12844;0.399083;-0.472477;-0.369266;-0.0940367;-0.65367;-0.360092;-0.644495;0.158257;-0.311927;-0.12844;-0.426606;-0.261468;0.233945;-0.266055;-0.172018;0.00688073;0.307339;-0.151376;-0.483945;0.981651;-0.366973;-0.483945;-0.40367;-0.784404;-0.552752;-0.126147;-0.357798;-0.426606;-0.197248;-0.587156;-0.211009;0.366972;-0.0848624;1;-0.337156;-0.495413;-0.268817;-0.277419;-0.496774;0.107527;-0.172043;-0.410753;0.367742;0.0107527;-0.935484;-1;-0.290323;-0.529032;+1;0;-1;-1;-1

71.9;0.305046;-0.37844;-0.15367;-0.305046;0.31422;-0.458716;-0.360092;-0.529817;-0.302752;-0.449541;-0.605505;-0.0848624;-0.12844;0.399083;-0.472477;-0.369266;-0.0940367;-0.65367;-0.360092;-0.644495;0.158257;-0.311927;-0.12844;-0.426606;-0.261468;0.233945;-0.266055;-0.172018;0.00688073;0.307339;-0.151376;-0.483945;0.981651;-0.366973;-0.483945;-0.40367;-0.784404;-0.552752;-0.126147;-0.357798;-0.426606;-0.197248;-0.587156;-0.211009;0.366972;-0.0848624;1;-0.337156;-0.526882;-0.268817;-0.277419;-0.496774;0.107527;-0.172043;-0.410753;0.367742;0.0107527;-0.935484;-1;-0.290323;+1;0;+1;-1;-1

72.3;-0.151376;0.305046;-0.37844;-0.15367;-0.305046;0.31422;-0.458716;-0.360092;-0.529817;-0.302752;-0.449541;-0.605505;-0.0848624;-0.12844;0.399083;-0.472477;-0.369266;-0.0940367;-0.65367;-0.360092;-0.644495;0.158257;-0.311927;-0.12844;-0.426606;-0.261468;0.233945;-0.266055;-0.172018;0.00688073;0.307339;-0.151376;-0.483945;0.981651;-0.366973;-0.483945;-0.40367;-0.784404;-0.552752;-0.126147;-0.357798;-0.426606;-0.197248;-0.587156;-0.211009;0.366972;-0.0848624;1;-0.378495;-0.526882;-0.268817;-0.277419;-0.496774;0.107527;-0.172043;-0.410753;0.367742;0.0107527;-0.935484;-1;-1;0;-1;-1;-1

70.89;-0.566514;-0.151376;0.305046;-0.37844;-0.15367;-0.305046;0.31422;-0.458716;-0.360092;-0.529817;-0.302752;-0.449541;-0.605505;-0.0848624;-0.12844;0.399083;-0.472477;-0.369266;-0.0940367;-0.65367;-0.360092;-0.644495;0.158257;-0.311927;-0.12844;-0.426606;-0.261468;0.233945;-0.266055;-0.172018;0.00688073;0.307339;-0.151376;-0.483945;0.981651;-0.366973;-0.483945;-0.40367;-0.784404;-0.552752;-0.126147;-0.357798;-0.426606;-0.197248;-0.587156;-0.211009;0.366972;-0.0848624;0.875269;-0.378495;-0.526882;-0.268817;-0.277419;-0.496774;0.107527;-0.172043;-0.410753;0.367742;0.0107527;-0.935484;-1;0;+1;-1;-1

69.69;-0.518349;-0.566514;-0.151376;0.305046;-0.37844;-0.15367;-0.305046;0.31422;-0.458716;-0.360092;-0.529817;-0.302752;-0.449541;-0.605505;-0.0848624;-0.12844;0.399083;-0.472477;-0.369266;-0.0940367;-0.65367;-0.360092;-0.644495;0.158257;-0.311927;-0.12844;-0.426606;-0.261468;0.233945;-0.266055;-0.172018;0.00688073;0.307339;-0.151376;-0.483945;0.981651;-0.366973;-0.483945;-0.40367;-0.784404;-0.552752;-0.126147;-0.357798;-0.426606;-0.197248;-0.587156;-0.211009;0.366972;-0.141935;0.875269;-0.378495;-0.526882;-0.268817;-0.277419;-0.496774;0.107527;-0.172043;-0.410753;0.367742;0.0107527;+1;0;+1;-1;-1

70.25;-0.114679;-0.518349;-0.566514;-0.151376;0.305046;-0.37844;-0.15367;-0.305046;0.31422;-0.458716;-0.360092;-0.529817;-0.302752;-0.449541;-0.605505;-0.0848624;-0.12844;0.399083;-0.472477;-0.369266;-0.0940367;-0.65367;-0.360092;-0.644495;0.158257;-0.311927;-0.12844;-0.426606;-0.261468;0.233945;-0.266055;-0.172018;0.00688073;0.307339;-0.151376;-0.483945;0.981651;-0.366973;-0.483945;-0.40367;-0.784404;-0.552752;-0.126147;-0.357798;-0.426606;-0.197248;-0.587156;-0.211009;0.28172;-0.141935;0.875269;-0.378495;-0.526882;-0.268817;-0.277419;-0.496774;0.107527;-0.172043;-0.410753;0.367742;-1;0;-1;-1;-1

69.85;-0.334862;-0.114679;-0.518349;-0.566514;-0.151376;0.305046;-0.37844;-0.15367;-0.305046;0.31422;-0.458716;-0.360092;-0.529817;-0.302752;-0.449541;-0.605505;-0.0848624;-0.12844;0.399083;-0.472477;-0.369266;-0.0940367;-0.65367;-0.360092;-0.644495;0.158257;-0.311927;-0.12844;-0.426606;-0.261468;0.233945;-0.266055;-0.172018;0.00688073;0.307339;-0.151376;-0.483945;0.981651;-0.366973;-0.483945;-0.40367;-0.784404;-0.552752;-0.126147;-0.357798;-0.426606;-0.197248;-0.587156;-0.260215;0.28172;-0.141935;0.875269;-0.378495;-0.526882;-0.268817;-0.277419;-0.496774;0.107527;-0.172043;-0.410753;+1;0;+1;-1;-1

72.8;0.433486;-0.334862;-0.114679;-0.518349;-0.566514;-0.151376;0.305046;-0.37844;-0.15367;-0.305046;0.31422;-0.458716;-0.360092;-0.529817;-0.302752;-0.449541;-0.605505;-0.0848624;-0.12844;0.399083;-0.472477;-0.369266;-0.0940367;-0.65367;-0.360092;-0.644495;0.158257;-0.311927;-0.12844;-0.426606;-0.261468;0.233945;-0.266055;-0.172018;0.00688073;0.307339;-0.151376;-0.483945;0.981651;-0.366973;-0.483945;-0.40367;-0.784404;-0.552752;-0.126147;-0.357798;-0.426606;-0.197248;-0.612903;-0.260215;0.28172;-0.141935;0.875269;-0.378495;-0.526882;-0.268817;-0.277419;-0.496774;0.107527;-0.172043;+1;0;+1;-1;-1

73.3;-0.12844;0.433486;-0.334862;-0.114679;-0.518349;-0.566514;-0.151376;0.305046;-0.37844;-0.15367;-0.305046;0.31422;-0.458716;-0.360092;-0.529817;-0.302752;-0.449541;-0.605505;-0.0848624;-0.12844;0.399083;-0.472477;-0.369266;-0.0940367;-0.65367;-0.360092;-0.644495;0.158257;-0.311927;-0.12844;-0.426606;-0.261468;0.233945;-0.266055;-0.172018;0.00688073;0.307339;-0.151376;-0.483945;0.981651;-0.366973;-0.483945;-0.40367;-0.784404;-0.552752;-0.126147;-0.357798;-0.426606;-0.247312;-0.612903;-0.260215;0.28172;-0.141935;0.875269;-0.378495;-0.526882;-0.268817;-0.277419;-0.496774;0.107527;-1;0;-1;-1;-1

72.3;-0.472477;-0.12844;0.433486;-0.334862;-0.114679;-0.518349;-0.566514;-0.151376;0.305046;-0.37844;-0.15367;-0.305046;0.31422;-0.458716;-0.360092;-0.529817;-0.302752;-0.449541;-0.605505;-0.0848624;-0.12844;0.399083;-0.472477;-0.369266;-0.0940367;-0.65367;-0.360092;-0.644495;0.158257;-0.311927;-0.12844;-0.426606;-0.261468;0.233945;-0.266055;-0.172018;0.00688073;0.307339;-0.151376;-0.483945;0.981651;-0.366973;-0.483945;-0.40367;-0.784404;-0.552752;-0.126147;-0.357798;-0.462366;-0.247312;-0.612903;-0.260215;0.28172;-0.141935;0.875269;-0.378495;-0.526882;-0.268817;-0.277419;-0.496774;+1;0;-1;-1;-1

72.95;-0.0940367;-0.472477;-0.12844;0.433486;-0.334862;-0.114679;-0.518349;-0.566514;-0.151376;0.305046;-0.37844;-0.15367;-0.305046;0.31422;-0.458716;-0.360092;-0.529817;-0.302752;-0.449541;-0.605505;-0.0848624;-0.12844;0.399083;-0.472477;-0.369266;-0.0940367;-0.65367;-0.360092;-0.644495;0.158257;-0.311927;-0.12844;-0.426606;-0.261468;0.233945;-0.266055;-0.172018;0.00688073;0.307339;-0.151376;-0.483945;0.981651;-0.366973;-0.483945;-0.40367;-0.784404;-0.552752;-0.126147;-0.397849;-0.462366;-0.247312;-0.612903;-0.260215;0.28172;-0.141935;0.875269;-0.378495;-0.526882;-0.268817;-0.277419;+1;0;+1;-1;-1

73.5;-0.116972;-0.0940367;-0.472477;-0.12844;0.433486;-0.334862;-0.114679;-0.518349;-0.566514;-0.151376;0.305046;-0.37844;-0.15367;-0.305046;0.31422;-0.458716;-0.360092;-0.529817;-0.302752;-0.449541;-0.605505;-0.0848624;-0.12844;0.399083;-0.472477;-0.369266;-0.0940367;-0.65367;-0.360092;-0.644495;0.158257;-0.311927;-0.12844;-0.426606;-0.261468;0.233945;-0.266055;-0.172018;0.00688073;0.307339;-0.151376;-0.483945;0.981651;-0.366973;-0.483945;-0.40367;-0.784404;-0.552752;-0.180645;-0.397849;-0.462366;-0.247312;-0.612903;-0.260215;0.28172;-0.141935;0.875269;-0.378495;-0.526882;-0.268817;-1;0;-1;-1;-1

72.39;-0.497706;-0.116972;-0.0940367;-0.472477;-0.12844;0.433486;-0.334862;-0.114679;-0.518349;-0.566514;-0.151376;0.305046;-0.37844;-0.15367;-0.305046;0.31422;-0.458716;-0.360092;-0.529817;-0.302752;-0.449541;-0.605505;-0.0848624;-0.12844;0.399083;-0.472477;-0.369266;-0.0940367;-0.65367;-0.360092;-0.644495;0.158257;-0.311927;-0.12844;-0.426606;-0.261468;0.233945;-0.266055;-0.172018;0.00688073;0.307339;-0.151376;-0.483945;0.981651;-0.366973;-0.483945;-0.40367;-0.784404;-0.580645;-0.180645;-0.397849;-0.462366;-0.247312;-0.612903;-0.260215;0.28172;-0.141935;0.875269;-0.378495;-0.526882;-1;0;-1;-1;-1

71.9;-0.355505;-0.497706;-0.116972;-0.0940367;-0.472477;-0.12844;0.433486;-0.334862;-0.114679;-0.518349;-0.566514;-0.151376;0.305046;-0.37844;-0.15367;-0.305046;0.31422;-0.458716;-0.360092;-0.529817;-0.302752;-0.449541;-0.605505;-0.0848624;-0.12844;0.399083;-0.472477;-0.369266;-0.0940367;-0.65367;-0.360092;-0.644495;0.158257;-0.311927;-0.12844;-0.426606;-0.261468;0.233945;-0.266055;-0.172018;0.00688073;0.307339;-0.151376;-0.483945;0.981651;-0.366973;-0.483945;-0.40367;-0.797849;-0.580645;-0.180645;-0.397849;-0.462366;-0.247312;-0.612903;-0.260215;0.28172;-0.141935;0.875269;-0.378495;-1;0;-1;-1;-1

70.2;-0.633028;-0.355505;-0.497706;-0.116972;-0.0940367;-0.472477;-0.12844;0.433486;-0.334862;-0.114679;-0.518349;-0.566514;-0.151376;0.305046;-0.37844;-0.15367;-0.305046;0.31422;-0.458716;-0.360092;-0.529817;-0.302752;-0.449541;-0.605505;-0.0848624;-0.12844;0.399083;-0.472477;-0.369266;-0.0940367;-0.65367;-0.360092;-0.644495;0.158257;-0.311927;-0.12844;-0.426606;-0.261468;0.233945;-0.266055;-0.172018;0.00688073;0.307339;-0.151376;-0.483945;0.981651;-0.366973;-0.483945;-0.44086;-0.797849;-0.580645;-0.180645;-0.397849;-0.462366;-0.247312;-0.612903;-0.260215;0.28172;-0.141935;0.875269;+1;0;-1;-1;-1

70.21;-0.240826;-0.633028;-0.355505;-0.497706;-0.116972;-0.0940367;-0.472477;-0.12844;0.433486;-0.334862;-0.114679;-0.518349;-0.566514;-0.151376;0.305046;-0.37844;-0.15367;-0.305046;0.31422;-0.458716;-0.360092;-0.529817;-0.302752;-0.449541;-0.605505;-0.0848624;-0.12844;0.399083;-0.472477;-0.369266;-0.0940367;-0.65367;-0.360092;-0.644495;0.158257;-0.311927;-0.12844;-0.426606;-0.261468;0.233945;-0.266055;-0.172018;0.00688073;0.307339;-0.151376;-0.483945;0.981651;-0.366973;-0.516129;-0.44086;-0.797849;-0.580645;-0.180645;-0.397849;-0.462366;-0.247312;-0.612903;-0.260215;0.28172;-0.141935;+1;0;-1;-1;-1

71.58;0.0711009;-0.240826;-0.633028;-0.355505;-0.497706;-0.116972;-0.0940367;-0.472477;-0.12844;0.433486;-0.334862;-0.114679;-0.518349;-0.566514;-0.151376;0.305046;-0.37844;-0.15367;-0.305046;0.31422;-0.458716;-0.360092;-0.529817;-0.302752;-0.449541;-0.605505;-0.0848624;-0.12844;0.399083;-0.472477;-0.369266;-0.0940367;-0.65367;-0.360092;-0.644495;0.158257;-0.311927;-0.12844;-0.426606;-0.261468;0.233945;-0.266055;-0.172018;0.00688073;0.307339;-0.151376;-0.483945;0.981651;-0.406452;-0.516129;-0.44086;-0.797849;-0.580645;-0.180645;-0.397849;-0.462366;-0.247312;-0.612903;-0.260215;0.28172;+1;0;+1;-1;-1

71.8;-0.192661;0.0711009;-0.240826;-0.633028;-0.355505;-0.497706;-0.116972;-0.0940367;-0.472477;-0.12844;0.433486;-0.334862;-0.114679;-0.518349;-0.566514;-0.151376;0.305046;-0.37844;-0.15367;-0.305046;0.31422;-0.458716;-0.360092;-0.529817;-0.302752;-0.449541;-0.605505;-0.0848624;-0.12844;0.399083;-0.472477;-0.369266;-0.0940367;-0.65367;-0.360092;-0.644495;0.158257;-0.311927;-0.12844;-0.426606;-0.261468;0.233945;-0.266055;-0.172018;0.00688073;0.307339;-0.151376;-0.483945;0.858065;-0.406452;-0.516129;-0.44086;-0.797849;-0.580645;-0.180645;-0.397849;-0.462366;-0.247312;-0.612903;-0.260215;+1;0;+1;-1;-1

72.48;-0.087156;-0.192661;0.0711009;-0.240826;-0.633028;-0.355505;-0.497706;-0.116972;-0.0940367;-0.472477;-0.12844;0.433486;-0.334862;-0.114679;-0.518349;-0.566514;-0.151376;0.305046;-0.37844;-0.15367;-0.305046;0.31422;-0.458716;-0.360092;-0.529817;-0.302752;-0.449541;-0.605505;-0.0848624;-0.12844;0.399083;-0.472477;-0.369266;-0.0940367;-0.65367;-0.360092;-0.644495;0.158257;-0.311927;-0.12844;-0.426606;-0.261468;0.233945;-0.266055;-0.172018;0.00688073;0.307339;-0.151376;-0.516129;0.858065;-0.406452;-0.516129;-0.44086;-0.797849;-0.580645;-0.180645;-0.397849;-0.462366;-0.247312;-0.612903;-1;0;-1;-1;-1

72.3;-0.284404;-0.087156;-0.192661;0.0711009;-0.240826;-0.633028;-0.355505;-0.497706;-0.116972;-0.0940367;-0.472477;-0.12844;0.433486;-0.334862;-0.114679;-0.518349;-0.566514;-0.151376;0.305046;-0.37844;-0.15367;-0.305046;0.31422;-0.458716;-0.360092;-0.529817;-0.302752;-0.449541;-0.605505;-0.0848624;-0.12844;0.399083;-0.472477;-0.369266;-0.0940367;-0.65367;-0.360092;-0.644495;0.158257;-0.311927;-0.12844;-0.426606;-0.261468;0.233945;-0.266055;-0.172018;0.00688073;0.307339;-0.204301;-0.516129;0.858065;-0.406452;-0.516129;-0.44086;-0.797849;-0.580645;-0.180645;-0.397849;-0.462366;-0.247312;-1;0;-1;-1;-1

71.99;-0.31422;-0.284404;-0.087156;-0.192661;0.0711009;-0.240826;-0.633028;-0.355505;-0.497706;-0.116972;-0.0940367;-0.472477;-0.12844;0.433486;-0.334862;-0.114679;-0.518349;-0.566514;-0.151376;0.305046;-0.37844;-0.15367;-0.305046;0.31422;-0.458716;-0.360092;-0.529817;-0.302752;-0.449541;-0.605505;-0.0848624;-0.12844;0.399083;-0.472477;-0.369266;-0.0940367;-0.65367;-0.360092;-0.644495;0.158257;-0.311927;-0.12844;-0.426606;-0.261468;0.233945;-0.266055;-0.172018;0.00688073;0.225806;-0.204301;-0.516129;0.858065;-0.406452;-0.516129;-0.44086;-0.797849;-0.580645;-0.180645;-0.397849;-0.462366;-1;0;+1;-1;-1

