127;0.531322;0.2529;-0.0719258;-0.164733;-0.164733;-0.162877;-0.166589;-0.535035;-0.184223;-0.0524362;-0.258469;-0.0709977;-0.442227;0.0190255;-0.322506;-0.194432;-0.534107;0.234339;-0.00696056;-0.165661;-0.163805;-0.155452;-0.359629;0.0218097;0.0199536;-0.350348;-0.128538;0.0774942;0.299304;0.0208817;-0.0812065;-0.153596;-0.166589;0.0208817;-0.406032;-0.387471;0.438515;-0.675174;-0.257541;-0.443155;-0.62877;-0.0858469;-0.150812;0.401392;-0.265893;-0.165661;0.2529;0.438515;-0.0719258;0.345708;-0.303944;-0.489559;-0.303944;0.062645;0.257541;-0.118329;0.2529;-0.303944;-0.489559;-0.164733;-0.211137;-0.303944;0.206497;-0.117401;0.167738;0.0052601;0.0987727;0.215663;-0.228521;-0.168907;-0.030976;0.0637055;0.170076;0.413209;-0.0473407;0.139684;0.139684;0.677382;0.600234;0.544126;+1;0;+1;+1;-1

128.5;-0.025522;0.531322;0.2529;-0.0719258;-0.164733;-0.164733;-0.162877;-0.166589;-0.535035;-0.184223;-0.0524362;-0.258469;-0.0709977;-0.442227;0.0190255;-0.322506;-0.194432;-0.534107;0.234339;-0.00696056;-0.165661;-0.163805;-0.155452;-0.359629;0.0218097;0.0199536;-0.350348;-0.128538;0.0774942;0.299304;0.0208817;-0.0812065;-0.153596;-0.166589;0.0208817;-0.406032;-0.387471;0.438515;-0.675174;-0.257541;-0.443155;-0.62877;-0.0858469;-0.150812;0.401392;-0.265893;-0.165661;0.2529;0.438515;-0.0719258;0.345708;-0.303944;-0.489559;-0.303944;0.062645;0.257541;-0.118329;0.2529;-0.303944;-0.489559;-0.164733;-0.211137;-0.303944;0.206497;0.111631;0.167738;0.0052601;0.0987727;0.215663;-0.228521;-0.168907;-0.030976;0.0637055;0.170076;0.413209;-0.0473407;0.139684;0.139684;0.677382;0.600234;+1;0;+1;+1;-1

128.6;-0.155452;-0.025522;0.531322;0.2529;-0.0719258;-0.164733;-0.164733;-0.162877;-0.166589;-0.535035;-0.184223;-0.0524362;-0.258469;-0.0709977;-0.442227;0.0190255;-0.322506;-0.194432;-0.534107;0.234339;-0.00696056;-0.165661;-0.163805;-0.155452;-0.359629;0.0218097;0.0199536;-0.350348;-0.128538;0.0774942;0.299304;0.0208817;-0.0812065;-0.153596;-0.166589;0.0208817;-0.406032;-0.387471;0.438515;-0.675174;-0.257541;-0.443155;-0.62877;-0.0858469;-0.150812;0.401392;-0.265893;-0.165661;0.2529;0.438515;-0.0719258;0.345708;-0.303944;-0.489559;-0.303944;0.062645;0.257541;-0.118329;0.2529;-0.303944;-0.489559;-0.164733;-0.211137;-0.303944;0.519579;0.111631;0.167738;0.0052601;0.0987727;0.215663;-0.228521;-0.168907;-0.030976;0.0637055;0.170076;0.413209;-0.0473407;0.139684;0.139684;0.677382;+1;0;+1;+1;-1

130;-0.0348028;-0.155452;-0.025522;0.531322;0.2529;-0.0719258;-0.164733;-0.164733;-0.162877;-0.166589;-0.535035;-0.184223;-0.0524362;-0.258469;-0.0709977;-0.442227;0.0190255;-0.322506;-0.194432;-0.534107;0.234339;-0.00696056;-0.165661;-0.163805;-0.155452;-0.359629;0.0218097;0.0199536;-0.350348;-0.128538;0.0774942;0.299304;0.0208817;-0.0812065;-0.153596;-0.166589;0.0208817;-0.406032;-0.387471;0.438515;-0.675174;-0.257541;-0.443155;-0.62877;-0.0858469;-0.150812;0.401392;-0.265893;-0.165661;0.2529;0.438515;-0.0719258;0.345708;-0.303944;-0.489559;-0.303944;0.062645;0.257541;-0.118329;0.2529;-0.303944;-0.489559;-0.164733;-0.211137;-0.12332;0.519579;0.111631;0.167738;0.0052601;0.0987727;0.215663;-0.228521;-0.168907;-0.030976;0.0637055;0.170076;0.413209;-0.0473407;0.139684;0.139684;-1;0;+1;+1;-1

127.6;-0.387471;-0.0348028;-0.155452;-0.025522;0.531322;0.2529;-0.0719258;-0.164733;-0.164733;-0.162877;-0.166589;-0.535035;-0.184223;-0.0524362;-0.258469;-0.0709977;-0.442227;0.0190255;-0.322506;-0.194432;-0.534107;0.234339;-0.00696056;-0.165661;-0.163805;-0.155452;-0.359629;0.0218097;0.0199536;-0.350348;-0.128538;0.0774942;0.299304;0.0208817;-0.0812065;-0.153596;-0.166589;0.0208817;-0.406032;-0.387471;0.438515;-0.675174;-0.257541;-0.443155;-0.62877;-0.0858469;-0.150812;0.401392;-0.265893;-0.165661;0.2529;0.438515;-0.0719258;0.345708;-0.303944;-0.489559;-0.303944;0.062645;0.257541;-0.118329;0.2529;-0.303944;-0.489559;-0.164733;-0.00642897;-0.12332;0.519579;0.111631;0.167738;0.0052601;0.0987727;0.215663;-0.228521;-0.168907;-0.030976;0.0637055;0.170076;0.413209;-0.0473407;0.139684;-1;0;+1;+1;-1

125;-0.406032;-0.387471;-0.0348028;-0.155452;-0.025522;0.531322;0.2529;-0.0719258;-0.164733;-0.164733;-0.162877;-0.166589;-0.535035;-0.184223;-0.0524362;-0.258469;-0.0709977;-0.442227;0.0190255;-0.322506;-0.194432;-0.534107;0.234339;-0.00696056;-0.165661;-0.163805;-0.155452;-0.359629;0.0218097;0.0199536;-0.350348;-0.128538;0.0774942;0.299304;0.0208817;-0.0812065;-0.153596;-0.166589;0.0208817;-0.406032;-0.387471;0.438515;-0.675174;-0.257541;-0.443155;-0.62877;-0.0858469;-0.150812;0.401392;-0.265893;-0.165661;0.2529;0.438515;-0.0719258;0.345708;-0.303944;-0.489559;-0.303944;0.062645;0.257541;-0.118329;0.2529;-0.303944;-0.489559;0.0520164;-0.00642897;-0.12332;0.519579;0.111631;0.167738;0.0052601;0.0987727;0.215663;-0.228521;-0.168907;-0.030976;0.0637055;0.170076;0.413209;-0.0473407;+1;0;-1;+1;-1

127.8;0.0951276;-0.406032;-0.387471;-0.0348028;-0.155452;-0.025522;0.531322;0.2529;-0.0719258;-0.164733;-0.164733;-0.162877;-0.166589;-0.535035;-0.184223;-0.0524362;-0.258469;-0.0709977;-0.442227;0.0190255;-0.322506;-0.194432;-0.534107;0.234339;-0.00696056;-0.165661;-0.163805;-0.155452;-0.359629;0.0218097;0.0199536;-0.350348;-0.128538;0.0774942;0.299304;0.0208817;-0.0812065;-0.153596;-0.166589;0.0208817;-0.406032;-0.387471;0.438515;-0.675174;-0.257541;-0.443155;-0.62877;-0.0858469;-0.150812;0.401392;-0.265893;-0.165661;0.2529;0.438515;-0.0719258;0.345708;-0.303944;-0.489559;-0.303944;0.062645;0.257541;-0.118329;0.2529;-0.303944;-0.357101;0.0520164;-0.00642897;-0.12332;0.519579;0.111631;0.167738;0.0052601;0.0987727;0.215663;-0.228521;-0.168907;-0.030976;0.0637055;0.170076;0.413209;-1;0;-1;+1;-1

121;-0.795824;0.0951276;-0.406032;-0.387471;-0.0348028;-0.155452;-0.025522;0.531322;0.2529;-0.0719258;-0.164733;-0.164733;-0.162877;-0.166589;-0.535035;-0.184223;-0.0524362;-0.258469;-0.0709977;-0.442227;0.0190255;-0.322506;-0.194432;-0.534107;0.234339;-0.00696056;-0.165661;-0.163805;-0.155452;-0.359629;0.0218097;0.0199536;-0.350348;-0.128538;0.0774942;0.299304;0.0208817;-0.0812065;-0.153596;-0.166589;0.0208817;-0.406032;-0.387471;0.438515;-0.675174;-0.257541;-0.443155;-0.62877;-0.0858469;-0.150812;0.401392;-0.265893;-0.165661;0.2529;0.438515;-0.0719258;0.345708;-0.303944;-0.489559;-0.303944;0.062645;0.257541;-0.118329;0.2529;-0.12332;-0.357101;0.0520164;-0.00642897;-0.12332;0.519579;0.111631;0.167738;0.0052601;0.0987727;0.215663;-0.228521;-0.168907;-0.030976;0.0637055;0.170076;+1;0;-1;+1;-1

123.49;0.0663573;-0.795824;0.0951276;-0.406032;-0.387471;-0.0348028;-0.155452;-0.025522;0.531322;0.2529;-0.0719258;-0.164733;-0.164733;-0.162877;-0.166589;-0.535035;-0.184223;-0.0524362;-0.258469;-0.0709977;-0.442227;0.0190255;-0.322506;-0.194432;-0.534107;0.234339;-0.00696056;-0.165661;-0.163805;-0.155452;-0.359629;0.0218097;0.0199536;-0.350348;-0.128538;0.0774942;0.299304;0.0208817;-0.0812065;-0.153596;-0.166589;0.0208817;-0.406032;-0.387471;0.438515;-0.675174;-0.257541;-0.443155;-0.62877;-0.0858469;-0.150812;0.401392;-0.265893;-0.165661;0.2529;0.438515;-0.0719258;0.345708;-0.303944;-0.489559;-0.303944;0.062645;0.257541;-0.118329;0.578025;-0.12332;-0.357101;0.0520164;-0.00642897;-0.12332;0.519579;0.111631;0.167738;0.0052601;0.0987727;0.215663;-0.228521;-0.168907;-0.030976;0.0637055;+1;0;-1;+1;-1

127;0.161021;0.0663573;-0.795824;0.0951276;-0.406032;-0.387471;-0.0348028;-0.155452;-0.025522;0.531322;0.2529;-0.0719258;-0.164733;-0.164733;-0.162877;-0.166589;-0.535035;-0.184223;-0.0524362;-0.258469;-0.0709977;-0.442227;0.0190255;-0.322506;-0.194432;-0.534107;0.234339;-0.00696056;-0.165661;-0.163805;-0.155452;-0.359629;0.0218097;0.0199536;-0.350348;-0.128538;0.0774942;0.299304;0.0208817;-0.0812065;-0.153596;-0.166589;0.0208817;-0.406032;-0.387471;0.438515;-0.675174;-0.257541;-0.443155;-0.62877;-0.0858469;-0.150812;0.401392;-0.265893;-0.165661;0.2529;0.438515;-0.0719258;0.345708;-0.303944;-0.489559;-0.303944;0.062645;0.257541;0.110462;0.578025;-0.12332;-0.357101;0.0520164;-0.00642897;-0.12332;0.519579;0.111631;0.167738;0.0052601;0.0987727;0.215663;-0.228521;-0.168907;-0.030976;-1;0;-1;+1;-1

122;-0.62877;0.161021;0.0663573;-0.795824;0.0951276;-0.406032;-0.387471;-0.0348028;-0.155452;-0.025522;0.531322;0.2529;-0.0719258;-0.164733;-0.164733;-0.162877;-0.166589;-0.535035;-0.184223;-0.0524362;-0.258469;-0.0709977;-0.442227;0.0190255;-0.322506;-0.194432;-0.534107;0.234339;-0.00696056;-0.165661;-0.163805;-0.155452;-0.359629;0.0218097;0.0199536;-0.350348;-0.128538;0.0774942;0.299304;0.0208817;-0.0812065;-0.153596;-0.166589;0.0208817;-0.406032;-0.387471;0.438515;-0.675174;-0.257541;-0.443155;-0.62877;-0.0858469;-0.150812;0.401392;-0.265893;-0.165661;0.2529;0.438515;-0.0719258;0.345708;-0.303944;-0.489559;-0.303944;0.062645;0.583869;0.110462;0.578025;-0.12332;-0.357101;0.0520164;-0.00642897;-0.12332;0.519579;0.111631;0.167738;0.0052601;0.0987727;0.215663;-0.228521;-0.168907;-1;0;-1;+1;-1

118.4;-0.49884;-0.62877;0.161021;0.0663573;-0.795824;0.0951276;-0.406032;-0.387471;-0.0348028;-0.155452;-0.025522;0.531322;0.2529;-0.0719258;-0.164733;-0.164733;-0.162877;-0.166589;-0.535035;-0.184223;-0.0524362;-0.258469;-0.0709977;-0.442227;0.0190255;-0.322506;-0.194432;-0.534107;0.234339;-0.00696056;-0.165661;-0.163805;-0.155452;-0.359629;0.0218097;0.0199536;-0.350348;-0.128538;0.0774942;0.299304;0.0208817;-0.0812065;-0.153596;-0.166589;0.0208817;-0.406032;-0.387471;0.438515;-0.675174;-0.257541;-0.443155;-0.62877;-0.0858469;-0.150812;0.401392;-0.265893;-0.165661;0.2529;0.438515;-0.0719258;0.345708;-0.303944;-0.489559;-0.303944;0.338399;0.583869;0.110462;0.578025;-0.12332;-0.357101;0.0520164;-0.00642897;-0.12332;0.519579;0.111631;0.167738;0.0052601;0.0987727;0.215663;-0.228521;-1;0;-1;+1;-1

117;-0.294664;-0.49884;-0.62877;0.161021;0.0663573;-0.795824;0.0951276;-0.406032;-0.387471;-0.0348028;-0.155452;-0.025522;0.531322;0.2529;-0.0719258;-0.164733;-0.164733;-0.162877;-0.166589;-0.535035;-0.184223;-0.0524362;-0.258469;-0.0709977;-0.442227;0.0190255;-0.322506;-0.194432;-0.534107;0.234339;-0.00696056;-0.165661;-0.163805;-0.155452;-0.359629;0.0218097;0.0199536;-0.350348;-0.128538;0.0774942;0.299304;0.0208817;-0.0812065;-0.153596;-0.166589;0.0208817;-0.406032;-0.387471;0.438515;-0.675174;-0.257541;-0.443155;-0.62877;-0.0858469;-0.150812;0.401392;-0.265893;-0.165661;0.2529;0.438515;-0.0719258;0.345708;-0.303944;-0.489559;-0.12332;0.338399;0.583869;0.110462;0.578025;-0.12332;-0.357101;0.0520164;-0.00642897;-0.12332;0.519579;0.111631;0.167738;0.0052601;0.0987727;0.215663;-1;0;-1;+1;-1

116;-0.257541;-0.294664;-0.49884;-0.62877;0.161021;0.0663573;-0.795824;0.0951276;-0.406032;-0.387471;-0.0348028;-0.155452;-0.025522;0.531322;0.2529;-0.0719258;-0.164733;-0.164733;-0.162877;-0.166589;-0.535035;-0.184223;-0.0524362;-0.258469;-0.0709977;-0.442227;0.0190255;-0.322506;-0.194432;-0.534107;0.234339;-0.00696056;-0.165661;-0.163805;-0.155452;-0.359629;0.0218097;0.0199536;-0.350348;-0.128538;0.0774942;0.299304;0.0208817;-0.0812065;-0.153596;-0.166589;0.0208817;-0.406032;-0.387471;0.438515;-0.675174;-0.257541;-0.443155;-0.62877;-0.0858469;-0.150812;0.401392;-0.265893;-0.165661;0.2529;0.438515;-0.0719258;0.345708;-0.303944;-0.357101;-0.12332;0.338399;0.583869;0.110462;0.578025;-0.12332;-0.357101;0.0520164;-0.00642897;-0.12332;0.519579;0.111631;0.167738;0.0052601;0.0987727;-1;0;-1;+1;-1

107;-1;-0.257541;-0.294664;-0.49884;-0.62877;0.161021;0.0663573;-0.795824;0.0951276;-0.406032;-0.387471;-0.0348028;-0.155452;-0.025522;0.531322;0.2529;-0.0719258;-0.164733;-0.164733;-0.162877;-0.166589;-0.535035;-0.184223;-0.0524362;-0.258469;-0.0709977;-0.442227;0.0190255;-0.322506;-0.194432;-0.534107;0.234339;-0.00696056;-0.165661;-0.163805;-0.155452;-0.359629;0.0218097;0.0199536;-0.350348;-0.128538;0.0774942;0.299304;0.0208817;-0.0812065;-0.153596;-0.166589;0.0208817;-0.406032;-0.387471;0.438515;-0.675174;-0.257541;-0.443155;-0.62877;-0.0858469;-0.150812;0.401392;-0.265893;-0.165661;0.2529;0.438515;-0.0719258;0.345708;-0.12332;-0.357101;-0.12332;0.338399;0.583869;0.110462;0.578025;-0.12332;-0.357101;0.0520164;-0.00642897;-0.12332;0.519579;0.111631;0.167738;0.0052601;-1;0;-1;+1;-1

107;-0.164733;-1;-0.257541;-0.294664;-0.49884;-0.62877;0.161021;0.0663573;-0.795824;0.0951276;-0.406032;-0.387471;-0.0348028;-0.155452;-0.025522;0.531322;0.2529;-0.0719258;-0.164733;-0.164733;-0.162877;-0.166589;-0.535035;-0.184223;-0.0524362;-0.258469;-0.0709977;-0.442227;0.0190255;-0.322506;-0.194432;-0.534107;0.234339;-0.00696056;-0.165661;-0.163805;-0.155452;-0.359629;0.0218097;0.0199536;-0.350348;-0.128538;0.0774942;0.299304;0.0208817;-0.0812065;-0.153596;-0.166589;0.0208817;-0.406032;-0.387471;0.438515;-0.675174;-0.257541;-0.443155;-0.62877;-0.0858469;-0.150812;0.401392;-0.265893;-0.165661;0.2529;0.438515;-0.0719258;0.694915;-0.12332;-0.357101;-0.12332;0.338399;0.583869;0.110462;0.578025;-0.12332;-0.357101;0.0520164;-0.00642897;-0.12332;0.519579;0.111631;0.167738;-1;0;-1;+1;-1

103;-0.535963;-0.164733;-1;-0.257541;-0.294664;-0.49884;-0.62877;0.161021;0.0663573;-0.795824;0.0951276;-0.406032;-0.387471;-0.0348028;-0.155452;-0.025522;0.531322;0.2529;-0.0719258;-0.164733;-0.164733;-0.162877;-0.166589;-0.535035;-0.184223;-0.0524362;-0.258469;-0.0709977;-0.442227;0.0190255;-0.322506;-0.194432;-0.534107;0.234339;-0.00696056;-0.165661;-0.163805;-0.155452;-0.359629;0.0218097;0.0199536;-0.350348;-0.128538;0.0774942;0.299304;0.0208817;-0.0812065;-0.153596;-0.166589;0.0208817;-0.406032;-0.387471;0.438515;-0.675174;-0.257541;-0.443155;-0.62877;-0.0858469;-0.150812;0.401392;-0.265893;-0.165661;0.2529;0.438515;0.168907;0.694915;-0.12332;-0.357101;-0.12332;0.338399;0.583869;0.110462;0.578025;-0.12332;-0.357101;0.0520164;-0.00642897;-0.12332;0.519579;0.111631;+1;0;+1;+1;-1

106.89;0.196288;-0.535963;-0.164733;-1;-0.257541;-0.294664;-0.49884;-0.62877;0.161021;0.0663573;-0.795824;0.0951276;-0.406032;-0.387471;-0.0348028;-0.155452;-0.025522;0.531322;0.2529;-0.0719258;-0.164733;-0.164733;-0.162877;-0.166589;-0.535035;-0.184223;-0.0524362;-0.258469;-0.0709977;-0.442227;0.0190255;-0.322506;-0.194432;-0.534107;0.234339;-0.00696056;-0.165661;-0.163805;-0.155452;-0.359629;0.0218097;0.0199536;-0.350348;-0.128538;0.0774942;0.299304;0.0208817;-0.0812065;-0.153596;-0.166589;0.0208817;-0.406032;-0.387471;0.438515;-0.675174;-0.257541;-0.443155;-0.62877;-0.0858469;-0.150812;0.401392;-0.265893;-0.165661;0.2529;0.811806;0.168907;0.694915;-0.12332;-0.357101;-0.12332;0.338399;0.583869;0.110462;0.578025;-0.12332;-0.357101;0.0520164;-0.00642897;-0.12332;0.519579;+1;0;+1;+1;-1

115;0.587935;0.196288;-0.535963;-0.164733;-1;-0.257541;-0.294664;-0.49884;-0.62877;0.161021;0.0663573;-0.795824;0.0951276;-0.406032;-0.387471;-0.0348028;-0.155452;-0.025522;0.531322;0.2529;-0.0719258;-0.164733;-0.164733;-0.162877;-0.166589;-0.535035;-0.184223;-0.0524362;-0.258469;-0.0709977;-0.442227;0.0190255;-0.322506;-0.194432;-0.534107;0.234339;-0.00696056;-0.165661;-0.163805;-0.155452;-0.359629;0.0218097;0.0199536;-0.350348;-0.128538;0.0774942;0.299304;0.0208817;-0.0812065;-0.153596;-0.166589;0.0208817;-0.406032;-0.387471;0.438515;-0.675174;-0.257541;-0.443155;-0.62877;-0.0858469;-0.150812;0.401392;-0.265893;-0.165661;0.578025;0.811806;0.168907;0.694915;-0.12332;-0.357101;-0.12332;0.338399;0.583869;0.110462;0.578025;-0.12332;-0.357101;0.0520164;-0.00642897;-0.12332;+1;0;+1;+1;-1

119.99;0.298376;0.587935;0.196288;-0.535963;-0.164733;-1;-0.257541;-0.294664;-0.49884;-0.62877;0.161021;0.0663573;-0.795824;0.0951276;-0.406032;-0.387471;-0.0348028;-0.155452;-0.025522;0.531322;0.2529;-0.0719258;-0.164733;-0.164733;-0.162877;-0.166589;-0.535035;-0.184223;-0.0524362;-0.258469;-0.0709977;-0.442227;0.0190255;-0.322506;-0.194432;-0.534107;0.234339;-0.00696056;-0.165661;-0.163805;-0.155452;-0.359629;0.0218097;0.0199536;-0.350348;-0.128538;0.0774942;0.299304;0.0208817;-0.0812065;-0.153596;-0.166589;0.0208817;-0.406032;-0.387471;0.438515;-0.675174;-0.257541;-0.443155;-0.62877;-0.0858469;-0.150812;0.401392;-0.265893;0.0508475;0.578025;0.811806;0.168907;0.694915;-0.12332;-0.357101;-0.12332;0.338399;0.583869;0.110462;0.578025;-0.12332;-0.357101;0.0520164;-0.00642897;-1;0;-1;+1;-1

113;-0.813457;0.298376;0.587935;0.196288;-0.535963;-0.164733;-1;-0.257541;-0.294664;-0.49884;-0.62877;0.161021;0.0663573;-0.795824;0.0951276;-0.406032;-0.387471;-0.0348028;-0.155452;-0.025522;0.531322;0.2529;-0.0719258;-0.164733;-0.164733;-0.162877;-0.166589;-0.535035;-0.184223;-0.0524362;-0.258469;-0.0709977;-0.442227;0.0190255;-0.322506;-0.194432;-0.534107;0.234339;-0.00696056;-0.165661;-0.163805;-0.155452;-0.359629;0.0218097;0.0199536;-0.350348;-0.128538;0.0774942;0.299304;0.0208817;-0.0812065;-0.153596;-0.166589;0.0208817;-0.406032;-0.387471;0.438515;-0.675174;-0.257541;-0.443155;-0.62877;-0.0858469;-0.150812;0.401392;-0.0753945;0.0508475;0.578025;0.811806;0.168907;0.694915;-0.12332;-0.357101;-0.12332;0.338399;0.583869;0.110462;0.578025;-0.12332;-0.357101;0.0520164;+1;0;-1;+1;-1

118;0.299304;-0.813457;0.298376;0.587935;0.196288;-0.535963;-0.164733;-1;-0.257541;-0.294664;-0.49884;-0.62877;0.161021;0.0663573;-0.795824;0.0951276;-0.406032;-0.387471;-0.0348028;-0.155452;-0.025522;0.531322;0.2529;-0.0719258;-0.164733;-0.164733;-0.162877;-0.166589;-0.535035;-0.184223;-0.0524362;-0.258469;-0.0709977;-0.442227;0.0190255;-0.322506;-0.194432;-0.534107;0.234339;-0.00696056;-0.165661;-0.163805;-0.155452;-0.359629;0.0218097;0.0199536;-0.350348;-0.128538;0.0774942;0.299304;0.0208817;-0.0812065;-0.153596;-0.166589;0.0208817;-0.406032;-0.387471;0.438515;-0.675174;-0.257541;-0.443155;-0.62877;-0.0858469;-0.150812;0.76505;-0.0753945;0.0508475;0.578025;0.811806;0.168907;0.694915;-0.12332;-0.357101;-0.12332;0.338399;0.583869;0.110462;0.578025;-0.12332;-0.357101;+1;0;+1;+1;-1

119.8;0.00232017;0.299304;-0.813457;0.298376;0.587935;0.196288;-0.535963;-0.164733;-1;-0.257541;-0.294664;-0.49884;-0.62877;0.161021;0.0663573;-0.795824;0.0951276;-0.406032;-0.387471;-0.0348028;-0.155452;-0.025522;0.531322;0.2529;-0.0719258;-0.164733;-0.164733;-0.162877;-0.166589;-0.535035;-0.184223;-0.0524362;-0.258469;-0.0709977;-0.442227;0.0190255;-0.322506;-0.194432;-0.534107;0.234339;-0.00696056;-0.165661;-0.163805;-0.155452;-0.359629;0.0218097;0.0199536;-0.350348;-0.128538;0.0774942;0.299304;0.0208817;-0.0812065;-0.153596;-0.166589;0.0208817;-0.406032;-0.387471;0.438515;-0.675174;-0.257541;-0.443155;-0.62877;-0.0858469;0.06955;0.76505;-0.0753945;0.0508475;0.578025;0.811806;0.168907;0.694915;-0.12332;-0.357101;-0.12332;0.338399;0.583869;0.110462;0.578025;-0.12332;+1;0;+1;+1;-1

125;0.317865;0.00232017;0.299304;-0.813457;0.298376;0.587935;0.196288;-0.535963;-0.164733;-1;-0.257541;-0.294664;-0.49884;-0.62877;0.161021;0.0663573;-0.795824;0.0951276;-0.406032;-0.387471;-0.0348028;-0.155452;-0.025522;0.531322;0.2529;-0.0719258;-0.164733;-0.164733;-0.162877;-0.166589;-0.535035;-0.184223;-0.0524362;-0.258469;-0.0709977;-0.442227;0.0190255;-0.322506;-0.194432;-0.534107;0.234339;-0.00696056;-0.165661;-0.163805;-0.155452;-0.359629;0.0218097;0.0199536;-0.350348;-0.128538;0.0774942;0.299304;0.0208817;-0.0812065;-0.153596;-0.166589;0.0208817;-0.406032;-0.387471;0.438515;-0.675174;-0.257541;-0.443155;-0.62877;0.151373;0.06955;0.76505;-0.0753945;0.0508475;0.578025;0.811806;0.168907;0.694915;-0.12332;-0.357101;-0.12332;0.338399;0.583869;0.110462;0.578025;-1;0;-1;+1;-1

119.97;-0.631555;0.317865;0.00232017;0.299304;-0.813457;0.298376;0.587935;0.196288;-0.535963;-0.164733;-1;-0.257541;-0.294664;-0.49884;-0.62877;0.161021;0.0663573;-0.795824;0.0951276;-0.406032;-0.387471;-0.0348028;-0.155452;-0.025522;0.531322;0.2529;-0.0719258;-0.164733;-0.164733;-0.162877;-0.166589;-0.535035;-0.184223;-0.0524362;-0.258469;-0.0709977;-0.442227;0.0190255;-0.322506;-0.194432;-0.534107;0.234339;-0.00696056;-0.165661;-0.163805;-0.155452;-0.359629;0.0218097;0.0199536;-0.350348;-0.128538;0.0774942;0.299304;0.0208817;-0.0812065;-0.153596;-0.166589;0.0208817;-0.406032;-0.387471;0.438515;-0.675174;-0.257541;-0.443155;-0.532437;0.151373;0.06955;0.76505;-0.0753945;0.0508475;0.578025;0.811806;0.168907;0.694915;-0.12332;-0.357101;-0.12332;0.338399;0.583869;0.110462;-1;0;-1;+1;-1

118.1;-0.338283;-0.631555;0.317865;0.00232017;0.299304;-0.813457;0.298376;0.587935;0.196288;-0.535963;-0.164733;-1;-0.257541;-0.294664;-0.49884;-0.62877;0.161021;0.0663573;-0.795824;0.0951276;-0.406032;-0.387471;-0.0348028;-0.155452;-0.025522;0.531322;0.2529;-0.0719258;-0.164733;-0.164733;-0.162877;-0.166589;-0.535035;-0.184223;-0.0524362;-0.258469;-0.0709977;-0.442227;0.0190255;-0.322506;-0.194432;-0.534107;0.234339;-0.00696056;-0.165661;-0.163805;-0.155452;-0.359629;0.0218097;0.0199536;-0.350348;-0.128538;0.0774942;0.299304;0.0208817;-0.0812065;-0.153596;-0.166589;0.0208817;-0.406032;-0.387471;0.438515;-0.675174;-0.257541;-0.298656;-0.532437;0.151373;0.06955;0.76505;-0.0753945;0.0508475;0.578025;0.811806;0.168907;0.694915;-0.12332;-0.357101;-0.12332;0.338399;0.583869;-1;0;-1;+1;-1

114;-0.545244;-0.338283;-0.631555;0.317865;0.00232017;0.299304;-0.813457;0.298376;0.587935;0.196288;-0.535963;-0.164733;-1;-0.257541;-0.294664;-0.49884;-0.62877;0.161021;0.0663573;-0.795824;0.0951276;-0.406032;-0.387471;-0.0348028;-0.155452;-0.025522;0.531322;0.2529;-0.0719258;-0.164733;-0.164733;-0.162877;-0.166589;-0.535035;-0.184223;-0.0524362;-0.258469;-0.0709977;-0.442227;0.0190255;-0.322506;-0.194432;-0.534107;0.234339;-0.00696056;-0.165661;-0.163805;-0.155452;-0.359629;0.0218097;0.0199536;-0.350348;-0.128538;0.0774942;0.299304;0.0208817;-0.0812065;-0.153596;-0.166589;0.0208817;-0.406032;-0.387471;0.438515;-0.675174;-0.0648743;-0.298656;-0.532437;0.151373;0.06955;0.76505;-0.0753945;0.0508475;0.578025;0.811806;0.168907;0.694915;-0.12332;-0.357101;-0.12332;0.338399;-1;0;-1;+1;-1

110;-0.535963;-0.545244;-0.338283;-0.631555;0.317865;0.00232017;0.299304;-0.813457;0.298376;0.587935;0.196288;-0.535963;-0.164733;-1;-0.257541;-0.294664;-0.49884;-0.62877;0.161021;0.0663573;-0.795824;0.0951276;-0.406032;-0.387471;-0.0348028;-0.155452;-0.025522;0.531322;0.2529;-0.0719258;-0.164733;-0.164733;-0.162877;-0.166589;-0.535035;-0.184223;-0.0524362;-0.258469;-0.0709977;-0.442227;0.0190255;-0.322506;-0.194432;-0.534107;0.234339;-0.00696056;-0.165661;-0.163805;-0.155452;-0.359629;0.0218097;0.0199536;-0.350348;-0.128538;0.0774942;0.299304;0.0208817;-0.0812065;-0.153596;-0.166589;0.0208817;-0.406032;-0.387471;0.438515;-0.590883;-0.0648743;-0.298656;-0.532437;0.151373;0.06955;0.76505;-0.0753945;0.0508475;0.578025;0.811806;0.168907;0.694915;-0.12332;-0.357101;-0.12332;-1;0;-1;+1;-1

110;-0.164733;-0.535963;-0.545244;-0.338283;-0.631555;0.317865;0.00232017;0.299304;-0.813457;0.298376;0.587935;0.196288;-0.535963;-0.164733;-1;-0.257541;-0.294664;-0.49884;-0.62877;0.161021;0.0663573;-0.795824;0.0951276;-0.406032;-0.387471;-0.0348028;-0.155452;-0.025522;0.531322;0.2529;-0.0719258;-0.164733;-0.164733;-0.162877;-0.166589;-0.535035;-0.184223;-0.0524362;-0.258469;-0.0709977;-0.442227;0.0190255;-0.322506;-0.194432;-0.534107;0.234339;-0.00696056;-0.165661;-0.163805;-0.155452;-0.359629;0.0218097;0.0199536;-0.350348;-0.128538;0.0774942;0.299304;0.0208817;-0.0812065;-0.153596;-0.166589;0.0208817;-0.406032;-0.387471;0.811806;-0.590883;-0.0648743;-0.298656;-0.532437;0.151373;0.06955;0.76505;-0.0753945;0.0508475;0.578025;0.811806;0.168907;0.694915;-0.12332;-0.357101;-1;0;-1;+1;-1

106;-0.535963;-0.164733;-0.535963;-0.545244;-0.338283;-0.631555;0.317865;0.00232017;0.299304;-0.813457;0.298376;0.587935;0.196288;-0.535963;-0.164733;-1;-0.257541;-0.294664;-0.49884;-0.62877;0.161021;0.0663573;-0.795824;0.0951276;-0.406032;-0.387471;-0.0348028;-0.155452;-0.025522;0.531322;0.2529;-0.0719258;-0.164733;-0.164733;-0.162877;-0.166589;-0.535035;-0.184223;-0.0524362;-0.258469;-0.0709977;-0.442227;0.0190255;-0.322506;-0.194432;-0.534107;0.234339;-0.00696056;-0.165661;-0.163805;-0.155452;-0.359629;0.0218097;0.0199536;-0.350348;-0.128538;0.0774942;0.299304;0.0208817;-0.0812065;-0.153596;-0.166589;0.0208817;-0.406032;-0.228521;0.811806;-0.590883;-0.0648743;-0.298656;-0.532437;0.151373;0.06955;0.76505;-0.0753945;0.0508475;0.578025;0.811806;0.168907;0.694915;-0.12332;-1;0;-1;+1;-1

100.99;-0.629698;-0.535963;-0.164733;-0.535963;-0.545244;-0.338283;-0.631555;0.317865;0.00232017;0.299304;-0.813457;0.298376;0.587935;0.196288;-0.535963;-0.164733;-1;-0.257541;-0.294664;-0.49884;-0.62877;0.161021;0.0663573;-0.795824;0.0951276;-0.406032;-0.387471;-0.0348028;-0.155452;-0.025522;0.531322;0.2529;-0.0719258;-0.164733;-0.164733;-0.162877;-0.166589;-0.535035;-0.184223;-0.0524362;-0.258469;-0.0709977;-0.442227;0.0190255;-0.322506;-0.194432;-0.534107;0.234339;-0.00696056;-0.165661;-0.163805;-0.155452;-0.359629;0.0218097;0.0199536;-0.350348;-0.128538;0.0774942;0.299304;0.0208817;-0.0812065;-0.153596;-0.166589;0.0208817;-0.251899;-0.228521;0.811806;-0.590883;-0.0648743;-0.298656;-0.532437;0.151373;0.06955;0.76505;-0.0753945;0.0508475;0.578025;0.811806;0.168907;0.694915;-1;0;-1;+1;-1

96;-0.627842;-0.629698;-0.535963;-0.164733;-0.535963;-0.545244;-0.338283;-0.631555;0.317865;0.00232017;0.299304;-0.813457;0.298376;0.587935;0.196288;-0.535963;-0.164733;-1;-0.257541;-0.294664;-0.49884;-0.62877;0.161021;0.0663573;-0.795824;0.0951276;-0.406032;-0.387471;-0.0348028;-0.155452;-0.025522;0.531322;0.2529;-0.0719258;-0.164733;-0.164733;-0.162877;-0.166589;-0.535035;-0.184223;-0.0524362;-0.258469;-0.0709977;-0.442227;0.0190255;-0.322506;-0.194432;-0.534107;0.234339;-0.00696056;-0.165661;-0.163805;-0.155452;-0.359629;0.0218097;0.0199536;-0.350348;-0.128538;0.0774942;0.299304;0.0208817;-0.0812065;-0.153596;-0.166589;0.285798;-0.251899;-0.228521;0.811806;-0.590883;-0.0648743;-0.298656;-0.532437;0.151373;0.06955;0.76505;-0.0753945;0.0508475;0.578025;0.811806;0.168907;+1;0;+1;+1;-1

101.53;0.348492;-0.627842;-0.629698;-0.535963;-0.164733;-0.535963;-0.545244;-0.338283;-0.631555;0.317865;0.00232017;0.299304;-0.813457;0.298376;0.587935;0.196288;-0.535963;-0.164733;-1;-0.257541;-0.294664;-0.49884;-0.62877;0.161021;0.0663573;-0.795824;0.0951276;-0.406032;-0.387471;-0.0348028;-0.155452;-0.025522;0.531322;0.2529;-0.0719258;-0.164733;-0.164733;-0.162877;-0.166589;-0.535035;-0.184223;-0.0524362;-0.258469;-0.0709977;-0.442227;0.0190255;-0.322506;-0.194432;-0.534107;0.234339;-0.00696056;-0.165661;-0.163805;-0.155452;-0.359629;0.0218097;0.0199536;-0.350348;-0.128538;0.0774942;0.299304;0.0208817;-0.0812065;-0.153596;0.0496786;0.285798;-0.251899;-0.228521;0.811806;-0.590883;-0.0648743;-0.298656;-0.532437;0.151373;0.06955;0.76505;-0.0753945;0.0508475;0.578025;0.811806;+1;0;+1;+1;-1

104.25;0.087703;0.348492;-0.627842;-0.629698;-0.535963;-0.164733;-0.535963;-0.545244;-0.338283;-0.631555;0.317865;0.00232017;0.299304;-0.813457;0.298376;0.587935;0.196288;-0.535963;-0.164733;-1;-0.257541;-0.294664;-0.49884;-0.62877;0.161021;0.0663573;-0.795824;0.0951276;-0.406032;-0.387471;-0.0348028;-0.155452;-0.025522;0.531322;0.2529;-0.0719258;-0.164733;-0.164733;-0.162877;-0.166589;-0.535035;-0.184223;-0.0524362;-0.258469;-0.0709977;-0.442227;0.0190255;-0.322506;-0.194432;-0.534107;0.234339;-0.00696056;-0.165661;-0.163805;-0.155452;-0.359629;0.0218097;0.0199536;-0.350348;-0.128538;0.0774942;0.299304;0.0208817;-0.0812065;0.0660433;0.0496786;0.285798;-0.251899;-0.228521;0.811806;-0.590883;-0.0648743;-0.298656;-0.532437;0.151373;0.06955;0.76505;-0.0753945;0.0508475;0.578025;+1;0;-1;+1;-1

106.75;0.0672854;0.087703;0.348492;-0.627842;-0.629698;-0.535963;-0.164733;-0.535963;-0.545244;-0.338283;-0.631555;0.317865;0.00232017;0.299304;-0.813457;0.298376;0.587935;0.196288;-0.535963;-0.164733;-1;-0.257541;-0.294664;-0.49884;-0.62877;0.161021;0.0663573;-0.795824;0.0951276;-0.406032;-0.387471;-0.0348028;-0.155452;-0.025522;0.531322;0.2529;-0.0719258;-0.164733;-0.164733;-0.162877;-0.166589;-0.535035;-0.184223;-0.0524362;-0.258469;-0.0709977;-0.442227;0.0190255;-0.322506;-0.194432;-0.534107;0.234339;-0.00696056;-0.165661;-0.163805;-0.155452;-0.359629;0.0218097;0.0199536;-0.350348;-0.128538;0.0774942;0.299304;0.0208817;0.157218;0.0660433;0.0496786;0.285798;-0.251899;-0.228521;0.811806;-0.590883;-0.0648743;-0.298656;-0.532437;0.151373;0.06955;0.76505;-0.0753945;0.0508475;-1;0;-1;+1;-1

104.61;-0.363341;0.0672854;0.087703;0.348492;-0.627842;-0.629698;-0.535963;-0.164733;-0.535963;-0.545244;-0.338283;-0.631555;0.317865;0.00232017;0.299304;-0.813457;0.298376;0.587935;0.196288;-0.535963;-0.164733;-1;-0.257541;-0.294664;-0.49884;-0.62877;0.161021;0.0663573;-0.795824;0.0951276;-0.406032;-0.387471;-0.0348028;-0.155452;-0.025522;0.531322;0.2529;-0.0719258;-0.164733;-0.164733;-0.162877;-0.166589;-0.535035;-0.184223;-0.0524362;-0.258469;-0.0709977;-0.442227;0.0190255;-0.322506;-0.194432;-0.534107;0.234339;-0.00696056;-0.165661;-0.163805;-0.155452;-0.359629;0.0218097;0.0199536;-0.350348;-0.128538;0.0774942;0.299304;0.285798;0.157218;0.0660433;0.0496786;0.285798;-0.251899;-0.228521;0.811806;-0.590883;-0.0648743;-0.298656;-0.532437;0.151373;0.06955;0.76505;-0.0753945;+1;0;+1;+1;-1

107.5;0.10348;-0.363341;0.0672854;0.087703;0.348492;-0.627842;-0.629698;-0.535963;-0.164733;-0.535963;-0.545244;-0.338283;-0.631555;0.317865;0.00232017;0.299304;-0.813457;0.298376;0.587935;0.196288;-0.535963;-0.164733;-1;-0.257541;-0.294664;-0.49884;-0.62877;0.161021;0.0663573;-0.795824;0.0951276;-0.406032;-0.387471;-0.0348028;-0.155452;-0.025522;0.531322;0.2529;-0.0719258;-0.164733;-0.164733;-0.162877;-0.166589;-0.535035;-0.184223;-0.0524362;-0.258469;-0.0709977;-0.442227;0.0190255;-0.322506;-0.194432;-0.534107;0.234339;-0.00696056;-0.165661;-0.163805;-0.155452;-0.359629;0.0218097;0.0199536;-0.350348;-0.128538;0.0774942;0.63647;0.285798;0.157218;0.0660433;0.0496786;0.285798;-0.251899;-0.228521;0.811806;-0.590883;-0.0648743;-0.298656;-0.532437;0.151373;0.06955;0.76505;+1;0;+1;+1;-1

110;0.0672854;0.10348;-0.363341;0.0672854;0.087703;0.348492;-0.627842;-0.629698;-0.535963;-0.164733;-0.535963;-0.545244;-0.338283;-0.631555;0.317865;0.00232017;0.299304;-0.813457;0.298376;0.587935;0.196288;-0.535963;-0.164733;-1;-0.257541;-0.294664;-0.49884;-0.62877;0.161021;0.0663573;-0.795824;0.0951276;-0.406032;-0.387471;-0.0348028;-0.155452;-0.025522;0.531322;0.2529;-0.0719258;-0.164733;-0.164733;-0.162877;-0.166589;-0.535035;-0.184223;-0.0524362;-0.258469;-0.0709977;-0.442227;0.0190255;-0.322506;-0.194432;-0.534107;0.234339;-0.00696056;-0.165661;-0.163805;-0.155452;-0.359629;0.0218097;0.0199536;-0.350348;-0.128538;0.357101;0.63647;0.285798;0.157218;0.0660433;0.0496786;0.285798;-0.251899;-0.228521;0.811806;-0.590883;-0.0648743;-0.298656;-0.532437;0.151373;0.06955;-1;0;+1;+1;-1

108;-0.350348;0.0672854;0.10348;-0.363341;0.0672854;0.087703;0.348492;-0.627842;-0.629698;-0.535963;-0.164733;-0.535963;-0.545244;-0.338283;-0.631555;0.317865;0.00232017;0.299304;-0.813457;0.298376;0.587935;0.196288;-0.535963;-0.164733;-1;-0.257541;-0.294664;-0.49884;-0.62877;0.161021;0.0663573;-0.795824;0.0951276;-0.406032;-0.387471;-0.0348028;-0.155452;-0.025522;0.531322;0.2529;-0.0719258;-0.164733;-0.164733;-0.162877;-0.166589;-0.535035;-0.184223;-0.0524362;-0.258469;-0.0709977;-0.442227;0.0190255;-0.322506;-0.194432;-0.534107;0.234339;-0.00696056;-0.165661;-0.163805;-0.155452;-0.359629;0.0218097;0.0199536;-0.350348;0.0976038;0.357101;0.63647;0.285798;0.157218;0.0660433;0.0496786;0.285798;-0.251899;-0.228521;0.811806;-0.590883;-0.0648743;-0.298656;-0.532437;0.151373;-1;0;-1;+1;-1

105;-0.443155;-0.350348;0.0672854;0.10348;-0.363341;0.0672854;0.087703;0.348492;-0.627842;-0.629698;-0.535963;-0.164733;-0.535963;-0.545244;-0.338283;-0.631555;0.317865;0.00232017;0.299304;-0.813457;0.298376;0.587935;0.196288;-0.535963;-0.164733;-1;-0.257541;-0.294664;-0.49884;-0.62877;0.161021;0.0663573;-0.795824;0.0951276;-0.406032;-0.387471;-0.0348028;-0.155452;-0.025522;0.531322;0.2529;-0.0719258;-0.164733;-0.164733;-0.162877;-0.166589;-0.535035;-0.184223;-0.0524362;-0.258469;-0.0709977;-0.442227;0.0190255;-0.322506;-0.194432;-0.534107;0.234339;-0.00696056;-0.165661;-0.163805;-0.155452;-0.359629;0.0218097;0.0199536;-0.181765;0.0976038;0.357101;0.63647;0.285798;0.157218;0.0660433;0.0496786;0.285798;-0.251899;-0.228521;0.811806;-0.590883;-0.0648743;-0.298656;-0.532437;-1;0;+1;+1;-1

104.99;-0.165661;-0.443155;-0.350348;0.0672854;0.10348;-0.363341;0.0672854;0.087703;0.348492;-0.627842;-0.629698;-0.535963;-0.164733;-0.535963;-0.545244;-0.338283;-0.631555;0.317865;0.00232017;0.299304;-0.813457;0.298376;0.587935;0.196288;-0.535963;-0.164733;-1;-0.257541;-0.294664;-0.49884;-0.62877;0.161021;0.0663573;-0.795824;0.0951276;-0.406032;-0.387471;-0.0348028;-0.155452;-0.025522;0.531322;0.2529;-0.0719258;-0.164733;-0.164733;-0.162877;-0.166589;-0.535035;-0.184223;-0.0524362;-0.258469;-0.0709977;-0.442227;0.0190255;-0.322506;-0.194432;-0.534107;0.234339;-0.00696056;-0.165661;-0.163805;-0.155452;-0.359629;0.0218097;0.284629;-0.181765;0.0976038;0.357101;0.63647;0.285798;0.157218;0.0660433;0.0496786;0.285798;-0.251899;-0.228521;0.811806;-0.590883;-0.0648743;-0.298656;+1;0;+1;+1;-1

109;0.207425;-0.165661;-0.443155;-0.350348;0.0672854;0.10348;-0.363341;0.0672854;0.087703;0.348492;-0.627842;-0.629698;-0.535963;-0.164733;-0.535963;-0.545244;-0.338283;-0.631555;0.317865;0.00232017;0.299304;-0.813457;0.298376;0.587935;0.196288;-0.535963;-0.164733;-1;-0.257541;-0.294664;-0.49884;-0.62877;0.161021;0.0663573;-0.795824;0.0951276;-0.406032;-0.387471;-0.0348028;-0.155452;-0.025522;0.531322;0.2529;-0.0719258;-0.164733;-0.164733;-0.162877;-0.166589;-0.535035;-0.184223;-0.0524362;-0.258469;-0.0709977;-0.442227;0.0190255;-0.322506;-0.194432;-0.534107;0.234339;-0.00696056;-0.165661;-0.163805;-0.155452;-0.359629;0.286967;0.284629;-0.181765;0.0976038;0.357101;0.63647;0.285798;0.157218;0.0660433;0.0496786;0.285798;-0.251899;-0.228521;0.811806;-0.590883;-0.0648743;+1;0;+1;+1;-1

116.45;0.526682;0.207425;-0.165661;-0.443155;-0.350348;0.0672854;0.10348;-0.363341;0.0672854;0.087703;0.348492;-0.627842;-0.629698;-0.535963;-0.164733;-0.535963;-0.545244;-0.338283;-0.631555;0.317865;0.00232017;0.299304;-0.813457;0.298376;0.587935;0.196288;-0.535963;-0.164733;-1;-0.257541;-0.294664;-0.49884;-0.62877;0.161021;0.0663573;-0.795824;0.0951276;-0.406032;-0.387471;-0.0348028;-0.155452;-0.025522;0.531322;0.2529;-0.0719258;-0.164733;-0.164733;-0.162877;-0.166589;-0.535035;-0.184223;-0.0524362;-0.258469;-0.0709977;-0.442227;0.0190255;-0.322506;-0.194432;-0.534107;0.234339;-0.00696056;-0.165661;-0.163805;-0.155452;-0.193454;0.286967;0.284629;-0.181765;0.0976038;0.357101;0.63647;0.285798;0.157218;0.0660433;0.0496786;0.285798;-0.251899;-0.228521;0.811806;-0.590883;+1;0;+1;+1;-1

129;1;0.526682;0.207425;-0.165661;-0.443155;-0.350348;0.0672854;0.10348;-0.363341;0.0672854;0.087703;0.348492;-0.627842;-0.629698;-0.535963;-0.164733;-0.535963;-0.545244;-0.338283;-0.631555;0.317865;0.00232017;0.299304;-0.813457;0.298376;0.587935;0.196288;-0.535963;-0.164733;-1;-0.257541;-0.294664;-0.49884;-0.62877;0.161021;0.0663573;-0.795824;0.0951276;-0.406032;-0.387471;-0.0348028;-0.155452;-0.025522;0.531322;0.2529;-0.0719258;-0.164733;-0.164733;-0.162877;-0.166589;-0.535035;-0.184223;-0.0524362;-0.258469;-0.0709977;-0.442227;0.0190255;-0.322506;-0.194432;-0.534107;0.234339;-0.00696056;-0.165661;-0.163805;0.0637055;-0.193454;0.286967;0.284629;-0.181765;0.0976038;0.357101;0.63647;0.285798;0.157218;0.0660433;0.0496786;0.285798;-0.251899;-0.228521;0.811806;-1;0;-1;+1;-1

123.7;-0.656613;1;0.526682;0.207425;-0.165661;-0.443155;-0.350348;0.0672854;0.10348;-0.363341;0.0672854;0.087703;0.348492;-0.627842;-0.629698;-0.535963;-0.164733;-0.535963;-0.545244;-0.338283;-0.631555;0.317865;0.00232017;0.299304;-0.813457;0.298376;0.587935;0.196288;-0.535963;-0.164733;-1;-0.257541;-0.294664;-0.49884;-0.62877;0.161021;0.0663573;-0.795824;0.0951276;-0.406032;-0.387471;-0.0348028;-0.155452;-0.025522;0.531322;0.2529;-0.0719258;-0.164733;-0.164733;-0.162877;-0.166589;-0.535035;-0.184223;-0.0524362;-0.258469;-0.0709977;-0.442227;0.0190255;-0.322506;-0.194432;-0.534107;0.234339;-0.00696056;-0.165661;0.0531853;0.0637055;-0.193454;0.286967;0.284629;-0.181765;0.0976038;0.357101;0.63647;0.285798;0.157218;0.0660433;0.0496786;0.285798;-0.251899;-0.228521;-1;0;+1;+1;-1

117;-0.786543;-0.656613;1;0.526682;0.207425;-0.165661;-0.443155;-0.350348;0.0672854;0.10348;-0.363341;0.0672854;0.087703;0.348492;-0.627842;-0.629698;-0.535963;-0.164733;-0.535963;-0.545244;-0.338283;-0.631555;0.317865;0.00232017;0.299304;-0.813457;0.298376;0.587935;0.196288;-0.535963;-0.164733;-1;-0.257541;-0.294664;-0.49884;-0.62877;0.161021;0.0663573;-0.795824;0.0951276;-0.406032;-0.387471;-0.0348028;-0.155452;-0.025522;0.531322;0.2529;-0.0719258;-0.164733;-0.164733;-0.162877;-0.166589;-0.535035;-0.184223;-0.0524362;-0.258469;-0.0709977;-0.442227;0.0190255;-0.322506;-0.194432;-0.534107;0.234339;-0.00696056;0.0508475;0.0531853;0.0637055;-0.193454;0.286967;0.284629;-0.181765;0.0976038;0.357101;0.63647;0.285798;0.157218;0.0660433;0.0496786;0.285798;-0.251899;+1;0;+1;+1;-1

119.9;0.104408;-0.786543;-0.656613;1;0.526682;0.207425;-0.165661;-0.443155;-0.350348;0.0672854;0.10348;-0.363341;0.0672854;0.087703;0.348492;-0.627842;-0.629698;-0.535963;-0.164733;-0.535963;-0.545244;-0.338283;-0.631555;0.317865;0.00232017;0.299304;-0.813457;0.298376;0.587935;0.196288;-0.535963;-0.164733;-1;-0.257541;-0.294664;-0.49884;-0.62877;0.161021;0.0663573;-0.795824;0.0951276;-0.406032;-0.387471;-0.0348028;-0.155452;-0.025522;0.531322;0.2529;-0.0719258;-0.164733;-0.164733;-0.162877;-0.166589;-0.535035;-0.184223;-0.0524362;-0.258469;-0.0709977;-0.442227;0.0190255;-0.322506;-0.194432;-0.534107;0.234339;0.250731;0.0508475;0.0531853;0.0637055;-0.193454;0.286967;0.284629;-0.181765;0.0976038;0.357101;0.63647;0.285798;0.157218;0.0660433;0.0496786;0.285798;+1;0;+1;+1;-1

120;-0.155452;0.104408;-0.786543;-0.656613;1;0.526682;0.207425;-0.165661;-0.443155;-0.350348;0.0672854;0.10348;-0.363341;0.0672854;0.087703;0.348492;-0.627842;-0.629698;-0.535963;-0.164733;-0.535963;-0.545244;-0.338283;-0.631555;0.317865;0.00232017;0.299304;-0.813457;0.298376;0.587935;0.196288;-0.535963;-0.164733;-1;-0.257541;-0.294664;-0.49884;-0.62877;0.161021;0.0663573;-0.795824;0.0951276;-0.406032;-0.387471;-0.0348028;-0.155452;-0.025522;0.531322;0.2529;-0.0719258;-0.164733;-0.164733;-0.162877;-0.166589;-0.535035;-0.184223;-0.0524362;-0.258469;-0.0709977;-0.442227;0.0190255;-0.322506;-0.194432;-0.534107;0.554646;0.250731;0.0508475;0.0531853;0.0637055;-0.193454;0.286967;0.284629;-0.181765;0.0976038;0.357101;0.63647;0.285798;0.157218;0.0660433;0.0496786;+1;0;+1;+1;-1

120.05;-0.160093;-0.155452;0.104408;-0.786543;-0.656613;1;0.526682;0.207425;-0.165661;-0.443155;-0.350348;0.0672854;0.10348;-0.363341;0.0672854;0.087703;0.348492;-0.627842;-0.629698;-0.535963;-0.164733;-0.535963;-0.545244;-0.338283;-0.631555;0.317865;0.00232017;0.299304;-0.813457;0.298376;0.587935;0.196288;-0.535963;-0.164733;-1;-0.257541;-0.294664;-0.49884;-0.62877;0.161021;0.0663573;-0.795824;0.0951276;-0.406032;-0.387471;-0.0348028;-0.155452;-0.025522;0.531322;0.2529;-0.0719258;-0.164733;-0.164733;-0.162877;-0.166589;-0.535035;-0.184223;-0.0524362;-0.258469;-0.0709977;-0.442227;0.0190255;-0.322506;-0.194432;-0.413209;0.554646;0.250731;0.0508475;0.0531853;0.0637055;-0.193454;0.286967;0.284629;-0.181765;0.0976038;0.357101;0.63647;0.285798;0.157218;0.0660433;+1;0;+1;+1;-1

121.2;-0.0580047;-0.160093;-0.155452;0.104408;-0.786543;-0.656613;1;0.526682;0.207425;-0.165661;-0.443155;-0.350348;0.0672854;0.10348;-0.363341;0.0672854;0.087703;0.348492;-0.627842;-0.629698;-0.535963;-0.164733;-0.535963;-0.545244;-0.338283;-0.631555;0.317865;0.00232017;0.299304;-0.813457;0.298376;0.587935;0.196288;-0.535963;-0.164733;-1;-0.257541;-0.294664;-0.49884;-0.62877;0.161021;0.0663573;-0.795824;0.0951276;-0.406032;-0.387471;-0.0348028;-0.155452;-0.025522;0.531322;0.2529;-0.0719258;-0.164733;-0.164733;-0.162877;-0.166589;-0.535035;-0.184223;-0.0524362;-0.258469;-0.0709977;-0.442227;0.0190255;-0.322506;0.0146114;-0.413209;0.554646;0.250731;0.0508475;0.0531853;0.0637055;-0.193454;0.286967;0.284629;-0.181765;0.0976038;0.357101;0.63647;0.285798;0.157218;-1;0;-1;+1;-1

120;-0.276102;-0.0580047;-0.160093;-0.155452;0.104408;-0.786543;-0.656613;1;0.526682;0.207425;-0.165661;-0.443155;-0.350348;0.0672854;0.10348;-0.363341;0.0672854;0.087703;0.348492;-0.627842;-0.629698;-0.535963;-0.164733;-0.535963;-0.545244;-0.338283;-0.631555;0.317865;0.00232017;0.299304;-0.813457;0.298376;0.587935;0.196288;-0.535963;-0.164733;-1;-0.257541;-0.294664;-0.49884;-0.62877;0.161021;0.0663573;-0.795824;0.0951276;-0.406032;-0.387471;-0.0348028;-0.155452;-0.025522;0.531322;0.2529;-0.0719258;-0.164733;-0.164733;-0.162877;-0.166589;-0.535035;-0.184223;-0.0524362;-0.258469;-0.0709977;-0.442227;0.0190255;-0.146698;0.0146114;-0.413209;0.554646;0.250731;0.0508475;0.0531853;0.0637055;-0.193454;0.286967;0.284629;-0.181765;0.0976038;0.357101;0.63647;0.285798;-1;0;-1;+1;-1

113.57;-0.761485;-0.276102;-0.0580047;-0.160093;-0.155452;0.104408;-0.786543;-0.656613;1;0.526682;0.207425;-0.165661;-0.443155;-0.350348;0.0672854;0.10348;-0.363341;0.0672854;0.087703;0.348492;-0.627842;-0.629698;-0.535963;-0.164733;-0.535963;-0.545244;-0.338283;-0.631555;0.317865;0.00232017;0.299304;-0.813457;0.298376;0.587935;0.196288;-0.535963;-0.164733;-1;-0.257541;-0.294664;-0.49884;-0.62877;0.161021;0.0663573;-0.795824;0.0951276;-0.406032;-0.387471;-0.0348028;-0.155452;-0.025522;0.531322;0.2529;-0.0719258;-0.164733;-0.164733;-0.162877;-0.166589;-0.535035;-0.184223;-0.0524362;-0.258469;-0.0709977;-0.442227;0.28346;-0.146698;0.0146114;-0.413209;0.554646;0.250731;0.0508475;0.0531853;0.0637055;-0.193454;0.286967;0.284629;-0.181765;0.0976038;0.357101;0.63647;-1;0;-1;+1;-1

111.49;-0.357773;-0.761485;-0.276102;-0.0580047;-0.160093;-0.155452;0.104408;-0.786543;-0.656613;1;0.526682;0.207425;-0.165661;-0.443155;-0.350348;0.0672854;0.10348;-0.363341;0.0672854;0.087703;0.348492;-0.627842;-0.629698;-0.535963;-0.164733;-0.535963;-0.545244;-0.338283;-0.631555;0.317865;0.00232017;0.299304;-0.813457;0.298376;0.587935;0.196288;-0.535963;-0.164733;-1;-0.257541;-0.294664;-0.49884;-0.62877;0.161021;0.0663573;-0.795824;0.0951276;-0.406032;-0.387471;-0.0348028;-0.155452;-0.025522;0.531322;0.2529;-0.0719258;-0.164733;-0.164733;-0.162877;-0.166589;-0.535035;-0.184223;-0.0524362;-0.258469;-0.0709977;-0.297487;0.28346;-0.146698;0.0146114;-0.413209;0.554646;0.250731;0.0508475;0.0531853;0.0637055;-0.193454;0.286967;0.284629;-0.181765;0.0976038;0.357101;-1;0;-1;+1;-1

107.5;-0.535035;-0.357773;-0.761485;-0.276102;-0.0580047;-0.160093;-0.155452;0.104408;-0.786543;-0.656613;1;0.526682;0.207425;-0.165661;-0.443155;-0.350348;0.0672854;0.10348;-0.363341;0.0672854;0.087703;0.348492;-0.627842;-0.629698;-0.535963;-0.164733;-0.535963;-0.545244;-0.338283;-0.631555;0.317865;0.00232017;0.299304;-0.813457;0.298376;0.587935;0.196288;-0.535963;-0.164733;-1;-0.257541;-0.294664;-0.49884;-0.62877;0.161021;0.0663573;-0.795824;0.0951276;-0.406032;-0.387471;-0.0348028;-0.155452;-0.025522;0.531322;0.2529;-0.0719258;-0.164733;-0.164733;-0.162877;-0.166589;-0.535035;-0.184223;-0.0524362;-0.258469;0.170076;-0.297487;0.28346;-0.146698;0.0146114;-0.413209;0.554646;0.250731;0.0508475;0.0531853;0.0637055;-0.193454;0.286967;0.284629;-0.181765;0.0976038;+1;0;+1;+1;-1

108.15;-0.104408;-0.535035;-0.357773;-0.761485;-0.276102;-0.0580047;-0.160093;-0.155452;0.104408;-0.786543;-0.656613;1;0.526682;0.207425;-0.165661;-0.443155;-0.350348;0.0672854;0.10348;-0.363341;0.0672854;0.087703;0.348492;-0.627842;-0.629698;-0.535963;-0.164733;-0.535963;-0.545244;-0.338283;-0.631555;0.317865;0.00232017;0.299304;-0.813457;0.298376;0.587935;0.196288;-0.535963;-0.164733;-1;-0.257541;-0.294664;-0.49884;-0.62877;0.161021;0.0663573;-0.795824;0.0951276;-0.406032;-0.387471;-0.0348028;-0.155452;-0.025522;0.531322;0.2529;-0.0719258;-0.164733;-0.164733;-0.162877;-0.166589;-0.535035;-0.184223;-0.0524362;-0.0660432;0.170076;-0.297487;0.28346;-0.146698;0.0146114;-0.413209;0.554646;0.250731;0.0508475;0.0531853;0.0637055;-0.193454;0.286967;0.284629;-0.181765;+1;0;+1;+1;-1

110;0.00696055;-0.104408;-0.535035;-0.357773;-0.761485;-0.276102;-0.0580047;-0.160093;-0.155452;0.104408;-0.786543;-0.656613;1;0.526682;0.207425;-0.165661;-0.443155;-0.350348;0.0672854;0.10348;-0.363341;0.0672854;0.087703;0.348492;-0.627842;-0.629698;-0.535963;-0.164733;-0.535963;-0.545244;-0.338283;-0.631555;0.317865;0.00232017;0.299304;-0.813457;0.298376;0.587935;0.196288;-0.535963;-0.164733;-1;-0.257541;-0.294664;-0.49884;-0.62877;0.161021;0.0663573;-0.795824;0.0951276;-0.406032;-0.387471;-0.0348028;-0.155452;-0.025522;0.531322;0.2529;-0.0719258;-0.164733;-0.164733;-0.162877;-0.166589;-0.535035;-0.184223;0.193454;-0.0660432;0.170076;-0.297487;0.28346;-0.146698;0.0146114;-0.413209;0.554646;0.250731;0.0508475;0.0531853;0.0637055;-0.193454;0.286967;0.284629;+1;0;+1;+1;-1

112;0.0208817;0.00696055;-0.104408;-0.535035;-0.357773;-0.761485;-0.276102;-0.0580047;-0.160093;-0.155452;0.104408;-0.786543;-0.656613;1;0.526682;0.207425;-0.165661;-0.443155;-0.350348;0.0672854;0.10348;-0.363341;0.0672854;0.087703;0.348492;-0.627842;-0.629698;-0.535963;-0.164733;-0.535963;-0.545244;-0.338283;-0.631555;0.317865;0.00232017;0.299304;-0.813457;0.298376;0.587935;0.196288;-0.535963;-0.164733;-1;-0.257541;-0.294664;-0.49884;-0.62877;0.161021;0.0663573;-0.795824;0.0951276;-0.406032;-0.387471;-0.0348028;-0.155452;-0.025522;0.531322;0.2529;-0.0719258;-0.164733;-0.164733;-0.162877;-0.166589;-0.535035;0.0274693;0.193454;-0.0660432;0.170076;-0.297487;0.28346;-0.146698;0.0146114;-0.413209;0.554646;0.250731;0.0508475;0.0531853;0.0637055;-0.193454;0.286967;-1;0;-1;+1;-1

110.11;-0.340139;0.0208817;0.00696055;-0.104408;-0.535035;-0.357773;-0.761485;-0.276102;-0.0580047;-0.160093;-0.155452;0.104408;-0.786543;-0.656613;1;0.526682;0.207425;-0.165661;-0.443155;-0.350348;0.0672854;0.10348;-0.363341;0.0672854;0.087703;0.348492;-0.627842;-0.629698;-0.535963;-0.164733;-0.535963;-0.545244;-0.338283;-0.631555;0.317865;0.00232017;0.299304;-0.813457;0.298376;0.587935;0.196288;-0.535963;-0.164733;-1;-0.257541;-0.294664;-0.49884;-0.62877;0.161021;0.0663573;-0.795824;0.0951276;-0.406032;-0.387471;-0.0348028;-0.155452;-0.025522;0.531322;0.2529;-0.0719258;-0.164733;-0.164733;-0.162877;-0.166589;-0.414378;0.0274693;0.193454;-0.0660432;0.170076;-0.297487;0.28346;-0.146698;0.0146114;-0.413209;0.554646;0.250731;0.0508475;0.0531853;0.0637055;-0.193454;-1;0;-1;+1;-1

109.1;-0.258469;-0.340139;0.0208817;0.00696055;-0.104408;-0.535035;-0.357773;-0.761485;-0.276102;-0.0580047;-0.160093;-0.155452;0.104408;-0.786543;-0.656613;1;0.526682;0.207425;-0.165661;-0.443155;-0.350348;0.0672854;0.10348;-0.363341;0.0672854;0.087703;0.348492;-0.627842;-0.629698;-0.535963;-0.164733;-0.535963;-0.545244;-0.338283;-0.631555;0.317865;0.00232017;0.299304;-0.813457;0.298376;0.587935;0.196288;-0.535963;-0.164733;-1;-0.257541;-0.294664;-0.49884;-0.62877;0.161021;0.0663573;-0.795824;0.0951276;-0.406032;-0.387471;-0.0348028;-0.155452;-0.025522;0.531322;0.2529;-0.0719258;-0.164733;-0.164733;-0.162877;0.0496786;-0.414378;0.0274693;0.193454;-0.0660432;0.170076;-0.297487;0.28346;-0.146698;0.0146114;-0.413209;0.554646;0.250731;0.0508475;0.0531853;0.0637055;+1;0;+1;+1;-1

111;0.0116009;-0.258469;-0.340139;0.0208817;0.00696055;-0.104408;-0.535035;-0.357773;-0.761485;-0.276102;-0.0580047;-0.160093;-0.155452;0.104408;-0.786543;-0.656613;1;0.526682;0.207425;-0.165661;-0.443155;-0.350348;0.0672854;0.10348;-0.363341;0.0672854;0.087703;0.348492;-0.627842;-0.629698;-0.535963;-0.164733;-0.535963;-0.545244;-0.338283;-0.631555;0.317865;0.00232017;0.299304;-0.813457;0.298376;0.587935;0.196288;-0.535963;-0.164733;-1;-0.257541;-0.294664;-0.49884;-0.62877;0.161021;0.0663573;-0.795824;0.0951276;-0.406032;-0.387471;-0.0348028;-0.155452;-0.025522;0.531322;0.2529;-0.0719258;-0.164733;-0.164733;0.0543542;0.0496786;-0.414378;0.0274693;0.193454;-0.0660432;0.170076;-0.297487;0.28346;-0.146698;0.0146114;-0.413209;0.554646;0.250731;0.0508475;0.0531853;+1;0;+1;+1;-1

112.99;0.0199536;0.0116009;-0.258469;-0.340139;0.0208817;0.00696055;-0.104408;-0.535035;-0.357773;-0.761485;-0.276102;-0.0580047;-0.160093;-0.155452;0.104408;-0.786543;-0.656613;1;0.526682;0.207425;-0.165661;-0.443155;-0.350348;0.0672854;0.10348;-0.363341;0.0672854;0.087703;0.348492;-0.627842;-0.629698;-0.535963;-0.164733;-0.535963;-0.545244;-0.338283;-0.631555;0.317865;0.00232017;0.299304;-0.813457;0.298376;0.587935;0.196288;-0.535963;-0.164733;-1;-0.257541;-0.294664;-0.49884;-0.62877;0.161021;0.0663573;-0.795824;0.0951276;-0.406032;-0.387471;-0.0348028;-0.155452;-0.025522;0.531322;0.2529;-0.0719258;-0.164733;0.0520164;0.0543542;0.0496786;-0.414378;0.0274693;0.193454;-0.0660432;0.170076;-0.297487;0.28346;-0.146698;0.0146114;-0.413209;0.554646;0.250731;0.0508475;+1;0;+1;+1;-1

118.55;0.351276;0.0199536;0.0116009;-0.258469;-0.340139;0.0208817;0.00696055;-0.104408;-0.535035;-0.357773;-0.761485;-0.276102;-0.0580047;-0.160093;-0.155452;0.104408;-0.786543;-0.656613;1;0.526682;0.207425;-0.165661;-0.443155;-0.350348;0.0672854;0.10348;-0.363341;0.0672854;0.087703;0.348492;-0.627842;-0.629698;-0.535963;-0.164733;-0.535963;-0.545244;-0.338283;-0.631555;0.317865;0.00232017;0.299304;-0.813457;0.298376;0.587935;0.196288;-0.535963;-0.164733;-1;-0.257541;-0.294664;-0.49884;-0.62877;0.161021;0.0663573;-0.795824;0.0951276;-0.406032;-0.387471;-0.0348028;-0.155452;-0.025522;0.531322;0.2529;-0.0719258;0.0520164;0.0520164;0.0543542;0.0496786;-0.414378;0.0274693;0.193454;-0.0660432;0.170076;-0.297487;0.28346;-0.146698;0.0146114;-0.413209;0.554646;0.250731;+1;0;+1;+1;-1

122.5;0.201856;0.351276;0.0199536;0.0116009;-0.258469;-0.340139;0.0208817;0.00696055;-0.104408;-0.535035;-0.357773;-0.761485;-0.276102;-0.0580047;-0.160093;-0.155452;0.104408;-0.786543;-0.656613;1;0.526682;0.207425;-0.165661;-0.443155;-0.350348;0.0672854;0.10348;-0.363341;0.0672854;0.087703;0.348492;-0.627842;-0.629698;-0.535963;-0.164733;-0.535963;-0.545244;-0.338283;-0.631555;0.317865;0.00232017;0.299304;-0.813457;0.298376;0.587935;0.196288;-0.535963;-0.164733;-1;-0.257541;-0.294664;-0.49884;-0.62877;0.161021;0.0663573;-0.795824;0.0951276;-0.406032;-0.387471;-0.0348028;-0.155452;-0.025522;0.531322;0.2529;0.168907;0.0520164;0.0520164;0.0543542;0.0496786;-0.414378;0.0274693;0.193454;-0.0660432;0.170076;-0.297487;0.28346;-0.146698;0.0146114;-0.413209;0.554646;+1;0;+1;+1;-1

126;0.160093;0.201856;0.351276;0.0199536;0.0116009;-0.258469;-0.340139;0.0208817;0.00696055;-0.104408;-0.535035;-0.357773;-0.761485;-0.276102;-0.0580047;-0.160093;-0.155452;0.104408;-0.786543;-0.656613;1;0.526682;0.207425;-0.165661;-0.443155;-0.350348;0.0672854;0.10348;-0.363341;0.0672854;0.087703;0.348492;-0.627842;-0.629698;-0.535963;-0.164733;-0.535963;-0.545244;-0.338283;-0.631555;0.317865;0.00232017;0.299304;-0.813457;0.298376;0.587935;0.196288;-0.535963;-0.164733;-1;-0.257541;-0.294664;-0.49884;-0.62877;0.161021;0.0663573;-0.795824;0.0951276;-0.406032;-0.387471;-0.0348028;-0.155452;-0.025522;0.531322;0.578025;0.168907;0.0520164;0.0520164;0.0543542;0.0496786;-0.414378;0.0274693;0.193454;-0.0660432;0.170076;-0.297487;0.28346;-0.146698;0.0146114;-0.413209;-1;0;-1;+1;-1

117;-1;0.160093;0.201856;0.351276;0.0199536;0.0116009;-0.258469;-0.340139;0.0208817;0.00696055;-0.104408;-0.535035;-0.357773;-0.761485;-0.276102;-0.0580047;-0.160093;-0.155452;0.104408;-0.786543;-0.656613;1;0.526682;0.207425;-0.165661;-0.443155;-0.350348;0.0672854;0.10348;-0.363341;0.0672854;0.087703;0.348492;-0.627842;-0.629698;-0.535963;-0.164733;-0.535963;-0.545244;-0.338283;-0.631555;0.317865;0.00232017;0.299304;-0.813457;0.298376;0.587935;0.196288;-0.535963;-0.164733;-1;-0.257541;-0.294664;-0.49884;-0.62877;0.161021;0.0663573;-0.795824;0.0951276;-0.406032;-0.387471;-0.0348028;-0.155452;-0.025522;0.928697;0.578025;0.168907;0.0520164;0.0520164;0.0543542;0.0496786;-0.414378;0.0274693;0.193454;-0.0660432;0.170076;-0.297487;0.28346;-0.146698;0.0146114;+1;0;+1;+1;-1

119.51;0.0682134;-1;0.160093;0.201856;0.351276;0.0199536;0.0116009;-0.258469;-0.340139;0.0208817;0.00696055;-0.104408;-0.535035;-0.357773;-0.761485;-0.276102;-0.0580047;-0.160093;-0.155452;0.104408;-0.786543;-0.656613;1;0.526682;0.207425;-0.165661;-0.443155;-0.350348;0.0672854;0.10348;-0.363341;0.0672854;0.087703;0.348492;-0.627842;-0.629698;-0.535963;-0.164733;-0.535963;-0.545244;-0.338283;-0.631555;0.317865;0.00232017;0.299304;-0.813457;0.298376;0.587935;0.196288;-0.535963;-0.164733;-1;-0.257541;-0.294664;-0.49884;-0.62877;0.161021;0.0663573;-0.795824;0.0951276;-0.406032;-0.387471;-0.0348028;-0.155452;0.227352;0.928697;0.578025;0.168907;0.0520164;0.0520164;0.0543542;0.0496786;-0.414378;0.0274693;0.193454;-0.0660432;0.170076;-0.297487;0.28346;-0.146698;+1;0;+1;+1;-1

124;0.251972;0.0682134;-1;0.160093;0.201856;0.351276;0.0199536;0.0116009;-0.258469;-0.340139;0.0208817;0.00696055;-0.104408;-0.535035;-0.357773;-0.761485;-0.276102;-0.0580047;-0.160093;-0.155452;0.104408;-0.786543;-0.656613;1;0.526682;0.207425;-0.165661;-0.443155;-0.350348;0.0672854;0.10348;-0.363341;0.0672854;0.087703;0.348492;-0.627842;-0.629698;-0.535963;-0.164733;-0.535963;-0.545244;-0.338283;-0.631555;0.317865;0.00232017;0.299304;-0.813457;0.298376;0.587935;0.196288;-0.535963;-0.164733;-1;-0.257541;-0.294664;-0.49884;-0.62877;0.161021;0.0663573;-0.795824;0.0951276;-0.406032;-0.387471;-0.0348028;0.0637055;0.227352;0.928697;0.578025;0.168907;0.0520164;0.0520164;0.0543542;0.0496786;-0.414378;0.0274693;0.193454;-0.0660432;0.170076;-0.297487;0.28346;+1;0;+1;+1;-1

125.19;-0.0542923;0.251972;0.0682134;-1;0.160093;0.201856;0.351276;0.0199536;0.0116009;-0.258469;-0.340139;0.0208817;0.00696055;-0.104408;-0.535035;-0.357773;-0.761485;-0.276102;-0.0580047;-0.160093;-0.155452;0.104408;-0.786543;-0.656613;1;0.526682;0.207425;-0.165661;-0.443155;-0.350348;0.0672854;0.10348;-0.363341;0.0672854;0.087703;0.348492;-0.627842;-0.629698;-0.535963;-0.164733;-0.535963;-0.545244;-0.338283;-0.631555;0.317865;0.00232017;0.299304;-0.813457;0.298376;0.587935;0.196288;-0.535963;-0.164733;-1;-0.257541;-0.294664;-0.49884;-0.62877;0.161021;0.0663573;-0.795824;0.0951276;-0.406032;-0.387471;0.215663;0.0637055;0.227352;0.928697;0.578025;0.168907;0.0520164;0.0520164;0.0543542;0.0496786;-0.414378;0.0274693;0.193454;-0.0660432;0.170076;-0.297487;-1;0;+1;+1;-1

120.8;-0.572158;-0.0542923;0.251972;0.0682134;-1;0.160093;0.201856;0.351276;0.0199536;0.0116009;-0.258469;-0.340139;0.0208817;0.00696055;-0.104408;-0.535035;-0.357773;-0.761485;-0.276102;-0.0580047;-0.160093;-0.155452;0.104408;-0.786543;-0.656613;1;0.526682;0.207425;-0.165661;-0.443155;-0.350348;0.0672854;0.10348;-0.363341;0.0672854;0.087703;0.348492;-0.627842;-0.629698;-0.535963;-0.164733;-0.535963;-0.545244;-0.338283;-0.631555;0.317865;0.00232017;0.299304;-0.813457;0.298376;0.587935;0.196288;-0.535963;-0.164733;-1;-0.257541;-0.294664;-0.49884;-0.62877;0.161021;0.0663573;-0.795824;0.0951276;-0.406032;-0.228521;0.215663;0.0637055;0.227352;0.928697;0.578025;0.168907;0.0520164;0.0520164;0.0543542;0.0496786;-0.414378;0.0274693;0.193454;-0.0660432;0.170076;+1;0;+1;+1;-1

126.5;0.364269;-0.572158;-0.0542923;0.251972;0.0682134;-1;0.160093;0.201856;0.351276;0.0199536;0.0116009;-0.258469;-0.340139;0.0208817;0.00696055;-0.104408;-0.535035;-0.357773;-0.761485;-0.276102;-0.0580047;-0.160093;-0.155452;0.104408;-0.786543;-0.656613;1;0.526682;0.207425;-0.165661;-0.443155;-0.350348;0.0672854;0.10348;-0.363341;0.0672854;0.087703;0.348492;-0.627842;-0.629698;-0.535963;-0.164733;-0.535963;-0.545244;-0.338283;-0.631555;0.317865;0.00232017;0.299304;-0.813457;0.298376;0.587935;0.196288;-0.535963;-0.164733;-1;-0.257541;-0.294664;-0.49884;-0.62877;0.161021;0.0663573;-0.795824;0.0951276;-0.251899;-0.228521;0.215663;0.0637055;0.227352;0.928697;0.578025;0.168907;0.0520164;0.0520164;0.0543542;0.0496786;-0.414378;0.0274693;0.193454;-0.0660432;-1;0;-1;+1;-1

126.01;-0.210209;0.364269;-0.572158;-0.0542923;0.251972;0.0682134;-1;0.160093;0.201856;0.351276;0.0199536;0.0116009;-0.258469;-0.340139;0.0208817;0.00696055;-0.104408;-0.535035;-0.357773;-0.761485;-0.276102;-0.0580047;-0.160093;-0.155452;0.104408;-0.786543;-0.656613;1;0.526682;0.207425;-0.165661;-0.443155;-0.350348;0.0672854;0.10348;-0.363341;0.0672854;0.087703;0.348492;-0.627842;-0.629698;-0.535963;-0.164733;-0.535963;-0.545244;-0.338283;-0.631555;0.317865;0.00232017;0.299304;-0.813457;0.298376;0.587935;0.196288;-0.535963;-0.164733;-1;-0.257541;-0.294664;-0.49884;-0.62877;0.161021;0.0663573;-0.795824;0.37931;-0.251899;-0.228521;0.215663;0.0637055;0.227352;0.928697;0.578025;0.168907;0.0520164;0.0520164;0.0543542;0.0496786;-0.414378;0.0274693;0.193454;-1;0;-1;+1;-1

124.3;-0.323434;-0.210209;0.364269;-0.572158;-0.0542923;0.251972;0.0682134;-1;0.160093;0.201856;0.351276;0.0199536;0.0116009;-0.258469;-0.340139;0.0208817;0.00696055;-0.104408;-0.535035;-0.357773;-0.761485;-0.276102;-0.0580047;-0.160093;-0.155452;0.104408;-0.786543;-0.656613;1;0.526682;0.207425;-0.165661;-0.443155;-0.350348;0.0672854;0.10348;-0.363341;0.0672854;0.087703;0.348492;-0.627842;-0.629698;-0.535963;-0.164733;-0.535963;-0.545244;-0.338283;-0.631555;0.317865;0.00232017;0.299304;-0.813457;0.298376;0.587935;0.196288;-0.535963;-0.164733;-1;-0.257541;-0.294664;-0.49884;-0.62877;0.161021;0.0663573;-0.74284;0.37931;-0.251899;-0.228521;0.215663;0.0637055;0.227352;0.928697;0.578025;0.168907;0.0520164;0.0520164;0.0543542;0.0496786;-0.414378;0.0274693;+1;0;+1;+1;-1

125;-0.099768;-0.323434;-0.210209;0.364269;-0.572158;-0.0542923;0.251972;0.0682134;-1;0.160093;0.201856;0.351276;0.0199536;0.0116009;-0.258469;-0.340139;0.0208817;0.00696055;-0.104408;-0.535035;-0.357773;-0.761485;-0.276102;-0.0580047;-0.160093;-0.155452;0.104408;-0.786543;-0.656613;1;0.526682;0.207425;-0.165661;-0.443155;-0.350348;0.0672854;0.10348;-0.363341;0.0672854;0.087703;0.348492;-0.627842;-0.629698;-0.535963;-0.164733;-0.535963;-0.545244;-0.338283;-0.631555;0.317865;0.00232017;0.299304;-0.813457;0.298376;0.587935;0.196288;-0.535963;-0.164733;-1;-0.257541;-0.294664;-0.49884;-0.62877;0.161021;0.343074;-0.74284;0.37931;-0.251899;-0.228521;0.215663;0.0637055;0.227352;0.928697;0.578025;0.168907;0.0520164;0.0520164;0.0543542;0.0496786;-0.414378;-1;0;-1;+1;-1

124.5;-0.211137;-0.099768;-0.323434;-0.210209;0.364269;-0.572158;-0.0542923;0.251972;0.0682134;-1;0.160093;0.201856;0.351276;0.0199536;0.0116009;-0.258469;-0.340139;0.0208817;0.00696055;-0.104408;-0.535035;-0.357773;-0.761485;-0.276102;-0.0580047;-0.160093;-0.155452;0.104408;-0.786543;-0.656613;1;0.526682;0.207425;-0.165661;-0.443155;-0.350348;0.0672854;0.10348;-0.363341;0.0672854;0.087703;0.348492;-0.627842;-0.629698;-0.535963;-0.164733;-0.535963;-0.545244;-0.338283;-0.631555;0.317865;0.00232017;0.299304;-0.813457;0.298376;0.587935;0.196288;-0.535963;-0.164733;-1;-0.257541;-0.294664;-0.49884;-0.62877;0.462303;0.343074;-0.74284;0.37931;-0.251899;-0.228521;0.215663;0.0637055;0.227352;0.928697;0.578025;0.168907;0.0520164;0.0520164;0.0543542;0.0496786;+1;0;+1;+1;-1

125.5;-0.0719258;-0.211137;-0.099768;-0.323434;-0.210209;0.364269;-0.572158;-0.0542923;0.251972;0.0682134;-1;0.160093;0.201856;0.351276;0.0199536;0.0116009;-0.258469;-0.340139;0.0208817;0.00696055;-0.104408;-0.535035;-0.357773;-0.761485;-0.276102;-0.0580047;-0.160093;-0.155452;0.104408;-0.786543;-0.656613;1;0.526682;0.207425;-0.165661;-0.443155;-0.350348;0.0672854;0.10348;-0.363341;0.0672854;0.087703;0.348492;-0.627842;-0.629698;-0.535963;-0.164733;-0.535963;-0.545244;-0.338283;-0.631555;0.317865;0.00232017;0.299304;-0.813457;0.298376;0.587935;0.196288;-0.535963;-0.164733;-1;-0.257541;-0.294664;-0.49884;-0.532437;0.462303;0.343074;-0.74284;0.37931;-0.251899;-0.228521;0.215663;0.0637055;0.227352;0.928697;0.578025;0.168907;0.0520164;0.0520164;0.0543542;+1;0;-1;+1;-1

131.2;0.364269;-0.0719258;-0.211137;-0.099768;-0.323434;-0.210209;0.364269;-0.572158;-0.0542923;0.251972;0.0682134;-1;0.160093;0.201856;0.351276;0.0199536;0.0116009;-0.258469;-0.340139;0.0208817;0.00696055;-0.104408;-0.535035;-0.357773;-0.761485;-0.276102;-0.0580047;-0.160093;-0.155452;0.104408;-0.786543;-0.656613;1;0.526682;0.207425;-0.165661;-0.443155;-0.350348;0.0672854;0.10348;-0.363341;0.0672854;0.087703;0.348492;-0.627842;-0.629698;-0.535963;-0.164733;-0.535963;-0.545244;-0.338283;-0.631555;0.317865;0.00232017;0.299304;-0.813457;0.298376;0.587935;0.196288;-0.535963;-0.164733;-1;-0.257541;-0.294664;-0.36879;-0.532437;0.462303;0.343074;-0.74284;0.37931;-0.251899;-0.228521;0.215663;0.0637055;0.227352;0.928697;0.578025;0.168907;0.0520164;0.0520164;-1;0;-1;+1;-1

129.51;-0.321578;0.364269;-0.0719258;-0.211137;-0.099768;-0.323434;-0.210209;0.364269;-0.572158;-0.0542923;0.251972;0.0682134;-1;0.160093;0.201856;0.351276;0.0199536;0.0116009;-0.258469;-0.340139;0.0208817;0.00696055;-0.104408;-0.535035;-0.357773;-0.761485;-0.276102;-0.0580047;-0.160093;-0.155452;0.104408;-0.786543;-0.656613;1;0.526682;0.207425;-0.165661;-0.443155;-0.350348;0.0672854;0.10348;-0.363341;0.0672854;0.087703;0.348492;-0.627842;-0.629698;-0.535963;-0.164733;-0.535963;-0.545244;-0.338283;-0.631555;0.317865;0.00232017;0.299304;-0.813457;0.298376;0.587935;0.196288;-0.535963;-0.164733;-1;-0.257541;-0.111631;-0.36879;-0.532437;0.462303;0.343074;-0.74284;0.37931;-0.251899;-0.228521;0.215663;0.0637055;0.227352;0.928697;0.578025;0.168907;0.0520164;-1;0;-1;+1;-1

127.9;-0.314153;-0.321578;0.364269;-0.0719258;-0.211137;-0.099768;-0.323434;-0.210209;0.364269;-0.572158;-0.0542923;0.251972;0.0682134;-1;0.160093;0.201856;0.351276;0.0199536;0.0116009;-0.258469;-0.340139;0.0208817;0.00696055;-0.104408;-0.535035;-0.357773;-0.761485;-0.276102;-0.0580047;-0.160093;-0.155452;0.104408;-0.786543;-0.656613;1;0.526682;0.207425;-0.165661;-0.443155;-0.350348;0.0672854;0.10348;-0.363341;0.0672854;0.087703;0.348492;-0.627842;-0.629698;-0.535963;-0.164733;-0.535963;-0.545244;-0.338283;-0.631555;0.317865;0.00232017;0.299304;-0.813457;0.298376;0.587935;0.196288;-0.535963;-0.164733;-1;-0.0648743;-0.111631;-0.36879;-0.532437;0.462303;0.343074;-0.74284;0.37931;-0.251899;-0.228521;0.215663;0.0637055;0.227352;0.928697;0.578025;0.168907;-1;0;-1;+1;-1

125;-0.433875;-0.314153;-0.321578;0.364269;-0.0719258;-0.211137;-0.099768;-0.323434;-0.210209;0.364269;-0.572158;-0.0542923;0.251972;0.0682134;-1;0.160093;0.201856;0.351276;0.0199536;0.0116009;-0.258469;-0.340139;0.0208817;0.00696055;-0.104408;-0.535035;-0.357773;-0.761485;-0.276102;-0.0580047;-0.160093;-0.155452;0.104408;-0.786543;-0.656613;1;0.526682;0.207425;-0.165661;-0.443155;-0.350348;0.0672854;0.10348;-0.363341;0.0672854;0.087703;0.348492;-0.627842;-0.629698;-0.535963;-0.164733;-0.535963;-0.545244;-0.338283;-0.631555;0.317865;0.00232017;0.299304;-0.813457;0.298376;0.587935;0.196288;-0.535963;-0.164733;-1;-0.0648743;-0.111631;-0.36879;-0.532437;0.462303;0.343074;-0.74284;0.37931;-0.251899;-0.228521;0.215663;0.0637055;0.227352;0.928697;0.578025;-1;0;-1;+1;-1

123.05;-0.345708;-0.433875;-0.314153;-0.321578;0.364269;-0.0719258;-0.211137;-0.099768;-0.323434;-0.210209;0.364269;-0.572158;-0.0542923;0.251972;0.0682134;-1;0.160093;0.201856;0.351276;0.0199536;0.0116009;-0.258469;-0.340139;0.0208817;0.00696055;-0.104408;-0.535035;-0.357773;-0.761485;-0.276102;-0.0580047;-0.160093;-0.155452;0.104408;-0.786543;-0.656613;1;0.526682;0.207425;-0.165661;-0.443155;-0.350348;0.0672854;0.10348;-0.363341;0.0672854;0.087703;0.348492;-0.627842;-0.629698;-0.535963;-0.164733;-0.535963;-0.545244;-0.338283;-0.631555;0.317865;0.00232017;0.299304;-0.813457;0.298376;0.587935;0.196288;-0.535963;0.0520164;-1;-0.0648743;-0.111631;-0.36879;-0.532437;0.462303;0.343074;-0.74284;0.37931;-0.251899;-0.228521;0.215663;0.0637055;0.227352;0.928697;-1;0;+1;+1;-1

122;-0.262181;-0.345708;-0.433875;-0.314153;-0.321578;0.364269;-0.0719258;-0.211137;-0.099768;-0.323434;-0.210209;0.364269;-0.572158;-0.0542923;0.251972;0.0682134;-1;0.160093;0.201856;0.351276;0.0199536;0.0116009;-0.258469;-0.340139;0.0208817;0.00696055;-0.104408;-0.535035;-0.357773;-0.761485;-0.276102;-0.0580047;-0.160093;-0.155452;0.104408;-0.786543;-0.656613;1;0.526682;0.207425;-0.165661;-0.443155;-0.350348;0.0672854;0.10348;-0.363341;0.0672854;0.087703;0.348492;-0.627842;-0.629698;-0.535963;-0.164733;-0.535963;-0.545244;-0.338283;-0.631555;0.317865;0.00232017;0.299304;-0.813457;0.298376;0.587935;0.196288;-0.415546;0.0520164;-1;-0.0648743;-0.111631;-0.36879;-0.532437;0.462303;0.343074;-0.74284;0.37931;-0.251899;-0.228521;0.215663;0.0637055;0.227352;-1;0;-1;+1;-1

122;-0.164733;-0.262181;-0.345708;-0.433875;-0.314153;-0.321578;0.364269;-0.0719258;-0.211137;-0.099768;-0.323434;-0.210209;0.364269;-0.572158;-0.0542923;0.251972;0.0682134;-1;0.160093;0.201856;0.351276;0.0199536;0.0116009;-0.258469;-0.340139;0.0208817;0.00696055;-0.104408;-0.535035;-0.357773;-0.761485;-0.276102;-0.0580047;-0.160093;-0.155452;0.104408;-0.786543;-0.656613;1;0.526682;0.207425;-0.165661;-0.443155;-0.350348;0.0672854;0.10348;-0.363341;0.0672854;0.087703;0.348492;-0.627842;-0.629698;-0.535963;-0.164733;-0.535963;-0.545244;-0.338283;-0.631555;0.317865;0.00232017;0.299304;-0.813457;0.298376;0.587935;0.506721;-0.415546;0.0520164;-1;-0.0648743;-0.111631;-0.36879;-0.532437;0.462303;0.343074;-0.74284;0.37931;-0.251899;-0.228521;0.215663;0.0637055;+1;0;+1;+1;-1

123;-0.0719258;-0.164733;-0.262181;-0.345708;-0.433875;-0.314153;-0.321578;0.364269;-0.0719258;-0.211137;-0.099768;-0.323434;-0.210209;0.364269;-0.572158;-0.0542923;0.251972;0.0682134;-1;0.160093;0.201856;0.351276;0.0199536;0.0116009;-0.258469;-0.340139;0.0208817;0.00696055;-0.104408;-0.535035;-0.357773;-0.761485;-0.276102;-0.0580047;-0.160093;-0.155452;0.104408;-0.786543;-0.656613;1;0.526682;0.207425;-0.165661;-0.443155;-0.350348;0.0672854;0.10348;-0.363341;0.0672854;0.087703;0.348492;-0.627842;-0.629698;-0.535963;-0.164733;-0.535963;-0.545244;-0.338283;-0.631555;0.317865;0.00232017;0.299304;-0.813457;0.298376;1;0.506721;-0.415546;0.0520164;-1;-0.0648743;-0.111631;-0.36879;-0.532437;0.462303;0.343074;-0.74284;0.37931;-0.251899;-0.228521;0.215663;+1;0;+1;+1;-1

125.5;0.0672854;-0.0719258;-0.164733;-0.262181;-0.345708;-0.433875;-0.314153;-0.321578;0.364269;-0.0719258;-0.211137;-0.099768;-0.323434;-0.210209;0.364269;-0.572158;-0.0542923;0.251972;0.0682134;-1;0.160093;0.201856;0.351276;0.0199536;0.0116009;-0.258469;-0.340139;0.0208817;0.00696055;-0.104408;-0.535035;-0.357773;-0.761485;-0.276102;-0.0580047;-0.160093;-0.155452;0.104408;-0.786543;-0.656613;1;0.526682;0.207425;-0.165661;-0.443155;-0.350348;0.0672854;0.10348;-0.363341;0.0672854;0.087703;0.348492;-0.627842;-0.629698;-0.535963;-0.164733;-0.535963;-0.545244;-0.338283;-0.631555;0.317865;0.00232017;0.299304;-0.813457;0.635301;1;0.506721;-0.415546;0.0520164;-1;-0.0648743;-0.111631;-0.36879;-0.532437;0.462303;0.343074;-0.74284;0.37931;-0.251899;-0.228521;+1;0;+1;+1;-1

127;-0.025522;0.0672854;-0.0719258;-0.164733;-0.262181;-0.345708;-0.433875;-0.314153;-0.321578;0.364269;-0.0719258;-0.211137;-0.099768;-0.323434;-0.210209;0.364269;-0.572158;-0.0542923;0.251972;0.0682134;-1;0.160093;0.201856;0.351276;0.0199536;0.0116009;-0.258469;-0.340139;0.0208817;0.00696055;-0.104408;-0.535035;-0.357773;-0.761485;-0.276102;-0.0580047;-0.160093;-0.155452;0.104408;-0.786543;-0.656613;1;0.526682;0.207425;-0.165661;-0.443155;-0.350348;0.0672854;0.10348;-0.363341;0.0672854;0.087703;0.348492;-0.627842;-0.629698;-0.535963;-0.164733;-0.535963;-0.545244;-0.338283;-0.631555;0.317865;0.00232017;0.299304;-0.76505;0.635301;1;0.506721;-0.415546;0.0520164;-1;-0.0648743;-0.111631;-0.36879;-0.532437;0.462303;0.343074;-0.74284;0.37931;-0.251899;-1;0;-1;+1;-1

126;-0.257541;-0.025522;0.0672854;-0.0719258;-0.164733;-0.262181;-0.345708;-0.433875;-0.314153;-0.321578;0.364269;-0.0719258;-0.211137;-0.099768;-0.323434;-0.210209;0.364269;-0.572158;-0.0542923;0.251972;0.0682134;-1;0.160093;0.201856;0.351276;0.0199536;0.0116009;-0.258469;-0.340139;0.0208817;0.00696055;-0.104408;-0.535035;-0.357773;-0.761485;-0.276102;-0.0580047;-0.160093;-0.155452;0.104408;-0.786543;-0.656613;1;0.526682;0.207425;-0.165661;-0.443155;-0.350348;0.0672854;0.10348;-0.363341;0.0672854;0.087703;0.348492;-0.627842;-0.629698;-0.535963;-0.164733;-0.535963;-0.545244;-0.338283;-0.631555;0.317865;0.00232017;0.63647;-0.76505;0.635301;1;0.506721;-0.415546;0.0520164;-1;-0.0648743;-0.111631;-0.36879;-0.532437;0.462303;0.343074;-0.74284;0.37931;+1;0;+1;+1;-1

127.59;-0.0171694;-0.257541;-0.025522;0.0672854;-0.0719258;-0.164733;-0.262181;-0.345708;-0.433875;-0.314153;-0.321578;0.364269;-0.0719258;-0.211137;-0.099768;-0.323434;-0.210209;0.364269;-0.572158;-0.0542923;0.251972;0.0682134;-1;0.160093;0.201856;0.351276;0.0199536;0.0116009;-0.258469;-0.340139;0.0208817;0.00696055;-0.104408;-0.535035;-0.357773;-0.761485;-0.276102;-0.0580047;-0.160093;-0.155452;0.104408;-0.786543;-0.656613;1;0.526682;0.207425;-0.165661;-0.443155;-0.350348;0.0672854;0.10348;-0.363341;0.0672854;0.087703;0.348492;-0.627842;-0.629698;-0.535963;-0.164733;-0.535963;-0.545244;-0.338283;-0.631555;0.317865;0.26242;0.63647;-0.76505;0.635301;1;0.506721;-0.415546;0.0520164;-1;-0.0648743;-0.111631;-0.36879;-0.532437;0.462303;0.343074;-0.74284;+1;0;+1;+1;+1

130.05;0.0635731;-0.0171694;-0.257541;-0.025522;0.0672854;-0.0719258;-0.164733;-0.262181;-0.345708;-0.433875;-0.314153;-0.321578;0.364269;-0.0719258;-0.211137;-0.099768;-0.323434;-0.210209;0.364269;-0.572158;-0.0542923;0.251972;0.0682134;-1;0.160093;0.201856;0.351276;0.0199536;0.0116009;-0.258469;-0.340139;0.0208817;0.00696055;-0.104408;-0.535035;-0.357773;-0.761485;-0.276102;-0.0580047;-0.160093;-0.155452;0.104408;-0.786543;-0.656613;1;0.526682;0.207425;-0.165661;-0.443155;-0.350348;0.0672854;0.10348;-0.363341;0.0672854;0.087703;0.348492;-0.627842;-0.629698;-0.535963;-0.164733;-0.535963;-0.545244;-0.338283;-0.631555;0.659848;0.26242;0.63647;-0.76505;0.635301;1;0.506721;-0.415546;0.0520164;-1;-0.0648743;-0.111631;-0.36879;-0.532437;0.462303;0.343074;+1;0;+1;+1;-1

132.51;0.0635731;0.0635731;-0.0171694;-0.257541;-0.025522;0.0672854;-0.0719258;-0.164733;-0.262181;-0.345708;-0.433875;-0.314153;-0.321578;0.364269;-0.0719258;-0.211137;-0.099768;-0.323434;-0.210209;0.364269;-0.572158;-0.0542923;0.251972;0.0682134;-1;0.160093;0.201856;0.351276;0.0199536;0.0116009;-0.258469;-0.340139;0.0208817;0.00696055;-0.104408;-0.535035;-0.357773;-0.761485;-0.276102;-0.0580047;-0.160093;-0.155452;0.104408;-0.786543;-0.656613;1;0.526682;0.207425;-0.165661;-0.443155;-0.350348;0.0672854;0.10348;-0.363341;0.0672854;0.087703;0.348492;-0.627842;-0.629698;-0.535963;-0.164733;-0.535963;-0.545244;-0.338283;-0.535944;0.659848;0.26242;0.63647;-0.76505;0.635301;1;0.506721;-0.415546;0.0520164;-1;-0.0648743;-0.111631;-0.36879;-0.532437;0.462303;-1;0;-1;+1;-1

129.5;-0.444084;0.0635731;0.0635731;-0.0171694;-0.257541;-0.025522;0.0672854;-0.0719258;-0.164733;-0.262181;-0.345708;-0.433875;-0.314153;-0.321578;0.364269;-0.0719258;-0.211137;-0.099768;-0.323434;-0.210209;0.364269;-0.572158;-0.0542923;0.251972;0.0682134;-1;0.160093;0.201856;0.351276;0.0199536;0.0116009;-0.258469;-0.340139;0.0208817;0.00696055;-0.104408;-0.535035;-0.357773;-0.761485;-0.276102;-0.0580047;-0.160093;-0.155452;0.104408;-0.786543;-0.656613;1;0.526682;0.207425;-0.165661;-0.443155;-0.350348;0.0672854;0.10348;-0.363341;0.0672854;0.087703;0.348492;-0.627842;-0.629698;-0.535963;-0.164733;-0.535963;-0.545244;-0.166569;-0.535944;0.659848;0.26242;0.63647;-0.76505;0.635301;1;0.506721;-0.415546;0.0520164;-1;-0.0648743;-0.111631;-0.36879;-0.532437;-1;0;-1;+1;-1

125;-0.582367;-0.444084;0.0635731;0.0635731;-0.0171694;-0.257541;-0.025522;0.0672854;-0.0719258;-0.164733;-0.262181;-0.345708;-0.433875;-0.314153;-0.321578;0.364269;-0.0719258;-0.211137;-0.099768;-0.323434;-0.210209;0.364269;-0.572158;-0.0542923;0.251972;0.0682134;-1;0.160093;0.201856;0.351276;0.0199536;0.0116009;-0.258469;-0.340139;0.0208817;0.00696055;-0.104408;-0.535035;-0.357773;-0.761485;-0.276102;-0.0580047;-0.160093;-0.155452;0.104408;-0.786543;-0.656613;1;0.526682;0.207425;-0.165661;-0.443155;-0.350348;0.0672854;0.10348;-0.363341;0.0672854;0.087703;0.348492;-0.627842;-0.629698;-0.535963;-0.164733;-0.535963;-0.427236;-0.166569;-0.535944;0.659848;0.26242;0.63647;-0.76505;0.635301;1;0.506721;-0.415546;0.0520164;-1;-0.0648743;-0.111631;-0.36879;+1;0;+1;+1;-1

128;0.113689;-0.582367;-0.444084;0.0635731;0.0635731;-0.0171694;-0.257541;-0.025522;0.0672854;-0.0719258;-0.164733;-0.262181;-0.345708;-0.433875;-0.314153;-0.321578;0.364269;-0.0719258;-0.211137;-0.099768;-0.323434;-0.210209;0.364269;-0.572158;-0.0542923;0.251972;0.0682134;-1;0.160093;0.201856;0.351276;0.0199536;0.0116009;-0.258469;-0.340139;0.0208817;0.00696055;-0.104408;-0.535035;-0.357773;-0.761485;-0.276102;-0.0580047;-0.160093;-0.155452;0.104408;-0.786543;-0.656613;1;0.526682;0.207425;-0.165661;-0.443155;-0.350348;0.0672854;0.10348;-0.363341;0.0672854;0.087703;0.348492;-0.627842;-0.629698;-0.535963;-0.164733;-0.415546;-0.427236;-0.166569;-0.535944;0.659848;0.26242;0.63647;-0.76505;0.635301;1;0.506721;-0.415546;0.0520164;-1;-0.0648743;-0.111631;-1;0;-1;+1;-1

126.49;-0.304872;0.113689;-0.582367;-0.444084;0.0635731;0.0635731;-0.0171694;-0.257541;-0.025522;0.0672854;-0.0719258;-0.164733;-0.262181;-0.345708;-0.433875;-0.314153;-0.321578;0.364269;-0.0719258;-0.211137;-0.099768;-0.323434;-0.210209;0.364269;-0.572158;-0.0542923;0.251972;0.0682134;-1;0.160093;0.201856;0.351276;0.0199536;0.0116009;-0.258469;-0.340139;0.0208817;0.00696055;-0.104408;-0.535035;-0.357773;-0.761485;-0.276102;-0.0580047;-0.160093;-0.155452;0.104408;-0.786543;-0.656613;1;0.526682;0.207425;-0.165661;-0.443155;-0.350348;0.0672854;0.10348;-0.363341;0.0672854;0.087703;0.348492;-0.627842;-0.629698;-0.535963;0.0520164;-0.415546;-0.427236;-0.166569;-0.535944;0.659848;0.26242;0.63647;-0.76505;0.635301;1;0.506721;-0.415546;0.0520164;-1;-0.0648743;+1;0;+1;+1;-1

127.91;-0.0329466;-0.304872;0.113689;-0.582367;-0.444084;0.0635731;0.0635731;-0.0171694;-0.257541;-0.025522;0.0672854;-0.0719258;-0.164733;-0.262181;-0.345708;-0.433875;-0.314153;-0.321578;0.364269;-0.0719258;-0.211137;-0.099768;-0.323434;-0.210209;0.364269;-0.572158;-0.0542923;0.251972;0.0682134;-1;0.160093;0.201856;0.351276;0.0199536;0.0116009;-0.258469;-0.340139;0.0208817;0.00696055;-0.104408;-0.535035;-0.357773;-0.761485;-0.276102;-0.0580047;-0.160093;-0.155452;0.104408;-0.786543;-0.656613;1;0.526682;0.207425;-0.165661;-0.443155;-0.350348;0.0672854;0.10348;-0.363341;0.0672854;0.087703;0.348492;-0.627842;-0.629698;-0.415546;0.0520164;-0.415546;-0.427236;-0.166569;-0.535944;0.659848;0.26242;0.63647;-0.76505;0.635301;1;0.506721;-0.415546;0.0520164;-1;+1;0;-1;+1;-1

134.05;0.405104;-0.0329466;-0.304872;0.113689;-0.582367;-0.444084;0.0635731;0.0635731;-0.0171694;-0.257541;-0.025522;0.0672854;-0.0719258;-0.164733;-0.262181;-0.345708;-0.433875;-0.314153;-0.321578;0.364269;-0.0719258;-0.211137;-0.099768;-0.323434;-0.210209;0.364269;-0.572158;-0.0542923;0.251972;0.0682134;-1;0.160093;0.201856;0.351276;0.0199536;0.0116009;-0.258469;-0.340139;0.0208817;0.00696055;-0.104408;-0.535035;-0.357773;-0.761485;-0.276102;-0.0580047;-0.160093;-0.155452;0.104408;-0.786543;-0.656613;1;0.526682;0.207425;-0.165661;-0.443155;-0.350348;0.0672854;0.10348;-0.363341;0.0672854;0.087703;0.348492;-0.627842;-0.533606;-0.415546;0.0520164;-0.415546;-0.427236;-0.166569;-0.535944;0.659848;0.26242;0.63647;-0.76505;0.635301;1;0.506721;-0.415546;0.0520164;-1;0;-1;+1;-1

132;-0.354988;0.405104;-0.0329466;-0.304872;0.113689;-0.582367;-0.444084;0.0635731;0.0635731;-0.0171694;-0.257541;-0.025522;0.0672854;-0.0719258;-0.164733;-0.262181;-0.345708;-0.433875;-0.314153;-0.321578;0.364269;-0.0719258;-0.211137;-0.099768;-0.323434;-0.210209;0.364269;-0.572158;-0.0542923;0.251972;0.0682134;-1;0.160093;0.201856;0.351276;0.0199536;0.0116009;-0.258469;-0.340139;0.0208817;0.00696055;-0.104408;-0.535035;-0.357773;-0.761485;-0.276102;-0.0580047;-0.160093;-0.155452;0.104408;-0.786543;-0.656613;1;0.526682;0.207425;-0.165661;-0.443155;-0.350348;0.0672854;0.10348;-0.363341;0.0672854;0.087703;0.348492;-0.531268;-0.533606;-0.415546;0.0520164;-0.415546;-0.427236;-0.166569;-0.535944;0.659848;0.26242;0.63647;-0.76505;0.635301;1;0.506721;-0.415546;-1;0;-1;+1;-1

132;-0.164733;-0.354988;0.405104;-0.0329466;-0.304872;0.113689;-0.582367;-0.444084;0.0635731;0.0635731;-0.0171694;-0.257541;-0.025522;0.0672854;-0.0719258;-0.164733;-0.262181;-0.345708;-0.433875;-0.314153;-0.321578;0.364269;-0.0719258;-0.211137;-0.099768;-0.323434;-0.210209;0.364269;-0.572158;-0.0542923;0.251972;0.0682134;-1;0.160093;0.201856;0.351276;0.0199536;0.0116009;-0.258469;-0.340139;0.0208817;0.00696055;-0.104408;-0.535035;-0.357773;-0.761485;-0.276102;-0.0580047;-0.160093;-0.155452;0.104408;-0.786543;-0.656613;1;0.526682;0.207425;-0.165661;-0.443155;-0.350348;0.0672854;0.10348;-0.363341;0.0672854;0.087703;0.698422;-0.531268;-0.533606;-0.415546;0.0520164;-0.415546;-0.427236;-0.166569;-0.535944;0.659848;0.26242;0.63647;-0.76505;0.635301;1;0.506721;+1;0;+1;+1;-1

132.5;-0.118329;-0.164733;-0.354988;0.405104;-0.0329466;-0.304872;0.113689;-0.582367;-0.444084;0.0635731;0.0635731;-0.0171694;-0.257541;-0.025522;0.0672854;-0.0719258;-0.164733;-0.262181;-0.345708;-0.433875;-0.314153;-0.321578;0.364269;-0.0719258;-0.211137;-0.099768;-0.323434;-0.210209;0.364269;-0.572158;-0.0542923;0.251972;0.0682134;-1;0.160093;0.201856;0.351276;0.0199536;0.0116009;-0.258469;-0.340139;0.0208817;0.00696055;-0.104408;-0.535035;-0.357773;-0.761485;-0.276102;-0.0580047;-0.160093;-0.155452;0.104408;-0.786543;-0.656613;1;0.526682;0.207425;-0.165661;-0.443155;-0.350348;0.0672854;0.10348;-0.363341;0.0672854;0.369959;0.698422;-0.531268;-0.533606;-0.415546;0.0520164;-0.415546;-0.427236;-0.166569;-0.535944;0.659848;0.26242;0.63647;-0.76505;0.635301;1;-1;0;-1;+1;-1

128.15;-0.568445;-0.118329;-0.164733;-0.354988;0.405104;-0.0329466;-0.304872;0.113689;-0.582367;-0.444084;0.0635731;0.0635731;-0.0171694;-0.257541;-0.025522;0.0672854;-0.0719258;-0.164733;-0.262181;-0.345708;-0.433875;-0.314153;-0.321578;0.364269;-0.0719258;-0.211137;-0.099768;-0.323434;-0.210209;0.364269;-0.572158;-0.0542923;0.251972;0.0682134;-1;0.160093;0.201856;0.351276;0.0199536;0.0116009;-0.258469;-0.340139;0.0208817;0.00696055;-0.104408;-0.535035;-0.357773;-0.761485;-0.276102;-0.0580047;-0.160093;-0.155452;0.104408;-0.786543;-0.656613;1;0.526682;0.207425;-0.165661;-0.443155;-0.350348;0.0672854;0.10348;-0.363341;0.344243;0.369959;0.698422;-0.531268;-0.533606;-0.415546;0.0520164;-0.415546;-0.427236;-0.166569;-0.535944;0.659848;0.26242;0.63647;-0.76505;0.635301;-1;0;-1;+1;-1

127;-0.271462;-0.568445;-0.118329;-0.164733;-0.354988;0.405104;-0.0329466;-0.304872;0.113689;-0.582367;-0.444084;0.0635731;0.0635731;-0.0171694;-0.257541;-0.025522;0.0672854;-0.0719258;-0.164733;-0.262181;-0.345708;-0.433875;-0.314153;-0.321578;0.364269;-0.0719258;-0.211137;-0.099768;-0.323434;-0.210209;0.364269;-0.572158;-0.0542923;0.251972;0.0682134;-1;0.160093;0.201856;0.351276;0.0199536;0.0116009;-0.258469;-0.340139;0.0208817;0.00696055;-0.104408;-0.535035;-0.357773;-0.761485;-0.276102;-0.0580047;-0.160093;-0.155452;0.104408;-0.786543;-0.656613;1;0.526682;0.207425;-0.165661;-0.443155;-0.350348;0.0672854;0.10348;-0.19813;0.344243;0.369959;0.698422;-0.531268;-0.533606;-0.415546;0.0520164;-0.415546;-0.427236;-0.166569;-0.535944;0.659848;0.26242;0.63647;-0.76505;-1;0;-1;+1;-1

124.21;-0.423666;-0.271462;-0.568445;-0.118329;-0.164733;-0.354988;0.405104;-0.0329466;-0.304872;0.113689;-0.582367;-0.444084;0.0635731;0.0635731;-0.0171694;-0.257541;-0.025522;0.0672854;-0.0719258;-0.164733;-0.262181;-0.345708;-0.433875;-0.314153;-0.321578;0.364269;-0.0719258;-0.211137;-0.099768;-0.323434;-0.210209;0.364269;-0.572158;-0.0542923;0.251972;0.0682134;-1;0.160093;0.201856;0.351276;0.0199536;0.0116009;-0.258469;-0.340139;0.0208817;0.00696055;-0.104408;-0.535035;-0.357773;-0.761485;-0.276102;-0.0580047;-0.160093;-0.155452;0.104408;-0.786543;-0.656613;1;0.526682;0.207425;-0.165661;-0.443155;-0.350348;0.0672854;0.389831;-0.19813;0.344243;0.369959;0.698422;-0.531268;-0.533606;-0.415546;0.0520164;-0.415546;-0.427236;-0.166569;-0.535944;0.659848;0.26242;0.63647;-1;0;-1;+1;-1

119.4;-0.611137;-0.423666;-0.271462;-0.568445;-0.118329;-0.164733;-0.354988;0.405104;-0.0329466;-0.304872;0.113689;-0.582367;-0.444084;0.0635731;0.0635731;-0.0171694;-0.257541;-0.025522;0.0672854;-0.0719258;-0.164733;-0.262181;-0.345708;-0.433875;-0.314153;-0.321578;0.364269;-0.0719258;-0.211137;-0.099768;-0.323434;-0.210209;0.364269;-0.572158;-0.0542923;0.251972;0.0682134;-1;0.160093;0.201856;0.351276;0.0199536;0.0116009;-0.258469;-0.340139;0.0208817;0.00696055;-0.104408;-0.535035;-0.357773;-0.761485;-0.276102;-0.0580047;-0.160093;-0.155452;0.104408;-0.786543;-0.656613;1;0.526682;0.207425;-0.165661;-0.443155;-0.350348;0.344243;0.389831;-0.19813;0.344243;0.369959;0.698422;-0.531268;-0.533606;-0.415546;0.0520164;-0.415546;-0.427236;-0.166569;-0.535944;0.659848;0.26242;+1;0;+1;+1;-1

120;-0.109049;-0.611137;-0.423666;-0.271462;-0.568445;-0.118329;-0.164733;-0.354988;0.405104;-0.0329466;-0.304872;0.113689;-0.582367;-0.444084;0.0635731;0.0635731;-0.0171694;-0.257541;-0.025522;0.0672854;-0.0719258;-0.164733;-0.262181;-0.345708;-0.433875;-0.314153;-0.321578;0.364269;-0.0719258;-0.211137;-0.099768;-0.323434;-0.210209;0.364269;-0.572158;-0.0542923;0.251972;0.0682134;-1;0.160093;0.201856;0.351276;0.0199536;0.0116009;-0.258469;-0.340139;0.0208817;0.00696055;-0.104408;-0.535035;-0.357773;-0.761485;-0.276102;-0.0580047;-0.160093;-0.155452;0.104408;-0.786543;-0.656613;1;0.526682;0.207425;-0.165661;-0.443155;-0.181765;0.344243;0.389831;-0.19813;0.344243;0.369959;0.698422;-0.531268;-0.533606;-0.415546;0.0520164;-0.415546;-0.427236;-0.166569;-0.535944;0.659848;+1;0;+1;+1;-1

125;0.299304;-0.109049;-0.611137;-0.423666;-0.271462;-0.568445;-0.118329;-0.164733;-0.354988;0.405104;-0.0329466;-0.304872;0.113689;-0.582367;-0.444084;0.0635731;0.0635731;-0.0171694;-0.257541;-0.025522;0.0672854;-0.0719258;-0.164733;-0.262181;-0.345708;-0.433875;-0.314153;-0.321578;0.364269;-0.0719258;-0.211137;-0.099768;-0.323434;-0.210209;0.364269;-0.572158;-0.0542923;0.251972;0.0682134;-1;0.160093;0.201856;0.351276;0.0199536;0.0116009;-0.258469;-0.340139;0.0208817;0.00696055;-0.104408;-0.535035;-0.357773;-0.761485;-0.276102;-0.0580047;-0.160093;-0.155452;0.104408;-0.786543;-0.656613;1;0.526682;0.207425;-0.165661;-0.298656;-0.181765;0.344243;0.389831;-0.19813;0.344243;0.369959;0.698422;-0.531268;-0.533606;-0.415546;0.0520164;-0.415546;-0.427236;-0.166569;-0.535944;-1;0;-1;+1;-1

124;-0.257541;0.299304;-0.109049;-0.611137;-0.423666;-0.271462;-0.568445;-0.118329;-0.164733;-0.354988;0.405104;-0.0329466;-0.304872;0.113689;-0.582367;-0.444084;0.0635731;0.0635731;-0.0171694;-0.257541;-0.025522;0.0672854;-0.0719258;-0.164733;-0.262181;-0.345708;-0.433875;-0.314153;-0.321578;0.364269;-0.0719258;-0.211137;-0.099768;-0.323434;-0.210209;0.364269;-0.572158;-0.0542923;0.251972;0.0682134;-1;0.160093;0.201856;0.351276;0.0199536;0.0116009;-0.258469;-0.340139;0.0208817;0.00696055;-0.104408;-0.535035;-0.357773;-0.761485;-0.276102;-0.0580047;-0.160093;-0.155452;0.104408;-0.786543;-0.656613;1;0.526682;0.207425;0.0508475;-0.298656;-0.181765;0.344243;0.389831;-0.19813;0.344243;0.369959;0.698422;-0.531268;-0.533606;-0.415546;0.0520164;-0.415546;-0.427236;-0.166569;+1;0;+1;+1;-1

125.9;0.0116009;-0.257541;0.299304;-0.109049;-0.611137;-0.423666;-0.271462;-0.568445;-0.118329;-0.164733;-0.354988;0.405104;-0.0329466;-0.304872;0.113689;-0.582367;-0.444084;0.0635731;0.0635731;-0.0171694;-0.257541;-0.025522;0.0672854;-0.0719258;-0.164733;-0.262181;-0.345708;-0.433875;-0.314153;-0.321578;0.364269;-0.0719258;-0.211137;-0.099768;-0.323434;-0.210209;0.364269;-0.572158;-0.0542923;0.251972;0.0682134;-1;0.160093;0.201856;0.351276;0.0199536;0.0116009;-0.258469;-0.340139;0.0208817;0.00696055;-0.104408;-0.535035;-0.357773;-0.761485;-0.276102;-0.0580047;-0.160093;-0.155452;0.104408;-0.786543;-0.656613;1;0.526682;0.520748;0.0508475;-0.298656;-0.181765;0.344243;0.389831;-0.19813;0.344243;0.369959;0.698422;-0.531268;-0.533606;-0.415546;0.0520164;-0.415546;-0.427236;+1;0;+1;+1;-1

126;-0.155452;0.0116009;-0.257541;0.299304;-0.109049;-0.611137;-0.423666;-0.271462;-0.568445;-0.118329;-0.164733;-0.354988;0.405104;-0.0329466;-0.304872;0.113689;-0.582367;-0.444084;0.0635731;0.0635731;-0.0171694;-0.257541;-0.025522;0.0672854;-0.0719258;-0.164733;-0.262181;-0.345708;-0.433875;-0.314153;-0.321578;0.364269;-0.0719258;-0.211137;-0.099768;-0.323434;-0.210209;0.364269;-0.572158;-0.0542923;0.251972;0.0682134;-1;0.160093;0.201856;0.351276;0.0199536;0.0116009;-0.258469;-0.340139;0.0208817;0.00696055;-0.104408;-0.535035;-0.357773;-0.761485;-0.276102;-0.0580047;-0.160093;-0.155452;0.104408;-0.786543;-0.656613;1;0.922852;0.520748;0.0508475;-0.298656;-0.181765;0.344243;0.389831;-0.19813;0.344243;0.369959;0.698422;-0.531268;-0.533606;-0.415546;0.0520164;-0.415546;-1;0;+1;+1;-1

