34.3;0.887814;0.676338;0.6196;0.766602;0.72147;0.631206;0.779497;0.754997;0.926499;0.684075;0.673759;0.722759;0.547389;0.67118;0.662153;0.702128;0.761444;0.758865;0.827208;0.578337;0.66989;0.751128;0.471309;0.69568;0.663443;0.702128;0.734365;0.502257;0.734365;0.761444;0.79626;0.825919;0.785945;0.705996;0.749839;0.489362;0.74726;0.547389;0.521599;0.753707;0.64539;0.778208;0.632495;0.784655;0.734365;0.709865;0.77176;0.69568;0.927789;0.761444;0.739523;0.573179;0.72147;0.190244;0.0439025;-0.614634;-0.165854;-0.35122;-0.790244;-0.0292683;-1;0;+1;-1;-1

34;0.66989;0.887814;0.676338;0.6196;0.766602;0.72147;0.631206;0.779497;0.754997;0.926499;0.684075;0.673759;0.722759;0.547389;0.67118;0.662153;0.702128;0.761444;0.758865;0.827208;0.578337;0.66989;0.751128;0.471309;0.69568;0.663443;0.702128;0.734365;0.502257;0.734365;0.761444;0.79626;0.825919;0.785945;0.705996;0.749839;0.489362;0.74726;0.547389;0.521599;0.753707;0.64539;0.778208;0.632495;0.784655;0.734365;0.709865;0.77176;0.69568;0.927789;0.761444;0.739523;0.573179;-0.0536585;0.190244;0.0439025;-0.614634;-0.165854;-0.35122;-0.790244;+1;0;+1;-1;-1

34.05;0.715023;0.66989;0.887814;0.676338;0.6196;0.766602;0.72147;0.631206;0.779497;0.754997;0.926499;0.684075;0.673759;0.722759;0.547389;0.67118;0.662153;0.702128;0.761444;0.758865;0.827208;0.578337;0.66989;0.751128;0.471309;0.69568;0.663443;0.702128;0.734365;0.502257;0.734365;0.761444;0.79626;0.825919;0.785945;0.705996;0.749839;0.489362;0.74726;0.547389;0.521599;0.753707;0.64539;0.778208;0.632495;0.784655;0.734365;0.709865;0.77176;0.69568;0.927789;0.761444;0.739523;-0.614634;-0.0536585;0.190244;0.0439025;-0.614634;-0.165854;-0.35122;+1;0;-1;-1;-1

34.9;0.818182;0.715023;0.66989;0.887814;0.676338;0.6196;0.766602;0.72147;0.631206;0.779497;0.754997;0.926499;0.684075;0.673759;0.722759;0.547389;0.67118;0.662153;0.702128;0.761444;0.758865;0.827208;0.578337;0.66989;0.751128;0.471309;0.69568;0.663443;0.702128;0.734365;0.502257;0.734365;0.761444;0.79626;0.825919;0.785945;0.705996;0.749839;0.489362;0.74726;0.547389;0.521599;0.753707;0.64539;0.778208;0.632495;0.784655;0.734365;0.709865;0.77176;0.69568;0.927789;0.761444;0.0146342;-0.614634;-0.0536585;0.190244;0.0439025;-0.614634;-0.165854;+1;0;-1;-1;-1

35.05;0.727917;0.818182;0.715023;0.66989;0.887814;0.676338;0.6196;0.766602;0.72147;0.631206;0.779497;0.754997;0.926499;0.684075;0.673759;0.722759;0.547389;0.67118;0.662153;0.702128;0.761444;0.758865;0.827208;0.578337;0.66989;0.751128;0.471309;0.69568;0.663443;0.702128;0.734365;0.502257;0.734365;0.761444;0.79626;0.825919;0.785945;0.705996;0.749839;0.489362;0.74726;0.547389;0.521599;0.753707;0.64539;0.778208;0.632495;0.784655;0.734365;0.709865;0.77176;0.69568;0.927789;0.097561;0.0146342;-0.614634;-0.0536585;0.190244;0.0439025;-0.614634;+1;0;+1;-1;-1

35.55;0.77305;0.727917;0.818182;0.715023;0.66989;0.887814;0.676338;0.6196;0.766602;0.72147;0.631206;0.779497;0.754997;0.926499;0.684075;0.673759;0.722759;0.547389;0.67118;0.662153;0.702128;0.761444;0.758865;0.827208;0.578337;0.66989;0.751128;0.471309;0.69568;0.663443;0.702128;0.734365;0.502257;0.734365;0.761444;0.79626;0.825919;0.785945;0.705996;0.749839;0.489362;0.74726;0.547389;0.521599;0.753707;0.64539;0.778208;0.632495;0.784655;0.734365;0.709865;0.77176;0.69568;0.726829;0.097561;0.0146342;-0.614634;-0.0536585;0.190244;0.0439025;-1;0;-1;-1;-1

35.01;0.638943;0.77305;0.727917;0.818182;0.715023;0.66989;0.887814;0.676338;0.6196;0.766602;0.72147;0.631206;0.779497;0.754997;0.926499;0.684075;0.673759;0.722759;0.547389;0.67118;0.662153;0.702128;0.761444;0.758865;0.827208;0.578337;0.66989;0.751128;0.471309;0.69568;0.663443;0.702128;0.734365;0.502257;0.734365;0.761444;0.79626;0.825919;0.785945;0.705996;0.749839;0.489362;0.74726;0.547389;0.521599;0.753707;0.64539;0.778208;0.632495;0.784655;0.734365;0.709865;0.77176;-0.15122;0.726829;0.097561;0.0146342;-0.614634;-0.0536585;0.190244;-1;0;-1;-1;-1

34.5;0.642811;0.638943;0.77305;0.727917;0.818182;0.715023;0.66989;0.887814;0.676338;0.6196;0.766602;0.72147;0.631206;0.779497;0.754997;0.926499;0.684075;0.673759;0.722759;0.547389;0.67118;0.662153;0.702128;0.761444;0.758865;0.827208;0.578337;0.66989;0.751128;0.471309;0.69568;0.663443;0.702128;0.734365;0.502257;0.734365;0.761444;0.79626;0.825919;0.785945;0.705996;0.749839;0.489362;0.74726;0.547389;0.521599;0.753707;0.64539;0.778208;0.632495;0.784655;0.734365;0.709865;0.136585;-0.15122;0.726829;0.097561;0.0146342;-0.614634;-0.0536585;-1;0;-1;-1;-1

33.8;0.618311;0.642811;0.638943;0.77305;0.727917;0.818182;0.715023;0.66989;0.887814;0.676338;0.6196;0.766602;0.72147;0.631206;0.779497;0.754997;0.926499;0.684075;0.673759;0.722759;0.547389;0.67118;0.662153;0.702128;0.761444;0.758865;0.827208;0.578337;0.66989;0.751128;0.471309;0.69568;0.663443;0.702128;0.734365;0.502257;0.734365;0.761444;0.79626;0.825919;0.785945;0.705996;0.749839;0.489362;0.74726;0.547389;0.521599;0.753707;0.64539;0.778208;0.632495;0.784655;0.734365;-0.097561;0.136585;-0.15122;0.726829;0.097561;0.0146342;-0.614634;-1;0;+1;-1;-1

32.4;0.528046;0.618311;0.642811;0.638943;0.77305;0.727917;0.818182;0.715023;0.66989;0.887814;0.676338;0.6196;0.766602;0.72147;0.631206;0.779497;0.754997;0.926499;0.684075;0.673759;0.722759;0.547389;0.67118;0.662153;0.702128;0.761444;0.758865;0.827208;0.578337;0.66989;0.751128;0.471309;0.69568;0.663443;0.702128;0.734365;0.502257;0.734365;0.761444;0.79626;0.825919;0.785945;0.705996;0.749839;0.489362;0.74726;0.547389;0.521599;0.753707;0.64539;0.778208;0.632495;0.784655;-0.00487804;-0.097561;0.136585;-0.15122;0.726829;0.097561;0.0146342;+1;0;+1;-1;-1

32.5;0.72147;0.528046;0.618311;0.642811;0.638943;0.77305;0.727917;0.818182;0.715023;0.66989;0.887814;0.676338;0.6196;0.766602;0.72147;0.631206;0.779497;0.754997;0.926499;0.684075;0.673759;0.722759;0.547389;0.67118;0.662153;0.702128;0.761444;0.758865;0.827208;0.578337;0.66989;0.751128;0.471309;0.69568;0.663443;0.702128;0.734365;0.502257;0.734365;0.761444;0.79626;0.825919;0.785945;0.705996;0.749839;0.489362;0.74726;0.547389;0.521599;0.753707;0.64539;0.778208;0.632495;0.185366;-0.00487804;-0.097561;0.136585;-0.15122;0.726829;0.097561;-1;0;-1;-1;-1

31.8;0.618311;0.72147;0.528046;0.618311;0.642811;0.638943;0.77305;0.727917;0.818182;0.715023;0.66989;0.887814;0.676338;0.6196;0.766602;0.72147;0.631206;0.779497;0.754997;0.926499;0.684075;0.673759;0.722759;0.547389;0.67118;0.662153;0.702128;0.761444;0.758865;0.827208;0.578337;0.66989;0.751128;0.471309;0.69568;0.663443;0.702128;0.734365;0.502257;0.734365;0.761444;0.79626;0.825919;0.785945;0.705996;0.749839;0.489362;0.74726;0.547389;0.521599;0.753707;0.64539;0.778208;-0.390244;0.185366;-0.00487804;-0.097561;0.136585;-0.15122;0.726829;-1;0;+1;-1;-1

30.98;0.602837;0.618311;0.72147;0.528046;0.618311;0.642811;0.638943;0.77305;0.727917;0.818182;0.715023;0.66989;0.887814;0.676338;0.6196;0.766602;0.72147;0.631206;0.779497;0.754997;0.926499;0.684075;0.673759;0.722759;0.547389;0.67118;0.662153;0.702128;0.761444;0.758865;0.827208;0.578337;0.66989;0.751128;0.471309;0.69568;0.663443;0.702128;0.734365;0.502257;0.734365;0.761444;0.79626;0.825919;0.785945;0.705996;0.749839;0.489362;0.74726;0.547389;0.521599;0.753707;0.64539;0.160976;-0.390244;0.185366;-0.00487804;-0.097561;0.136585;-0.15122;+1;0;+1;-1;-1

31.3;0.749839;0.602837;0.618311;0.72147;0.528046;0.618311;0.642811;0.638943;0.77305;0.727917;0.818182;0.715023;0.66989;0.887814;0.676338;0.6196;0.766602;0.72147;0.631206;0.779497;0.754997;0.926499;0.684075;0.673759;0.722759;0.547389;0.67118;0.662153;0.702128;0.761444;0.758865;0.827208;0.578337;0.66989;0.751128;0.471309;0.69568;0.663443;0.702128;0.734365;0.502257;0.734365;0.761444;0.79626;0.825919;0.785945;0.705996;0.749839;0.489362;0.74726;0.547389;0.521599;0.753707;-0.341463;0.160976;-0.390244;0.185366;-0.00487804;-0.097561;0.136585;-1;0;-1;-1;-1

29.71;0.503546;0.749839;0.602837;0.618311;0.72147;0.528046;0.618311;0.642811;0.638943;0.77305;0.727917;0.818182;0.715023;0.66989;0.887814;0.676338;0.6196;0.766602;0.72147;0.631206;0.779497;0.754997;0.926499;0.684075;0.673759;0.722759;0.547389;0.67118;0.662153;0.702128;0.761444;0.758865;0.827208;0.578337;0.66989;0.751128;0.471309;0.69568;0.663443;0.702128;0.734365;0.502257;0.734365;0.761444;0.79626;0.825919;0.785945;0.705996;0.749839;0.489362;0.74726;0.547389;0.521599;0.0682927;-0.341463;0.160976;-0.390244;0.185366;-0.00487804;-0.097561;+1;0;+1;+1;-1

30.2;0.77176;0.503546;0.749839;0.602837;0.618311;0.72147;0.528046;0.618311;0.642811;0.638943;0.77305;0.727917;0.818182;0.715023;0.66989;0.887814;0.676338;0.6196;0.766602;0.72147;0.631206;0.779497;0.754997;0.926499;0.684075;0.673759;0.722759;0.547389;0.67118;0.662153;0.702128;0.761444;0.758865;0.827208;0.578337;0.66989;0.751128;0.471309;0.69568;0.663443;0.702128;0.734365;0.502257;0.734365;0.761444;0.79626;0.825919;0.785945;0.705996;0.749839;0.489362;0.74726;0.547389;-0.809756;0.0682927;-0.341463;0.160976;-0.390244;0.185366;-0.00487804;-1;0;-1;-1;-1

29.71;0.64539;0.77176;0.503546;0.749839;0.602837;0.618311;0.72147;0.528046;0.618311;0.642811;0.638943;0.77305;0.727917;0.818182;0.715023;0.66989;0.887814;0.676338;0.6196;0.766602;0.72147;0.631206;0.779497;0.754997;0.926499;0.684075;0.673759;0.722759;0.547389;0.67118;0.662153;0.702128;0.761444;0.758865;0.827208;0.578337;0.66989;0.751128;0.471309;0.69568;0.663443;0.702128;0.734365;0.502257;0.734365;0.761444;0.79626;0.825919;0.785945;0.705996;0.749839;0.489362;0.74726;-0.712195;-0.809756;0.0682927;-0.341463;0.160976;-0.390244;0.185366;+1;0;-1;+1;-1

30.75;0.842682;0.64539;0.77176;0.503546;0.749839;0.602837;0.618311;0.72147;0.528046;0.618311;0.642811;0.638943;0.77305;0.727917;0.818182;0.715023;0.66989;0.887814;0.676338;0.6196;0.766602;0.72147;0.631206;0.779497;0.754997;0.926499;0.684075;0.673759;0.722759;0.547389;0.67118;0.662153;0.702128;0.761444;0.758865;0.827208;0.578337;0.66989;0.751128;0.471309;0.69568;0.663443;0.702128;0.734365;0.502257;0.734365;0.761444;0.79626;0.825919;0.785945;0.705996;0.749839;0.489362;0.0439025;-0.712195;-0.809756;0.0682927;-0.341463;0.160976;-0.390244;-1;0;+1;-1;-1

30.75;0.708575;0.842682;0.64539;0.77176;0.503546;0.749839;0.602837;0.618311;0.72147;0.528046;0.618311;0.642811;0.638943;0.77305;0.727917;0.818182;0.715023;0.66989;0.887814;0.676338;0.6196;0.766602;0.72147;0.631206;0.779497;0.754997;0.926499;0.684075;0.673759;0.722759;0.547389;0.67118;0.662153;0.702128;0.761444;0.758865;0.827208;0.578337;0.66989;0.751128;0.471309;0.69568;0.663443;0.702128;0.734365;0.502257;0.734365;0.761444;0.79626;0.825919;0.785945;0.705996;0.749839;-0.931707;0.0439025;-0.712195;-0.809756;0.0682927;-0.341463;0.160976;+1;0;-1;-1;-1

30.8;0.715023;0.708575;0.842682;0.64539;0.77176;0.503546;0.749839;0.602837;0.618311;0.72147;0.528046;0.618311;0.642811;0.638943;0.77305;0.727917;0.818182;0.715023;0.66989;0.887814;0.676338;0.6196;0.766602;0.72147;0.631206;0.779497;0.754997;0.926499;0.684075;0.673759;0.722759;0.547389;0.67118;0.662153;0.702128;0.761444;0.758865;0.827208;0.578337;0.66989;0.751128;0.471309;0.69568;0.663443;0.702128;0.734365;0.502257;0.734365;0.761444;0.79626;0.825919;0.785945;0.705996;0.0536585;-0.931707;0.0439025;-0.712195;-0.809756;0.0682927;-0.341463;-1;0;-1;+1;-1

29.21;0.503546;0.715023;0.708575;0.842682;0.64539;0.77176;0.503546;0.749839;0.602837;0.618311;0.72147;0.528046;0.618311;0.642811;0.638943;0.77305;0.727917;0.818182;0.715023;0.66989;0.887814;0.676338;0.6196;0.766602;0.72147;0.631206;0.779497;0.754997;0.926499;0.684075;0.673759;0.722759;0.547389;0.67118;0.662153;0.702128;0.761444;0.758865;0.827208;0.578337;0.66989;0.751128;0.471309;0.69568;0.663443;0.702128;0.734365;0.502257;0.734365;0.761444;0.79626;0.825919;0.785945;-0.112195;0.0536585;-0.931707;0.0439025;-0.712195;-0.809756;0.0682927;-1;0;+1;-1;-1

29;0.681496;0.503546;0.715023;0.708575;0.842682;0.64539;0.77176;0.503546;0.749839;0.602837;0.618311;0.72147;0.528046;0.618311;0.642811;0.638943;0.77305;0.727917;0.818182;0.715023;0.66989;0.887814;0.676338;0.6196;0.766602;0.72147;0.631206;0.779497;0.754997;0.926499;0.684075;0.673759;0.722759;0.547389;0.67118;0.662153;0.702128;0.761444;0.758865;0.827208;0.578337;0.66989;0.751128;0.471309;0.69568;0.663443;0.702128;0.734365;0.502257;0.734365;0.761444;0.79626;0.825919;0.190244;-0.112195;0.0536585;-0.931707;0.0439025;-0.712195;-0.809756;+1;0;-1;+1;-1

30.89;0.952289;0.681496;0.503546;0.715023;0.708575;0.842682;0.64539;0.77176;0.503546;0.749839;0.602837;0.618311;0.72147;0.528046;0.618311;0.642811;0.638943;0.77305;0.727917;0.818182;0.715023;0.66989;0.887814;0.676338;0.6196;0.766602;0.72147;0.631206;0.779497;0.754997;0.926499;0.684075;0.673759;0.722759;0.547389;0.67118;0.662153;0.702128;0.761444;0.758865;0.827208;0.578337;0.66989;0.751128;0.471309;0.69568;0.663443;0.702128;0.734365;0.502257;0.734365;0.761444;0.79626;0.341463;0.190244;-0.112195;0.0536585;-0.931707;0.0439025;-0.712195;-1;0;+1;-1;-1

30.66;0.678917;0.952289;0.681496;0.503546;0.715023;0.708575;0.842682;0.64539;0.77176;0.503546;0.749839;0.602837;0.618311;0.72147;0.528046;0.618311;0.642811;0.638943;0.77305;0.727917;0.818182;0.715023;0.66989;0.887814;0.676338;0.6196;0.766602;0.72147;0.631206;0.779497;0.754997;0.926499;0.684075;0.673759;0.722759;0.547389;0.67118;0.662153;0.702128;0.761444;0.758865;0.827208;0.578337;0.66989;0.751128;0.471309;0.69568;0.663443;0.702128;0.734365;0.502257;0.734365;0.761444;0.229268;0.341463;0.190244;-0.112195;0.0536585;-0.931707;0.0439025;-1;0;-1;-1;-1

29.75;0.591231;0.678917;0.952289;0.681496;0.503546;0.715023;0.708575;0.842682;0.64539;0.77176;0.503546;0.749839;0.602837;0.618311;0.72147;0.528046;0.618311;0.642811;0.638943;0.77305;0.727917;0.818182;0.715023;0.66989;0.887814;0.676338;0.6196;0.766602;0.72147;0.631206;0.779497;0.754997;0.926499;0.684075;0.673759;0.722759;0.547389;0.67118;0.662153;0.702128;0.761444;0.758865;0.827208;0.578337;0.66989;0.751128;0.471309;0.69568;0.663443;0.702128;0.734365;0.502257;0.734365;0.097561;0.229268;0.341463;0.190244;-0.112195;0.0536585;-0.931707;-1;0;-1;-1;-1

29.01;0.613153;0.591231;0.678917;0.952289;0.681496;0.503546;0.715023;0.708575;0.842682;0.64539;0.77176;0.503546;0.749839;0.602837;0.618311;0.72147;0.528046;0.618311;0.642811;0.638943;0.77305;0.727917;0.818182;0.715023;0.66989;0.887814;0.676338;0.6196;0.766602;0.72147;0.631206;0.779497;0.754997;0.926499;0.684075;0.673759;0.722759;0.547389;0.67118;0.662153;0.702128;0.761444;0.758865;0.827208;0.578337;0.66989;0.751128;0.471309;0.69568;0.663443;0.702128;0.734365;0.502257;-0.00487804;0.097561;0.229268;0.341463;0.190244;-0.112195;0.0536585;-1;0;+1;-1;-1

27.73;0.54352;0.613153;0.591231;0.678917;0.952289;0.681496;0.503546;0.715023;0.708575;0.842682;0.64539;0.77176;0.503546;0.749839;0.602837;0.618311;0.72147;0.528046;0.618311;0.642811;0.638943;0.77305;0.727917;0.818182;0.715023;0.66989;0.887814;0.676338;0.6196;0.766602;0.72147;0.631206;0.779497;0.754997;0.926499;0.684075;0.673759;0.722759;0.547389;0.67118;0.662153;0.702128;0.761444;0.758865;0.827208;0.578337;0.66989;0.751128;0.471309;0.69568;0.663443;0.702128;0.734365;-0.882927;-0.00487804;0.097561;0.229268;0.341463;0.190244;-0.112195;-1;0;+1;-1;-1

27.65;0.698259;0.54352;0.613153;0.591231;0.678917;0.952289;0.681496;0.503546;0.715023;0.708575;0.842682;0.64539;0.77176;0.503546;0.749839;0.602837;0.618311;0.72147;0.528046;0.618311;0.642811;0.638943;0.77305;0.727917;0.818182;0.715023;0.66989;0.887814;0.676338;0.6196;0.766602;0.72147;0.631206;0.779497;0.754997;0.926499;0.684075;0.673759;0.722759;0.547389;0.67118;0.662153;0.702128;0.761444;0.758865;0.827208;0.578337;0.66989;0.751128;0.471309;0.69568;0.663443;0.702128;-0.00487804;-0.882927;-0.00487804;0.097561;0.229268;0.341463;0.190244;+1;0;-1;-1;-1

27.8;0.727917;0.698259;0.54352;0.613153;0.591231;0.678917;0.952289;0.681496;0.503546;0.715023;0.708575;0.842682;0.64539;0.77176;0.503546;0.749839;0.602837;0.618311;0.72147;0.528046;0.618311;0.642811;0.638943;0.77305;0.727917;0.818182;0.715023;0.66989;0.887814;0.676338;0.6196;0.766602;0.72147;0.631206;0.779497;0.754997;0.926499;0.684075;0.673759;0.722759;0.547389;0.67118;0.662153;0.702128;0.761444;0.758865;0.827208;0.578337;0.66989;0.751128;0.471309;0.69568;0.663443;-0.126829;-0.00487804;-0.882927;-0.00487804;0.097561;0.229268;0.341463;-1;0;+1;-1;-1

27.32;0.64668;0.727917;0.698259;0.54352;0.613153;0.591231;0.678917;0.952289;0.681496;0.503546;0.715023;0.708575;0.842682;0.64539;0.77176;0.503546;0.749839;0.602837;0.618311;0.72147;0.528046;0.618311;0.642811;0.638943;0.77305;0.727917;0.818182;0.715023;0.66989;0.887814;0.676338;0.6196;0.766602;0.72147;0.631206;0.779497;0.754997;0.926499;0.684075;0.673759;0.722759;0.547389;0.67118;0.662153;0.702128;0.761444;0.758865;0.827208;0.578337;0.66989;0.751128;0.471309;0.69568;-0.273171;-0.126829;-0.00487804;-0.882927;-0.00487804;0.097561;0.229268;-1;0;-1;+1;-1

26.6;0.615732;0.64668;0.727917;0.698259;0.54352;0.613153;0.591231;0.678917;0.952289;0.681496;0.503546;0.715023;0.708575;0.842682;0.64539;0.77176;0.503546;0.749839;0.602837;0.618311;0.72147;0.528046;0.618311;0.642811;0.638943;0.77305;0.727917;0.818182;0.715023;0.66989;0.887814;0.676338;0.6196;0.766602;0.72147;0.631206;0.779497;0.754997;0.926499;0.684075;0.673759;0.722759;0.547389;0.67118;0.662153;0.702128;0.761444;0.758865;0.827208;0.578337;0.66989;0.751128;0.471309;-0.15122;-0.273171;-0.126829;-0.00487804;-0.882927;-0.00487804;0.097561;+1;0;+1;-1;-1

27.3;0.798839;0.615732;0.64668;0.727917;0.698259;0.54352;0.613153;0.591231;0.678917;0.952289;0.681496;0.503546;0.715023;0.708575;0.842682;0.64539;0.77176;0.503546;0.749839;0.602837;0.618311;0.72147;0.528046;0.618311;0.642811;0.638943;0.77305;0.727917;0.818182;0.715023;0.66989;0.887814;0.676338;0.6196;0.766602;0.72147;0.631206;0.779497;0.754997;0.926499;0.684075;0.673759;0.722759;0.547389;0.67118;0.662153;0.702128;0.761444;0.758865;0.827208;0.578337;0.66989;0.751128;-1;-0.15122;-0.273171;-0.126829;-0.00487804;-0.882927;-0.00487804;+1;0;-1;-1;-1

28.15;0.818182;0.798839;0.615732;0.64668;0.727917;0.698259;0.54352;0.613153;0.591231;0.678917;0.952289;0.681496;0.503546;0.715023;0.708575;0.842682;0.64539;0.77176;0.503546;0.749839;0.602837;0.618311;0.72147;0.528046;0.618311;0.642811;0.638943;0.77305;0.727917;0.818182;0.715023;0.66989;0.887814;0.676338;0.6196;0.766602;0.72147;0.631206;0.779497;0.754997;0.926499;0.684075;0.673759;0.722759;0.547389;0.67118;0.662153;0.702128;0.761444;0.758865;0.827208;0.578337;0.66989;0.0585366;-1;-0.15122;-0.273171;-0.126829;-0.00487804;-0.882927;-1;0;+1;+1;-1

27.1;0.573179;0.818182;0.798839;0.615732;0.64668;0.727917;0.698259;0.54352;0.613153;0.591231;0.678917;0.952289;0.681496;0.503546;0.715023;0.708575;0.842682;0.64539;0.77176;0.503546;0.749839;0.602837;0.618311;0.72147;0.528046;0.618311;0.642811;0.638943;0.77305;0.727917;0.818182;0.715023;0.66989;0.887814;0.676338;0.6196;0.766602;0.72147;0.631206;0.779497;0.754997;0.926499;0.684075;0.673759;0.722759;0.547389;0.67118;0.662153;0.702128;0.761444;0.758865;0.827208;0.578337;-0.24878;0.0585366;-1;-0.15122;-0.273171;-0.126829;-0.00487804;+1;0;-1;-1;-1

27.35;0.740812;0.573179;0.818182;0.798839;0.615732;0.64668;0.727917;0.698259;0.54352;0.613153;0.591231;0.678917;0.952289;0.681496;0.503546;0.715023;0.708575;0.842682;0.64539;0.77176;0.503546;0.749839;0.602837;0.618311;0.72147;0.528046;0.618311;0.642811;0.638943;0.77305;0.727917;0.818182;0.715023;0.66989;0.887814;0.676338;0.6196;0.766602;0.72147;0.631206;0.779497;0.754997;0.926499;0.684075;0.673759;0.722759;0.547389;0.67118;0.662153;0.702128;0.761444;0.758865;0.827208;-0.595122;-0.24878;0.0585366;-1;-0.15122;-0.273171;-0.126829;+1;0;+1;+1;-1

28.1;0.805287;0.740812;0.573179;0.818182;0.798839;0.615732;0.64668;0.727917;0.698259;0.54352;0.613153;0.591231;0.678917;0.952289;0.681496;0.503546;0.715023;0.708575;0.842682;0.64539;0.77176;0.503546;0.749839;0.602837;0.618311;0.72147;0.528046;0.618311;0.642811;0.638943;0.77305;0.727917;0.818182;0.715023;0.66989;0.887814;0.676338;0.6196;0.766602;0.72147;0.631206;0.779497;0.754997;0.926499;0.684075;0.673759;0.722759;0.547389;0.67118;0.662153;0.702128;0.761444;0.758865;0.346341;-0.595122;-0.24878;0.0585366;-1;-0.15122;-0.273171;-1;0;-1;-1;-1

27.26;0.600258;0.805287;0.740812;0.573179;0.818182;0.798839;0.615732;0.64668;0.727917;0.698259;0.54352;0.613153;0.591231;0.678917;0.952289;0.681496;0.503546;0.715023;0.708575;0.842682;0.64539;0.77176;0.503546;0.749839;0.602837;0.618311;0.72147;0.528046;0.618311;0.642811;0.638943;0.77305;0.727917;0.818182;0.715023;0.66989;0.887814;0.676338;0.6196;0.766602;0.72147;0.631206;0.779497;0.754997;0.926499;0.684075;0.673759;0.722759;0.547389;0.67118;0.662153;0.702128;0.761444;0.0878049;0.346341;-0.595122;-0.24878;0.0585366;-1;-0.15122;+1;0;+1;-1;-1

27.45;0.733075;0.600258;0.805287;0.740812;0.573179;0.818182;0.798839;0.615732;0.64668;0.727917;0.698259;0.54352;0.613153;0.591231;0.678917;0.952289;0.681496;0.503546;0.715023;0.708575;0.842682;0.64539;0.77176;0.503546;0.749839;0.602837;0.618311;0.72147;0.528046;0.618311;0.642811;0.638943;0.77305;0.727917;0.818182;0.715023;0.66989;0.887814;0.676338;0.6196;0.766602;0.72147;0.631206;0.779497;0.754997;0.926499;0.684075;0.673759;0.722759;0.547389;0.67118;0.662153;0.702128;0.097561;0.0878049;0.346341;-0.595122;-0.24878;0.0585366;-1;+1;0;-1;+1;-1

27.69;0.739523;0.733075;0.600258;0.805287;0.740812;0.573179;0.818182;0.798839;0.615732;0.64668;0.727917;0.698259;0.54352;0.613153;0.591231;0.678917;0.952289;0.681496;0.503546;0.715023;0.708575;0.842682;0.64539;0.77176;0.503546;0.749839;0.602837;0.618311;0.72147;0.528046;0.618311;0.642811;0.638943;0.77305;0.727917;0.818182;0.715023;0.66989;0.887814;0.676338;0.6196;0.766602;0.72147;0.631206;0.779497;0.754997;0.926499;0.684075;0.673759;0.722759;0.547389;0.67118;0.662153;-0.126829;0.097561;0.0878049;0.346341;-0.595122;-0.24878;0.0585366;-1;0;-1;-1;-1

26.69;0.579626;0.739523;0.733075;0.600258;0.805287;0.740812;0.573179;0.818182;0.798839;0.615732;0.64668;0.727917;0.698259;0.54352;0.613153;0.591231;0.678917;0.952289;0.681496;0.503546;0.715023;0.708575;0.842682;0.64539;0.77176;0.503546;0.749839;0.602837;0.618311;0.72147;0.528046;0.618311;0.642811;0.638943;0.77305;0.727917;0.818182;0.715023;0.66989;0.887814;0.676338;0.6196;0.766602;0.72147;0.631206;0.779497;0.754997;0.926499;0.684075;0.673759;0.722759;0.547389;0.67118;-0.278049;-0.126829;0.097561;0.0878049;0.346341;-0.595122;-0.24878;+1;0;+1;-1;-1

26.85;0.729207;0.579626;0.739523;0.733075;0.600258;0.805287;0.740812;0.573179;0.818182;0.798839;0.615732;0.64668;0.727917;0.698259;0.54352;0.613153;0.591231;0.678917;0.952289;0.681496;0.503546;0.715023;0.708575;0.842682;0.64539;0.77176;0.503546;0.749839;0.602837;0.618311;0.72147;0.528046;0.618311;0.642811;0.638943;0.77305;0.727917;0.818182;0.715023;0.66989;0.887814;0.676338;0.6196;0.766602;0.72147;0.631206;0.779497;0.754997;0.926499;0.684075;0.673759;0.722759;0.547389;-0.243902;-0.278049;-0.126829;0.097561;0.0878049;0.346341;-0.595122;+1;0;-1;-1;-1

28.4;0.908446;0.729207;0.579626;0.739523;0.733075;0.600258;0.805287;0.740812;0.573179;0.818182;0.798839;0.615732;0.64668;0.727917;0.698259;0.54352;0.613153;0.591231;0.678917;0.952289;0.681496;0.503546;0.715023;0.708575;0.842682;0.64539;0.77176;0.503546;0.749839;0.602837;0.618311;0.72147;0.528046;0.618311;0.642811;0.638943;0.77305;0.727917;0.818182;0.715023;0.66989;0.887814;0.676338;0.6196;0.766602;0.72147;0.631206;0.779497;0.754997;0.926499;0.684075;0.673759;0.722759;-0.712195;-0.243902;-0.278049;-0.126829;0.097561;0.0878049;0.346341;+1;0;+1;-1;-1

28.51;0.722759;0.908446;0.729207;0.579626;0.739523;0.733075;0.600258;0.805287;0.740812;0.573179;0.818182;0.798839;0.615732;0.64668;0.727917;0.698259;0.54352;0.613153;0.591231;0.678917;0.952289;0.681496;0.503546;0.715023;0.708575;0.842682;0.64539;0.77176;0.503546;0.749839;0.602837;0.618311;0.72147;0.528046;0.618311;0.642811;0.638943;0.77305;0.727917;0.818182;0.715023;0.66989;0.887814;0.676338;0.6196;0.766602;0.72147;0.631206;0.779497;0.754997;0.926499;0.684075;0.673759;-0.0487805;-0.712195;-0.243902;-0.278049;-0.126829;0.097561;0.0878049;+1;0;+1;+1;-1

30.77;1;0.722759;0.908446;0.729207;0.579626;0.739523;0.733075;0.600258;0.805287;0.740812;0.573179;0.818182;0.798839;0.615732;0.64668;0.727917;0.698259;0.54352;0.613153;0.591231;0.678917;0.952289;0.681496;0.503546;0.715023;0.708575;0.842682;0.64539;0.77176;0.503546;0.749839;0.602837;0.618311;0.72147;0.528046;0.618311;0.642811;0.638943;0.77305;0.727917;0.818182;0.715023;0.66989;0.887814;0.676338;0.6196;0.766602;0.72147;0.631206;0.779497;0.754997;0.926499;0.684075;-0.234146;-0.0487805;-0.712195;-0.243902;-0.278049;-0.126829;0.097561;+1;0;+1;-1;-1

30.81;0.713733;1;0.722759;0.908446;0.729207;0.579626;0.739523;0.733075;0.600258;0.805287;0.740812;0.573179;0.818182;0.798839;0.615732;0.64668;0.727917;0.698259;0.54352;0.613153;0.591231;0.678917;0.952289;0.681496;0.503546;0.715023;0.708575;0.842682;0.64539;0.77176;0.503546;0.749839;0.602837;0.618311;0.72147;0.528046;0.618311;0.642811;0.638943;0.77305;0.727917;0.818182;0.715023;0.66989;0.887814;0.676338;0.6196;0.766602;0.72147;0.631206;0.779497;0.754997;0.926499;-0.195122;-0.234146;-0.0487805;-0.712195;-0.243902;-0.278049;-0.126829;-1;0;-1;-1;-1

29.35;0.520309;0.713733;1;0.722759;0.908446;0.729207;0.579626;0.739523;0.733075;0.600258;0.805287;0.740812;0.573179;0.818182;0.798839;0.615732;0.64668;0.727917;0.698259;0.54352;0.613153;0.591231;0.678917;0.952289;0.681496;0.503546;0.715023;0.708575;0.842682;0.64539;0.77176;0.503546;0.749839;0.602837;0.618311;0.72147;0.528046;0.618311;0.642811;0.638943;0.77305;0.727917;0.818182;0.715023;0.66989;0.887814;0.676338;0.6196;0.766602;0.72147;0.631206;0.779497;0.754997;0.721951;-0.195122;-0.234146;-0.0487805;-0.712195;-0.243902;-0.278049;+1;0;+1;-1;-1

29.54;0.733075;0.520309;0.713733;1;0.722759;0.908446;0.729207;0.579626;0.739523;0.733075;0.600258;0.805287;0.740812;0.573179;0.818182;0.798839;0.615732;0.64668;0.727917;0.698259;0.54352;0.613153;0.591231;0.678917;0.952289;0.681496;0.503546;0.715023;0.708575;0.842682;0.64539;0.77176;0.503546;0.749839;0.602837;0.618311;0.72147;0.528046;0.618311;0.642811;0.638943;0.77305;0.727917;0.818182;0.715023;0.66989;0.887814;0.676338;0.6196;0.766602;0.72147;0.631206;0.779497;0.0731708;0.721951;-0.195122;-0.234146;-0.0487805;-0.712195;-0.243902;-1;0;-1;-1;-1

28.89;0.624758;0.733075;0.520309;0.713733;1;0.722759;0.908446;0.729207;0.579626;0.739523;0.733075;0.600258;0.805287;0.740812;0.573179;0.818182;0.798839;0.615732;0.64668;0.727917;0.698259;0.54352;0.613153;0.591231;0.678917;0.952289;0.681496;0.503546;0.715023;0.708575;0.842682;0.64539;0.77176;0.503546;0.749839;0.602837;0.618311;0.72147;0.528046;0.618311;0.642811;0.638943;0.77305;0.727917;0.818182;0.715023;0.66989;0.887814;0.676338;0.6196;0.766602;0.72147;0.631206;0.165854;0.0731708;0.721951;-0.195122;-0.234146;-0.0487805;-0.712195;-1;0;+1;-1;-1

28.38;0.642811;0.624758;0.733075;0.520309;0.713733;1;0.722759;0.908446;0.729207;0.579626;0.739523;0.733075;0.600258;0.805287;0.740812;0.573179;0.818182;0.798839;0.615732;0.64668;0.727917;0.698259;0.54352;0.613153;0.591231;0.678917;0.952289;0.681496;0.503546;0.715023;0.708575;0.842682;0.64539;0.77176;0.503546;0.749839;0.602837;0.618311;0.72147;0.528046;0.618311;0.642811;0.638943;0.77305;0.727917;0.818182;0.715023;0.66989;0.887814;0.676338;0.6196;0.766602;0.72147;-0.395122;0.165854;0.0731708;0.721951;-0.195122;-0.234146;-0.0487805;+1;0;+1;-1;-1

28.65;0.743391;0.642811;0.624758;0.733075;0.520309;0.713733;1;0.722759;0.908446;0.729207;0.579626;0.739523;0.733075;0.600258;0.805287;0.740812;0.573179;0.818182;0.798839;0.615732;0.64668;0.727917;0.698259;0.54352;0.613153;0.591231;0.678917;0.952289;0.681496;0.503546;0.715023;0.708575;0.842682;0.64539;0.77176;0.503546;0.749839;0.602837;0.618311;0.72147;0.528046;0.618311;0.642811;0.638943;0.77305;0.727917;0.818182;0.715023;0.66989;0.887814;0.676338;0.6196;0.766602;-0.0536585;-0.395122;0.165854;0.0731708;0.721951;-0.195122;-0.234146;-1;0;-1;-1;-1

28;0.624758;0.743391;0.642811;0.624758;0.733075;0.520309;0.713733;1;0.722759;0.908446;0.729207;0.579626;0.739523;0.733075;0.600258;0.805287;0.740812;0.573179;0.818182;0.798839;0.615732;0.64668;0.727917;0.698259;0.54352;0.613153;0.591231;0.678917;0.952289;0.681496;0.503546;0.715023;0.708575;0.842682;0.64539;0.77176;0.503546;0.749839;0.602837;0.618311;0.72147;0.528046;0.618311;0.642811;0.638943;0.77305;0.727917;0.818182;0.715023;0.66989;0.887814;0.676338;0.6196;0.117073;-0.0536585;-0.395122;0.165854;0.0731708;0.721951;-0.195122;-1;0;-1;-1;-1

27.3;0.618311;0.624758;0.743391;0.642811;0.624758;0.733075;0.520309;0.713733;1;0.722759;0.908446;0.729207;0.579626;0.739523;0.733075;0.600258;0.805287;0.740812;0.573179;0.818182;0.798839;0.615732;0.64668;0.727917;0.698259;0.54352;0.613153;0.591231;0.678917;0.952289;0.681496;0.503546;0.715023;0.708575;0.842682;0.64539;0.77176;0.503546;0.749839;0.602837;0.618311;0.72147;0.528046;0.618311;0.642811;0.638943;0.77305;0.727917;0.818182;0.715023;0.66989;0.887814;0.676338;-0.439024;0.117073;-0.0536585;-0.395122;0.165854;0.0731708;0.721951;-1;0;+1;-1;-1

26.85;0.650548;0.618311;0.624758;0.743391;0.642811;0.624758;0.733075;0.520309;0.713733;1;0.722759;0.908446;0.729207;0.579626;0.739523;0.733075;0.600258;0.805287;0.740812;0.573179;0.818182;0.798839;0.615732;0.64668;0.727917;0.698259;0.54352;0.613153;0.591231;0.678917;0.952289;0.681496;0.503546;0.715023;0.708575;0.842682;0.64539;0.77176;0.503546;0.749839;0.602837;0.618311;0.72147;0.528046;0.618311;0.642811;0.638943;0.77305;0.727917;0.818182;0.715023;0.66989;0.887814;-0.22439;-0.439024;0.117073;-0.0536585;-0.395122;0.165854;0.0731708;-1;0;-1;+1;-1

26.3;0.637653;0.650548;0.618311;0.624758;0.743391;0.642811;0.624758;0.733075;0.520309;0.713733;1;0.722759;0.908446;0.729207;0.579626;0.739523;0.733075;0.600258;0.805287;0.740812;0.573179;0.818182;0.798839;0.615732;0.64668;0.727917;0.698259;0.54352;0.613153;0.591231;0.678917;0.952289;0.681496;0.503546;0.715023;0.708575;0.842682;0.64539;0.77176;0.503546;0.749839;0.602837;0.618311;0.72147;0.528046;0.618311;0.642811;0.638943;0.77305;0.727917;0.818182;0.715023;0.66989;0.57561;-0.22439;-0.439024;0.117073;-0.0536585;-0.395122;0.165854;-1;0;+1;-1;-1

13.05;-1;0.637653;0.650548;0.618311;0.624758;0.743391;0.642811;0.624758;0.733075;0.520309;0.713733;1;0.722759;0.908446;0.729207;0.579626;0.739523;0.733075;0.600258;0.805287;0.740812;0.573179;0.818182;0.798839;0.615732;0.64668;0.727917;0.698259;0.54352;0.613153;0.591231;0.678917;0.952289;0.681496;0.503546;0.715023;0.708575;0.842682;0.64539;0.77176;0.503546;0.749839;0.602837;0.618311;0.72147;0.528046;0.618311;0.642811;0.638943;0.77305;0.727917;0.818182;0.715023;-0.24878;0.57561;-0.22439;-0.439024;0.117073;-0.0536585;-0.395122;+1;0;+1;+1;-1

13.99;0.829787;-1;0.637653;0.650548;0.618311;0.624758;0.743391;0.642811;0.624758;0.733075;0.520309;0.713733;1;0.722759;0.908446;0.729207;0.579626;0.739523;0.733075;0.600258;0.805287;0.740812;0.573179;0.818182;0.798839;0.615732;0.64668;0.727917;0.698259;0.54352;0.613153;0.591231;0.678917;0.952289;0.681496;0.503546;0.715023;0.708575;0.842682;0.64539;0.77176;0.503546;0.749839;0.602837;0.618311;0.72147;0.528046;0.618311;0.642811;0.638943;0.77305;0.727917;0.818182;-0.0780488;-0.24878;0.57561;-0.22439;-0.439024;0.117073;-0.0536585;-1;0;-1;-1;-1

13.8;0.684075;0.829787;-1;0.637653;0.650548;0.618311;0.624758;0.743391;0.642811;0.624758;0.733075;0.520309;0.713733;1;0.722759;0.908446;0.729207;0.579626;0.739523;0.733075;0.600258;0.805287;0.740812;0.573179;0.818182;0.798839;0.615732;0.64668;0.727917;0.698259;0.54352;0.613153;0.591231;0.678917;0.952289;0.681496;0.503546;0.715023;0.708575;0.842682;0.64539;0.77176;0.503546;0.749839;0.602837;0.618311;0.72147;0.528046;0.618311;0.642811;0.638943;0.77305;0.727917;0.312195;-0.0780488;-0.24878;0.57561;-0.22439;-0.439024;0.117073;-1;0;-1;-1;-1

13.79;0.707286;0.684075;0.829787;-1;0.637653;0.650548;0.618311;0.624758;0.743391;0.642811;0.624758;0.733075;0.520309;0.713733;1;0.722759;0.908446;0.729207;0.579626;0.739523;0.733075;0.600258;0.805287;0.740812;0.573179;0.818182;0.798839;0.615732;0.64668;0.727917;0.698259;0.54352;0.613153;0.591231;0.678917;0.952289;0.681496;0.503546;0.715023;0.708575;0.842682;0.64539;0.77176;0.503546;0.749839;0.602837;0.618311;0.72147;0.528046;0.618311;0.642811;0.638943;0.77305;-0.0292683;0.312195;-0.0780488;-0.24878;0.57561;-0.22439;-0.439024;+1;0;+1;+1;-1

14.44;0.792392;0.707286;0.684075;0.829787;-1;0.637653;0.650548;0.618311;0.624758;0.743391;0.642811;0.624758;0.733075;0.520309;0.713733;1;0.722759;0.908446;0.729207;0.579626;0.739523;0.733075;0.600258;0.805287;0.740812;0.573179;0.818182;0.798839;0.615732;0.64668;0.727917;0.698259;0.54352;0.613153;0.591231;0.678917;0.952289;0.681496;0.503546;0.715023;0.708575;0.842682;0.64539;0.77176;0.503546;0.749839;0.602837;0.618311;0.72147;0.528046;0.618311;0.642811;0.638943;0.141463;-0.0292683;0.312195;-0.0780488;-0.24878;0.57561;-0.22439;+1;0;+1;+1;-1

14.7;0.742102;0.792392;0.707286;0.684075;0.829787;-1;0.637653;0.650548;0.618311;0.624758;0.743391;0.642811;0.624758;0.733075;0.520309;0.713733;1;0.722759;0.908446;0.729207;0.579626;0.739523;0.733075;0.600258;0.805287;0.740812;0.573179;0.818182;0.798839;0.615732;0.64668;0.727917;0.698259;0.54352;0.613153;0.591231;0.678917;0.952289;0.681496;0.503546;0.715023;0.708575;0.842682;0.64539;0.77176;0.503546;0.749839;0.602837;0.618311;0.72147;0.528046;0.618311;0.642811;-0.365854;0.141463;-0.0292683;0.312195;-0.0780488;-0.24878;0.57561;+1;0;+1;-1;-1

14.75;0.715023;0.742102;0.792392;0.707286;0.684075;0.829787;-1;0.637653;0.650548;0.618311;0.624758;0.743391;0.642811;0.624758;0.733075;0.520309;0.713733;1;0.722759;0.908446;0.729207;0.579626;0.739523;0.733075;0.600258;0.805287;0.740812;0.573179;0.818182;0.798839;0.615732;0.64668;0.727917;0.698259;0.54352;0.613153;0.591231;0.678917;0.952289;0.681496;0.503546;0.715023;0.708575;0.842682;0.64539;0.77176;0.503546;0.749839;0.602837;0.618311;0.72147;0.528046;0.618311;-0.35122;-0.365854;0.141463;-0.0292683;0.312195;-0.0780488;-0.24878;+1;0;+1;+1;-1

15.14;0.758865;0.715023;0.742102;0.792392;0.707286;0.684075;0.829787;-1;0.637653;0.650548;0.618311;0.624758;0.743391;0.642811;0.624758;0.733075;0.520309;0.713733;1;0.722759;0.908446;0.729207;0.579626;0.739523;0.733075;0.600258;0.805287;0.740812;0.573179;0.818182;0.798839;0.615732;0.64668;0.727917;0.698259;0.54352;0.613153;0.591231;0.678917;0.952289;0.681496;0.503546;0.715023;0.708575;0.842682;0.64539;0.77176;0.503546;0.749839;0.602837;0.618311;0.72147;0.528046;-0.443902;-0.35122;-0.365854;0.141463;-0.0292683;0.312195;-0.0780488;-1;0;-1;-1;-1

15.12;0.705996;0.758865;0.715023;0.742102;0.792392;0.707286;0.684075;0.829787;-1;0.637653;0.650548;0.618311;0.624758;0.743391;0.642811;0.624758;0.733075;0.520309;0.713733;1;0.722759;0.908446;0.729207;0.579626;0.739523;0.733075;0.600258;0.805287;0.740812;0.573179;0.818182;0.798839;0.615732;0.64668;0.727917;0.698259;0.54352;0.613153;0.591231;0.678917;0.952289;0.681496;0.503546;0.715023;0.708575;0.842682;0.64539;0.77176;0.503546;0.749839;0.602837;0.618311;0.72147;-0.785366;-0.443902;-0.35122;-0.365854;0.141463;-0.0292683;0.312195;+1;0;+1;+1;-1

15.15;0.712444;0.705996;0.758865;0.715023;0.742102;0.792392;0.707286;0.684075;0.829787;-1;0.637653;0.650548;0.618311;0.624758;0.743391;0.642811;0.624758;0.733075;0.520309;0.713733;1;0.722759;0.908446;0.729207;0.579626;0.739523;0.733075;0.600258;0.805287;0.740812;0.573179;0.818182;0.798839;0.615732;0.64668;0.727917;0.698259;0.54352;0.613153;0.591231;0.678917;0.952289;0.681496;0.503546;0.715023;0.708575;0.842682;0.64539;0.77176;0.503546;0.749839;0.602837;0.618311;-0.0536585;-0.785366;-0.443902;-0.35122;-0.365854;0.141463;-0.0292683;-1;0;-1;-1;-1

14.85;0.66989;0.712444;0.705996;0.758865;0.715023;0.742102;0.792392;0.707286;0.684075;0.829787;-1;0.637653;0.650548;0.618311;0.624758;0.743391;0.642811;0.624758;0.733075;0.520309;0.713733;1;0.722759;0.908446;0.729207;0.579626;0.739523;0.733075;0.600258;0.805287;0.740812;0.573179;0.818182;0.798839;0.615732;0.64668;0.727917;0.698259;0.54352;0.613153;0.591231;0.678917;0.952289;0.681496;0.503546;0.715023;0.708575;0.842682;0.64539;0.77176;0.503546;0.749839;0.602837;-0.443902;-0.0536585;-0.785366;-0.443902;-0.35122;-0.365854;0.141463;+1;0;+1;+1;-1

15.28;0.764023;0.66989;0.712444;0.705996;0.758865;0.715023;0.742102;0.792392;0.707286;0.684075;0.829787;-1;0.637653;0.650548;0.618311;0.624758;0.743391;0.642811;0.624758;0.733075;0.520309;0.713733;1;0.722759;0.908446;0.729207;0.579626;0.739523;0.733075;0.600258;0.805287;0.740812;0.573179;0.818182;0.798839;0.615732;0.64668;0.727917;0.698259;0.54352;0.613153;0.591231;0.678917;0.952289;0.681496;0.503546;0.715023;0.708575;0.842682;0.64539;0.77176;0.503546;0.749839;-0.502439;-0.443902;-0.0536585;-0.785366;-0.443902;-0.35122;-0.365854;-1;0;-1;-1;-1

15.15;0.691812;0.764023;0.66989;0.712444;0.705996;0.758865;0.715023;0.742102;0.792392;0.707286;0.684075;0.829787;-1;0.637653;0.650548;0.618311;0.624758;0.743391;0.642811;0.624758;0.733075;0.520309;0.713733;1;0.722759;0.908446;0.729207;0.579626;0.739523;0.733075;0.600258;0.805287;0.740812;0.573179;0.818182;0.798839;0.615732;0.64668;0.727917;0.698259;0.54352;0.613153;0.591231;0.678917;0.952289;0.681496;0.503546;0.715023;0.708575;0.842682;0.64539;0.77176;0.503546;0.0536585;-0.502439;-0.443902;-0.0536585;-0.785366;-0.443902;-0.35122;+1;0;+1;+1;-1

15.7;0.779497;0.691812;0.764023;0.66989;0.712444;0.705996;0.758865;0.715023;0.742102;0.792392;0.707286;0.684075;0.829787;-1;0.637653;0.650548;0.618311;0.624758;0.743391;0.642811;0.624758;0.733075;0.520309;0.713733;1;0.722759;0.908446;0.729207;0.579626;0.739523;0.733075;0.600258;0.805287;0.740812;0.573179;0.818182;0.798839;0.615732;0.64668;0.727917;0.698259;0.54352;0.613153;0.591231;0.678917;0.952289;0.681496;0.503546;0.715023;0.708575;0.842682;0.64539;0.77176;-0.878049;0.0536585;-0.502439;-0.443902;-0.0536585;-0.785366;-0.443902;-1;0;-1;-1;-1

15.49;0.681496;0.779497;0.691812;0.764023;0.66989;0.712444;0.705996;0.758865;0.715023;0.742102;0.792392;0.707286;0.684075;0.829787;-1;0.637653;0.650548;0.618311;0.624758;0.743391;0.642811;0.624758;0.733075;0.520309;0.713733;1;0.722759;0.908446;0.729207;0.579626;0.739523;0.733075;0.600258;0.805287;0.740812;0.573179;0.818182;0.798839;0.615732;0.64668;0.727917;0.698259;0.54352;0.613153;0.591231;0.678917;0.952289;0.681496;0.503546;0.715023;0.708575;0.842682;0.64539;0.136585;-0.878049;0.0536585;-0.502439;-0.443902;-0.0536585;-0.785366;-1;0;-1;+1;-1

15.3;0.684075;0.681496;0.779497;0.691812;0.764023;0.66989;0.712444;0.705996;0.758865;0.715023;0.742102;0.792392;0.707286;0.684075;0.829787;-1;0.637653;0.650548;0.618311;0.624758;0.743391;0.642811;0.624758;0.733075;0.520309;0.713733;1;0.722759;0.908446;0.729207;0.579626;0.739523;0.733075;0.600258;0.805287;0.740812;0.573179;0.818182;0.798839;0.615732;0.64668;0.727917;0.698259;0.54352;0.613153;0.591231;0.678917;0.952289;0.681496;0.503546;0.715023;0.708575;0.842682;-0.341463;0.136585;-0.878049;0.0536585;-0.502439;-0.443902;-0.0536585;-1;0;-1;-1;-1

15.18;0.693101;0.684075;0.681496;0.779497;0.691812;0.764023;0.66989;0.712444;0.705996;0.758865;0.715023;0.742102;0.792392;0.707286;0.684075;0.829787;-1;0.637653;0.650548;0.618311;0.624758;0.743391;0.642811;0.624758;0.733075;0.520309;0.713733;1;0.722759;0.908446;0.729207;0.579626;0.739523;0.733075;0.600258;0.805287;0.740812;0.573179;0.818182;0.798839;0.615732;0.64668;0.727917;0.698259;0.54352;0.613153;0.591231;0.678917;0.952289;0.681496;0.503546;0.715023;0.708575;0.404878;-0.341463;0.136585;-0.878049;0.0536585;-0.502439;-0.443902;+1;0;+1;+1;-1

15.55;0.756286;0.693101;0.684075;0.681496;0.779497;0.691812;0.764023;0.66989;0.712444;0.705996;0.758865;0.715023;0.742102;0.792392;0.707286;0.684075;0.829787;-1;0.637653;0.650548;0.618311;0.624758;0.743391;0.642811;0.624758;0.733075;0.520309;0.713733;1;0.722759;0.908446;0.729207;0.579626;0.739523;0.733075;0.600258;0.805287;0.740812;0.573179;0.818182;0.798839;0.615732;0.64668;0.727917;0.698259;0.54352;0.613153;0.591231;0.678917;0.952289;0.681496;0.503546;0.715023;-0.102439;0.404878;-0.341463;0.136585;-0.878049;0.0536585;-0.502439;-1;0;-1;-1;-1

15.5;0.702128;0.756286;0.693101;0.684075;0.681496;0.779497;0.691812;0.764023;0.66989;0.712444;0.705996;0.758865;0.715023;0.742102;0.792392;0.707286;0.684075;0.829787;-1;0.637653;0.650548;0.618311;0.624758;0.743391;0.642811;0.624758;0.733075;0.520309;0.713733;1;0.722759;0.908446;0.729207;0.579626;0.739523;0.733075;0.600258;0.805287;0.740812;0.573179;0.818182;0.798839;0.615732;0.64668;0.727917;0.698259;0.54352;0.613153;0.591231;0.678917;0.952289;0.681496;0.503546;-0.0780488;-0.102439;0.404878;-0.341463;0.136585;-0.878049;0.0536585;-1;0;-1;-1;-1

15.26;0.677627;0.702128;0.756286;0.693101;0.684075;0.681496;0.779497;0.691812;0.764023;0.66989;0.712444;0.705996;0.758865;0.715023;0.742102;0.792392;0.707286;0.684075;0.829787;-1;0.637653;0.650548;0.618311;0.624758;0.743391;0.642811;0.624758;0.733075;0.520309;0.713733;1;0.722759;0.908446;0.729207;0.579626;0.739523;0.733075;0.600258;0.805287;0.740812;0.573179;0.818182;0.798839;0.615732;0.64668;0.727917;0.698259;0.54352;0.613153;0.591231;0.678917;0.952289;0.681496;-0.878049;-0.0780488;-0.102439;0.404878;-0.341463;0.136585;-0.878049;+1;0;+1;+1;-1

16;0.803997;0.677627;0.702128;0.756286;0.693101;0.684075;0.681496;0.779497;0.691812;0.764023;0.66989;0.712444;0.705996;0.758865;0.715023;0.742102;0.792392;0.707286;0.684075;0.829787;-1;0.637653;0.650548;0.618311;0.624758;0.743391;0.642811;0.624758;0.733075;0.520309;0.713733;1;0.722759;0.908446;0.729207;0.579626;0.739523;0.733075;0.600258;0.805287;0.740812;0.573179;0.818182;0.798839;0.615732;0.64668;0.727917;0.698259;0.54352;0.613153;0.591231;0.678917;0.952289;-0.204878;-0.878049;-0.0780488;-0.102439;0.404878;-0.341463;0.136585;+1;0;+1;+1;-1

16.08;0.718891;0.803997;0.677627;0.702128;0.756286;0.693101;0.684075;0.681496;0.779497;0.691812;0.764023;0.66989;0.712444;0.705996;0.758865;0.715023;0.742102;0.792392;0.707286;0.684075;0.829787;-1;0.637653;0.650548;0.618311;0.624758;0.743391;0.642811;0.624758;0.733075;0.520309;0.713733;1;0.722759;0.908446;0.729207;0.579626;0.739523;0.733075;0.600258;0.805287;0.740812;0.573179;0.818182;0.798839;0.615732;0.64668;0.727917;0.698259;0.54352;0.613153;0.591231;0.678917;0.819512;-0.204878;-0.878049;-0.0780488;-0.102439;0.404878;-0.341463;+1;0;+1;+1;-1

16.18;0.72147;0.718891;0.803997;0.677627;0.702128;0.756286;0.693101;0.684075;0.681496;0.779497;0.691812;0.764023;0.66989;0.712444;0.705996;0.758865;0.715023;0.742102;0.792392;0.707286;0.684075;0.829787;-1;0.637653;0.650548;0.618311;0.624758;0.743391;0.642811;0.624758;0.733075;0.520309;0.713733;1;0.722759;0.908446;0.729207;0.579626;0.739523;0.733075;0.600258;0.805287;0.740812;0.573179;0.818182;0.798839;0.615732;0.64668;0.727917;0.698259;0.54352;0.613153;0.591231;-0.214634;0.819512;-0.204878;-0.878049;-0.0780488;-0.102439;0.404878;+1;0;+1;+1;-1

16.21;0.712444;0.72147;0.718891;0.803997;0.677627;0.702128;0.756286;0.693101;0.684075;0.681496;0.779497;0.691812;0.764023;0.66989;0.712444;0.705996;0.758865;0.715023;0.742102;0.792392;0.707286;0.684075;0.829787;-1;0.637653;0.650548;0.618311;0.624758;0.743391;0.642811;0.624758;0.733075;0.520309;0.713733;1;0.722759;0.908446;0.729207;0.579626;0.739523;0.733075;0.600258;0.805287;0.740812;0.573179;0.818182;0.798839;0.615732;0.64668;0.727917;0.698259;0.54352;0.613153;-0.546341;-0.214634;0.819512;-0.204878;-0.878049;-0.0780488;-0.102439;-1;0;-1;-1;-1

15.83;0.659574;0.712444;0.72147;0.718891;0.803997;0.677627;0.702128;0.756286;0.693101;0.684075;0.681496;0.779497;0.691812;0.764023;0.66989;0.712444;0.705996;0.758865;0.715023;0.742102;0.792392;0.707286;0.684075;0.829787;-1;0.637653;0.650548;0.618311;0.624758;0.743391;0.642811;0.624758;0.733075;0.520309;0.713733;1;0.722759;0.908446;0.729207;0.579626;0.739523;0.733075;0.600258;0.805287;0.740812;0.573179;0.818182;0.798839;0.615732;0.64668;0.727917;0.698259;0.54352;-0.463415;-0.546341;-0.214634;0.819512;-0.204878;-0.878049;-0.0780488;-1;0;-1;-1;-1

15.65;0.685364;0.659574;0.712444;0.72147;0.718891;0.803997;0.677627;0.702128;0.756286;0.693101;0.684075;0.681496;0.779497;0.691812;0.764023;0.66989;0.712444;0.705996;0.758865;0.715023;0.742102;0.792392;0.707286;0.684075;0.829787;-1;0.637653;0.650548;0.618311;0.624758;0.743391;0.642811;0.624758;0.733075;0.520309;0.713733;1;0.722759;0.908446;0.729207;0.579626;0.739523;0.733075;0.600258;0.805287;0.740812;0.573179;0.818182;0.798839;0.615732;0.64668;0.727917;0.698259;-0.726829;-0.463415;-0.546341;-0.214634;0.819512;-0.204878;-0.878049;-1;0;-1;+1;-1

15.1;0.637653;0.685364;0.659574;0.712444;0.72147;0.718891;0.803997;0.677627;0.702128;0.756286;0.693101;0.684075;0.681496;0.779497;0.691812;0.764023;0.66989;0.712444;0.705996;0.758865;0.715023;0.742102;0.792392;0.707286;0.684075;0.829787;-1;0.637653;0.650548;0.618311;0.624758;0.743391;0.642811;0.624758;0.733075;0.520309;0.713733;1;0.722759;0.908446;0.729207;0.579626;0.739523;0.733075;0.600258;0.805287;0.740812;0.573179;0.818182;0.798839;0.615732;0.64668;0.727917;-0.141463;-0.726829;-0.463415;-0.546341;-0.214634;0.819512;-0.204878;+1;0;+1;+1;-1

15.14;0.713733;0.637653;0.685364;0.659574;0.712444;0.72147;0.718891;0.803997;0.677627;0.702128;0.756286;0.693101;0.684075;0.681496;0.779497;0.691812;0.764023;0.66989;0.712444;0.705996;0.758865;0.715023;0.742102;0.792392;0.707286;0.684075;0.829787;-1;0.637653;0.650548;0.618311;0.624758;0.743391;0.642811;0.624758;0.733075;0.520309;0.713733;1;0.722759;0.908446;0.729207;0.579626;0.739523;0.733075;0.600258;0.805287;0.740812;0.573179;0.818182;0.798839;0.615732;0.64668;-0.0292683;-0.141463;-0.726829;-0.463415;-0.546341;-0.214634;0.819512;-1;0;-1;-1;-1

15.1;0.703417;0.713733;0.637653;0.685364;0.659574;0.712444;0.72147;0.718891;0.803997;0.677627;0.702128;0.756286;0.693101;0.684075;0.681496;0.779497;0.691812;0.764023;0.66989;0.712444;0.705996;0.758865;0.715023;0.742102;0.792392;0.707286;0.684075;0.829787;-1;0.637653;0.650548;0.618311;0.624758;0.743391;0.642811;0.624758;0.733075;0.520309;0.713733;1;0.722759;0.908446;0.729207;0.579626;0.739523;0.733075;0.600258;0.805287;0.740812;0.573179;0.818182;0.798839;0.615732;-0.336585;-0.0292683;-0.141463;-0.726829;-0.463415;-0.546341;-0.214634;+1;0;+1;+1;-1

15.45;0.753707;0.703417;0.713733;0.637653;0.685364;0.659574;0.712444;0.72147;0.718891;0.803997;0.677627;0.702128;0.756286;0.693101;0.684075;0.681496;0.779497;0.691812;0.764023;0.66989;0.712444;0.705996;0.758865;0.715023;0.742102;0.792392;0.707286;0.684075;0.829787;-1;0.637653;0.650548;0.618311;0.624758;0.743391;0.642811;0.624758;0.733075;0.520309;0.713733;1;0.722759;0.908446;0.729207;0.579626;0.739523;0.733075;0.600258;0.805287;0.740812;0.573179;0.818182;0.798839;-0.453659;-0.336585;-0.0292683;-0.141463;-0.726829;-0.463415;-0.546341;-1;0;-1;-1;-1

15.3;0.689233;0.753707;0.703417;0.713733;0.637653;0.685364;0.659574;0.712444;0.72147;0.718891;0.803997;0.677627;0.702128;0.756286;0.693101;0.684075;0.681496;0.779497;0.691812;0.764023;0.66989;0.712444;0.705996;0.758865;0.715023;0.742102;0.792392;0.707286;0.684075;0.829787;-1;0.637653;0.650548;0.618311;0.624758;0.743391;0.642811;0.624758;0.733075;0.520309;0.713733;1;0.722759;0.908446;0.729207;0.579626;0.739523;0.733075;0.600258;0.805287;0.740812;0.573179;0.818182;0.239024;-0.453659;-0.336585;-0.0292683;-0.141463;-0.726829;-0.463415;+1;0;+1;+1;-1

15.44;0.726628;0.689233;0.753707;0.703417;0.713733;0.637653;0.685364;0.659574;0.712444;0.72147;0.718891;0.803997;0.677627;0.702128;0.756286;0.693101;0.684075;0.681496;0.779497;0.691812;0.764023;0.66989;0.712444;0.705996;0.758865;0.715023;0.742102;0.792392;0.707286;0.684075;0.829787;-1;0.637653;0.650548;0.618311;0.624758;0.743391;0.642811;0.624758;0.733075;0.520309;0.713733;1;0.722759;0.908446;0.729207;0.579626;0.739523;0.733075;0.600258;0.805287;0.740812;0.573179;0.312195;0.239024;-0.453659;-0.336585;-0.0292683;-0.141463;-0.726829;-1;0;-1;-1;-1

15.36;0.698259;0.726628;0.689233;0.753707;0.703417;0.713733;0.637653;0.685364;0.659574;0.712444;0.72147;0.718891;0.803997;0.677627;0.702128;0.756286;0.693101;0.684075;0.681496;0.779497;0.691812;0.764023;0.66989;0.712444;0.705996;0.758865;0.715023;0.742102;0.792392;0.707286;0.684075;0.829787;-1;0.637653;0.650548;0.618311;0.624758;0.743391;0.642811;0.624758;0.733075;0.520309;0.713733;1;0.722759;0.908446;0.729207;0.579626;0.739523;0.733075;0.600258;0.805287;0.740812;-0.614634;0.312195;0.239024;-0.453659;-0.336585;-0.0292683;-0.141463;+1;0;+1;+1;-1

16.15;0.810445;0.698259;0.726628;0.689233;0.753707;0.703417;0.713733;0.637653;0.685364;0.659574;0.712444;0.72147;0.718891;0.803997;0.677627;0.702128;0.756286;0.693101;0.684075;0.681496;0.779497;0.691812;0.764023;0.66989;0.712444;0.705996;0.758865;0.715023;0.742102;0.792392;0.707286;0.684075;0.829787;-1;0.637653;0.650548;0.618311;0.624758;0.743391;0.642811;0.624758;0.733075;0.520309;0.713733;1;0.722759;0.908446;0.729207;0.579626;0.739523;0.733075;0.600258;0.805287;0.0195122;-0.614634;0.312195;0.239024;-0.453659;-0.336585;-0.0292683;+1;0;+1;+1;-1

16.25;0.72147;0.810445;0.698259;0.726628;0.689233;0.753707;0.703417;0.713733;0.637653;0.685364;0.659574;0.712444;0.72147;0.718891;0.803997;0.677627;0.702128;0.756286;0.693101;0.684075;0.681496;0.779497;0.691812;0.764023;0.66989;0.712444;0.705996;0.758865;0.715023;0.742102;0.792392;0.707286;0.684075;0.829787;-1;0.637653;0.650548;0.618311;0.624758;0.743391;0.642811;0.624758;0.733075;0.520309;0.713733;1;0.722759;0.908446;0.729207;0.579626;0.739523;0.733075;0.600258;0.263415;0.0195122;-0.614634;0.312195;0.239024;-0.453659;-0.336585;-1;0;-1;-1;-1

15.9;0.663443;0.72147;0.810445;0.698259;0.726628;0.689233;0.753707;0.703417;0.713733;0.637653;0.685364;0.659574;0.712444;0.72147;0.718891;0.803997;0.677627;0.702128;0.756286;0.693101;0.684075;0.681496;0.779497;0.691812;0.764023;0.66989;0.712444;0.705996;0.758865;0.715023;0.742102;0.792392;0.707286;0.684075;0.829787;-1;0.637653;0.650548;0.618311;0.624758;0.743391;0.642811;0.624758;0.733075;0.520309;0.713733;1;0.722759;0.908446;0.729207;0.579626;0.739523;0.733075;-0.512195;0.263415;0.0195122;-0.614634;0.312195;0.239024;-0.453659;-1;0;-1;+1;-1

15.56;0.664732;0.663443;0.72147;0.810445;0.698259;0.726628;0.689233;0.753707;0.703417;0.713733;0.637653;0.685364;0.659574;0.712444;0.72147;0.718891;0.803997;0.677627;0.702128;0.756286;0.693101;0.684075;0.681496;0.779497;0.691812;0.764023;0.66989;0.712444;0.705996;0.758865;0.715023;0.742102;0.792392;0.707286;0.684075;0.829787;-1;0.637653;0.650548;0.618311;0.624758;0.743391;0.642811;0.624758;0.733075;0.520309;0.713733;1;0.722759;0.908446;0.729207;0.579626;0.739523;-0.00975609;-0.512195;0.263415;0.0195122;-0.614634;0.312195;0.239024;+1;0;+1;+1;-1

15.65;0.720181;0.664732;0.663443;0.72147;0.810445;0.698259;0.726628;0.689233;0.753707;0.703417;0.713733;0.637653;0.685364;0.659574;0.712444;0.72147;0.718891;0.803997;0.677627;0.702128;0.756286;0.693101;0.684075;0.681496;0.779497;0.691812;0.764023;0.66989;0.712444;0.705996;0.758865;0.715023;0.742102;0.792392;0.707286;0.684075;0.829787;-1;0.637653;0.650548;0.618311;0.624758;0.743391;0.642811;0.624758;0.733075;0.520309;0.713733;1;0.722759;0.908446;0.729207;0.579626;0.0146342;-0.00975609;-0.512195;0.263415;0.0195122;-0.614634;0.312195;-1;0;-1;-1;-1

15.5;0.689233;0.720181;0.664732;0.663443;0.72147;0.810445;0.698259;0.726628;0.689233;0.753707;0.703417;0.713733;0.637653;0.685364;0.659574;0.712444;0.72147;0.718891;0.803997;0.677627;0.702128;0.756286;0.693101;0.684075;0.681496;0.779497;0.691812;0.764023;0.66989;0.712444;0.705996;0.758865;0.715023;0.742102;0.792392;0.707286;0.684075;0.829787;-1;0.637653;0.650548;0.618311;0.624758;0.743391;0.642811;0.624758;0.733075;0.520309;0.713733;1;0.722759;0.908446;0.729207;-0.590244;0.0146342;-0.00975609;-0.512195;0.263415;0.0195122;-0.614634;+1;0;+1;+1;-1

15.96;0.767892;0.689233;0.720181;0.664732;0.663443;0.72147;0.810445;0.698259;0.726628;0.689233;0.753707;0.703417;0.713733;0.637653;0.685364;0.659574;0.712444;0.72147;0.718891;0.803997;0.677627;0.702128;0.756286;0.693101;0.684075;0.681496;0.779497;0.691812;0.764023;0.66989;0.712444;0.705996;0.758865;0.715023;0.742102;0.792392;0.707286;0.684075;0.829787;-1;0.637653;0.650548;0.618311;0.624758;0.743391;0.642811;0.624758;0.733075;0.520309;0.713733;1;0.722759;0.908446;-0.0243902;-0.590244;0.0146342;-0.00975609;-0.512195;0.263415;0.0195122;+1;0;+1;+1;-1

16.3;0.752418;0.767892;0.689233;0.720181;0.664732;0.663443;0.72147;0.810445;0.698259;0.726628;0.689233;0.753707;0.703417;0.713733;0.637653;0.685364;0.659574;0.712444;0.72147;0.718891;0.803997;0.677627;0.702128;0.756286;0.693101;0.684075;0.681496;0.779497;0.691812;0.764023;0.66989;0.712444;0.705996;0.758865;0.715023;0.742102;0.792392;0.707286;0.684075;0.829787;-1;0.637653;0.650548;0.618311;0.624758;0.743391;0.642811;0.624758;0.733075;0.520309;0.713733;1;0.722759;0.653659;-0.0243902;-0.590244;0.0146342;-0.00975609;-0.512195;0.263415;-1;0;-1;-1;-1

16.27;0.704707;0.752418;0.767892;0.689233;0.720181;0.664732;0.663443;0.72147;0.810445;0.698259;0.726628;0.689233;0.753707;0.703417;0.713733;0.637653;0.685364;0.659574;0.712444;0.72147;0.718891;0.803997;0.677627;0.702128;0.756286;0.693101;0.684075;0.681496;0.779497;0.691812;0.764023;0.66989;0.712444;0.705996;0.758865;0.715023;0.742102;0.792392;0.707286;0.684075;0.829787;-1;0.637653;0.650548;0.618311;0.624758;0.743391;0.642811;0.624758;0.733075;0.520309;0.713733;1;-0.0487805;0.653659;-0.0243902;-0.590244;0.0146342;-0.00975609;-0.512195;-1;0;-1;-1;-1

16.11;0.687943;0.704707;0.752418;0.767892;0.689233;0.720181;0.664732;0.663443;0.72147;0.810445;0.698259;0.726628;0.689233;0.753707;0.703417;0.713733;0.637653;0.685364;0.659574;0.712444;0.72147;0.718891;0.803997;0.677627;0.702128;0.756286;0.693101;0.684075;0.681496;0.779497;0.691812;0.764023;0.66989;0.712444;0.705996;0.758865;0.715023;0.742102;0.792392;0.707286;0.684075;0.829787;-1;0.637653;0.650548;0.618311;0.624758;0.743391;0.642811;0.624758;0.733075;0.520309;0.713733;1;-0.0487805;0.653659;-0.0243902;-0.590244;0.0146342;-0.00975609;+1;0;+1;-1;-1

16.17;0.716312;0.687943;0.704707;0.752418;0.767892;0.689233;0.720181;0.664732;0.663443;0.72147;0.810445;0.698259;0.726628;0.689233;0.753707;0.703417;0.713733;0.637653;0.685364;0.659574;0.712444;0.72147;0.718891;0.803997;0.677627;0.702128;0.756286;0.693101;0.684075;0.681496;0.779497;0.691812;0.764023;0.66989;0.712444;0.705996;0.758865;0.715023;0.742102;0.792392;0.707286;0.684075;0.829787;-1;0.637653;0.650548;0.618311;0.624758;0.743391;0.642811;0.624758;0.733075;0.520309;-0.0829268;1;-0.0487805;0.653659;-0.0243902;-0.590244;0.0146342;-1;0;-1;-1;-1

15.8;0.660864;0.716312;0.687943;0.704707;0.752418;0.767892;0.689233;0.720181;0.664732;0.663443;0.72147;0.810445;0.698259;0.726628;0.689233;0.753707;0.703417;0.713733;0.637653;0.685364;0.659574;0.712444;0.72147;0.718891;0.803997;0.677627;0.702128;0.756286;0.693101;0.684075;0.681496;0.779497;0.691812;0.764023;0.66989;0.712444;0.705996;0.758865;0.715023;0.742102;0.792392;0.707286;0.684075;0.829787;-1;0.637653;0.650548;0.618311;0.624758;0.743391;0.642811;0.624758;0.733075;-0.814634;-0.0829268;1;-0.0487805;0.653659;-0.0243902;-0.590244;+1;0;+1;+1;-1

15.9;0.72147;0.660864;0.716312;0.687943;0.704707;0.752418;0.767892;0.689233;0.720181;0.664732;0.663443;0.72147;0.810445;0.698259;0.726628;0.689233;0.753707;0.703417;0.713733;0.637653;0.685364;0.659574;0.712444;0.72147;0.718891;0.803997;0.677627;0.702128;0.756286;0.693101;0.684075;0.681496;0.779497;0.691812;0.764023;0.66989;0.712444;0.705996;0.758865;0.715023;0.742102;0.792392;0.707286;0.684075;0.829787;-1;0.637653;0.650548;0.618311;0.624758;0.743391;0.642811;0.624758;-0.00975609;-0.814634;-0.0829268;1;-0.0487805;0.653659;-0.0243902;-1;0;-1;-1;-1

15.6;0.66989;0.72147;0.660864;0.716312;0.687943;0.704707;0.752418;0.767892;0.689233;0.720181;0.664732;0.663443;0.72147;0.810445;0.698259;0.726628;0.689233;0.753707;0.703417;0.713733;0.637653;0.685364;0.659574;0.712444;0.72147;0.718891;0.803997;0.677627;0.702128;0.756286;0.693101;0.684075;0.681496;0.779497;0.691812;0.764023;0.66989;0.712444;0.705996;0.758865;0.715023;0.742102;0.792392;0.707286;0.684075;0.829787;-1;0.637653;0.650548;0.618311;0.624758;0.743391;0.642811;-0.419512;-0.00975609;-0.814634;-0.0829268;1;-0.0487805;0.653659;-1;0;-1;-1;-1

15.45;0.689233;0.66989;0.72147;0.660864;0.716312;0.687943;0.704707;0.752418;0.767892;0.689233;0.720181;0.664732;0.663443;0.72147;0.810445;0.698259;0.726628;0.689233;0.753707;0.703417;0.713733;0.637653;0.685364;0.659574;0.712444;0.72147;0.718891;0.803997;0.677627;0.702128;0.756286;0.693101;0.684075;0.681496;0.779497;0.691812;0.764023;0.66989;0.712444;0.705996;0.758865;0.715023;0.742102;0.792392;0.707286;0.684075;0.829787;-1;0.637653;0.650548;0.618311;0.624758;0.743391;-0.35122;-0.419512;-0.00975609;-0.814634;-0.0829268;1;-0.0487805;+1;0;+1;+1;-1

15.9;0.766602;0.689233;0.66989;0.72147;0.660864;0.716312;0.687943;0.704707;0.752418;0.767892;0.689233;0.720181;0.664732;0.663443;0.72147;0.810445;0.698259;0.726628;0.689233;0.753707;0.703417;0.713733;0.637653;0.685364;0.659574;0.712444;0.72147;0.718891;0.803997;0.677627;0.702128;0.756286;0.693101;0.684075;0.681496;0.779497;0.691812;0.764023;0.66989;0.712444;0.705996;0.758865;0.715023;0.742102;0.792392;0.707286;0.684075;0.829787;-1;0.637653;0.650548;0.618311;0.624758;0.0292683;-0.35122;-0.419512;-0.00975609;-0.814634;-0.0829268;1;+1;0;+1;-1;-1

16.11;0.735654;0.766602;0.689233;0.66989;0.72147;0.660864;0.716312;0.687943;0.704707;0.752418;0.767892;0.689233;0.720181;0.664732;0.663443;0.72147;0.810445;0.698259;0.726628;0.689233;0.753707;0.703417;0.713733;0.637653;0.685364;0.659574;0.712444;0.72147;0.718891;0.803997;0.677627;0.702128;0.756286;0.693101;0.684075;0.681496;0.779497;0.691812;0.764023;0.66989;0.712444;0.705996;0.758865;0.715023;0.742102;0.792392;0.707286;0.684075;0.829787;-1;0.637653;0.650548;0.618311;-0.419512;0.0292683;-0.35122;-0.419512;-0.00975609;-0.814634;-0.0829268;-1;0;-1;-1;-1

16.1;0.707286;0.735654;0.766602;0.689233;0.66989;0.72147;0.660864;0.716312;0.687943;0.704707;0.752418;0.767892;0.689233;0.720181;0.664732;0.663443;0.72147;0.810445;0.698259;0.726628;0.689233;0.753707;0.703417;0.713733;0.637653;0.685364;0.659574;0.712444;0.72147;0.718891;0.803997;0.677627;0.702128;0.756286;0.693101;0.684075;0.681496;0.779497;0.691812;0.764023;0.66989;0.712444;0.705996;0.758865;0.715023;0.742102;0.792392;0.707286;0.684075;0.829787;-1;0.637653;0.650548;-0.443902;-0.419512;0.0292683;-0.35122;-0.419512;-0.00975609;-0.814634;+1;0;+1;+1;-1

16.29;0.733075;0.707286;0.735654;0.766602;0.689233;0.66989;0.72147;0.660864;0.716312;0.687943;0.704707;0.752418;0.767892;0.689233;0.720181;0.664732;0.663443;0.72147;0.810445;0.698259;0.726628;0.689233;0.753707;0.703417;0.713733;0.637653;0.685364;0.659574;0.712444;0.72147;0.718891;0.803997;0.677627;0.702128;0.756286;0.693101;0.684075;0.681496;0.779497;0.691812;0.764023;0.66989;0.712444;0.705996;0.758865;0.715023;0.742102;0.792392;0.707286;0.684075;0.829787;-1;0.637653;-0.321951;-0.443902;-0.419512;0.0292683;-0.35122;-0.419512;-0.00975609;-1;0;-1;-1;-1

16.1;0.684075;0.733075;0.707286;0.735654;0.766602;0.689233;0.66989;0.72147;0.660864;0.716312;0.687943;0.704707;0.752418;0.767892;0.689233;0.720181;0.664732;0.663443;0.72147;0.810445;0.698259;0.726628;0.689233;0.753707;0.703417;0.713733;0.637653;0.685364;0.659574;0.712444;0.72147;0.718891;0.803997;0.677627;0.702128;0.756286;0.693101;0.684075;0.681496;0.779497;0.691812;0.764023;0.66989;0.712444;0.705996;0.758865;0.715023;0.742102;0.792392;0.707286;0.684075;0.829787;-1;-0.370732;-0.321951;-0.443902;-0.419512;0.0292683;-0.35122;-0.419512;-1;0;-1;-1;-1

