980;0.521322;-0.269286;-0.939866;0.0658841;0.23287;-0.0287494;0.305702;0.329899;0.401294;0.521322;0.0900815;-0.00574987;-0.532822;-0.101581;-0.0812171;0.189506;-0.101581;0.54528;0.832774;0.233828;-0.125539;1;-0.652695;0.54491;-0.197605;-0.125749;0.207186;-0.482635;0.0419162;-0.197365;0.0656287;1;0.00552486;-0.370166;0.0939227;-0.19337;-0.038674;-0.325967;0.0497238;0.18232;-0.104972;0.116022;-0.281768;-0.558011;-0.0276243;0.0497238;0.0497238;0.270718;-0.0497238;0.370166;0.116022;-0.407514;0.285967;0.20442;0.20442;-0.303867;0.403315;-0.635359;-0.624309;0.040884;-0.040884;-0.325746;0.0495028;0.0497238;0.248619;-0.392265;-0.58895;0.412155;-0.270718;-0.303867;-0.038674;-0.104972;0.0276243;0.337017;-0.0165746;-0.237569;0.22674;0.226958;0.295374;-0.181952;-1;0;0;0;0

976;-0.0536655;0.521322;-0.269286;-0.939866;0.0658841;0.23287;-0.0287494;0.305702;0.329899;0.401294;0.521322;0.0900815;-0.00574987;-0.532822;-0.101581;-0.0812171;0.189506;-0.101581;0.54528;0.832774;0.233828;-0.125749;1;-0.652695;0.54491;-0.197605;-0.125749;0.207186;-0.482635;0.0419162;-0.197365;-0.0167956;1;0.00552486;-0.370166;0.0939227;-0.19337;-0.038674;-0.325967;0.0497238;0.18232;-0.104972;0.116022;-0.281768;-0.558011;-0.0276243;0.0497238;0.0497238;0.270718;-0.0497238;0.370166;0.116022;-0.407514;0.285967;0.20442;0.20442;-0.303867;0.403315;-0.635359;-0.624309;0.040884;-0.040884;-0.325746;0.0495028;0.0497238;0.248619;-0.392265;-0.58895;0.412155;-0.270718;-0.303867;-0.038674;-0.104972;0.0276243;0.337017;-0.0165746;-0.237569;0.204682;0.226958;0.295374;+1;0;0;0;0

977;0.0661236;-0.0536655;0.521322;-0.269286;-0.939866;0.0658841;0.23287;-0.0287494;0.305702;0.329899;0.401294;0.521322;0.0900815;-0.00574987;-0.532822;-0.101581;-0.0812171;0.189506;-0.101581;0.54528;0.832774;0.233533;-0.125749;1;-0.652695;0.54491;-0.197605;-0.125749;0.207186;-0.482635;0.0419162;-0.259448;-0.0167956;1;0.00552486;-0.370166;0.0939227;-0.19337;-0.038674;-0.325967;0.0497238;0.18232;-0.104972;0.116022;-0.281768;-0.558011;-0.0276243;0.0497238;0.0497238;0.270718;-0.0497238;0.370166;0.116022;-0.407514;0.285967;0.20442;0.20442;-0.303867;0.403315;-0.635359;-0.624309;0.040884;-0.040884;-0.325746;0.0495028;0.0497238;0.248619;-0.392265;-0.58895;0.412155;-0.270718;-0.303867;-0.038674;-0.104972;0.0276243;0.337017;-0.0165746;-0.272872;0.204682;0.226958;+1;0;0;0;0

984;0.209871;0.0661236;-0.0536655;0.521322;-0.269286;-0.939866;0.0658841;0.23287;-0.0287494;0.305702;0.329899;0.401294;0.521322;0.0900815;-0.00574987;-0.532822;-0.101581;-0.0812171;0.189506;-0.101581;0.54528;0.832335;0.233533;-0.125749;1;-0.652695;0.54491;-0.197605;-0.125749;0.207186;-0.482635;-0.038674;-0.259448;-0.0167956;1;0.00552486;-0.370166;0.0939227;-0.19337;-0.038674;-0.325967;0.0497238;0.18232;-0.104972;0.116022;-0.281768;-0.558011;-0.0276243;0.0497238;0.0497238;0.270718;-0.0497238;0.370166;0.116022;-0.407514;0.285967;0.20442;0.20442;-0.303867;0.403315;-0.635359;-0.624309;0.040884;-0.040884;-0.325746;0.0495028;0.0497238;0.248619;-0.392265;-0.58895;0.412155;-0.270718;-0.303867;-0.038674;-0.104972;0.0276243;0.337017;-0.0455733;-0.272872;0.204682;+1;0;0;0;0

1001;0.449449;0.209871;0.0661236;-0.0536655;0.521322;-0.269286;-0.939866;0.0658841;0.23287;-0.0287494;0.305702;0.329899;0.401294;0.521322;0.0900815;-0.00574987;-0.532822;-0.101581;-0.0812171;0.189506;-0.101581;0.54491;0.832335;0.233533;-0.125749;1;-0.652695;0.54491;-0.197605;-0.125749;0.207186;-0.522652;-0.038674;-0.259448;-0.0167956;1;0.00552486;-0.370166;0.0939227;-0.19337;-0.038674;-0.325967;0.0497238;0.18232;-0.104972;0.116022;-0.281768;-0.558011;-0.0276243;0.0497238;0.0497238;0.270718;-0.0497238;0.370166;0.116022;-0.407514;0.285967;0.20442;0.20442;-0.303867;0.403315;-0.635359;-0.624309;0.040884;-0.040884;-0.325746;0.0495028;0.0497238;0.248619;-0.392265;-0.58895;0.412155;-0.270718;-0.303867;-0.038674;-0.104972;0.0276243;0.318104;-0.0455733;-0.272872;+1;0;0;0;0

1003;0.0900815;0.449449;0.209871;0.0661236;-0.0536655;0.521322;-0.269286;-0.939866;0.0658841;0.23287;-0.0287494;0.305702;0.329899;0.401294;0.521322;0.0900815;-0.00574987;-0.532822;-0.101581;-0.0812171;0.189506;-0.101796;0.54491;0.832335;0.233533;-0.125749;1;-0.652695;0.54491;-0.197605;-0.125749;0.113812;-0.522652;-0.038674;-0.259448;-0.0167956;1;0.00552486;-0.370166;0.0939227;-0.19337;-0.038674;-0.325967;0.0497238;0.18232;-0.104972;0.116022;-0.281768;-0.558011;-0.0276243;0.0497238;0.0497238;0.270718;-0.0497238;0.370166;0.116022;-0.407514;0.285967;0.20442;0.20442;-0.303867;0.403315;-0.635359;-0.624309;0.040884;-0.040884;-0.325746;0.0495028;0.0497238;0.248619;-0.392265;-0.58895;0.412155;-0.270718;-0.303867;-0.038674;-0.104972;-0.00011363;0.318104;-0.0455733;-1;0;0;0;0

999;-0.0536655;0.0900815;0.449449;0.209871;0.0661236;-0.0536655;0.521322;-0.269286;-0.939866;0.0658841;0.23287;-0.0287494;0.305702;0.329899;0.401294;0.521322;0.0900815;-0.00574987;-0.532822;-0.101581;-0.0812171;0.189222;-0.101796;0.54491;0.832335;0.233533;-0.125749;1;-0.652695;0.54491;-0.197605;-0.19337;0.113812;-0.522652;-0.038674;-0.259448;-0.0167956;1;0.00552486;-0.370166;0.0939227;-0.19337;-0.038674;-0.325967;0.0497238;0.18232;-0.104972;0.116022;-0.281768;-0.558011;-0.0276243;0.0497238;0.0497238;0.270718;-0.0497238;0.370166;0.116022;-0.407514;0.285967;0.20442;0.20442;-0.303867;0.403315;-0.635359;-0.624309;0.040884;-0.040884;-0.325746;0.0495028;0.0497238;0.248619;-0.392265;-0.58895;0.412155;-0.270718;-0.303867;-0.038674;-0.136493;-0.00011363;0.318104;-1;0;0;0;0

983.01;-0.34092;-0.0536655;0.0900815;0.449449;0.209871;0.0661236;-0.0536655;0.521322;-0.269286;-0.939866;0.0658841;0.23287;-0.0287494;0.305702;0.329899;0.401294;0.521322;0.0900815;-0.00574987;-0.532822;-0.101581;-0.0814371;0.189222;-0.101796;0.54491;0.832335;0.233533;-0.125749;1;-0.652695;0.54491;-0.259668;-0.19337;0.113812;-0.522652;-0.038674;-0.259448;-0.0167956;1;0.00552486;-0.370166;0.0939227;-0.19337;-0.038674;-0.325967;0.0497238;0.18232;-0.104972;0.116022;-0.281768;-0.558011;-0.0276243;0.0497238;0.0497238;0.270718;-0.0497238;0.370166;0.116022;-0.407514;0.285967;0.20442;0.20442;-0.303867;0.403315;-0.635359;-0.624309;0.040884;-0.040884;-0.325746;0.0495028;0.0497238;0.248619;-0.392265;-0.58895;0.412155;-0.270718;-0.303867;-0.0683032;-0.136493;-0.00011363;+1;0;0;0;0

985;0.0898419;-0.34092;-0.0536655;0.0900815;0.449449;0.209871;0.0661236;-0.0536655;0.521322;-0.269286;-0.939866;0.0658841;0.23287;-0.0287494;0.305702;0.329899;0.401294;0.521322;0.0900815;-0.00574987;-0.532822;-0.101796;-0.0814371;0.189222;-0.101796;0.54491;0.832335;0.233533;-0.125749;1;-0.652695;0.425414;-0.259668;-0.19337;0.113812;-0.522652;-0.038674;-0.259448;-0.0167956;1;0.00552486;-0.370166;0.0939227;-0.19337;-0.038674;-0.325967;0.0497238;0.18232;-0.104972;0.116022;-0.281768;-0.558011;-0.0276243;0.0497238;0.0497238;0.270718;-0.0497238;0.370166;0.116022;-0.407514;0.285967;0.20442;0.20442;-0.303867;0.403315;-0.635359;-0.624309;0.040884;-0.040884;-0.325746;0.0495028;0.0497238;0.248619;-0.392265;-0.58895;0.412155;-0.270718;-0.341061;-0.0683032;-0.136493;-1;0;0;0;0

950;-0.796358;0.0898419;-0.34092;-0.0536655;0.0900815;0.449449;0.209871;0.0661236;-0.0536655;0.521322;-0.269286;-0.939866;0.0658841;0.23287;-0.0287494;0.305702;0.329899;0.401294;0.521322;0.0900815;-0.00574987;-0.532934;-0.101796;-0.0814371;0.189222;-0.101796;0.54491;0.832335;0.233533;-0.125749;1;-0.679558;0.425414;-0.259668;-0.19337;0.113812;-0.522652;-0.038674;-0.259448;-0.0167956;1;0.00552486;-0.370166;0.0939227;-0.19337;-0.038674;-0.325967;0.0497238;0.18232;-0.104972;0.116022;-0.281768;-0.558011;-0.0276243;0.0497238;0.0497238;0.270718;-0.0497238;0.370166;0.116022;-0.407514;0.285967;0.20442;0.20442;-0.303867;0.403315;-0.635359;-0.624309;0.040884;-0.040884;-0.325746;0.0495028;0.0497238;0.248619;-0.392265;-0.58895;0.412155;-0.306967;-0.341061;-0.0683032;+1;0;0;0;0

955;0.161955;-0.796358;0.0898419;-0.34092;-0.0536655;0.0900815;0.449449;0.209871;0.0661236;-0.0536655;0.521322;-0.269286;-0.939866;0.0658841;0.23287;-0.0287494;0.305702;0.329899;0.401294;0.521322;0.0900815;-0.00598802;-0.532934;-0.101796;-0.0814371;0.189222;-0.101796;0.54491;0.832335;0.233533;-0.125749;0.845304;-0.679558;0.425414;-0.259668;-0.19337;0.113812;-0.522652;-0.038674;-0.259448;-0.0167956;1;0.00552486;-0.370166;0.0939227;-0.19337;-0.038674;-0.325967;0.0497238;0.18232;-0.104972;0.116022;-0.281768;-0.558011;-0.0276243;0.0497238;0.0497238;0.270718;-0.0497238;0.370166;0.116022;-0.407514;0.285967;0.20442;0.20442;-0.303867;0.403315;-0.635359;-0.624309;0.040884;-0.040884;-0.325746;0.0495028;0.0497238;0.248619;-0.392265;-0.58895;0.395386;-0.306967;-0.341061;-1;0;0;0;0

925.01;-0.67633;0.161955;-0.796358;0.0898419;-0.34092;-0.0536655;0.0900815;0.449449;0.209871;0.0661236;-0.0536655;0.521322;-0.269286;-0.939866;0.0658841;0.23287;-0.0287494;0.305702;0.329899;0.401294;0.521322;0.0898204;-0.00598802;-0.532934;-0.101796;-0.0814371;0.189222;-0.101796;0.54491;0.832335;0.233533;-0.19337;0.845304;-0.679558;0.425414;-0.259668;-0.19337;0.113812;-0.522652;-0.038674;-0.259448;-0.0167956;1;0.00552486;-0.370166;0.0939227;-0.19337;-0.038674;-0.325967;0.0497238;0.18232;-0.104972;0.116022;-0.281768;-0.558011;-0.0276243;0.0497238;0.0497238;0.270718;-0.0497238;0.370166;0.116022;-0.407514;0.285967;0.20442;0.20442;-0.303867;0.403315;-0.635359;-0.624309;0.040884;-0.040884;-0.325746;0.0495028;0.0497238;0.248619;-0.392265;-0.634277;0.395386;-0.306967;+1;0;0;0;0

936;0.305462;-0.67633;0.161955;-0.796358;0.0898419;-0.34092;-0.0536655;0.0900815;0.449449;0.209871;0.0661236;-0.0536655;0.521322;-0.269286;-0.939866;0.0658841;0.23287;-0.0287494;0.305702;0.329899;0.401294;0.520958;0.0898204;-0.00598802;-0.532934;-0.101796;-0.0814371;0.189222;-0.101796;0.54491;0.832335;0.138122;-0.19337;0.845304;-0.679558;0.425414;-0.259668;-0.19337;0.113812;-0.522652;-0.038674;-0.259448;-0.0167956;1;0.00552486;-0.370166;0.0939227;-0.19337;-0.038674;-0.325967;0.0497238;0.18232;-0.104972;0.116022;-0.281768;-0.558011;-0.0276243;0.0497238;0.0497238;0.270718;-0.0497238;0.370166;0.116022;-0.407514;0.285967;0.20442;0.20442;-0.303867;0.403315;-0.635359;-0.624309;0.040884;-0.040884;-0.325746;0.0495028;0.0497238;0.248619;-0.431981;-0.634277;0.395386;+1;0;0;0;0

945;0.257786;0.305462;-0.67633;0.161955;-0.796358;0.0898419;-0.34092;-0.0536655;0.0900815;0.449449;0.209871;0.0661236;-0.0536655;0.521322;-0.269286;-0.939866;0.0658841;0.23287;-0.0287494;0.305702;0.329899;0.400958;0.520958;0.0898204;-0.00598802;-0.532934;-0.101796;-0.0814371;0.189222;-0.101796;0.54491;0.690608;0.138122;-0.19337;0.845304;-0.679558;0.425414;-0.259668;-0.19337;0.113812;-0.522652;-0.038674;-0.259448;-0.0167956;1;0.00552486;-0.370166;0.0939227;-0.19337;-0.038674;-0.325967;0.0497238;0.18232;-0.104972;0.116022;-0.281768;-0.558011;-0.0276243;0.0497238;0.0497238;0.270718;-0.0497238;0.370166;0.116022;-0.407514;0.285967;0.20442;0.20442;-0.303867;0.403315;-0.635359;-0.624309;0.040884;-0.040884;-0.325746;0.0495028;0.0497238;0.227185;-0.431981;-0.634277;-1;0;0;0;0

916;-0.652611;0.257786;0.305462;-0.67633;0.161955;-0.796358;0.0898419;-0.34092;-0.0536655;0.0900815;0.449449;0.209871;0.0661236;-0.0536655;0.521322;-0.269286;-0.939866;0.0658841;0.23287;-0.0287494;0.305702;0.329581;0.400958;0.520958;0.0898204;-0.00598802;-0.532934;-0.101796;-0.0814371;0.189222;-0.101796;0.425414;0.690608;0.138122;-0.19337;0.845304;-0.679558;0.425414;-0.259668;-0.19337;0.113812;-0.522652;-0.038674;-0.259448;-0.0167956;1;0.00552486;-0.370166;0.0939227;-0.19337;-0.038674;-0.325967;0.0497238;0.18232;-0.104972;0.116022;-0.281768;-0.558011;-0.0276243;0.0497238;0.0497238;0.270718;-0.0497238;0.370166;0.116022;-0.407514;0.285967;0.20442;0.20442;-0.303867;0.403315;-0.635359;-0.624309;0.040884;-0.040884;-0.325746;0.0495028;0.0226162;0.227185;-0.431981;+1;0;0;0;0

953;0.928606;-0.652611;0.257786;0.305462;-0.67633;0.161955;-0.796358;0.0898419;-0.34092;-0.0536655;0.0900815;0.449449;0.209871;0.0661236;-0.0536655;0.521322;-0.269286;-0.939866;0.0658841;0.23287;-0.0287494;0.305389;0.329581;0.400958;0.520958;0.0898204;-0.00598802;-0.532934;-0.101796;-0.0814371;0.189222;-0.171271;0.425414;0.690608;0.138122;-0.19337;0.845304;-0.679558;0.425414;-0.259668;-0.19337;0.113812;-0.522652;-0.038674;-0.259448;-0.0167956;1;0.00552486;-0.370166;0.0939227;-0.19337;-0.038674;-0.325967;0.0497238;0.18232;-0.104972;0.116022;-0.281768;-0.558011;-0.0276243;0.0497238;0.0497238;0.270718;-0.0497238;0.370166;0.116022;-0.407514;0.285967;0.20442;0.20442;-0.303867;0.403315;-0.635359;-0.624309;0.040884;-0.040884;-0.325746;0.0223889;0.0226162;0.227185;-1;0;0;0;0

938;-0.317202;0.928606;-0.652611;0.257786;0.305462;-0.67633;0.161955;-0.796358;0.0898419;-0.34092;-0.0536655;0.0900815;0.449449;0.209871;0.0661236;-0.0536655;0.521322;-0.269286;-0.939866;0.0658841;0.23287;-0.028982;0.305389;0.329581;0.400958;0.520958;0.0898204;-0.00598802;-0.532934;-0.101796;-0.0814371;0.0972376;-0.171271;0.425414;0.690608;0.138122;-0.19337;0.845304;-0.679558;0.425414;-0.259668;-0.19337;0.113812;-0.522652;-0.038674;-0.259448;-0.0167956;1;0.00552486;-0.370166;0.0939227;-0.19337;-0.038674;-0.325967;0.0497238;0.18232;-0.104972;0.116022;-0.281768;-0.558011;-0.0276243;0.0497238;0.0497238;0.270718;-0.0497238;0.370166;0.116022;-0.407514;0.285967;0.20442;0.20442;-0.303867;0.403315;-0.635359;-0.624309;0.040884;-0.040884;-0.363564;0.0223889;0.0226162;+1;0;0;0;0

975;0.928606;-0.317202;0.928606;-0.652611;0.257786;0.305462;-0.67633;0.161955;-0.796358;0.0898419;-0.34092;-0.0536655;0.0900815;0.449449;0.209871;0.0661236;-0.0536655;0.521322;-0.269286;-0.939866;0.0658841;0.232575;-0.028982;0.305389;0.329581;0.400958;0.520958;0.0898204;-0.00598802;-0.532934;-0.101796;-0.152486;0.0972376;-0.171271;0.425414;0.690608;0.138122;-0.19337;0.845304;-0.679558;0.425414;-0.259668;-0.19337;0.113812;-0.522652;-0.038674;-0.259448;-0.0167956;1;0.00552486;-0.370166;0.0939227;-0.19337;-0.038674;-0.325967;0.0497238;0.18232;-0.104972;0.116022;-0.281768;-0.558011;-0.0276243;0.0497238;0.0497238;0.270718;-0.0497238;0.370166;0.116022;-0.407514;0.285967;0.20442;0.20442;-0.303867;0.403315;-0.635359;-0.624309;0.040884;-0.0705762;-0.363564;0.0223889;-1;0;0;0;0

961;-0.293244;0.928606;-0.317202;0.928606;-0.652611;0.257786;0.305462;-0.67633;0.161955;-0.796358;0.0898419;-0.34092;-0.0536655;0.0900815;0.449449;0.209871;0.0661236;-0.0536655;0.521322;-0.269286;-0.939866;0.0656287;0.232575;-0.028982;0.305389;0.329581;0.400958;0.520958;0.0898204;-0.00598802;-0.532934;-0.171271;-0.152486;0.0972376;-0.171271;0.425414;0.690608;0.138122;-0.19337;0.845304;-0.679558;0.425414;-0.259668;-0.19337;0.113812;-0.522652;-0.038674;-0.259448;-0.0167956;1;0.00552486;-0.370166;0.0939227;-0.19337;-0.038674;-0.325967;0.0497238;0.18232;-0.104972;0.116022;-0.281768;-0.558011;-0.0276243;0.0497238;0.0497238;0.270718;-0.0497238;0.370166;0.116022;-0.407514;0.285967;0.20442;0.20442;-0.303867;0.403315;-0.635359;-0.624309;0.0135243;-0.0705762;-0.363564;-1;0;0;0;0

945;-0.34116;-0.293244;0.928606;-0.317202;0.928606;-0.652611;0.257786;0.305462;-0.67633;0.161955;-0.796358;0.0898419;-0.34092;-0.0536655;0.0900815;0.449449;0.209871;0.0661236;-0.0536655;0.521322;-0.269286;-0.93988;0.0656287;0.232575;-0.028982;0.305389;0.329581;0.400958;0.520958;0.0898204;-0.00598802;-0.569061;-0.171271;-0.152486;0.0972376;-0.171271;0.425414;0.690608;0.138122;-0.19337;0.845304;-0.679558;0.425414;-0.259668;-0.19337;0.113812;-0.522652;-0.038674;-0.259448;-0.0167956;1;0.00552486;-0.370166;0.0939227;-0.19337;-0.038674;-0.325967;0.0497238;0.18232;-0.104972;0.116022;-0.281768;-0.558011;-0.0276243;0.0497238;0.0497238;0.270718;-0.0497238;0.370166;0.116022;-0.407514;0.285967;0.20442;0.20442;-0.303867;0.403315;-0.635359;-0.670644;0.0135243;-0.0705762;-1;0;0;0;0

915;-0.676569;-0.34116;-0.293244;0.928606;-0.317202;0.928606;-0.652611;0.257786;0.305462;-0.67633;0.161955;-0.796358;0.0898419;-0.34092;-0.0536655;0.0900815;0.449449;0.209871;0.0661236;-0.0536655;0.521322;-0.269461;-0.93988;0.0656287;0.232575;-0.028982;0.305389;0.329581;0.400958;0.520958;0.0898204;-0.0828729;-0.569061;-0.171271;-0.152486;0.0972376;-0.171271;0.425414;0.690608;0.138122;-0.19337;0.845304;-0.679558;0.425414;-0.259668;-0.19337;0.113812;-0.522652;-0.038674;-0.259448;-0.0167956;1;0.00552486;-0.370166;0.0939227;-0.19337;-0.038674;-0.325967;0.0497238;0.18232;-0.104972;0.116022;-0.281768;-0.558011;-0.0276243;0.0497238;0.0497238;0.270718;-0.0497238;0.370166;0.116022;-0.407514;0.285967;0.20442;0.20442;-0.303867;0.403315;-0.682009;-0.670644;0.0135243;+1;0;0;0;0

930.01;0.401773;-0.676569;-0.34116;-0.293244;0.928606;-0.317202;0.928606;-0.652611;0.257786;0.305462;-0.67633;0.161955;-0.796358;0.0898419;-0.34092;-0.0536655;0.0900815;0.449449;0.209871;0.0661236;-0.0536655;0.520958;-0.269461;-0.93988;0.0656287;0.232575;-0.028982;0.305389;0.329581;0.400958;0.520958;0.00552486;-0.0828729;-0.569061;-0.171271;-0.152486;0.0972376;-0.171271;0.425414;0.690608;0.138122;-0.19337;0.845304;-0.679558;0.425414;-0.259668;-0.19337;0.113812;-0.522652;-0.038674;-0.259448;-0.0167956;1;0.00552486;-0.370166;0.0939227;-0.19337;-0.038674;-0.325967;0.0497238;0.18232;-0.104972;0.116022;-0.281768;-0.558011;-0.0276243;0.0497238;0.0497238;0.270718;-0.0497238;0.370166;0.116022;-0.407514;0.285967;0.20442;0.20442;-0.303867;0.386294;-0.682009;-0.670644;+1;0;0;0;0

962;0.808577;0.401773;-0.676569;-0.34116;-0.293244;0.928606;-0.317202;0.928606;-0.652611;0.257786;0.305462;-0.67633;0.161955;-0.796358;0.0898419;-0.34092;-0.0536655;0.0900815;0.449449;0.209871;0.0661236;-0.0538922;0.520958;-0.269461;-0.93988;0.0656287;0.232575;-0.028982;0.305389;0.329581;0.400958;0.403315;0.00552486;-0.0828729;-0.569061;-0.171271;-0.152486;0.0972376;-0.171271;0.425414;0.690608;0.138122;-0.19337;0.845304;-0.679558;0.425414;-0.259668;-0.19337;0.113812;-0.522652;-0.038674;-0.259448;-0.0167956;1;0.00552486;-0.370166;0.0939227;-0.19337;-0.038674;-0.325967;0.0497238;0.18232;-0.104972;0.116022;-0.281768;-0.558011;-0.0276243;0.0497238;0.0497238;0.270718;-0.0497238;0.370166;0.116022;-0.407514;0.285967;0.20442;0.20442;-0.341061;0.386294;-0.682009;+1;0;0;0;0

982.51;0.533541;0.808577;0.401773;-0.676569;-0.34116;-0.293244;0.928606;-0.317202;0.928606;-0.652611;0.257786;0.305462;-0.67633;0.161955;-0.796358;0.0898419;-0.34092;-0.0536655;0.0900815;0.449449;0.209871;0.0658683;-0.0538922;0.520958;-0.269461;-0.93988;0.0656287;0.232575;-0.028982;0.305389;0.329581;0.292597;0.403315;0.00552486;-0.0828729;-0.569061;-0.171271;-0.152486;0.0972376;-0.171271;0.425414;0.690608;0.138122;-0.19337;0.845304;-0.679558;0.425414;-0.259668;-0.19337;0.113812;-0.522652;-0.038674;-0.259448;-0.0167956;1;0.00552486;-0.370166;0.0939227;-0.19337;-0.038674;-0.325967;0.0497238;0.18232;-0.104972;0.116022;-0.281768;-0.558011;-0.0276243;0.0497238;0.0497238;0.270718;-0.0497238;0.370166;0.116022;-0.407514;0.285967;0.20442;0.181725;-0.341061;0.386294;-1;0;0;0;0

950;-0.736703;0.533541;0.808577;0.401773;-0.676569;-0.34116;-0.293244;0.928606;-0.317202;0.928606;-0.652611;0.257786;0.305462;-0.67633;0.161955;-0.796358;0.0898419;-0.34092;-0.0536655;0.0900815;0.449449;0.209581;0.0658683;-0.0538922;0.520958;-0.269461;-0.93988;0.0656287;0.232575;-0.028982;0.305389;0.22674;0.292597;0.403315;0.00552486;-0.0828729;-0.569061;-0.171271;-0.152486;0.0972376;-0.171271;0.425414;0.690608;0.138122;-0.19337;0.845304;-0.679558;0.425414;-0.259668;-0.19337;0.113812;-0.522652;-0.038674;-0.259448;-0.0167956;1;0.00552486;-0.370166;0.0939227;-0.19337;-0.038674;-0.325967;0.0497238;0.18232;-0.104972;0.116022;-0.281768;-0.558011;-0.0276243;0.0497238;0.0497238;0.270718;-0.0497238;0.370166;0.116022;-0.407514;0.285967;0.181725;0.181725;-0.341061;-1;0;0;0;0

922.99;-0.604935;-0.736703;0.533541;0.808577;0.401773;-0.676569;-0.34116;-0.293244;0.928606;-0.317202;0.928606;-0.652611;0.257786;0.305462;-0.67633;0.161955;-0.796358;0.0898419;-0.34092;-0.0536655;0.0900815;0.449102;0.209581;0.0658683;-0.0538922;0.520958;-0.269461;-0.93988;0.0656287;0.232575;-0.028982;0.20442;0.22674;0.292597;0.403315;0.00552486;-0.0828729;-0.569061;-0.171271;-0.152486;0.0972376;-0.171271;0.425414;0.690608;0.138122;-0.19337;0.845304;-0.679558;0.425414;-0.259668;-0.19337;0.113812;-0.522652;-0.038674;-0.259448;-0.0167956;1;0.00552486;-0.370166;0.0939227;-0.19337;-0.038674;-0.325967;0.0497238;0.18232;-0.104972;0.116022;-0.281768;-0.558011;-0.0276243;0.0497238;0.0497238;0.270718;-0.0497238;0.370166;0.116022;-0.407514;0.265598;0.181725;0.181725;-1;0;0;0;0

915;-0.149257;-0.604935;-0.736703;0.533541;0.808577;0.401773;-0.676569;-0.34116;-0.293244;0.928606;-0.317202;0.928606;-0.652611;0.257786;0.305462;-0.67633;0.161955;-0.796358;0.0898419;-0.34092;-0.0536655;0.0898204;0.449102;0.209581;0.0658683;-0.0538922;0.520958;-0.269461;-0.93988;0.0656287;0.232575;-0.104088;0.20442;0.22674;0.292597;0.403315;0.00552486;-0.0828729;-0.569061;-0.171271;-0.152486;0.0972376;-0.171271;0.425414;0.690608;0.138122;-0.19337;0.845304;-0.679558;0.425414;-0.259668;-0.19337;0.113812;-0.522652;-0.038674;-0.259448;-0.0167956;1;0.00552486;-0.370166;0.0939227;-0.19337;-0.038674;-0.325967;0.0497238;0.18232;-0.104972;0.116022;-0.281768;-0.558011;-0.0276243;0.0497238;0.0497238;0.270718;-0.0497238;0.370166;0.116022;-0.447664;0.265598;0.181725;-1;0;0;0;0

900;-0.317202;-0.149257;-0.604935;-0.736703;0.533541;0.808577;0.401773;-0.676569;-0.34116;-0.293244;0.928606;-0.317202;0.928606;-0.652611;0.257786;0.305462;-0.67633;0.161955;-0.796358;0.0898419;-0.34092;-0.0538922;0.0898204;0.449102;0.209581;0.0658683;-0.0538922;0.520958;-0.269461;-0.93988;0.0656287;0.137238;-0.104088;0.20442;0.22674;0.292597;0.403315;0.00552486;-0.0828729;-0.569061;-0.171271;-0.152486;0.0972376;-0.171271;0.425414;0.690608;0.138122;-0.19337;0.845304;-0.679558;0.425414;-0.259668;-0.19337;0.113812;-0.522652;-0.038674;-0.259448;-0.0167956;1;0.00552486;-0.370166;0.0939227;-0.19337;-0.038674;-0.325967;0.0497238;0.18232;-0.104972;0.116022;-0.281768;-0.558011;-0.0276243;0.0497238;0.0497238;0.270718;-0.0497238;0.370166;0.0908058;-0.447664;0.265598;-1;0;0;0;0

882;-0.389075;-0.317202;-0.149257;-0.604935;-0.736703;0.533541;0.808577;0.401773;-0.676569;-0.34116;-0.293244;0.928606;-0.317202;0.928606;-0.652611;0.257786;0.305462;-0.67633;0.161955;-0.796358;0.0898419;-0.341078;-0.0538922;0.0898204;0.449102;0.209581;0.0658683;-0.0538922;0.520958;-0.269461;-0.93988;-0.0167956;0.137238;-0.104088;0.20442;0.22674;0.292597;0.403315;0.00552486;-0.0828729;-0.569061;-0.171271;-0.152486;0.0972376;-0.171271;0.425414;0.690608;0.138122;-0.19337;0.845304;-0.679558;0.425414;-0.259668;-0.19337;0.113812;-0.522652;-0.038674;-0.259448;-0.0167956;1;0.00552486;-0.370166;0.0939227;-0.19337;-0.038674;-0.325967;0.0497238;0.18232;-0.104972;0.116022;-0.281768;-0.558011;-0.0276243;0.0497238;0.0497238;0.270718;-0.0497238;0.352199;0.0908058;-0.447664;-1;0;0;0;0

850;-0.724485;-0.389075;-0.317202;-0.149257;-0.604935;-0.736703;0.533541;0.808577;0.401773;-0.676569;-0.34116;-0.293244;0.928606;-0.317202;0.928606;-0.652611;0.257786;0.305462;-0.67633;0.161955;-0.796358;0.0895808;-0.341078;-0.0538922;0.0898204;0.449102;0.209581;0.0658683;-0.0538922;0.520958;-0.269461;-0.94453;-0.0167956;0.137238;-0.104088;0.20442;0.22674;0.292597;0.403315;0.00552486;-0.0828729;-0.569061;-0.171271;-0.152486;0.0972376;-0.171271;0.425414;0.690608;0.138122;-0.19337;0.845304;-0.679558;0.425414;-0.259668;-0.19337;0.113812;-0.522652;-0.038674;-0.259448;-0.0167956;1;0.00552486;-0.370166;0.0939227;-0.19337;-0.038674;-0.325967;0.0497238;0.18232;-0.104972;0.116022;-0.281768;-0.558011;-0.0276243;0.0497238;0.0497238;0.270718;-0.0796681;0.352199;0.0908058;-1;0;0;0;0

806.5;-1;-0.724485;-0.389075;-0.317202;-0.149257;-0.604935;-0.736703;0.533541;0.808577;0.401773;-0.676569;-0.34116;-0.293244;0.928606;-0.317202;0.928606;-0.652611;0.257786;0.305462;-0.67633;0.161955;-0.796407;0.0895808;-0.341078;-0.0538922;0.0898204;0.449102;0.209581;0.0658683;-0.0538922;0.520958;-0.325967;-0.94453;-0.0167956;0.137238;-0.104088;0.20442;0.22674;0.292597;0.403315;0.00552486;-0.0828729;-0.569061;-0.171271;-0.152486;0.0972376;-0.171271;0.425414;0.690608;0.138122;-0.19337;0.845304;-0.679558;0.425414;-0.259668;-0.19337;0.113812;-0.522652;-0.038674;-0.259448;-0.0167956;1;0.00552486;-0.370166;0.0939227;-0.19337;-0.038674;-0.325967;0.0497238;0.18232;-0.104972;0.116022;-0.281768;-0.558011;-0.0276243;0.0497238;0.0497238;0.249915;-0.0796681;0.352199;-1;0;0;0;0

804;-0.0177288;-1;-0.724485;-0.389075;-0.317202;-0.149257;-0.604935;-0.736703;0.533541;0.808577;0.401773;-0.676569;-0.34116;-0.293244;0.928606;-0.317202;0.928606;-0.652611;0.257786;0.305462;-0.67633;0.161677;-0.796407;0.0895808;-0.341078;-0.0538922;0.0898204;0.449102;0.209581;0.0658683;-0.0538922;0.403315;-0.325967;-0.94453;-0.0167956;0.137238;-0.104088;0.20442;0.22674;0.292597;0.403315;0.00552486;-0.0828729;-0.569061;-0.171271;-0.152486;0.0972376;-0.171271;0.425414;0.690608;0.138122;-0.19337;0.845304;-0.679558;0.425414;-0.259668;-0.19337;0.113812;-0.522652;-0.038674;-0.259448;-0.0167956;1;0.00552486;-0.370166;0.0939227;-0.19337;-0.038674;-0.325967;0.0497238;0.18232;-0.104972;0.116022;-0.281768;-0.558011;-0.0276243;0.0497238;0.0226162;0.249915;-0.0796681;+1;0;0;0;0

830;0.665069;-0.0177288;-1;-0.724485;-0.389075;-0.317202;-0.149257;-0.604935;-0.736703;0.533541;0.808577;0.401773;-0.676569;-0.34116;-0.293244;0.928606;-0.317202;0.928606;-0.652611;0.257786;0.305462;-0.676407;0.161677;-0.796407;0.0895808;-0.341078;-0.0538922;0.0898204;0.449102;0.209581;0.0658683;-0.127072;0.403315;-0.325967;-0.94453;-0.0167956;0.137238;-0.104088;0.20442;0.22674;0.292597;0.403315;0.00552486;-0.0828729;-0.569061;-0.171271;-0.152486;0.0972376;-0.171271;0.425414;0.690608;0.138122;-0.19337;0.845304;-0.679558;0.425414;-0.259668;-0.19337;0.113812;-0.522652;-0.038674;-0.259448;-0.0167956;1;0.00552486;-0.370166;0.0939227;-0.19337;-0.038674;-0.325967;0.0497238;0.18232;-0.104972;0.116022;-0.281768;-0.558011;-0.0276243;0.0226162;0.0226162;0.249915;+1;0;0;0;0

835;0.161955;0.665069;-0.0177288;-1;-0.724485;-0.389075;-0.317202;-0.149257;-0.604935;-0.736703;0.533541;0.808577;0.401773;-0.676569;-0.34116;-0.293244;0.928606;-0.317202;0.928606;-0.652611;0.257786;0.30515;-0.676407;0.161677;-0.796407;0.0895808;-0.341078;-0.0538922;0.0898204;0.449102;0.209581;-0.0165746;-0.127072;0.403315;-0.325967;-0.94453;-0.0167956;0.137238;-0.104088;0.20442;0.22674;0.292597;0.403315;0.00552486;-0.0828729;-0.569061;-0.171271;-0.152486;0.0972376;-0.171271;0.425414;0.690608;0.138122;-0.19337;0.845304;-0.679558;0.425414;-0.259668;-0.19337;0.113812;-0.522652;-0.038674;-0.259448;-0.0167956;1;0.00552486;-0.370166;0.0939227;-0.19337;-0.038674;-0.325967;0.0497238;0.18232;-0.104972;0.116022;-0.281768;-0.558011;-0.0569383;0.0226162;0.0226162;+1;0;0;0;0

846.5;0.317681;0.161955;0.665069;-0.0177288;-1;-0.724485;-0.389075;-0.317202;-0.149257;-0.604935;-0.736703;0.533541;0.808577;0.401773;-0.676569;-0.34116;-0.293244;0.928606;-0.317202;0.928606;-0.652611;0.257485;0.30515;-0.676407;0.161677;-0.796407;0.0895808;-0.341078;-0.0538922;0.0898204;0.449102;0.116022;-0.0165746;-0.127072;0.403315;-0.325967;-0.94453;-0.0167956;0.137238;-0.104088;0.20442;0.22674;0.292597;0.403315;0.00552486;-0.0828729;-0.569061;-0.171271;-0.152486;0.0972376;-0.171271;0.425414;0.690608;0.138122;-0.19337;0.845304;-0.679558;0.425414;-0.259668;-0.19337;0.113812;-0.522652;-0.038674;-0.259448;-0.0167956;1;0.00552486;-0.370166;0.0939227;-0.19337;-0.038674;-0.325967;0.0497238;0.18232;-0.104972;0.116022;-0.281768;-0.602455;-0.0569383;0.0226162;+1;0;0;0;0

857.99;0.317441;0.317681;0.161955;0.665069;-0.0177288;-1;-0.724485;-0.389075;-0.317202;-0.149257;-0.604935;-0.736703;0.533541;0.808577;0.401773;-0.676569;-0.34116;-0.293244;0.928606;-0.317202;0.928606;-0.652695;0.257485;0.30515;-0.676407;0.161677;-0.796407;0.0895808;-0.341078;-0.0538922;0.0898204;0.337017;0.116022;-0.0165746;-0.127072;0.403315;-0.325967;-0.94453;-0.0167956;0.137238;-0.104088;0.20442;0.22674;0.292597;0.403315;0.00552486;-0.0828729;-0.569061;-0.171271;-0.152486;0.0972376;-0.171271;0.425414;0.690608;0.138122;-0.19337;0.845304;-0.679558;0.425414;-0.259668;-0.19337;0.113812;-0.522652;-0.038674;-0.259448;-0.0167956;1;0.00552486;-0.370166;0.0939227;-0.19337;-0.038674;-0.325967;0.0497238;0.18232;-0.104972;0.116022;-0.318332;-0.602455;-0.0569383;+1;0;0;0;0

860.5;0.1023;0.317441;0.317681;0.161955;0.665069;-0.0177288;-1;-0.724485;-0.389075;-0.317202;-0.149257;-0.604935;-0.736703;0.533541;0.808577;0.401773;-0.676569;-0.34116;-0.293244;0.928606;-0.317202;0.928144;-0.652695;0.257485;0.30515;-0.676407;0.161677;-0.796407;0.0895808;-0.341078;-0.0538922;0.00552486;0.337017;0.116022;-0.0165746;-0.127072;0.403315;-0.325967;-0.94453;-0.0167956;0.137238;-0.104088;0.20442;0.22674;0.292597;0.403315;0.00552486;-0.0828729;-0.569061;-0.171271;-0.152486;0.0972376;-0.171271;0.425414;0.690608;0.138122;-0.19337;0.845304;-0.679558;0.425414;-0.259668;-0.19337;0.113812;-0.522652;-0.038674;-0.259448;-0.0167956;1;0.00552486;-0.370166;0.0939227;-0.19337;-0.038674;-0.325967;0.0497238;0.18232;-0.104972;0.0908058;-0.318332;-0.602455;-1;0;0;0;0

849;-0.233349;0.1023;0.317441;0.317681;0.161955;0.665069;-0.0177288;-1;-0.724485;-0.389075;-0.317202;-0.149257;-0.604935;-0.736703;0.533541;0.808577;0.401773;-0.676569;-0.34116;-0.293244;0.928606;-0.317365;0.928144;-0.652695;0.257485;0.30515;-0.676407;0.161677;-0.796407;0.0895808;-0.341078;-0.127072;0.00552486;0.337017;0.116022;-0.0165746;-0.127072;0.403315;-0.325967;-0.94453;-0.0167956;0.137238;-0.104088;0.20442;0.22674;0.292597;0.403315;0.00552486;-0.0828729;-0.569061;-0.171271;-0.152486;0.0972376;-0.171271;0.425414;0.690608;0.138122;-0.19337;0.845304;-0.679558;0.425414;-0.259668;-0.19337;0.113812;-0.522652;-0.038674;-0.259448;-0.0167956;1;0.00552486;-0.370166;0.0939227;-0.19337;-0.038674;-0.325967;0.0497238;0.18232;-0.136493;0.0908058;-0.318332;-1;0;0;0;0

843;-0.101581;-0.233349;0.1023;0.317441;0.317681;0.161955;0.665069;-0.0177288;-1;-0.724485;-0.389075;-0.317202;-0.149257;-0.604935;-0.736703;0.533541;0.808577;0.401773;-0.676569;-0.34116;-0.293244;0.928144;-0.317365;0.928144;-0.652695;0.257485;0.30515;-0.676407;0.161677;-0.796407;0.0895808;-0.392044;-0.127072;0.00552486;0.337017;0.116022;-0.0165746;-0.127072;0.403315;-0.325967;-0.94453;-0.0167956;0.137238;-0.104088;0.20442;0.22674;0.292597;0.403315;0.00552486;-0.0828729;-0.569061;-0.171271;-0.152486;0.0972376;-0.171271;0.425414;0.690608;0.138122;-0.19337;0.845304;-0.679558;0.425414;-0.259668;-0.19337;0.113812;-0.522652;-0.038674;-0.259448;-0.0167956;1;0.00552486;-0.370166;0.0939227;-0.19337;-0.038674;-0.325967;0.0497238;0.158995;-0.136493;0.0908058;-1;0;0;0;0

840;-0.0297077;-0.101581;-0.233349;0.1023;0.317441;0.317681;0.161955;0.665069;-0.0177288;-1;-0.724485;-0.389075;-0.317202;-0.149257;-0.604935;-0.736703;0.533541;0.808577;0.401773;-0.676569;-0.34116;-0.293413;0.928144;-0.317365;0.928144;-0.652695;0.257485;0.30515;-0.676407;0.161677;-0.796407;0.00530387;-0.392044;-0.127072;0.00552486;0.337017;0.116022;-0.0165746;-0.127072;0.403315;-0.325967;-0.94453;-0.0167956;0.137238;-0.104088;0.20442;0.22674;0.292597;0.403315;0.00552486;-0.0828729;-0.569061;-0.171271;-0.152486;0.0972376;-0.171271;0.425414;0.690608;0.138122;-0.19337;0.845304;-0.679558;0.425414;-0.259668;-0.19337;0.113812;-0.522652;-0.038674;-0.259448;-0.0167956;1;0.00552486;-0.370166;0.0939227;-0.19337;-0.038674;-0.325967;0.0226162;0.158995;-0.136493;+1;0;0;0;0

854;0.377575;-0.0297077;-0.101581;-0.233349;0.1023;0.317441;0.317681;0.161955;0.665069;-0.0177288;-1;-0.724485;-0.389075;-0.317202;-0.149257;-0.604935;-0.736703;0.533541;0.808577;0.401773;-0.676569;-0.341317;-0.293413;0.928144;-0.317365;0.928144;-0.652695;0.257485;0.30515;-0.676407;0.161677;-0.812155;0.00530387;-0.392044;-0.127072;0.00552486;0.337017;0.116022;-0.0165746;-0.127072;0.403315;-0.325967;-0.94453;-0.0167956;0.137238;-0.104088;0.20442;0.22674;0.292597;0.403315;0.00552486;-0.0828729;-0.569061;-0.171271;-0.152486;0.0972376;-0.171271;0.425414;0.690608;0.138122;-0.19337;0.845304;-0.679558;0.425414;-0.259668;-0.19337;0.113812;-0.522652;-0.038674;-0.259448;-0.0167956;1;0.00552486;-0.370166;0.0939227;-0.19337;-0.038674;-0.363791;0.0226162;0.158995;+1;0;0;0;0

890;0.904648;0.377575;-0.0297077;-0.101581;-0.233349;0.1023;0.317441;0.317681;0.161955;0.665069;-0.0177288;-1;-0.724485;-0.389075;-0.317202;-0.149257;-0.604935;-0.736703;0.533541;0.808577;0.401773;-0.676647;-0.341317;-0.293413;0.928144;-0.317365;0.928144;-0.652695;0.257485;0.30515;-0.676407;0.0718232;-0.812155;0.00530387;-0.392044;-0.127072;0.00552486;0.337017;0.116022;-0.0165746;-0.127072;0.403315;-0.325967;-0.94453;-0.0167956;0.137238;-0.104088;0.20442;0.22674;0.292597;0.403315;0.00552486;-0.0828729;-0.569061;-0.171271;-0.152486;0.0972376;-0.171271;0.425414;0.690608;0.138122;-0.19337;0.845304;-0.679558;0.425414;-0.259668;-0.19337;0.113812;-0.522652;-0.038674;-0.259448;-0.0167956;1;0.00552486;-0.370166;0.0939227;-0.19337;-0.0683032;-0.363791;0.0226162;+1;0;0;0;0

900.01;0.281984;0.904648;0.377575;-0.0297077;-0.101581;-0.233349;0.1023;0.317441;0.317681;0.161955;0.665069;-0.0177288;-1;-0.724485;-0.389075;-0.317202;-0.149257;-0.604935;-0.736703;0.533541;0.808577;0.401437;-0.676647;-0.341317;-0.293413;0.928144;-0.317365;0.928144;-0.652695;0.257485;0.30515;-0.701436;0.0718232;-0.812155;0.00530387;-0.392044;-0.127072;0.00552486;0.337017;0.116022;-0.0165746;-0.127072;0.403315;-0.325967;-0.94453;-0.0167956;0.137238;-0.104088;0.20442;0.22674;0.292597;0.403315;0.00552486;-0.0828729;-0.569061;-0.171271;-0.152486;0.0972376;-0.171271;0.425414;0.690608;0.138122;-0.19337;0.845304;-0.679558;0.425414;-0.259668;-0.19337;0.113812;-0.522652;-0.038674;-0.259448;-0.0167956;1;0.00552486;-0.370166;0.0939227;-0.227412;-0.0683032;-0.363791;+1;0;0;0;0

939.99;1;0.281984;0.904648;0.377575;-0.0297077;-0.101581;-0.233349;0.1023;0.317441;0.317681;0.161955;0.665069;-0.0177288;-1;-0.724485;-0.389075;-0.317202;-0.149257;-0.604935;-0.736703;0.533541;0.808144;0.401437;-0.676647;-0.341317;-0.293413;0.928144;-0.317365;0.928144;-0.652695;0.257485;0.204199;-0.701436;0.0718232;-0.812155;0.00530387;-0.392044;-0.127072;0.00552486;0.337017;0.116022;-0.0165746;-0.127072;0.403315;-0.325967;-0.94453;-0.0167956;0.137238;-0.104088;0.20442;0.22674;0.292597;0.403315;0.00552486;-0.0828729;-0.569061;-0.171271;-0.152486;0.0972376;-0.171271;0.425414;0.690608;0.138122;-0.19337;0.845304;-0.679558;0.425414;-0.259668;-0.19337;0.113812;-0.522652;-0.038674;-0.259448;-0.0167956;1;0.00552486;-0.370166;0.0680759;-0.227412;-0.0683032;+1;0;0;0;0

943;0.114279;1;0.281984;0.904648;0.377575;-0.0297077;-0.101581;-0.233349;0.1023;0.317441;0.317681;0.161955;0.665069;-0.0177288;-1;-0.724485;-0.389075;-0.317202;-0.149257;-0.604935;-0.736703;0.533174;0.808144;0.401437;-0.676647;-0.341317;-0.293413;0.928144;-0.317365;0.928144;-0.652695;0.160221;0.204199;-0.701436;0.0718232;-0.812155;0.00530387;-0.392044;-0.127072;0.00552486;0.337017;0.116022;-0.0165746;-0.127072;0.403315;-0.325967;-0.94453;-0.0167956;0.137238;-0.104088;0.20442;0.22674;0.292597;0.403315;0.00552486;-0.0828729;-0.569061;-0.171271;-0.152486;0.0972376;-0.171271;0.425414;0.690608;0.138122;-0.19337;0.845304;-0.679558;0.425414;-0.259668;-0.19337;0.113812;-0.522652;-0.038674;-0.259448;-0.0167956;1;0.00552486;-0.409251;0.0680759;-0.227412;-1;0;0;0;0

920;-0.508864;0.114279;1;0.281984;0.904648;0.377575;-0.0297077;-0.101581;-0.233349;0.1023;0.317441;0.317681;0.161955;0.665069;-0.0177288;-1;-0.724485;-0.389075;-0.317202;-0.149257;-0.604935;-0.736766;0.533174;0.808144;0.401437;-0.676647;-0.341317;-0.293413;0.928144;-0.317365;0.928144;-0.679558;0.160221;0.204199;-0.701436;0.0718232;-0.812155;0.00530387;-0.392044;-0.127072;0.00552486;0.337017;0.116022;-0.0165746;-0.127072;0.403315;-0.325967;-0.94453;-0.0167956;0.137238;-0.104088;0.20442;0.22674;0.292597;0.403315;0.00552486;-0.0828729;-0.569061;-0.171271;-0.152486;0.0972376;-0.171271;0.425414;0.690608;0.138122;-0.19337;0.845304;-0.679558;0.425414;-0.259668;-0.19337;0.113812;-0.522652;-0.038674;-0.259448;-0.0167956;1;-0.0228435;-0.409251;0.0680759;-1;0;0;0;0

907;-0.269286;-0.508864;0.114279;1;0.281984;0.904648;0.377575;-0.0297077;-0.101581;-0.233349;0.1023;0.317441;0.317681;0.161955;0.665069;-0.0177288;-1;-0.724485;-0.389075;-0.317202;-0.149257;-0.60503;-0.736766;0.533174;0.808144;0.401437;-0.676647;-0.341317;-0.293413;0.928144;-0.317365;0.779006;-0.679558;0.160221;0.204199;-0.701436;0.0718232;-0.812155;0.00530387;-0.392044;-0.127072;0.00552486;0.337017;0.116022;-0.0165746;-0.127072;0.403315;-0.325967;-0.94453;-0.0167956;0.137238;-0.104088;0.20442;0.22674;0.292597;0.403315;0.00552486;-0.0828729;-0.569061;-0.171271;-0.152486;0.0972376;-0.171271;0.425414;0.690608;0.138122;-0.19337;0.845304;-0.679558;0.425414;-0.259668;-0.19337;0.113812;-0.522652;-0.038674;-0.259448;-0.0167956;1;-0.0228435;-0.409251;+1;0;0;0;0

910;0.114039;-0.269286;-0.508864;0.114279;1;0.281984;0.904648;0.377575;-0.0297077;-0.101581;-0.233349;0.1023;0.317441;0.317681;0.161955;0.665069;-0.0177288;-1;-0.724485;-0.389075;-0.317202;-0.149461;-0.60503;-0.736766;0.533174;0.808144;0.401437;-0.676647;-0.341317;-0.293413;0.928144;-0.370166;0.779006;-0.679558;0.160221;0.204199;-0.701436;0.0718232;-0.812155;0.00530387;-0.392044;-0.127072;0.00552486;0.337017;0.116022;-0.0165746;-0.127072;0.403315;-0.325967;-0.94453;-0.0167956;0.137238;-0.104088;0.20442;0.22674;0.292597;0.403315;0.00552486;-0.0828729;-0.569061;-0.171271;-0.152486;0.0972376;-0.171271;0.425414;0.690608;0.138122;-0.19337;0.845304;-0.679558;0.425414;-0.259668;-0.19337;0.113812;-0.522652;-0.038674;-0.259448;-0.0458006;1;-0.0228435;-1;0;0;0;0

895;-0.317202;0.114039;-0.269286;-0.508864;0.114279;1;0.281984;0.904648;0.377575;-0.0297077;-0.101581;-0.233349;0.1023;0.317441;0.317681;0.161955;0.665069;-0.0177288;-1;-0.724485;-0.389075;-0.317365;-0.149461;-0.60503;-0.736766;0.533174;0.808144;0.401437;-0.676647;-0.341317;-0.293413;0.779006;-0.370166;0.779006;-0.679558;0.160221;0.204199;-0.701436;0.0718232;-0.812155;0.00530387;-0.392044;-0.127072;0.00552486;0.337017;0.116022;-0.0165746;-0.127072;0.403315;-0.325967;-0.94453;-0.0167956;0.137238;-0.104088;0.20442;0.22674;0.292597;0.403315;0.00552486;-0.0828729;-0.569061;-0.171271;-0.152486;0.0972376;-0.171271;0.425414;0.690608;0.138122;-0.19337;0.845304;-0.679558;0.425414;-0.259668;-0.19337;0.113812;-0.522652;-0.038674;-0.295374;-0.0458006;1;+1;0;0;0;0

900;0.161955;-0.317202;0.114039;-0.269286;-0.508864;0.114279;1;0.281984;0.904648;0.377575;-0.0297077;-0.101581;-0.233349;0.1023;0.317441;0.317681;0.161955;0.665069;-0.0177288;-1;-0.724485;-0.389222;-0.317365;-0.149461;-0.60503;-0.736766;0.533174;0.808144;0.401437;-0.676647;-0.341317;-0.348066;0.779006;-0.370166;0.779006;-0.679558;0.160221;0.204199;-0.701436;0.0718232;-0.812155;0.00530387;-0.392044;-0.127072;0.00552486;0.337017;0.116022;-0.0165746;-0.127072;0.403315;-0.325967;-0.94453;-0.0167956;0.137238;-0.104088;0.20442;0.22674;0.292597;0.403315;0.00552486;-0.0828729;-0.569061;-0.171271;-0.152486;0.0972376;-0.171271;0.425414;0.690608;0.138122;-0.19337;0.845304;-0.679558;0.425414;-0.259668;-0.19337;0.113812;-0.522652;-0.0683032;-0.295374;-0.0458006;-1;0;0;0;0

885;-0.317202;0.161955;-0.317202;0.114039;-0.269286;-0.508864;0.114279;1;0.281984;0.904648;0.377575;-0.0297077;-0.101581;-0.233349;0.1023;0.317441;0.317681;0.161955;0.665069;-0.0177288;-1;-0.724551;-0.389222;-0.317365;-0.149461;-0.60503;-0.736766;0.533174;0.808144;0.401437;-0.676647;-0.392265;-0.348066;0.779006;-0.370166;0.779006;-0.679558;0.160221;0.204199;-0.701436;0.0718232;-0.812155;0.00530387;-0.392044;-0.127072;0.00552486;0.337017;0.116022;-0.0165746;-0.127072;0.403315;-0.325967;-0.94453;-0.0167956;0.137238;-0.104088;0.20442;0.22674;0.292597;0.403315;0.00552486;-0.0828729;-0.569061;-0.171271;-0.152486;0.0972376;-0.171271;0.425414;0.690608;0.138122;-0.19337;0.845304;-0.679558;0.425414;-0.259668;-0.19337;0.113812;-0.566087;-0.0683032;-0.295374;+1;0;0;0;0

888;0.114039;-0.317202;0.161955;-0.317202;0.114039;-0.269286;-0.508864;0.114279;1;0.281984;0.904648;0.377575;-0.0297077;-0.101581;-0.233349;0.1023;0.317441;0.317681;0.161955;0.665069;-0.0177288;-1;-0.724551;-0.389222;-0.317365;-0.149461;-0.60503;-0.736766;0.533174;0.808144;0.401437;-0.701657;-0.392265;-0.348066;0.779006;-0.370166;0.779006;-0.679558;0.160221;0.204199;-0.701436;0.0718232;-0.812155;0.00530387;-0.392044;-0.127072;0.00552486;0.337017;0.116022;-0.0165746;-0.127072;0.403315;-0.325967;-0.94453;-0.0167956;0.137238;-0.104088;0.20442;0.22674;0.292597;0.403315;0.00552486;-0.0828729;-0.569061;-0.171271;-0.152486;0.0972376;-0.171271;0.425414;0.690608;0.138122;-0.19337;0.845304;-0.679558;0.425414;-0.259668;-0.19337;0.0885328;-0.566087;-0.0683032;-1;0;0;0;0

868;-0.436991;0.114039;-0.317202;0.161955;-0.317202;0.114039;-0.269286;-0.508864;0.114279;1;0.281984;0.904648;0.377575;-0.0297077;-0.101581;-0.233349;0.1023;0.317441;0.317681;0.161955;0.665069;-0.0179641;-1;-0.724551;-0.389222;-0.317365;-0.149461;-0.60503;-0.736766;0.533174;0.808144;0.293039;-0.701657;-0.392265;-0.348066;0.779006;-0.370166;0.779006;-0.679558;0.160221;0.204199;-0.701436;0.0718232;-0.812155;0.00530387;-0.392044;-0.127072;0.00552486;0.337017;0.116022;-0.0165746;-0.127072;0.403315;-0.325967;-0.94453;-0.0167956;0.137238;-0.104088;0.20442;0.22674;0.292597;0.403315;0.00552486;-0.0828729;-0.569061;-0.171271;-0.152486;0.0972376;-0.171271;0.425414;0.690608;0.138122;-0.19337;0.845304;-0.679558;0.425414;-0.259668;-0.227412;0.0885328;-0.566087;-1;0;0;0;0

862;-0.101581;-0.436991;0.114039;-0.317202;0.161955;-0.317202;0.114039;-0.269286;-0.508864;0.114279;1;0.281984;0.904648;0.377575;-0.0297077;-0.101581;-0.233349;0.1023;0.317441;0.317681;0.161955;0.664671;-0.0179641;-1;-0.724551;-0.389222;-0.317365;-0.149461;-0.60503;-0.736766;0.533174;0.668287;0.293039;-0.701657;-0.392265;-0.348066;0.779006;-0.370166;0.779006;-0.679558;0.160221;0.204199;-0.701436;0.0718232;-0.812155;0.00530387;-0.392044;-0.127072;0.00552486;0.337017;0.116022;-0.0165746;-0.127072;0.403315;-0.325967;-0.94453;-0.0167956;0.137238;-0.104088;0.20442;0.22674;0.292597;0.403315;0.00552486;-0.0828729;-0.569061;-0.171271;-0.152486;0.0972376;-0.171271;0.425414;0.690608;0.138122;-0.19337;0.845304;-0.679558;0.425414;-0.295602;-0.227412;0.0885328;+1;0;0;0;0

863;0.0661236;-0.101581;-0.436991;0.114039;-0.317202;0.161955;-0.317202;0.114039;-0.269286;-0.508864;0.114279;1;0.281984;0.904648;0.377575;-0.0297077;-0.101581;-0.233349;0.1023;0.317441;0.317681;0.161677;0.664671;-0.0179641;-1;-0.724551;-0.389222;-0.317365;-0.149461;-0.60503;-0.736766;0.414586;0.668287;0.293039;-0.701657;-0.392265;-0.348066;0.779006;-0.370166;0.779006;-0.679558;0.160221;0.204199;-0.701436;0.0718232;-0.812155;0.00530387;-0.392044;-0.127072;0.00552486;0.337017;0.116022;-0.0165746;-0.127072;0.403315;-0.325967;-0.94453;-0.0167956;0.137238;-0.104088;0.20442;0.22674;0.292597;0.403315;0.00552486;-0.0828729;-0.569061;-0.171271;-0.152486;0.0972376;-0.171271;0.425414;0.690608;0.138122;-0.19337;0.845304;-0.679558;0.409024;-0.295602;-0.227412;+1;0;0;0;0

883;0.521322;0.0661236;-0.101581;-0.436991;0.114039;-0.317202;0.161955;-0.317202;0.114039;-0.269286;-0.508864;0.114279;1;0.281984;0.904648;0.377575;-0.0297077;-0.101581;-0.233349;0.1023;0.317441;0.317365;0.161677;0.664671;-0.0179641;-1;-0.724551;-0.389222;-0.317365;-0.149461;-0.60503;-0.757127;0.414586;0.668287;0.293039;-0.701657;-0.392265;-0.348066;0.779006;-0.370166;0.779006;-0.679558;0.160221;0.204199;-0.701436;0.0718232;-0.812155;0.00530387;-0.392044;-0.127072;0.00552486;0.337017;0.116022;-0.0165746;-0.127072;0.403315;-0.325967;-0.94453;-0.0167956;0.137238;-0.104088;0.20442;0.22674;0.292597;0.403315;0.00552486;-0.0828729;-0.569061;-0.171271;-0.152486;0.0972376;-0.171271;0.425414;0.690608;0.138122;-0.19337;0.845304;-0.727469;0.409024;-0.295602;-1;0;0;0;0

872;-0.22137;0.521322;0.0661236;-0.101581;-0.436991;0.114039;-0.317202;0.161955;-0.317202;0.114039;-0.269286;-0.508864;0.114279;1;0.281984;0.904648;0.377575;-0.0297077;-0.101581;-0.233349;0.1023;0.317126;0.317365;0.161677;0.664671;-0.0179641;-1;-0.724551;-0.389222;-0.317365;-0.149461;-0.63558;-0.757127;0.414586;0.668287;0.293039;-0.701657;-0.392265;-0.348066;0.779006;-0.370166;0.779006;-0.679558;0.160221;0.204199;-0.701436;0.0718232;-0.812155;0.00530387;-0.392044;-0.127072;0.00552486;0.337017;0.116022;-0.0165746;-0.127072;0.403315;-0.325967;-0.94453;-0.0167956;0.137238;-0.104088;0.20442;0.22674;0.292597;0.403315;0.00552486;-0.0828729;-0.569061;-0.171271;-0.152486;0.0972376;-0.171271;0.425414;0.690608;0.138122;-0.19337;0.840891;-0.727469;0.409024;-1;0;0;0;0

871;0.018208;-0.22137;0.521322;0.0661236;-0.101581;-0.436991;0.114039;-0.317202;0.161955;-0.317202;0.114039;-0.269286;-0.508864;0.114279;1;0.281984;0.904648;0.377575;-0.0297077;-0.101581;-0.233349;0.102036;0.317126;0.317365;0.161677;0.664671;-0.0179641;-1;-0.724551;-0.389222;-0.317365;-0.215249;-0.63558;-0.757127;0.414586;0.668287;0.293039;-0.701657;-0.392265;-0.348066;0.779006;-0.370166;0.779006;-0.679558;0.160221;0.204199;-0.701436;0.0718232;-0.812155;0.00530387;-0.392044;-0.127072;0.00552486;0.337017;0.116022;-0.0165746;-0.127072;0.403315;-0.325967;-0.94453;-0.0167956;0.137238;-0.104088;0.20442;0.22674;0.292597;0.403315;0.00552486;-0.0828729;-0.569061;-0.171271;-0.152486;0.0972376;-0.171271;0.425414;0.690608;0.138122;-0.227412;0.840891;-0.727469;+1;0;0;0;0

886.1;0.403929;0.018208;-0.22137;0.521322;0.0661236;-0.101581;-0.436991;0.114039;-0.317202;0.161955;-0.317202;0.114039;-0.269286;-0.508864;0.114279;1;0.281984;0.904648;0.377575;-0.0297077;-0.101581;-0.233533;0.102036;0.317126;0.317365;0.161677;0.664671;-0.0179641;-1;-0.724551;-0.389222;-0.370166;-0.215249;-0.63558;-0.757127;0.414586;0.668287;0.293039;-0.701657;-0.392265;-0.348066;0.779006;-0.370166;0.779006;-0.679558;0.160221;0.204199;-0.701436;0.0718232;-0.812155;0.00530387;-0.392044;-0.127072;0.00552486;0.337017;0.116022;-0.0165746;-0.127072;0.403315;-0.325967;-0.94453;-0.0167956;0.137238;-0.104088;0.20442;0.22674;0.292597;0.403315;0.00552486;-0.0828729;-0.569061;-0.171271;-0.152486;0.0972376;-0.171271;0.425414;0.690608;0.113536;-0.227412;0.840891;+1;0;0;0;0

898;0.327264;0.403929;0.018208;-0.22137;0.521322;0.0661236;-0.101581;-0.436991;0.114039;-0.317202;0.161955;-0.317202;0.114039;-0.269286;-0.508864;0.114279;1;0.281984;0.904648;0.377575;-0.0297077;-0.101796;-0.233533;0.102036;0.317126;0.317365;0.161677;0.664671;-0.0179641;-1;-0.724551;-0.436464;-0.370166;-0.215249;-0.63558;-0.757127;0.414586;0.668287;0.293039;-0.701657;-0.392265;-0.348066;0.779006;-0.370166;0.779006;-0.679558;0.160221;0.204199;-0.701436;0.0718232;-0.812155;0.00530387;-0.392044;-0.127072;0.00552486;0.337017;0.116022;-0.0165746;-0.127072;0.403315;-0.325967;-0.94453;-0.0167956;0.137238;-0.104088;0.20442;0.22674;0.292597;0.403315;0.00552486;-0.0828729;-0.569061;-0.171271;-0.152486;0.0972376;-0.171271;0.425414;0.681782;0.113536;-0.227412;-1;0;0;0;0

885.5;-0.257307;0.327264;0.403929;0.018208;-0.22137;0.521322;0.0661236;-0.101581;-0.436991;0.114039;-0.317202;0.161955;-0.317202;0.114039;-0.269286;-0.508864;0.114279;1;0.281984;0.904648;0.377575;-0.0299401;-0.101796;-0.233533;0.102036;0.317126;0.317365;0.161677;0.664671;-0.0179641;-1;-0.745856;-0.436464;-0.370166;-0.215249;-0.63558;-0.757127;0.414586;0.668287;0.293039;-0.701657;-0.392265;-0.348066;0.779006;-0.370166;0.779006;-0.679558;0.160221;0.204199;-0.701436;0.0718232;-0.812155;0.00530387;-0.392044;-0.127072;0.00552486;0.337017;0.116022;-0.0165746;-0.127072;0.403315;-0.325967;-0.94453;-0.0167956;0.137238;-0.104088;0.20442;0.22674;0.292597;0.403315;0.00552486;-0.0828729;-0.569061;-0.171271;-0.152486;0.0972376;-0.171271;0.409024;0.681782;0.113536;-1;0;0;0;0

879;-0.11356;-0.257307;0.327264;0.403929;0.018208;-0.22137;0.521322;0.0661236;-0.101581;-0.436991;0.114039;-0.317202;0.161955;-0.317202;0.114039;-0.269286;-0.508864;0.114279;1;0.281984;0.904648;0.377246;-0.0299401;-0.101796;-0.233533;0.102036;0.317126;0.317365;0.161677;0.664671;-0.0179641;-1;-0.745856;-0.436464;-0.370166;-0.215249;-0.63558;-0.757127;0.414586;0.668287;0.293039;-0.701657;-0.392265;-0.348066;0.779006;-0.370166;0.779006;-0.679558;0.160221;0.204199;-0.701436;0.0718232;-0.812155;0.00530387;-0.392044;-0.127072;0.00552486;0.337017;0.116022;-0.0165746;-0.127072;0.403315;-0.325967;-0.94453;-0.0167956;0.137238;-0.104088;0.20442;0.22674;0.292597;0.403315;0.00552486;-0.0828729;-0.569061;-0.171271;-0.152486;0.0972376;-0.204682;0.409024;0.681782;+1;0;0;0;0

883;0.137997;-0.11356;-0.257307;0.327264;0.403929;0.018208;-0.22137;0.521322;0.0661236;-0.101581;-0.436991;0.114039;-0.317202;0.161955;-0.317202;0.114039;-0.269286;-0.508864;0.114279;1;0.281984;0.904192;0.377246;-0.0299401;-0.101796;-0.233533;0.102036;0.317126;0.317365;0.161677;0.664671;-0.0939227;-1;-0.745856;-0.436464;-0.370166;-0.215249;-0.63558;-0.757127;0.414586;0.668287;0.293039;-0.701657;-0.392265;-0.348066;0.779006;-0.370166;0.779006;-0.679558;0.160221;0.204199;-0.701436;0.0718232;-0.812155;0.00530387;-0.392044;-0.127072;0.00552486;0.337017;0.116022;-0.0165746;-0.127072;0.403315;-0.325967;-0.94453;-0.0167956;0.137238;-0.104088;0.20442;0.22674;0.292597;0.403315;0.00552486;-0.0828729;-0.569061;-0.171271;-0.152486;0.0714854;-0.204682;0.409024;-1;0;0;0;0

871;-0.245328;0.137997;-0.11356;-0.257307;0.327264;0.403929;0.018208;-0.22137;0.521322;0.0661236;-0.101581;-0.436991;0.114039;-0.317202;0.161955;-0.317202;0.114039;-0.269286;-0.508864;0.114279;1;0.281677;0.904192;0.377246;-0.0299401;-0.101796;-0.233533;0.102036;0.317126;0.317365;0.161677;0.535912;-0.0939227;-1;-0.745856;-0.436464;-0.370166;-0.215249;-0.63558;-0.757127;0.414586;0.668287;0.293039;-0.701657;-0.392265;-0.348066;0.779006;-0.370166;0.779006;-0.679558;0.160221;0.204199;-0.701436;0.0718232;-0.812155;0.00530387;-0.392044;-0.127072;0.00552486;0.337017;0.116022;-0.0165746;-0.127072;0.403315;-0.325967;-0.94453;-0.0167956;0.137238;-0.104088;0.20442;0.22674;0.292597;0.403315;0.00552486;-0.0828729;-0.569061;-0.171271;-0.185362;0.0714854;-0.204682;+1;0;0;0;0

875;0.137997;-0.245328;0.137997;-0.11356;-0.257307;0.327264;0.403929;0.018208;-0.22137;0.521322;0.0661236;-0.101581;-0.436991;0.114039;-0.317202;0.161955;-0.317202;0.114039;-0.269286;-0.508864;0.114279;0.999521;0.281677;0.904192;0.377246;-0.0299401;-0.101796;-0.233533;0.102036;0.317126;0.317365;0.0718232;0.535912;-0.0939227;-1;-0.745856;-0.436464;-0.370166;-0.215249;-0.63558;-0.757127;0.414586;0.668287;0.293039;-0.701657;-0.392265;-0.348066;0.779006;-0.370166;0.779006;-0.679558;0.160221;0.204199;-0.701436;0.0718232;-0.812155;0.00530387;-0.392044;-0.127072;0.00552486;0.337017;0.116022;-0.0165746;-0.127072;0.403315;-0.325967;-0.94453;-0.0167956;0.137238;-0.104088;0.20442;0.22674;0.292597;0.403315;0.00552486;-0.0828729;-0.569061;-0.204682;-0.185362;0.0714854;+1;0;0;0;0

894.01;0.497604;0.137997;-0.245328;0.137997;-0.11356;-0.257307;0.327264;0.403929;0.018208;-0.22137;0.521322;0.0661236;-0.101581;-0.436991;0.114039;-0.317202;0.161955;-0.317202;0.114039;-0.269286;-0.508864;0.114012;0.999521;0.281677;0.904192;0.377246;-0.0299401;-0.101796;-0.233533;0.102036;0.317126;0.21547;0.0718232;0.535912;-0.0939227;-1;-0.745856;-0.436464;-0.370166;-0.215249;-0.63558;-0.757127;0.414586;0.668287;0.293039;-0.701657;-0.392265;-0.348066;0.779006;-0.370166;0.779006;-0.679558;0.160221;0.204199;-0.701436;0.0718232;-0.812155;0.00530387;-0.392044;-0.127072;0.00552486;0.337017;0.116022;-0.0165746;-0.127072;0.403315;-0.325967;-0.94453;-0.0167956;0.137238;-0.104088;0.20442;0.22674;0.292597;0.403315;0.00552486;-0.0828729;-0.61382;-0.204682;-0.185362;+1;0;0;0;0

895;0.0658841;0.497604;0.137997;-0.245328;0.137997;-0.11356;-0.257307;0.327264;0.403929;0.018208;-0.22137;0.521322;0.0661236;-0.101581;-0.436991;0.114039;-0.317202;0.161955;-0.317202;0.114039;-0.269286;-0.508982;0.114012;0.999521;0.281677;0.904192;0.377246;-0.0299401;-0.101796;-0.233533;0.102036;0.215249;0.21547;0.0718232;0.535912;-0.0939227;-1;-0.745856;-0.436464;-0.370166;-0.215249;-0.63558;-0.757127;0.414586;0.668287;0.293039;-0.701657;-0.392265;-0.348066;0.779006;-0.370166;0.779006;-0.679558;0.160221;0.204199;-0.701436;0.0718232;-0.812155;0.00530387;-0.392044;-0.127072;0.00552486;0.337017;0.116022;-0.0165746;-0.127072;0.403315;-0.325967;-0.94453;-0.0167956;0.137238;-0.104088;0.20442;0.22674;0.292597;0.403315;0.00552486;-0.113763;-0.61382;-0.204682;+1;0;0;0;0

900;0.161955;0.0658841;0.497604;0.137997;-0.245328;0.137997;-0.11356;-0.257307;0.327264;0.403929;0.018208;-0.22137;0.521322;0.0661236;-0.101581;-0.436991;0.114039;-0.317202;0.161955;-0.317202;0.114039;-0.269461;-0.508982;0.114012;0.999521;0.281677;0.904192;0.377246;-0.0299401;-0.101796;-0.233533;0.0167956;0.215249;0.21547;0.0718232;0.535912;-0.0939227;-1;-0.745856;-0.436464;-0.370166;-0.215249;-0.63558;-0.757127;0.414586;0.668287;0.293039;-0.701657;-0.392265;-0.348066;0.779006;-0.370166;0.779006;-0.679558;0.160221;0.204199;-0.701436;0.0718232;-0.812155;0.00530387;-0.392044;-0.127072;0.00552486;0.337017;0.116022;-0.0165746;-0.127072;0.403315;-0.325967;-0.94453;-0.0167956;0.137238;-0.104088;0.20442;0.22674;0.292597;0.403315;-0.0228435;-0.113763;-0.61382;-1;0;0;0;0

884;-0.34116;0.161955;0.0658841;0.497604;0.137997;-0.245328;0.137997;-0.11356;-0.257307;0.327264;0.403929;0.018208;-0.22137;0.521322;0.0661236;-0.101581;-0.436991;0.114039;-0.317202;0.161955;-0.317202;0.113772;-0.269461;-0.508982;0.114012;0.999521;0.281677;0.904192;0.377246;-0.0299401;-0.101796;-0.292818;0.0167956;0.215249;0.21547;0.0718232;0.535912;-0.0939227;-1;-0.745856;-0.436464;-0.370166;-0.215249;-0.63558;-0.757127;0.414586;0.668287;0.293039;-0.701657;-0.392265;-0.348066;0.779006;-0.370166;0.779006;-0.679558;0.160221;0.204199;-0.701436;0.0718232;-0.812155;0.00530387;-0.392044;-0.127072;0.00552486;0.337017;0.116022;-0.0165746;-0.127072;0.403315;-0.325967;-0.94453;-0.0167956;0.137238;-0.104088;0.20442;0.22674;0.292597;0.386294;-0.0228435;-0.113763;+1;0;0;0;0

888;0.137997;-0.34116;0.161955;0.0658841;0.497604;0.137997;-0.245328;0.137997;-0.11356;-0.257307;0.327264;0.403929;0.018208;-0.22137;0.521322;0.0661236;-0.101581;-0.436991;0.114039;-0.317202;0.161955;-0.317365;0.113772;-0.269461;-0.508982;0.114012;0.999521;0.281677;0.904192;0.377246;-0.0299401;-0.171271;-0.292818;0.0167956;0.215249;0.21547;0.0718232;0.535912;-0.0939227;-1;-0.745856;-0.436464;-0.370166;-0.215249;-0.63558;-0.757127;0.414586;0.668287;0.293039;-0.701657;-0.392265;-0.348066;0.779006;-0.370166;0.779006;-0.679558;0.160221;0.204199;-0.701436;0.0718232;-0.812155;0.00530387;-0.392044;-0.127072;0.00552486;0.337017;0.116022;-0.0165746;-0.127072;0.403315;-0.325967;-0.94453;-0.0167956;0.137238;-0.104088;0.20442;0.22674;0.272417;0.386294;-0.0228435;+1;0;0;0;0

893;0.161955;0.137997;-0.34116;0.161955;0.0658841;0.497604;0.137997;-0.245328;0.137997;-0.11356;-0.257307;0.327264;0.403929;0.018208;-0.22137;0.521322;0.0661236;-0.101581;-0.436991;0.114039;-0.317202;0.161677;-0.317365;0.113772;-0.269461;-0.508982;0.114012;0.999521;0.281677;0.904192;0.377246;-0.104972;-0.171271;-0.292818;0.0167956;0.215249;0.21547;0.0718232;0.535912;-0.0939227;-1;-0.745856;-0.436464;-0.370166;-0.215249;-0.63558;-0.757127;0.414586;0.668287;0.293039;-0.701657;-0.392265;-0.348066;0.779006;-0.370166;0.779006;-0.679558;0.160221;0.204199;-0.701436;0.0718232;-0.812155;0.00530387;-0.392044;-0.127072;0.00552486;0.337017;0.116022;-0.0165746;-0.127072;0.403315;-0.325967;-0.94453;-0.0167956;0.137238;-0.104088;0.20442;0.204682;0.272417;0.386294;-1;0;0;0;0

887.99;-0.077863;0.161955;0.137997;-0.34116;0.161955;0.0658841;0.497604;0.137997;-0.245328;0.137997;-0.11356;-0.257307;0.327264;0.403929;0.018208;-0.22137;0.521322;0.0661236;-0.101581;-0.436991;0.114039;-0.317365;0.161677;-0.317365;0.113772;-0.269461;-0.508982;0.114012;0.999521;0.281677;0.904192;0.270718;-0.104972;-0.171271;-0.292818;0.0167956;0.215249;0.21547;0.0718232;0.535912;-0.0939227;-1;-0.745856;-0.436464;-0.370166;-0.215249;-0.63558;-0.757127;0.414586;0.668287;0.293039;-0.701657;-0.392265;-0.348066;0.779006;-0.370166;0.779006;-0.679558;0.160221;0.204199;-0.701436;0.0718232;-0.812155;0.00530387;-0.392044;-0.127072;0.00552486;0.337017;0.116022;-0.0165746;-0.127072;0.403315;-0.325967;-0.94453;-0.0167956;0.137238;-0.104088;0.181725;0.204682;0.272417;-1;0;0;0;0

885;-0.0294681;-0.077863;0.161955;0.137997;-0.34116;0.161955;0.0658841;0.497604;0.137997;-0.245328;0.137997;-0.11356;-0.257307;0.327264;0.403929;0.018208;-0.22137;0.521322;0.0661236;-0.101581;-0.436991;0.113772;-0.317365;0.161677;-0.317365;0.113772;-0.269461;-0.508982;0.114012;0.999521;0.281677;0.756906;0.270718;-0.104972;-0.171271;-0.292818;0.0167956;0.215249;0.21547;0.0718232;0.535912;-0.0939227;-1;-0.745856;-0.436464;-0.370166;-0.215249;-0.63558;-0.757127;0.414586;0.668287;0.293039;-0.701657;-0.392265;-0.348066;0.779006;-0.370166;0.779006;-0.679558;0.160221;0.204199;-0.701436;0.0718232;-0.812155;0.00530387;-0.392044;-0.127072;0.00552486;0.337017;0.116022;-0.0165746;-0.127072;0.403315;-0.325967;-0.94453;-0.0167956;0.137238;-0.135584;0.181725;0.204682;-1;0;0;0;0

883;-0.00574987;-0.0294681;-0.077863;0.161955;0.137997;-0.34116;0.161955;0.0658841;0.497604;0.137997;-0.245328;0.137997;-0.11356;-0.257307;0.327264;0.403929;0.018208;-0.22137;0.521322;0.0661236;-0.101581;-0.437126;0.113772;-0.317365;0.161677;-0.317365;0.113772;-0.269461;-0.508982;0.114012;0.999521;0.182541;0.756906;0.270718;-0.104972;-0.171271;-0.292818;0.0167956;0.215249;0.21547;0.0718232;0.535912;-0.0939227;-1;-0.745856;-0.436464;-0.370166;-0.215249;-0.63558;-0.757127;0.414586;0.668287;0.293039;-0.701657;-0.392265;-0.348066;0.779006;-0.370166;0.779006;-0.679558;0.160221;0.204199;-0.701436;0.0718232;-0.812155;0.00530387;-0.392044;-0.127072;0.00552486;0.337017;0.116022;-0.0165746;-0.127072;0.403315;-0.325967;-0.94453;-0.0167956;0.112626;-0.135584;0.181725;+1;0;0;0;0

903;0.521322;-0.00574987;-0.0294681;-0.077863;0.161955;0.137997;-0.34116;0.161955;0.0658841;0.497604;0.137997;-0.245328;0.137997;-0.11356;-0.257307;0.327264;0.403929;0.018208;-0.22137;0.521322;0.0661236;-0.101796;-0.437126;0.113772;-0.317365;0.161677;-0.317365;0.113772;-0.269461;-0.508982;0.114012;0.844862;0.182541;0.756906;0.270718;-0.104972;-0.171271;-0.292818;0.0167956;0.215249;0.21547;0.0718232;0.535912;-0.0939227;-1;-0.745856;-0.436464;-0.370166;-0.215249;-0.63558;-0.757127;0.414586;0.668287;0.293039;-0.701657;-0.392265;-0.348066;0.779006;-0.370166;0.779006;-0.679558;0.160221;0.204199;-0.701436;0.0718232;-0.812155;0.00530387;-0.392044;-0.127072;0.00552486;0.337017;0.116022;-0.0165746;-0.127072;0.403315;-0.325967;-0.94453;-0.0458006;0.112626;-0.135584;+1;0;0;0;0

912.1;0.260182;0.521322;-0.00574987;-0.0294681;-0.077863;0.161955;0.137997;-0.34116;0.161955;0.0658841;0.497604;0.137997;-0.245328;0.137997;-0.11356;-0.257307;0.327264;0.403929;0.018208;-0.22137;0.521322;0.0658683;-0.101796;-0.437126;0.113772;-0.317365;0.161677;-0.317365;0.113772;-0.269461;-0.508982;0.0278453;0.844862;0.182541;0.756906;0.270718;-0.104972;-0.171271;-0.292818;0.0167956;0.215249;0.21547;0.0718232;0.535912;-0.0939227;-1;-0.745856;-0.436464;-0.370166;-0.215249;-0.63558;-0.757127;0.414586;0.668287;0.293039;-0.701657;-0.392265;-0.348066;0.779006;-0.370166;0.779006;-0.679558;0.160221;0.204199;-0.701436;0.0718232;-0.812155;0.00530387;-0.392044;-0.127072;0.00552486;0.337017;0.116022;-0.0165746;-0.127072;0.403315;-0.325967;-1;-0.0458006;0.112626;+1;0;0;0;0

934;0.566842;0.260182;0.521322;-0.00574987;-0.0294681;-0.077863;0.161955;0.137997;-0.34116;0.161955;0.0658841;0.497604;0.137997;-0.245328;0.137997;-0.11356;-0.257307;0.327264;0.403929;0.018208;-0.22137;0.520958;0.0658683;-0.101796;-0.437126;0.113772;-0.317365;0.161677;-0.317365;0.113772;-0.269461;-0.546961;0.0278453;0.844862;0.182541;0.756906;0.270718;-0.104972;-0.171271;-0.292818;0.0167956;0.215249;0.21547;0.0718232;0.535912;-0.0939227;-1;-0.745856;-0.436464;-0.370166;-0.215249;-0.63558;-0.757127;0.414586;0.668287;0.293039;-0.701657;-0.392265;-0.348066;0.779006;-0.370166;0.779006;-0.679558;0.160221;0.204199;-0.701436;0.0718232;-0.812155;0.00530387;-0.392044;-0.127072;0.00552486;0.337017;0.116022;-0.0165746;-0.127072;0.403315;-0.363791;-1;-0.0458006;-1;0;0;0;0

928;-0.101581;0.566842;0.260182;0.521322;-0.00574987;-0.0294681;-0.077863;0.161955;0.137997;-0.34116;0.161955;0.0658841;0.497604;0.137997;-0.245328;0.137997;-0.11356;-0.257307;0.327264;0.403929;0.018208;-0.221557;0.520958;0.0658683;-0.101796;-0.437126;0.113772;-0.317365;0.161677;-0.317365;0.113772;-0.325967;-0.546961;0.0278453;0.844862;0.182541;0.756906;0.270718;-0.104972;-0.171271;-0.292818;0.0167956;0.215249;0.21547;0.0718232;0.535912;-0.0939227;-1;-0.745856;-0.436464;-0.370166;-0.215249;-0.63558;-0.757127;0.414586;0.668287;0.293039;-0.701657;-0.392265;-0.348066;0.779006;-0.370166;0.779006;-0.679558;0.160221;0.204199;-0.701436;0.0718232;-0.812155;0.00530387;-0.392044;-0.127072;0.00552486;0.337017;0.116022;-0.0165746;-0.127072;0.386294;-0.363791;-1;+1;0;0;0;0

937;0.257786;-0.101581;0.566842;0.260182;0.521322;-0.00574987;-0.0294681;-0.077863;0.161955;0.137997;-0.34116;0.161955;0.0658841;0.497604;0.137997;-0.245328;0.137997;-0.11356;-0.257307;0.327264;0.403929;0.0179641;-0.221557;0.520958;0.0658683;-0.101796;-0.437126;0.113772;-0.317365;0.161677;-0.317365;0.0276243;-0.325967;-0.546961;0.0278453;0.844862;0.182541;0.756906;0.270718;-0.104972;-0.171271;-0.292818;0.0167956;0.215249;0.21547;0.0718232;0.535912;-0.0939227;-1;-0.745856;-0.436464;-0.370166;-0.215249;-0.63558;-0.757127;0.414586;0.668287;0.293039;-0.701657;-0.392265;-0.348066;0.779006;-0.370166;0.779006;-0.679558;0.160221;0.204199;-0.701436;0.0718232;-0.812155;0.00530387;-0.392044;-0.127072;0.00552486;0.337017;0.116022;-0.0165746;-0.159223;0.386294;-0.363791;-1;0;0;0;0

928.51;-0.161236;0.257786;-0.101581;0.566842;0.260182;0.521322;-0.00574987;-0.0294681;-0.077863;0.161955;0.137997;-0.34116;0.161955;0.0658841;0.497604;0.137997;-0.245328;0.137997;-0.11356;-0.257307;0.327264;0.403593;0.0179641;-0.221557;0.520958;0.0658683;-0.101796;-0.437126;0.113772;-0.317365;0.161677;-0.370166;0.0276243;-0.325967;-0.546961;0.0278453;0.844862;0.182541;0.756906;0.270718;-0.104972;-0.171271;-0.292818;0.0167956;0.215249;0.21547;0.0718232;0.535912;-0.0939227;-1;-0.745856;-0.436464;-0.370166;-0.215249;-0.63558;-0.757127;0.414586;0.668287;0.293039;-0.701657;-0.392265;-0.348066;0.779006;-0.370166;0.779006;-0.679558;0.160221;0.204199;-0.701436;0.0718232;-0.812155;0.00530387;-0.392044;-0.127072;0.00552486;0.337017;0.116022;-0.0455733;-0.159223;0.386294;-1;0;0;0;0

920;-0.161715;-0.161236;0.257786;-0.101581;0.566842;0.260182;0.521322;-0.00574987;-0.0294681;-0.077863;0.161955;0.137997;-0.34116;0.161955;0.0658841;0.497604;0.137997;-0.245328;0.137997;-0.11356;-0.257307;0.326946;0.403593;0.0179641;-0.221557;0.520958;0.0658683;-0.101796;-0.437126;0.113772;-0.317365;0.0718232;-0.370166;0.0276243;-0.325967;-0.546961;0.0278453;0.844862;0.182541;0.756906;0.270718;-0.104972;-0.171271;-0.292818;0.0167956;0.215249;0.21547;0.0718232;0.535912;-0.0939227;-1;-0.745856;-0.436464;-0.370166;-0.215249;-0.63558;-0.757127;0.414586;0.668287;0.293039;-0.701657;-0.392265;-0.348066;0.779006;-0.370166;0.779006;-0.679558;0.160221;0.204199;-0.701436;0.0718232;-0.812155;0.00530387;-0.392044;-0.127072;0.00552486;0.337017;0.0908058;-0.0455733;-0.159223;+1;0;0;0;0

924.5;0.149976;-0.161715;-0.161236;0.257786;-0.101581;0.566842;0.260182;0.521322;-0.00574987;-0.0294681;-0.077863;0.161955;0.137997;-0.34116;0.161955;0.0658841;0.497604;0.137997;-0.245328;0.137997;-0.11356;-0.257485;0.326946;0.403593;0.0179641;-0.221557;0.520958;0.0658683;-0.101796;-0.437126;0.113772;-0.370166;0.0718232;-0.370166;0.0276243;-0.325967;-0.546961;0.0278453;0.844862;0.182541;0.756906;0.270718;-0.104972;-0.171271;-0.292818;0.0167956;0.215249;0.21547;0.0718232;0.535912;-0.0939227;-1;-0.745856;-0.436464;-0.370166;-0.215249;-0.63558;-0.757127;0.414586;0.668287;0.293039;-0.701657;-0.392265;-0.348066;0.779006;-0.370166;0.779006;-0.679558;0.160221;0.204199;-0.701436;0.0718232;-0.812155;0.00530387;-0.392044;-0.127072;0.00552486;0.318104;0.0908058;-0.0455733;+1;0;0;0;0

935;0.293723;0.149976;-0.161715;-0.161236;0.257786;-0.101581;0.566842;0.260182;0.521322;-0.00574987;-0.0294681;-0.077863;0.161955;0.137997;-0.34116;0.161955;0.0658841;0.497604;0.137997;-0.245328;0.137997;-0.113772;-0.257485;0.326946;0.403593;0.0179641;-0.221557;0.520958;0.0658683;-0.101796;-0.437126;0.0276243;-0.370166;0.0718232;-0.370166;0.0276243;-0.325967;-0.546961;0.0278453;0.844862;0.182541;0.756906;0.270718;-0.104972;-0.171271;-0.292818;0.0167956;0.215249;0.21547;0.0718232;0.535912;-0.0939227;-1;-0.745856;-0.436464;-0.370166;-0.215249;-0.63558;-0.757127;0.414586;0.668287;0.293039;-0.701657;-0.392265;-0.348066;0.779006;-0.370166;0.779006;-0.679558;0.160221;0.204199;-0.701436;0.0718232;-0.812155;0.00530387;-0.392044;-0.127072;-0.0228435;0.318104;0.0908058;+1;0;0;0;0

947;0.32966;0.293723;0.149976;-0.161715;-0.161236;0.257786;-0.101581;0.566842;0.260182;0.521322;-0.00574987;-0.0294681;-0.077863;0.161955;0.137997;-0.34116;0.161955;0.0658841;0.497604;0.137997;-0.245328;0.137725;-0.113772;-0.257485;0.326946;0.403593;0.0179641;-0.221557;0.520958;0.0658683;-0.101796;-0.480663;0.0276243;-0.370166;0.0718232;-0.370166;0.0276243;-0.325967;-0.546961;0.0278453;0.844862;0.182541;0.756906;0.270718;-0.104972;-0.171271;-0.292818;0.0167956;0.215249;0.21547;0.0718232;0.535912;-0.0939227;-1;-0.745856;-0.436464;-0.370166;-0.215249;-0.63558;-0.757127;0.414586;0.668287;0.293039;-0.701657;-0.392265;-0.348066;0.779006;-0.370166;0.779006;-0.679558;0.160221;0.204199;-0.701436;0.0718232;-0.812155;0.00530387;-0.392044;-0.159223;-0.0228435;0.318104;+1;0;0;0;0

962.99;0.425252;0.32966;0.293723;0.149976;-0.161715;-0.161236;0.257786;-0.101581;0.566842;0.260182;0.521322;-0.00574987;-0.0294681;-0.077863;0.161955;0.137997;-0.34116;0.161955;0.0658841;0.497604;0.137997;-0.245509;0.137725;-0.113772;-0.257485;0.326946;0.403593;0.0179641;-0.221557;0.520958;0.0658683;-0.171271;-0.480663;0.0276243;-0.370166;0.0718232;-0.370166;0.0276243;-0.325967;-0.546961;0.0278453;0.844862;0.182541;0.756906;0.270718;-0.104972;-0.171271;-0.292818;0.0167956;0.215249;0.21547;0.0718232;0.535912;-0.0939227;-1;-0.745856;-0.436464;-0.370166;-0.215249;-0.63558;-0.757127;0.414586;0.668287;0.293039;-0.701657;-0.392265;-0.348066;0.779006;-0.370166;0.779006;-0.679558;0.160221;0.204199;-0.701436;0.0718232;-0.812155;0.00530387;-0.431754;-0.159223;-0.0228435;-1;0;0;0;0

955.5;-0.137278;0.425252;0.32966;0.293723;0.149976;-0.161715;-0.161236;0.257786;-0.101581;0.566842;0.260182;0.521322;-0.00574987;-0.0294681;-0.077863;0.161955;0.137997;-0.34116;0.161955;0.0658841;0.497604;0.137725;-0.245509;0.137725;-0.113772;-0.257485;0.326946;0.403593;0.0179641;-0.221557;0.520958;-0.0165746;-0.171271;-0.480663;0.0276243;-0.370166;0.0718232;-0.370166;0.0276243;-0.325967;-0.546961;0.0278453;0.844862;0.182541;0.756906;0.270718;-0.104972;-0.171271;-0.292818;0.0167956;0.215249;0.21547;0.0718232;0.535912;-0.0939227;-1;-0.745856;-0.436464;-0.370166;-0.215249;-0.63558;-0.757127;0.414586;0.668287;0.293039;-0.701657;-0.392265;-0.348066;0.779006;-0.370166;0.779006;-0.679558;0.160221;0.204199;-0.701436;0.0718232;-0.812155;-0.0230708;-0.431754;-0.159223;+1;0;0;0;0

963;0.22185;-0.137278;0.425252;0.32966;0.293723;0.149976;-0.161715;-0.161236;0.257786;-0.101581;0.566842;0.260182;0.521322;-0.00574987;-0.0294681;-0.077863;0.161955;0.137997;-0.34116;0.161955;0.0658841;0.497246;0.137725;-0.245509;0.137725;-0.113772;-0.257485;0.326946;0.403593;0.0179641;-0.221557;0.403315;-0.0165746;-0.171271;-0.480663;0.0276243;-0.370166;0.0718232;-0.370166;0.0276243;-0.325967;-0.546961;0.0278453;0.844862;0.182541;0.756906;0.270718;-0.104972;-0.171271;-0.292818;0.0167956;0.215249;0.21547;0.0718232;0.535912;-0.0939227;-1;-0.745856;-0.436464;-0.370166;-0.215249;-0.63558;-0.757127;0.414586;0.668287;0.293039;-0.701657;-0.392265;-0.348066;0.779006;-0.370166;0.779006;-0.679558;0.160221;0.204199;-0.701436;0.0718232;-0.863848;-0.0230708;-0.431754;+1;0;0;0;0

981;0.473407;0.22185;-0.137278;0.425252;0.32966;0.293723;0.149976;-0.161715;-0.161236;0.257786;-0.101581;0.566842;0.260182;0.521322;-0.00574987;-0.0294681;-0.077863;0.161955;0.137997;-0.34116;0.161955;0.0656287;0.497246;0.137725;-0.245509;0.137725;-0.113772;-0.257485;0.326946;0.403593;0.0179641;-0.281768;0.403315;-0.0165746;-0.171271;-0.480663;0.0276243;-0.370166;0.0718232;-0.370166;0.0276243;-0.325967;-0.546961;0.0278453;0.844862;0.182541;0.756906;0.270718;-0.104972;-0.171271;-0.292818;0.0167956;0.215249;0.21547;0.0718232;0.535912;-0.0939227;-1;-0.745856;-0.436464;-0.370166;-0.215249;-0.63558;-0.757127;0.414586;0.668287;0.293039;-0.701657;-0.392265;-0.348066;0.779006;-0.370166;0.779006;-0.679558;0.160221;0.204199;-0.701436;0.0453461;-0.863848;-0.0230708;-1;0;0;0;0

970.02;-0.220891;0.473407;0.22185;-0.137278;0.425252;0.32966;0.293723;0.149976;-0.161715;-0.161236;0.257786;-0.101581;0.566842;0.260182;0.521322;-0.00574987;-0.0294681;-0.077863;0.161955;0.137997;-0.34116;0.161677;0.0656287;0.497246;0.137725;-0.245509;0.137725;-0.113772;-0.257485;0.326946;0.403593;-0.0607735;-0.281768;0.403315;-0.0165746;-0.171271;-0.480663;0.0276243;-0.370166;0.0718232;-0.370166;0.0276243;-0.325967;-0.546961;0.0278453;0.844862;0.182541;0.756906;0.270718;-0.104972;-0.171271;-0.292818;0.0167956;0.215249;0.21547;0.0718232;0.535912;-0.0939227;-1;-0.745856;-0.436464;-0.370166;-0.215249;-0.63558;-0.757127;0.414586;0.668287;0.293039;-0.701657;-0.392265;-0.348066;0.779006;-0.370166;0.779006;-0.679558;0.160221;0.204199;-0.749972;0.0453461;-0.863848;+1;0;0;0;0

971.5;0.0776234;-0.220891;0.473407;0.22185;-0.137278;0.425252;0.32966;0.293723;0.149976;-0.161715;-0.161236;0.257786;-0.101581;0.566842;0.260182;0.521322;-0.00574987;-0.0294681;-0.077863;0.161955;0.137997;-0.341317;0.161677;0.0656287;0.497246;0.137725;-0.245509;0.137725;-0.113772;-0.257485;0.326946;0.295028;-0.0607735;-0.281768;0.403315;-0.0165746;-0.171271;-0.480663;0.0276243;-0.370166;0.0718232;-0.370166;0.0276243;-0.325967;-0.546961;0.0278453;0.844862;0.182541;0.756906;0.270718;-0.104972;-0.171271;-0.292818;0.0167956;0.215249;0.21547;0.0718232;0.535912;-0.0939227;-1;-0.745856;-0.436464;-0.370166;-0.215249;-0.63558;-0.757127;0.414586;0.668287;0.293039;-0.701657;-0.392265;-0.348066;0.779006;-0.370166;0.779006;-0.679558;0.160221;0.181498;-0.749972;0.0453461;-1;0;0;0;0

951.3;-0.441782;0.0776234;-0.220891;0.473407;0.22185;-0.137278;0.425252;0.32966;0.293723;0.149976;-0.161715;-0.161236;0.257786;-0.101581;0.566842;0.260182;0.521322;-0.00574987;-0.0294681;-0.077863;0.161955;0.137725;-0.341317;0.161677;0.0656287;0.497246;0.137725;-0.245509;0.137725;-0.113772;-0.257485;0.224309;0.295028;-0.0607735;-0.281768;0.403315;-0.0165746;-0.171271;-0.480663;0.0276243;-0.370166;0.0718232;-0.370166;0.0276243;-0.325967;-0.546961;0.0278453;0.844862;0.182541;0.756906;0.270718;-0.104972;-0.171271;-0.292818;0.0167956;0.215249;0.21547;0.0718232;0.535912;-0.0939227;-1;-0.745856;-0.436464;-0.370166;-0.215249;-0.63558;-0.757127;0.414586;0.668287;0.293039;-0.701657;-0.392265;-0.348066;0.779006;-0.370166;0.779006;-0.679558;0.136266;0.181498;-0.749972;+1;0;0;0;0

957;0.178725;-0.441782;0.0776234;-0.220891;0.473407;0.22185;-0.137278;0.425252;0.32966;0.293723;0.149976;-0.161715;-0.161236;0.257786;-0.101581;0.566842;0.260182;0.521322;-0.00574987;-0.0294681;-0.077863;0.161677;0.137725;-0.341317;0.161677;0.0656287;0.497246;0.137725;-0.245509;0.137725;-0.113772;-0.314917;0.224309;0.295028;-0.0607735;-0.281768;0.403315;-0.0165746;-0.171271;-0.480663;0.0276243;-0.370166;0.0718232;-0.370166;0.0276243;-0.325967;-0.546961;0.0278453;0.844862;0.182541;0.756906;0.270718;-0.104972;-0.171271;-0.292818;0.0167956;0.215249;0.21547;0.0718232;0.535912;-0.0939227;-1;-0.745856;-0.436464;-0.370166;-0.215249;-0.63558;-0.757127;0.414586;0.668287;0.293039;-0.701657;-0.392265;-0.348066;0.779006;-0.370166;0.779006;-0.727469;0.136266;0.181498;-1;0;0;0;0

953;-0.0536655;0.178725;-0.441782;0.0776234;-0.220891;0.473407;0.22185;-0.137278;0.425252;0.32966;0.293723;0.149976;-0.161715;-0.161236;0.257786;-0.101581;0.566842;0.260182;0.521322;-0.00574987;-0.0294681;-0.0780838;0.161677;0.137725;-0.341317;0.161677;0.0656287;0.497246;0.137725;-0.245509;0.137725;-0.18232;-0.314917;0.224309;0.295028;-0.0607735;-0.281768;0.403315;-0.0165746;-0.171271;-0.480663;0.0276243;-0.370166;0.0718232;-0.370166;0.0276243;-0.325967;-0.546961;0.0278453;0.844862;0.182541;0.756906;0.270718;-0.104972;-0.171271;-0.292818;0.0167956;0.215249;0.21547;0.0718232;0.535912;-0.0939227;-1;-0.745856;-0.436464;-0.370166;-0.215249;-0.63558;-0.757127;0.414586;0.668287;0.293039;-0.701657;-0.392265;-0.348066;0.779006;-0.370166;0.772701;-0.727469;0.136266;+1;0;0;0;0

957.01;0.138237;-0.0536655;0.178725;-0.441782;0.0776234;-0.220891;0.473407;0.22185;-0.137278;0.425252;0.32966;0.293723;0.149976;-0.161715;-0.161236;0.257786;-0.101581;0.566842;0.260182;0.521322;-0.00574987;-0.0297006;-0.0780838;0.161677;0.137725;-0.341317;0.161677;0.0656287;0.497246;0.137725;-0.245509;0.0497238;-0.18232;-0.314917;0.224309;0.295028;-0.0607735;-0.281768;0.403315;-0.0165746;-0.171271;-0.480663;0.0276243;-0.370166;0.0718232;-0.370166;0.0276243;-0.325967;-0.546961;0.0278453;0.844862;0.182541;0.756906;0.270718;-0.104972;-0.171271;-0.292818;0.0167956;0.215249;0.21547;0.0718232;0.535912;-0.0939227;-1;-0.745856;-0.436464;-0.370166;-0.215249;-0.63558;-0.757127;0.414586;0.668287;0.293039;-0.701657;-0.392265;-0.348066;0.779006;-0.409251;0.772701;-0.727469;+1;0;0;0;0

968;0.305462;0.138237;-0.0536655;0.178725;-0.441782;0.0776234;-0.220891;0.473407;0.22185;-0.137278;0.425252;0.32966;0.293723;0.149976;-0.161715;-0.161236;0.257786;-0.101581;0.566842;0.260182;0.521322;-0.00598802;-0.0297006;-0.0780838;0.161677;0.137725;-0.341317;0.161677;0.0656287;0.497246;0.137725;-0.303867;0.0497238;-0.18232;-0.314917;0.224309;0.295028;-0.0607735;-0.281768;0.403315;-0.0165746;-0.171271;-0.480663;0.0276243;-0.370166;0.0718232;-0.370166;0.0276243;-0.325967;-0.546961;0.0278453;0.844862;0.182541;0.756906;0.270718;-0.104972;-0.171271;-0.292818;0.0167956;0.215249;0.21547;0.0718232;0.535912;-0.0939227;-1;-0.745856;-0.436464;-0.370166;-0.215249;-0.63558;-0.757127;0.414586;0.668287;0.293039;-0.701657;-0.392265;-0.348066;0.772701;-0.409251;0.772701;+1;0;0;0;0

970;0.0900815;0.305462;0.138237;-0.0536655;0.178725;-0.441782;0.0776234;-0.220891;0.473407;0.22185;-0.137278;0.425252;0.32966;0.293723;0.149976;-0.161715;-0.161236;0.257786;-0.101581;0.566842;0.260182;0.520958;-0.00598802;-0.0297006;-0.0780838;0.161677;0.137725;-0.341317;0.161677;0.0656287;0.497246;0.0497238;-0.303867;0.0497238;-0.18232;-0.314917;0.224309;0.295028;-0.0607735;-0.281768;0.403315;-0.0165746;-0.171271;-0.480663;0.0276243;-0.370166;0.0718232;-0.370166;0.0276243;-0.325967;-0.546961;0.0278453;0.844862;0.182541;0.756906;0.270718;-0.104972;-0.171271;-0.292818;0.0167956;0.215249;0.21547;0.0718232;0.535912;-0.0939227;-1;-0.745856;-0.436464;-0.370166;-0.215249;-0.63558;-0.757127;0.414586;0.668287;0.293039;-0.701657;-0.392265;-0.386521;0.772701;-0.409251;-1;0;0;0;0

970;0.0421658;0.0900815;0.305462;0.138237;-0.0536655;0.178725;-0.441782;0.0776234;-0.220891;0.473407;0.22185;-0.137278;0.425252;0.32966;0.293723;0.149976;-0.161715;-0.161236;0.257786;-0.101581;0.566842;0.25988;0.520958;-0.00598802;-0.0297006;-0.0780838;0.161677;0.137725;-0.341317;0.161677;0.0656287;0.381436;0.0497238;-0.303867;0.0497238;-0.18232;-0.314917;0.224309;0.295028;-0.0607735;-0.281768;0.403315;-0.0165746;-0.171271;-0.480663;0.0276243;-0.370166;0.0718232;-0.370166;0.0276243;-0.325967;-0.546961;0.0278453;0.844862;0.182541;0.756906;0.270718;-0.104972;-0.171271;-0.292818;0.0167956;0.215249;0.21547;0.0718232;0.535912;-0.0939227;-1;-0.745856;-0.436464;-0.370166;-0.215249;-0.63558;-0.757127;0.414586;0.668287;0.293039;-0.701657;-0.431981;-0.386521;0.772701;+1;0;0;0;0

977;0.209871;0.0421658;0.0900815;0.305462;0.138237;-0.0536655;0.178725;-0.441782;0.0776234;-0.220891;0.473407;0.22185;-0.137278;0.425252;0.32966;0.293723;0.149976;-0.161715;-0.161236;0.257786;-0.101581;0.566467;0.25988;0.520958;-0.00598802;-0.0297006;-0.0780838;0.161677;0.137725;-0.341317;0.161677;-0.0167956;0.381436;0.0497238;-0.303867;0.0497238;-0.18232;-0.314917;0.224309;0.295028;-0.0607735;-0.281768;0.403315;-0.0165746;-0.171271;-0.480663;0.0276243;-0.370166;0.0718232;-0.370166;0.0276243;-0.325967;-0.546961;0.0278453;0.844862;0.182541;0.756906;0.270718;-0.104972;-0.171271;-0.292818;0.0167956;0.215249;0.21547;0.0718232;0.535912;-0.0939227;-1;-0.745856;-0.436464;-0.370166;-0.215249;-0.63558;-0.757127;0.414586;0.668287;0.293039;-0.750199;-0.431981;-0.386521;-1;0;0;0;0

974;-0.0297077;0.209871;0.0421658;0.0900815;0.305462;0.138237;-0.0536655;0.178725;-0.441782;0.0776234;-0.220891;0.473407;0.22185;-0.137278;0.425252;0.32966;0.293723;0.149976;-0.161715;-0.161236;0.257786;-0.101796;0.566467;0.25988;0.520958;-0.00598802;-0.0297006;-0.0780838;0.161677;0.137725;-0.341317;0.0718232;-0.0167956;0.381436;0.0497238;-0.303867;0.0497238;-0.18232;-0.314917;0.224309;0.295028;-0.0607735;-0.281768;0.403315;-0.0165746;-0.171271;-0.480663;0.0276243;-0.370166;0.0718232;-0.370166;0.0276243;-0.325967;-0.546961;0.0278453;0.844862;0.182541;0.756906;0.270718;-0.104972;-0.171271;-0.292818;0.0167956;0.215249;0.21547;0.0718232;0.535912;-0.0939227;-1;-0.745856;-0.436464;-0.370166;-0.215249;-0.63558;-0.757127;0.414586;0.668287;0.272872;-0.750199;-0.431981;+1;0;0;0;0

974.01;0.0424054;-0.0297077;0.209871;0.0421658;0.0900815;0.305462;0.138237;-0.0536655;0.178725;-0.441782;0.0776234;-0.220891;0.473407;0.22185;-0.137278;0.425252;0.32966;0.293723;0.149976;-0.161715;-0.161236;0.257485;-0.101796;0.566467;0.25988;0.520958;-0.00598802;-0.0297006;-0.0780838;0.161677;0.137725;-0.392265;0.0718232;-0.0167956;0.381436;0.0497238;-0.303867;0.0497238;-0.18232;-0.314917;0.224309;0.295028;-0.0607735;-0.281768;0.403315;-0.0165746;-0.171271;-0.480663;0.0276243;-0.370166;0.0718232;-0.370166;0.0276243;-0.325967;-0.546961;0.0278453;0.844862;0.182541;0.756906;0.270718;-0.104972;-0.171271;-0.292818;0.0167956;0.215249;0.21547;0.0718232;0.535912;-0.0939227;-1;-0.745856;-0.436464;-0.370166;-0.215249;-0.63558;-0.757127;0.414586;0.658825;0.272872;-0.750199;-1;0;0;0;0

940;-0.77264;0.0424054;-0.0297077;0.209871;0.0421658;0.0900815;0.305462;0.138237;-0.0536655;0.178725;-0.441782;0.0776234;-0.220891;0.473407;0.22185;-0.137278;0.425252;0.32966;0.293723;0.149976;-0.161715;-0.161437;0.257485;-0.101796;0.566467;0.25988;0.520958;-0.00598802;-0.0297006;-0.0780838;0.161677;0.0497238;-0.392265;0.0718232;-0.0167956;0.381436;0.0497238;-0.303867;0.0497238;-0.18232;-0.314917;0.224309;0.295028;-0.0607735;-0.281768;0.403315;-0.0165746;-0.171271;-0.480663;0.0276243;-0.370166;0.0718232;-0.370166;0.0276243;-0.325967;-0.546961;0.0278453;0.844862;0.182541;0.756906;0.270718;-0.104972;-0.171271;-0.292818;0.0167956;0.215249;0.21547;0.0718232;0.535912;-0.0939227;-1;-0.745856;-0.436464;-0.370166;-0.215249;-0.63558;-0.757127;0.397886;0.658825;0.272872;+1;0;0;0;0

970;0.760901;-0.77264;0.0424054;-0.0297077;0.209871;0.0421658;0.0900815;0.305462;0.138237;-0.0536655;0.178725;-0.441782;0.0776234;-0.220891;0.473407;0.22185;-0.137278;0.425252;0.32966;0.293723;0.149976;-0.161916;-0.161437;0.257485;-0.101796;0.566467;0.25988;0.520958;-0.00598802;-0.0297006;-0.0780838;0.0718232;0.0497238;-0.392265;0.0718232;-0.0167956;0.381436;0.0497238;-0.303867;0.0497238;-0.18232;-0.314917;0.224309;0.295028;-0.0607735;-0.281768;0.403315;-0.0165746;-0.171271;-0.480663;0.0276243;-0.370166;0.0718232;-0.370166;0.0276243;-0.325967;-0.546961;0.0278453;0.844862;0.182541;0.756906;0.270718;-0.104972;-0.171271;-0.292818;0.0167956;0.215249;0.21547;0.0718232;0.535912;-0.0939227;-1;-0.745856;-0.436464;-0.370166;-0.215249;-0.63558;-0.807251;0.397886;0.658825;+1;0;0;0;0

977;0.209871;0.760901;-0.77264;0.0424054;-0.0297077;0.209871;0.0421658;0.0900815;0.305462;0.138237;-0.0536655;0.178725;-0.441782;0.0776234;-0.220891;0.473407;0.22185;-0.137278;0.425252;0.32966;0.293723;0.149701;-0.161916;-0.161437;0.257485;-0.101796;0.566467;0.25988;0.520958;-0.00598802;-0.0297006;-0.149392;0.0718232;0.0497238;-0.392265;0.0718232;-0.0167956;0.381436;0.0497238;-0.303867;0.0497238;-0.18232;-0.314917;0.224309;0.295028;-0.0607735;-0.281768;0.403315;-0.0165746;-0.171271;-0.480663;0.0276243;-0.370166;0.0718232;-0.370166;0.0276243;-0.325967;-0.546961;0.0278453;0.844862;0.182541;0.756906;0.270718;-0.104972;-0.171271;-0.292818;0.0167956;0.215249;0.21547;0.0718232;0.535912;-0.0939227;-1;-0.745856;-0.436464;-0.370166;-0.215249;-0.682237;-0.807251;0.397886;+1;0;0;0;0

989;0.32966;0.209871;0.760901;-0.77264;0.0424054;-0.0297077;0.209871;0.0421658;0.0900815;0.305462;0.138237;-0.0536655;0.178725;-0.441782;0.0776234;-0.220891;0.473407;0.22185;-0.137278;0.425252;0.32966;0.293413;0.149701;-0.161916;-0.161437;0.257485;-0.101796;0.566467;0.25988;0.520958;-0.00598802;-0.104751;-0.149392;0.0718232;0.0497238;-0.392265;0.0718232;-0.0167956;0.381436;0.0497238;-0.303867;0.0497238;-0.18232;-0.314917;0.224309;0.295028;-0.0607735;-0.281768;0.403315;-0.0165746;-0.171271;-0.480663;0.0276243;-0.370166;0.0718232;-0.370166;0.0276243;-0.325967;-0.546961;0.0278453;0.844862;0.182541;0.756906;0.270718;-0.104972;-0.171271;-0.292818;0.0167956;0.215249;0.21547;0.0718232;0.535912;-0.0939227;-1;-0.745856;-0.436464;-0.370166;-0.249915;-0.682237;-0.807251;-1;0;0;0;0

980;-0.173455;0.32966;0.209871;0.760901;-0.77264;0.0424054;-0.0297077;0.209871;0.0421658;0.0900815;0.305462;0.138237;-0.0536655;0.178725;-0.441782;0.0776234;-0.220891;0.473407;0.22185;-0.137278;0.425252;0.329341;0.293413;0.149701;-0.161916;-0.161437;0.257485;-0.101796;0.566467;0.25988;0.520958;-0.0828729;-0.104751;-0.149392;0.0718232;0.0497238;-0.392265;0.0718232;-0.0167956;0.381436;0.0497238;-0.303867;0.0497238;-0.18232;-0.314917;0.224309;0.295028;-0.0607735;-0.281768;0.403315;-0.0165746;-0.171271;-0.480663;0.0276243;-0.370166;0.0718232;-0.370166;0.0276243;-0.325967;-0.546961;0.0278453;0.844862;0.182541;0.756906;0.270718;-0.104972;-0.171271;-0.292818;0.0167956;0.215249;0.21547;0.0718232;0.535912;-0.0939227;-1;-0.745856;-0.436464;-0.409251;-0.249915;-0.682237;+1;0;0;0;0

990;0.281744;-0.173455;0.32966;0.209871;0.760901;-0.77264;0.0424054;-0.0297077;0.209871;0.0421658;0.0900815;0.305462;0.138237;-0.0536655;0.178725;-0.441782;0.0776234;-0.220891;0.473407;0.22185;-0.137278;0.42491;0.329341;0.293413;0.149701;-0.161916;-0.161437;0.257485;-0.101796;0.566467;0.25988;0.403315;-0.0828729;-0.104751;-0.149392;0.0718232;0.0497238;-0.392265;0.0718232;-0.0167956;0.381436;0.0497238;-0.303867;0.0497238;-0.18232;-0.314917;0.224309;0.295028;-0.0607735;-0.281768;0.403315;-0.0165746;-0.171271;-0.480663;0.0276243;-0.370166;0.0718232;-0.370166;0.0276243;-0.325967;-0.546961;0.0278453;0.844862;0.182541;0.756906;0.270718;-0.104972;-0.171271;-0.292818;0.0167956;0.215249;0.21547;0.0718232;0.535912;-0.0939227;-1;-0.745856;-0.477441;-0.409251;-0.249915;-1;0;0;0;0

985;-0.0776234;0.281744;-0.173455;0.32966;0.209871;0.760901;-0.77264;0.0424054;-0.0297077;0.209871;0.0421658;0.0900815;0.305462;0.138237;-0.0536655;0.178725;-0.441782;0.0776234;-0.220891;0.473407;0.22185;-0.137485;0.42491;0.329341;0.293413;0.149701;-0.161916;-0.161437;0.257485;-0.101796;0.566467;0.162431;0.403315;-0.0828729;-0.104751;-0.149392;0.0718232;0.0497238;-0.392265;0.0718232;-0.0167956;0.381436;0.0497238;-0.303867;0.0497238;-0.18232;-0.314917;0.224309;0.295028;-0.0607735;-0.281768;0.403315;-0.0165746;-0.171271;-0.480663;0.0276243;-0.370166;0.0718232;-0.370166;0.0276243;-0.325967;-0.546961;0.0278453;0.844862;0.182541;0.756906;0.270718;-0.104972;-0.171271;-0.292818;0.0167956;0.215249;0.21547;0.0718232;0.535912;-0.0939227;-1;-0.795659;-0.477441;-0.409251;-1;0;0;0;0

