27;-1;0.929825;0.263158;0.122807;1;-0.0535715;-0.303571;-0.0892858;-0.621429;-0.217857;-0.678571;-0.321429;-0.571429;-0.410714;-0.660714;-0.139286;-0.146429;-0.517857;-0.392857;-0.460714;-0.328571;-0.360714;-0.625;-0.685714;-0.628571;-0.446429;-0.871429;-0.307143;-1;-0.648696;0.00521739;-0.426087;-0.471304;-0.568696;-0.617391;0.04;0.33913;-0.669565;0.0191304;-0.0713044;0.00869564;-0.773913;-0.895652;-0.603478;-0.683478;-0.405217;-0.446957;-0.252174;-0.773913;-0.273043;-0.996522;-0.026087;-0.826087;-0.405217;0.449351;-0.00779222;0.31948;0.584416;-0.454545;-0.558442;-0.579221;-0.485714;-0.272727;-0.636364;-0.506494;0.402597;0.0181818;-0.283117;-1;0.86962;0.867511;0.782278;0.824894;0.7827;0.825316;0.740084;0.761603;0.887764;1;0.895776;-1;0;-1;-1;-1

26.2;-0.473684;-1;0.929825;0.263158;-0.428571;1;-0.0535715;-0.303571;-0.0892858;-0.621429;-0.217857;-0.678571;-0.321429;-0.571429;-0.410714;-0.660714;-0.139286;-0.146429;-0.517857;-0.392857;-0.460714;-0.328571;-0.360714;-0.625;-0.685714;-0.628571;-0.446429;-0.871429;-0.273043;-1;-0.648696;0.00521739;-0.426087;-0.471304;-0.568696;-0.617391;0.04;0.33913;-0.669565;0.0191304;-0.0713044;0.00869564;-0.773913;-0.895652;-0.603478;-0.683478;-0.405217;-0.446957;-0.252174;-0.773913;-0.273043;-0.996522;-0.026087;-0.826087;-0.111688;0.449351;-0.00779222;0.31948;0.584416;-0.454545;-0.558442;-0.579221;-0.485714;-0.272727;-0.636364;-0.506494;0.402597;0.0181818;0.895781;-1;0.86962;0.867511;0.782278;0.824894;0.7827;0.825316;0.740084;0.761603;0.549169;1;+1;0;+1;+1;-1

26.4;0.22807;-0.473684;-1;0.929825;-0.357143;-0.428571;1;-0.0535715;-0.303571;-0.0892858;-0.621429;-0.217857;-0.678571;-0.321429;-0.571429;-0.410714;-0.660714;-0.139286;-0.146429;-0.517857;-0.392857;-0.460714;-0.328571;-0.360714;-0.625;-0.685714;-0.628571;-0.446429;-0.822609;-0.273043;-1;-0.648696;0.00521739;-0.426087;-0.471304;-0.568696;-0.617391;0.04;0.33913;-0.669565;0.0191304;-0.0713044;0.00869564;-0.773913;-0.895652;-0.603478;-0.683478;-0.405217;-0.446957;-0.252174;-0.773913;-0.273043;-0.996522;-0.026087;-0.74026;-0.111688;0.449351;-0.00779222;0.31948;0.584416;-0.454545;-0.558442;-0.579221;-0.485714;-0.272727;-0.636364;-0.506494;0.402597;0.920253;0.895781;-1;0.86962;0.867511;0.782278;0.824894;0.7827;0.825316;0.740084;0.445637;0.549169;-1;0;-1;-1;-1

25.99;-0.2;0.22807;-0.473684;-1;-0.0178572;-0.357143;-0.428571;1;-0.0535715;-0.303571;-0.0892858;-0.621429;-0.217857;-0.678571;-0.321429;-0.571429;-0.410714;-0.660714;-0.139286;-0.146429;-0.517857;-0.392857;-0.460714;-0.328571;-0.360714;-0.625;-0.685714;-0.628571;-0.408696;-0.822609;-0.273043;-1;-0.648696;0.00521739;-0.426087;-0.471304;-0.568696;-0.617391;0.04;0.33913;-0.669565;0.0191304;-0.0713044;0.00869564;-0.773913;-0.895652;-0.603478;-0.683478;-0.405217;-0.446957;-0.252174;-0.773913;-0.273043;-0.996522;0.454545;-0.74026;-0.111688;0.449351;-0.00779222;0.31948;0.584416;-0.454545;-0.558442;-0.579221;-0.485714;-0.272727;-0.636364;-0.506494;0.951477;0.920253;0.895781;-1;0.86962;0.867511;0.782278;0.824894;0.7827;0.825316;0.427978;0.445637;+1;0;+1;+1;-1

27;0.796491;-0.2;0.22807;-0.473684;-1;-0.0178572;-0.357143;-0.428571;1;-0.0535715;-0.303571;-0.0892858;-0.621429;-0.217857;-0.678571;-0.321429;-0.571429;-0.410714;-0.660714;-0.139286;-0.146429;-0.517857;-0.392857;-0.460714;-0.328571;-0.360714;-0.625;-0.685714;-0.586087;-0.408696;-0.822609;-0.273043;-1;-0.648696;0.00521739;-0.426087;-0.471304;-0.568696;-0.617391;0.04;0.33913;-0.669565;0.0191304;-0.0713044;0.00869564;-0.773913;-0.895652;-0.603478;-0.683478;-0.405217;-0.446957;-0.252174;-0.773913;-0.273043;-0.994805;0.454545;-0.74026;-0.111688;0.449351;-0.00779222;0.31948;0.584416;-0.454545;-0.558442;-0.579221;-0.485714;-0.272727;-0.636364;0.877637;0.951477;0.920253;0.895781;-1;0.86962;0.867511;0.782278;0.824894;0.7827;0.497922;0.427978;+1;0;+1;+1;-1

27.01;0.0947368;0.796491;-0.2;0.22807;-0.732143;-1;-0.0178572;-0.357143;-0.428571;1;-0.0535715;-0.303571;-0.0892858;-0.621429;-0.217857;-0.678571;-0.321429;-0.571429;-0.410714;-0.660714;-0.139286;-0.146429;-0.517857;-0.392857;-0.460714;-0.328571;-0.360714;-0.625;-0.641739;-0.586087;-0.408696;-0.822609;-0.273043;-1;-0.648696;0.00521739;-0.426087;-0.471304;-0.568696;-0.617391;0.04;0.33913;-0.669565;0.0191304;-0.0713044;0.00869564;-0.773913;-0.895652;-0.603478;-0.683478;-0.405217;-0.446957;-0.252174;-0.773913;0.0857143;-0.994805;0.454545;-0.74026;-0.111688;0.449351;-0.00779222;0.31948;0.584416;-0.454545;-0.558442;-0.579221;-0.485714;-0.272727;0.867089;0.877637;0.951477;0.920253;0.895781;-1;0.86962;0.867511;0.782278;0.824894;0.46295;0.497922;-1;0;-1;-1;-1

27;0.0807018;0.0947368;0.796491;-0.2;-0.375;-0.732143;-1;-0.0178572;-0.357143;-0.428571;1;-0.0535715;-0.303571;-0.0892858;-0.621429;-0.217857;-0.678571;-0.321429;-0.571429;-0.410714;-0.660714;-0.139286;-0.146429;-0.517857;-0.392857;-0.460714;-0.328571;-0.360714;-0.582609;-0.641739;-0.586087;-0.408696;-0.822609;-0.273043;-1;-0.648696;0.00521739;-0.426087;-0.471304;-0.568696;-0.617391;0.04;0.33913;-0.669565;0.0191304;-0.0713044;0.00869564;-0.773913;-0.895652;-0.603478;-0.683478;-0.405217;-0.446957;-0.252174;-0.662338;0.0857143;-0.994805;0.454545;-0.74026;-0.111688;0.449351;-0.00779222;0.31948;0.584416;-0.454545;-0.558442;-0.579221;-0.485714;0.896624;0.867089;0.877637;0.951477;0.920253;0.895781;-1;0.86962;0.867511;0.782278;0.497576;0.46295;-1;0;-1;-1;-1

25.5;-0.964912;0.0807018;0.0947368;0.796491;-0.592857;-0.375;-0.732143;-1;-0.0178572;-0.357143;-0.428571;1;-0.0535715;-0.303571;-0.0892858;-0.621429;-0.217857;-0.678571;-0.321429;-0.571429;-0.410714;-0.660714;-0.139286;-0.146429;-0.517857;-0.392857;-0.460714;-0.328571;-0.325217;-0.582609;-0.641739;-0.586087;-0.408696;-0.822609;-0.273043;-1;-0.648696;0.00521739;-0.426087;-0.471304;-0.568696;-0.617391;0.04;0.33913;-0.669565;0.0191304;-0.0713044;0.00869564;-0.773913;-0.895652;-0.603478;-0.683478;-0.405217;-0.446957;0.116883;-0.662338;0.0857143;-0.994805;0.454545;-0.74026;-0.111688;0.449351;-0.00779222;0.31948;0.584416;-0.454545;-0.558442;-0.579221;0.879325;0.896624;0.867089;0.877637;0.951477;0.920253;0.895781;-1;0.86962;0.867511;0.462604;0.497576;-1;0;-1;-1;-1

24.8;-0.403509;-0.964912;0.0807018;0.0947368;-0.0857143;-0.592857;-0.375;-0.732143;-1;-0.0178572;-0.357143;-0.428571;1;-0.0535715;-0.303571;-0.0892858;-0.621429;-0.217857;-0.678571;-0.321429;-0.571429;-0.410714;-0.660714;-0.139286;-0.146429;-0.517857;-0.392857;-0.460714;-0.293913;-0.325217;-0.582609;-0.641739;-0.586087;-0.408696;-0.822609;-0.273043;-1;-0.648696;0.00521739;-0.426087;-0.471304;-0.568696;-0.617391;0.04;0.33913;-0.669565;0.0191304;-0.0713044;0.00869564;-0.773913;-0.895652;-0.603478;-0.683478;-0.405217;-0.174026;0.116883;-0.662338;0.0857143;-0.994805;0.454545;-0.74026;-0.111688;0.449351;-0.00779222;0.31948;0.584416;-0.454545;-0.558442;0.87173;0.879325;0.896624;0.867089;0.877637;0.951477;0.920253;0.895781;-1;0.86962;0.532548;0.462604;-1;0;-1;-1;-1

24.21;-0.326316;-0.403509;-0.964912;0.0807018;-0.442857;-0.0857143;-0.592857;-0.375;-0.732143;-1;-0.0178572;-0.357143;-0.428571;1;-0.0535715;-0.303571;-0.0892858;-0.621429;-0.217857;-0.678571;-0.321429;-0.571429;-0.410714;-0.660714;-0.139286;-0.146429;-0.517857;-0.392857;-0.422609;-0.293913;-0.325217;-0.582609;-0.641739;-0.586087;-0.408696;-0.822609;-0.273043;-1;-0.648696;0.00521739;-0.426087;-0.471304;-0.568696;-0.617391;0.04;0.33913;-0.669565;0.0191304;-0.0713044;0.00869564;-0.773913;-0.895652;-0.603478;-0.683478;-0.111688;-0.174026;0.116883;-0.662338;0.0857143;-0.994805;0.454545;-0.74026;-0.111688;0.449351;-0.00779222;0.31948;0.584416;-0.454545;0.873418;0.87173;0.879325;0.896624;0.867089;0.877637;0.951477;0.920253;0.895781;-1;0.53428;0.532548;+1;0;+1;+1;-1

24.5;0.291228;-0.326316;-0.403509;-0.964912;-0.45;-0.442857;-0.0857143;-0.592857;-0.375;-0.732143;-1;-0.0178572;-0.357143;-0.428571;1;-0.0535715;-0.303571;-0.0892858;-0.621429;-0.217857;-0.678571;-0.321429;-0.571429;-0.410714;-0.660714;-0.139286;-0.146429;-0.517857;-0.356522;-0.422609;-0.293913;-0.325217;-0.582609;-0.641739;-0.586087;-0.408696;-0.822609;-0.273043;-1;-0.648696;0.00521739;-0.426087;-0.471304;-0.568696;-0.617391;0.04;0.33913;-0.669565;0.0191304;-0.0713044;0.00869564;-0.773913;-0.895652;-0.603478;-0.527273;-0.111688;-0.174026;0.116883;-0.662338;0.0857143;-0.994805;0.454545;-0.74026;-0.111688;0.449351;-0.00779222;0.31948;0.584416;0.881857;0.873418;0.87173;0.879325;0.896624;0.867089;0.877637;0.951477;0.920253;0.895781;-1;0.53428;+1;0;+1;+1;-1

25.15;0.54386;0.291228;-0.326316;-0.403509;-0.982143;-0.45;-0.442857;-0.0857143;-0.592857;-0.375;-0.732143;-1;-0.0178572;-0.357143;-0.428571;1;-0.0535715;-0.303571;-0.0892858;-0.621429;-0.217857;-0.678571;-0.321429;-0.571429;-0.410714;-0.660714;-0.139286;-0.146429;-0.478261;-0.356522;-0.422609;-0.293913;-0.325217;-0.582609;-0.641739;-0.586087;-0.408696;-0.822609;-0.273043;-1;-0.648696;0.00521739;-0.426087;-0.471304;-0.568696;-0.617391;0.04;0.33913;-0.669565;0.0191304;-0.0713044;0.00869564;-0.773913;-0.895652;-0.407792;-0.527273;-0.111688;-0.174026;0.116883;-0.662338;0.0857143;-0.994805;0.454545;-0.74026;-0.111688;0.449351;-0.00779222;0.31948;0.966245;0.881857;0.873418;0.87173;0.879325;0.896624;0.867089;0.877637;0.951477;0.920253;0.555748;-1;-1;0;-1;-1;-1

24.13;-0.62807;0.54386;0.291228;-0.326316;-0.696429;-0.982143;-0.45;-0.442857;-0.0857143;-0.592857;-0.375;-0.732143;-1;-0.0178572;-0.357143;-0.428571;1;-0.0535715;-0.303571;-0.0892858;-0.621429;-0.217857;-0.678571;-0.321429;-0.571429;-0.410714;-0.660714;-0.139286;-0.116522;-0.478261;-0.356522;-0.422609;-0.293913;-0.325217;-0.582609;-0.641739;-0.586087;-0.408696;-0.822609;-0.273043;-1;-0.648696;0.00521739;-0.426087;-0.471304;-0.568696;-0.617391;0.04;0.33913;-0.669565;0.0191304;-0.0713044;0.00869564;-0.773913;-0.844156;-0.407792;-0.527273;-0.111688;-0.174026;0.116883;-0.662338;0.0857143;-0.994805;0.454545;-0.74026;-0.111688;0.449351;-0.00779222;0.944726;0.966245;0.881857;0.873418;0.87173;0.879325;0.896624;0.867089;0.877637;0.951477;0.575831;0.555748;-1;0;-1;-1;-1

23;-0.705263;-0.62807;0.54386;0.291228;-0.657143;-0.696429;-0.982143;-0.45;-0.442857;-0.0857143;-0.592857;-0.375;-0.732143;-1;-0.0178572;-0.357143;-0.428571;1;-0.0535715;-0.303571;-0.0892858;-0.621429;-0.217857;-0.678571;-0.321429;-0.571429;-0.410714;-0.660714;-0.109565;-0.116522;-0.478261;-0.356522;-0.422609;-0.293913;-0.325217;-0.582609;-0.641739;-0.586087;-0.408696;-0.822609;-0.273043;-1;-0.648696;0.00521739;-0.426087;-0.471304;-0.568696;-0.617391;0.04;0.33913;-0.669565;0.0191304;-0.0713044;0.00869564;-0.662338;-0.844156;-0.407792;-0.527273;-0.111688;-0.174026;0.116883;-0.662338;0.0857143;-0.994805;0.454545;-0.74026;-0.111688;0.449351;0.918143;0.944726;0.966245;0.881857;0.873418;0.87173;0.879325;0.896624;0.867089;0.877637;0.601454;0.575831;+1;0;+1;+1;-1

23.02;0.101754;-0.705263;-0.62807;0.54386;-0.342857;-0.657143;-0.696429;-0.982143;-0.45;-0.442857;-0.0857143;-0.592857;-0.375;-0.732143;-1;-0.0178572;-0.357143;-0.428571;1;-0.0535715;-0.303571;-0.0892858;-0.621429;-0.217857;-0.678571;-0.321429;-0.571429;-0.410714;-0.617391;-0.109565;-0.116522;-0.478261;-0.356522;-0.422609;-0.293913;-0.325217;-0.582609;-0.641739;-0.586087;-0.408696;-0.822609;-0.273043;-1;-0.648696;0.00521739;-0.426087;-0.471304;-0.568696;-0.617391;0.04;0.33913;-0.669565;0.0191304;-0.0713044;0.506494;-0.662338;-0.844156;-0.407792;-0.527273;-0.111688;-0.174026;0.116883;-0.662338;0.0857143;-0.994805;0.454545;-0.74026;-0.111688;0.955274;0.918143;0.944726;0.966245;0.881857;0.873418;0.87173;0.879325;0.896624;0.867089;0.540859;0.601454;+1;0;+1;+1;-1

23.8;0.635088;0.101754;-0.705263;-0.62807;-0.214286;-0.342857;-0.657143;-0.696429;-0.982143;-0.45;-0.442857;-0.0857143;-0.592857;-0.375;-0.732143;-1;-0.0178572;-0.357143;-0.428571;1;-0.0535715;-0.303571;-0.0892858;-0.621429;-0.217857;-0.678571;-0.321429;-0.571429;-0.373913;-0.617391;-0.109565;-0.116522;-0.478261;-0.356522;-0.422609;-0.293913;-0.325217;-0.582609;-0.641739;-0.586087;-0.408696;-0.822609;-0.273043;-1;-0.648696;0.00521739;-0.426087;-0.471304;-0.568696;-0.617391;0.04;0.33913;-0.669565;0.0191304;0.387013;0.506494;-0.662338;-0.844156;-0.407792;-0.527273;-0.111688;-0.174026;0.116883;-0.662338;0.0857143;-0.994805;0.454545;-0.74026;0.909705;0.955274;0.918143;0.944726;0.966245;0.881857;0.873418;0.87173;0.879325;0.896624;0.532202;0.540859;-1;0;-1;-1;-1

23.75;0.0526316;0.635088;0.101754;-0.705263;-0.810714;-0.214286;-0.342857;-0.657143;-0.696429;-0.982143;-0.45;-0.442857;-0.0857143;-0.592857;-0.375;-0.732143;-1;-0.0178572;-0.357143;-0.428571;1;-0.0535715;-0.303571;-0.0892858;-0.621429;-0.217857;-0.678571;-0.321429;-0.530435;-0.373913;-0.617391;-0.109565;-0.116522;-0.478261;-0.356522;-0.422609;-0.293913;-0.325217;-0.582609;-0.641739;-0.586087;-0.408696;-0.822609;-0.273043;-1;-0.648696;0.00521739;-0.426087;-0.471304;-0.568696;-0.617391;0.04;0.33913;-0.669565;0.522078;0.387013;0.506494;-0.662338;-0.844156;-0.407792;-0.527273;-0.111688;-0.174026;0.116883;-0.662338;0.0857143;-0.994805;0.454545;0.85865;0.909705;0.955274;0.918143;0.944726;0.966245;0.881857;0.873418;0.87173;0.879325;0.55644;0.532202;+1;0;+1;+1;-1

23.95;0.22807;0.0526316;0.635088;0.101754;-0.85;-0.810714;-0.214286;-0.342857;-0.657143;-0.696429;-0.982143;-0.45;-0.442857;-0.0857143;-0.592857;-0.375;-0.732143;-1;-0.0178572;-0.357143;-0.428571;1;-0.0535715;-0.303571;-0.0892858;-0.621429;-0.217857;-0.678571;-0.286957;-0.530435;-0.373913;-0.617391;-0.109565;-0.116522;-0.478261;-0.356522;-0.422609;-0.293913;-0.325217;-0.582609;-0.641739;-0.586087;-0.408696;-0.822609;-0.273043;-1;-0.648696;0.00521739;-0.426087;-0.471304;-0.568696;-0.617391;0.04;0.33913;-0.506494;0.522078;0.387013;0.506494;-0.662338;-0.844156;-0.407792;-0.527273;-0.111688;-0.174026;0.116883;-0.662338;0.0857143;-0.994805;0.955696;0.85865;0.909705;0.955274;0.918143;0.944726;0.966245;0.881857;0.873418;0.87173;0.542244;0.55644;-1;0;-1;-1;-1

23.66;-0.115789;0.22807;0.0526316;0.635088;-0.439286;-0.85;-0.810714;-0.214286;-0.342857;-0.657143;-0.696429;-0.982143;-0.45;-0.442857;-0.0857143;-0.592857;-0.375;-0.732143;-1;-0.0178572;-0.357143;-0.428571;1;-0.0535715;-0.303571;-0.0892858;-0.621429;-0.217857;-0.634783;-0.286957;-0.530435;-0.373913;-0.617391;-0.109565;-0.116522;-0.478261;-0.356522;-0.422609;-0.293913;-0.325217;-0.582609;-0.641739;-0.586087;-0.408696;-0.822609;-0.273043;-1;-0.648696;0.00521739;-0.426087;-0.471304;-0.568696;-0.617391;0.04;1;-0.506494;0.522078;0.387013;0.506494;-0.662338;-0.844156;-0.407792;-0.527273;-0.111688;-0.174026;0.116883;-0.662338;0.0857143;0.837975;0.955696;0.85865;0.909705;0.955274;0.918143;0.944726;0.966245;0.881857;0.873418;0.536011;0.542244;-1;0;-1;-1;-1

23.3;-0.164912;-0.115789;0.22807;0.0526316;-0.167857;-0.439286;-0.85;-0.810714;-0.214286;-0.342857;-0.657143;-0.696429;-0.982143;-0.45;-0.442857;-0.0857143;-0.592857;-0.375;-0.732143;-1;-0.0178572;-0.357143;-0.428571;1;-0.0535715;-0.303571;-0.0892858;-0.621429;-0.186087;-0.634783;-0.286957;-0.530435;-0.373913;-0.617391;-0.109565;-0.116522;-0.478261;-0.356522;-0.422609;-0.293913;-0.325217;-0.582609;-0.641739;-0.586087;-0.408696;-0.822609;-0.273043;-1;-0.648696;0.00521739;-0.426087;-0.471304;-0.568696;-0.617391;0.553247;1;-0.506494;0.522078;0.387013;0.506494;-0.662338;-0.844156;-0.407792;-0.527273;-0.111688;-0.174026;0.116883;-0.662338;0.925738;0.837975;0.955696;0.85865;0.909705;0.955274;0.918143;0.944726;0.966245;0.881857;0.537396;0.536011;-1;0;-1;-1;-1

22.6;-0.403509;-0.164912;-0.115789;0.22807;-0.464286;-0.167857;-0.439286;-0.85;-0.810714;-0.214286;-0.342857;-0.657143;-0.696429;-0.982143;-0.45;-0.442857;-0.0857143;-0.592857;-0.375;-0.732143;-1;-0.0178572;-0.357143;-0.428571;1;-0.0535715;-0.303571;-0.0892858;-0.57913;-0.186087;-0.634783;-0.286957;-0.530435;-0.373913;-0.617391;-0.109565;-0.116522;-0.478261;-0.356522;-0.422609;-0.293913;-0.325217;-0.582609;-0.641739;-0.586087;-0.408696;-0.822609;-0.273043;-1;-0.648696;0.00521739;-0.426087;-0.471304;-0.568696;-0.428571;0.553247;1;-0.506494;0.522078;0.387013;0.506494;-0.662338;-0.844156;-0.407792;-0.527273;-0.111688;-0.174026;0.116883;0.864979;0.925738;0.837975;0.955696;0.85865;0.909705;0.955274;0.918143;0.944726;0.966245;0.544321;0.537396;-1;0;-1;-1;-1

22.25;-0.157895;-0.403509;-0.164912;-0.115789;-0.375;-0.464286;-0.167857;-0.439286;-0.85;-0.810714;-0.214286;-0.342857;-0.657143;-0.696429;-0.982143;-0.45;-0.442857;-0.0857143;-0.592857;-0.375;-0.732143;-1;-0.0178572;-0.357143;-0.428571;1;-0.0535715;-0.303571;-0.0608696;-0.57913;-0.186087;-0.634783;-0.286957;-0.530435;-0.373913;-0.617391;-0.109565;-0.116522;-0.478261;-0.356522;-0.422609;-0.293913;-0.325217;-0.582609;-0.641739;-0.586087;-0.408696;-0.822609;-0.273043;-1;-0.648696;0.00521739;-0.426087;-0.471304;-0.355844;-0.428571;0.553247;1;-0.506494;0.522078;0.387013;0.506494;-0.662338;-0.844156;-0.407792;-0.527273;-0.111688;-0.174026;0.92827;0.864979;0.925738;0.837975;0.955696;0.85865;0.909705;0.955274;0.918143;0.944726;0.613573;0.544321;-1;0;-1;-1;-1

21.65;-0.333333;-0.157895;-0.403509;-0.164912;-0.55;-0.375;-0.464286;-0.167857;-0.439286;-0.85;-0.810714;-0.214286;-0.342857;-0.657143;-0.696429;-0.982143;-0.45;-0.442857;-0.0857143;-0.592857;-0.375;-0.732143;-1;-0.0178572;-0.357143;-0.428571;1;-0.0535715;-0.269565;-0.0608696;-0.57913;-0.186087;-0.634783;-0.286957;-0.530435;-0.373913;-0.617391;-0.109565;-0.116522;-0.478261;-0.356522;-0.422609;-0.293913;-0.325217;-0.582609;-0.641739;-0.586087;-0.408696;-0.822609;-0.273043;-1;-0.648696;0.00521739;-0.426087;-0.21039;-0.355844;-0.428571;0.553247;1;-0.506494;0.522078;0.387013;0.506494;-0.662338;-0.844156;-0.407792;-0.527273;-0.111688;0.904641;0.92827;0.864979;0.925738;0.837975;0.955696;0.85865;0.909705;0.955274;0.918143;0.595914;0.613573;-1;0;-1;-1;-1

21.5;-0.0175439;-0.333333;-0.157895;-0.403509;-0.575;-0.55;-0.375;-0.464286;-0.167857;-0.439286;-0.85;-0.810714;-0.214286;-0.342857;-0.657143;-0.696429;-0.982143;-0.45;-0.442857;-0.0857143;-0.592857;-0.375;-0.732143;-1;-0.0178572;-0.357143;-0.428571;1;-0.026087;-0.269565;-0.0608696;-0.57913;-0.186087;-0.634783;-0.286957;-0.530435;-0.373913;-0.617391;-0.109565;-0.116522;-0.478261;-0.356522;-0.422609;-0.293913;-0.325217;-0.582609;-0.641739;-0.586087;-0.408696;-0.822609;-0.273043;-1;-0.648696;0.00521739;-0.142857;-0.21039;-0.355844;-0.428571;0.553247;1;-0.506494;0.522078;0.387013;0.506494;-0.662338;-0.844156;-0.407792;-0.527273;0.909705;0.904641;0.92827;0.864979;0.925738;0.837975;0.955696;0.85865;0.909705;0.955274;0.5741;0.595914;+1;0;+1;+1;-1

21.65;0.192982;-0.0175439;-0.333333;-0.157895;-0.696429;-0.575;-0.55;-0.375;-0.464286;-0.167857;-0.439286;-0.85;-0.810714;-0.214286;-0.342857;-0.657143;-0.696429;-0.982143;-0.45;-0.442857;-0.0857143;-0.592857;-0.375;-0.732143;-1;-0.0178572;-0.357143;-0.428571;1;-0.026087;-0.269565;-0.0608696;-0.57913;-0.186087;-0.634783;-0.286957;-0.530435;-0.373913;-0.617391;-0.109565;-0.116522;-0.478261;-0.356522;-0.422609;-0.293913;-0.325217;-0.582609;-0.641739;-0.586087;-0.408696;-0.822609;-0.273043;-1;-0.648696;0.501299;-0.142857;-0.21039;-0.355844;-0.428571;0.553247;1;-0.506494;0.522078;0.387013;0.506494;-0.662338;-0.844156;-0.407792;0.875949;0.909705;0.904641;0.92827;0.864979;0.925738;0.837975;0.955696;0.85865;0.909705;0.604571;0.5741;+1;0;+1;+1;-1

22.4;0.614035;0.192982;-0.0175439;-0.333333;-0.571429;-0.696429;-0.575;-0.55;-0.375;-0.464286;-0.167857;-0.439286;-0.85;-0.810714;-0.214286;-0.342857;-0.657143;-0.696429;-0.982143;-0.45;-0.442857;-0.0857143;-0.592857;-0.375;-0.732143;-1;-0.0178572;-0.357143;-0.391304;1;-0.026087;-0.269565;-0.0608696;-0.57913;-0.186087;-0.634783;-0.286957;-0.530435;-0.373913;-0.617391;-0.109565;-0.116522;-0.478261;-0.356522;-0.422609;-0.293913;-0.325217;-0.582609;-0.641739;-0.586087;-0.408696;-0.822609;-0.273043;-1;-0.475325;0.501299;-0.142857;-0.21039;-0.355844;-0.428571;0.553247;1;-0.506494;0.522078;0.387013;0.506494;-0.662338;-0.844156;0.885654;0.875949;0.909705;0.904641;0.92827;0.864979;0.925738;0.837975;0.955696;0.85865;0.567174;0.604571;+1;0;+1;+1;-1

22.6;0.22807;0.614035;0.192982;-0.0175439;-0.660714;-0.571429;-0.696429;-0.575;-0.55;-0.375;-0.464286;-0.167857;-0.439286;-0.85;-0.810714;-0.214286;-0.342857;-0.657143;-0.696429;-0.982143;-0.45;-0.442857;-0.0857143;-0.592857;-0.375;-0.732143;-1;-0.0178572;-0.321739;-0.391304;1;-0.026087;-0.269565;-0.0608696;-0.57913;-0.186087;-0.634783;-0.286957;-0.530435;-0.373913;-0.617391;-0.109565;-0.116522;-0.478261;-0.356522;-0.422609;-0.293913;-0.325217;-0.582609;-0.641739;-0.586087;-0.408696;-0.822609;-0.273043;-1;-0.475325;0.501299;-0.142857;-0.21039;-0.355844;-0.428571;0.553247;1;-0.506494;0.522078;0.387013;0.506494;-0.662338;0.850211;0.885654;0.875949;0.909705;0.904641;0.92827;0.864979;0.925738;0.837975;0.955696;0.525277;0.567174;-1;0;-1;-1;-1

21.72;-0.529825;0.22807;0.614035;0.192982;-0.5;-0.660714;-0.571429;-0.696429;-0.575;-0.55;-0.375;-0.464286;-0.167857;-0.439286;-0.85;-0.810714;-0.214286;-0.342857;-0.657143;-0.696429;-0.982143;-0.45;-0.442857;-0.0857143;-0.592857;-0.375;-0.732143;-1;0.00869564;-0.321739;-0.391304;1;-0.026087;-0.269565;-0.0608696;-0.57913;-0.186087;-0.634783;-0.286957;-0.530435;-0.373913;-0.617391;-0.109565;-0.116522;-0.478261;-0.356522;-0.422609;-0.293913;-0.325217;-0.582609;-0.641739;-0.586087;-0.408696;-0.822609;0.0857143;-1;-0.475325;0.501299;-0.142857;-0.21039;-0.355844;-0.428571;0.553247;1;-0.506494;0.522078;0.387013;0.506494;0.864979;0.850211;0.885654;0.875949;0.909705;0.904641;0.92827;0.864979;0.925738;0.837975;0.604917;0.525277;+1;0;+1;+1;-1

22.01;0.291228;-0.529825;0.22807;0.614035;-0.392857;-0.5;-0.660714;-0.571429;-0.696429;-0.575;-0.55;-0.375;-0.464286;-0.167857;-0.439286;-0.85;-0.810714;-0.214286;-0.342857;-0.657143;-0.696429;-0.982143;-0.45;-0.442857;-0.0857143;-0.592857;-0.375;-0.732143;-0.947826;0.00869564;-0.321739;-0.391304;1;-0.026087;-0.269565;-0.0608696;-0.57913;-0.186087;-0.634783;-0.286957;-0.530435;-0.373913;-0.617391;-0.109565;-0.116522;-0.478261;-0.356522;-0.422609;-0.293913;-0.325217;-0.582609;-0.641739;-0.586087;-0.408696;-0.735065;0.0857143;-1;-0.475325;0.501299;-0.142857;-0.21039;-0.355844;-0.428571;0.553247;1;-0.506494;0.522078;0.387013;0.959916;0.864979;0.850211;0.885654;0.875949;0.909705;0.904641;0.92827;0.864979;0.925738;0.50831;0.604917;+1;0;+1;+1;-1

22.5;0.431579;0.291228;-0.529825;0.22807;-0.178571;-0.392857;-0.5;-0.660714;-0.571429;-0.696429;-0.575;-0.55;-0.375;-0.464286;-0.167857;-0.439286;-0.85;-0.810714;-0.214286;-0.342857;-0.657143;-0.696429;-0.982143;-0.45;-0.442857;-0.0857143;-0.592857;-0.375;-0.686957;-0.947826;0.00869564;-0.321739;-0.391304;1;-0.026087;-0.269565;-0.0608696;-0.57913;-0.186087;-0.634783;-0.286957;-0.530435;-0.373913;-0.617391;-0.109565;-0.116522;-0.478261;-0.356522;-0.422609;-0.293913;-0.325217;-0.582609;-0.641739;-0.586087;-0.116883;-0.735065;0.0857143;-1;-0.475325;0.501299;-0.142857;-0.21039;-0.355844;-0.428571;0.553247;1;-0.506494;0.522078;0.950211;0.959916;0.864979;0.850211;0.885654;0.875949;0.909705;0.904641;0.92827;0.864979;0.580332;0.50831;+1;0;+1;+1;-1

23.8;1;0.431579;0.291228;-0.529825;-0.375;-0.178571;-0.392857;-0.5;-0.660714;-0.571429;-0.696429;-0.575;-0.55;-0.375;-0.464286;-0.167857;-0.439286;-0.85;-0.810714;-0.214286;-0.342857;-0.657143;-0.696429;-0.982143;-0.45;-0.442857;-0.0857143;-0.592857;-0.33913;-0.686957;-0.947826;0.00869564;-0.321739;-0.391304;1;-0.026087;-0.269565;-0.0608696;-0.57913;-0.186087;-0.634783;-0.286957;-0.530435;-0.373913;-0.617391;-0.109565;-0.116522;-0.478261;-0.356522;-0.422609;-0.293913;-0.325217;-0.582609;-0.641739;-0.381818;-0.116883;-0.735065;0.0857143;-1;-0.475325;0.501299;-0.142857;-0.21039;-0.355844;-0.428571;0.553247;1;-0.506494;0.961181;0.950211;0.959916;0.864979;0.850211;0.885654;0.875949;0.909705;0.904641;0.92827;0.530471;0.580332;+1;0;+1;+1;-1

24.89;0.852632;1;0.431579;0.291228;-0.760714;-0.375;-0.178571;-0.392857;-0.5;-0.660714;-0.571429;-0.696429;-0.575;-0.55;-0.375;-0.464286;-0.167857;-0.439286;-0.85;-0.810714;-0.214286;-0.342857;-0.657143;-0.696429;-0.982143;-0.45;-0.442857;-0.0857143;-0.551304;-0.33913;-0.686957;-0.947826;0.00869564;-0.321739;-0.391304;1;-0.026087;-0.269565;-0.0608696;-0.57913;-0.186087;-0.634783;-0.286957;-0.530435;-0.373913;-0.617391;-0.109565;-0.116522;-0.478261;-0.356522;-0.422609;-0.293913;-0.325217;-0.582609;-0.464935;-0.381818;-0.116883;-0.735065;0.0857143;-1;-0.475325;0.501299;-0.142857;-0.21039;-0.355844;-0.428571;0.553247;1;0.877637;0.961181;0.950211;0.959916;0.864979;0.850211;0.885654;0.875949;0.909705;0.904641;0.58241;0.530471;-1;0;-1;-1;-1

24;-0.536842;0.852632;1;0.431579;-0.342857;-0.760714;-0.375;-0.178571;-0.392857;-0.5;-0.660714;-0.571429;-0.696429;-0.575;-0.55;-0.375;-0.464286;-0.167857;-0.439286;-0.85;-0.810714;-0.214286;-0.342857;-0.657143;-0.696429;-0.982143;-0.45;-0.442857;-0.0573913;-0.551304;-0.33913;-0.686957;-0.947826;0.00869564;-0.321739;-0.391304;1;-0.026087;-0.269565;-0.0608696;-0.57913;-0.186087;-0.634783;-0.286957;-0.530435;-0.373913;-0.617391;-0.109565;-0.116522;-0.478261;-0.356522;-0.422609;-0.293913;-0.325217;-0.376623;-0.464935;-0.381818;-0.116883;-0.735065;0.0857143;-1;-0.475325;0.501299;-0.142857;-0.21039;-0.355844;-0.428571;0.553247;1;0.877637;0.961181;0.950211;0.959916;0.864979;0.850211;0.885654;0.875949;0.909705;0.563019;0.58241;-1;0;-1;-1;-1

23.5;-0.263158;-0.536842;0.852632;1;-0.271429;-0.342857;-0.760714;-0.375;-0.178571;-0.392857;-0.5;-0.660714;-0.571429;-0.696429;-0.575;-0.55;-0.375;-0.464286;-0.167857;-0.439286;-0.85;-0.810714;-0.214286;-0.342857;-0.657143;-0.696429;-0.982143;-0.45;-0.405217;-0.0573913;-0.551304;-0.33913;-0.686957;-0.947826;0.00869564;-0.321739;-0.391304;1;-0.026087;-0.269565;-0.0608696;-0.57913;-0.186087;-0.634783;-0.286957;-0.530435;-0.373913;-0.617391;-0.109565;-0.116522;-0.478261;-0.356522;-0.422609;-0.293913;0.00779219;-0.376623;-0.464935;-0.381818;-0.116883;-0.735065;0.0857143;-1;-0.475325;0.501299;-0.142857;-0.21039;-0.355844;-0.428571;0.963713;1;0.877637;0.961181;0.950211;0.959916;0.864979;0.850211;0.885654;0.875949;0.567174;0.563019;-1;0;-1;-1;-1

23.5;0.0877193;-0.263158;-0.536842;0.852632;0.0178571;-0.271429;-0.342857;-0.760714;-0.375;-0.178571;-0.392857;-0.5;-0.660714;-0.571429;-0.696429;-0.575;-0.55;-0.375;-0.464286;-0.167857;-0.439286;-0.85;-0.810714;-0.214286;-0.342857;-0.657143;-0.696429;-0.982143;-0.412174;-0.405217;-0.0573913;-0.551304;-0.33913;-0.686957;-0.947826;0.00869564;-0.321739;-0.391304;1;-0.026087;-0.269565;-0.0608696;-0.57913;-0.186087;-0.634783;-0.286957;-0.530435;-0.373913;-0.617391;-0.109565;-0.116522;-0.478261;-0.356522;-0.422609;0.0545454;0.00779219;-0.376623;-0.464935;-0.381818;-0.116883;-0.735065;0.0857143;-1;-0.475325;0.501299;-0.142857;-0.21039;-0.355844;0.883966;0.963713;1;0.877637;0.961181;0.950211;0.959916;0.864979;0.850211;0.885654;0.539474;0.567174;-1;0;-1;-1;-1

22.6;-0.54386;0.0877193;-0.263158;-0.536842;-0.0571429;0.0178571;-0.271429;-0.342857;-0.760714;-0.375;-0.178571;-0.392857;-0.5;-0.660714;-0.571429;-0.696429;-0.575;-0.55;-0.375;-0.464286;-0.167857;-0.439286;-0.85;-0.810714;-0.214286;-0.342857;-0.657143;-0.696429;-0.930435;-0.412174;-0.405217;-0.0573913;-0.551304;-0.33913;-0.686957;-0.947826;0.00869564;-0.321739;-0.391304;1;-0.026087;-0.269565;-0.0608696;-0.57913;-0.186087;-0.634783;-0.286957;-0.530435;-0.373913;-0.617391;-0.109565;-0.116522;-0.478261;-0.356522;-0.137662;0.0545454;0.00779219;-0.376623;-0.464935;-0.381818;-0.116883;-0.735065;0.0857143;-1;-0.475325;0.501299;-0.142857;-0.21039;0.889873;0.883966;0.963713;1;0.877637;0.961181;0.950211;0.959916;0.864979;0.850211;0.547438;0.539474;+1;0;+1;+1;-1

22.95;0.333333;-0.54386;0.0877193;-0.263158;-0.764286;-0.0571429;0.0178571;-0.271429;-0.342857;-0.760714;-0.375;-0.178571;-0.392857;-0.5;-0.660714;-0.571429;-0.696429;-0.575;-0.55;-0.375;-0.464286;-0.167857;-0.439286;-0.85;-0.810714;-0.214286;-0.342857;-0.657143;-0.652174;-0.930435;-0.412174;-0.405217;-0.0573913;-0.551304;-0.33913;-0.686957;-0.947826;0.00869564;-0.321739;-0.391304;1;-0.026087;-0.269565;-0.0608696;-0.57913;-0.186087;-0.634783;-0.286957;-0.530435;-0.373913;-0.617391;-0.109565;-0.116522;-0.478261;-0.038961;-0.137662;0.0545454;0.00779219;-0.376623;-0.464935;-0.381818;-0.116883;-0.735065;0.0857143;-1;-0.475325;0.501299;-0.142857;0.901688;0.889873;0.883966;0.963713;1;0.877637;0.961181;0.950211;0.959916;0.864979;0.518352;0.547438;+1;0;+1;+1;-1

23;0.122807;0.333333;-0.54386;0.0877193;-0.625;-0.764286;-0.0571429;0.0178571;-0.271429;-0.342857;-0.760714;-0.375;-0.178571;-0.392857;-0.5;-0.660714;-0.571429;-0.696429;-0.575;-0.55;-0.375;-0.464286;-0.167857;-0.439286;-0.85;-0.810714;-0.214286;-0.342857;-0.613913;-0.652174;-0.930435;-0.412174;-0.405217;-0.0573913;-0.551304;-0.33913;-0.686957;-0.947826;0.00869564;-0.321739;-0.391304;1;-0.026087;-0.269565;-0.0608696;-0.57913;-0.186087;-0.634783;-0.286957;-0.530435;-0.373913;-0.617391;-0.109565;-0.116522;-0.220779;-0.038961;-0.137662;0.0545454;0.00779219;-0.376623;-0.464935;-0.381818;-0.116883;-0.735065;0.0857143;-1;-0.475325;0.501299;0.907173;0.901688;0.889873;0.883966;0.963713;1;0.877637;0.961181;0.950211;0.959916;0.530471;0.518352;+1;0;+1;-1;-1

23.31;0.305263;0.122807;0.333333;-0.54386;-0.446429;-0.625;-0.764286;-0.0571429;0.0178571;-0.271429;-0.342857;-0.760714;-0.375;-0.178571;-0.392857;-0.5;-0.660714;-0.571429;-0.696429;-0.575;-0.55;-0.375;-0.464286;-0.167857;-0.439286;-0.85;-0.810714;-0.214286;-0.307826;-0.613913;-0.652174;-0.930435;-0.412174;-0.405217;-0.0573913;-0.551304;-0.33913;-0.686957;-0.947826;0.00869564;-0.321739;-0.391304;1;-0.026087;-0.269565;-0.0608696;-0.57913;-0.186087;-0.634783;-0.286957;-0.530435;-0.373913;-0.617391;-0.109565;0.31948;-0.220779;-0.038961;-0.137662;0.0545454;0.00779219;-0.376623;-0.464935;-0.381818;-0.116883;-0.735065;0.0857143;-1;-0.475325;0.959494;0.907173;0.901688;0.889873;0.883966;0.963713;1;0.877637;0.961181;0.950211;0.608379;0.530471;+1;0;+1;+1;-1

24;0.57193;0.305263;0.122807;0.333333;-0.767857;-0.446429;-0.625;-0.764286;-0.0571429;0.0178571;-0.271429;-0.342857;-0.760714;-0.375;-0.178571;-0.392857;-0.5;-0.660714;-0.571429;-0.696429;-0.575;-0.55;-0.375;-0.464286;-0.167857;-0.439286;-0.85;-0.810714;-0.182609;-0.307826;-0.613913;-0.652174;-0.930435;-0.412174;-0.405217;-0.0573913;-0.551304;-0.33913;-0.686957;-0.947826;0.00869564;-0.321739;-0.391304;1;-0.026087;-0.269565;-0.0608696;-0.57913;-0.186087;-0.634783;-0.286957;-0.530435;-0.373913;-0.617391;0.32987;0.31948;-0.220779;-0.038961;-0.137662;0.0545454;0.00779219;-0.376623;-0.464935;-0.381818;-0.116883;-0.735065;0.0857143;-1;0.880169;0.959494;0.907173;0.901688;0.889873;0.883966;0.963713;1;0.877637;0.961181;0.600416;0.608379;-1;0;-1;-1;-1

23.5;-0.263158;0.57193;0.305263;0.122807;-0.321429;-0.767857;-0.446429;-0.625;-0.764286;-0.0571429;0.0178571;-0.271429;-0.342857;-0.760714;-0.375;-0.178571;-0.392857;-0.5;-0.660714;-0.571429;-0.696429;-0.575;-0.55;-0.375;-0.464286;-0.167857;-0.439286;-0.85;-0.763478;-0.182609;-0.307826;-0.613913;-0.652174;-0.930435;-0.412174;-0.405217;-0.0573913;-0.551304;-0.33913;-0.686957;-0.947826;0.00869564;-0.321739;-0.391304;1;-0.026087;-0.269565;-0.0608696;-0.57913;-0.186087;-0.634783;-0.286957;-0.530435;-0.373913;-0.428571;0.32987;0.31948;-0.220779;-0.038961;-0.137662;0.0545454;0.00779219;-0.376623;-0.464935;-0.381818;-0.116883;-0.735065;0.0857143;0.837553;0.880169;0.959494;0.907173;0.901688;0.889873;0.883966;0.963713;1;0.877637;0.609418;0.600416;-1;0;-1;-1;-1

22.61;-0.536842;-0.263158;0.57193;0.305263;-0.428571;-0.321429;-0.767857;-0.446429;-0.625;-0.764286;-0.0571429;0.0178571;-0.271429;-0.342857;-0.760714;-0.375;-0.178571;-0.392857;-0.5;-0.660714;-0.571429;-0.696429;-0.575;-0.55;-0.375;-0.464286;-0.167857;-0.439286;-0.801739;-0.763478;-0.182609;-0.307826;-0.613913;-0.652174;-0.930435;-0.412174;-0.405217;-0.0573913;-0.551304;-0.33913;-0.686957;-0.947826;0.00869564;-0.321739;-0.391304;1;-0.026087;-0.269565;-0.0608696;-0.57913;-0.186087;-0.634783;-0.286957;-0.530435;-0.0649351;-0.428571;0.32987;0.31948;-0.220779;-0.038961;-0.137662;0.0545454;0.00779219;-0.376623;-0.464935;-0.381818;-0.116883;-0.735065;0.925738;0.837553;0.880169;0.959494;0.907173;0.901688;0.889873;0.883966;0.963713;1;0.540859;0.609418;-1;0;-1;-1;-1

22.3;-0.129825;-0.536842;-0.263158;0.57193;-0.335714;-0.428571;-0.321429;-0.767857;-0.446429;-0.625;-0.764286;-0.0571429;0.0178571;-0.271429;-0.342857;-0.760714;-0.375;-0.178571;-0.392857;-0.5;-0.660714;-0.571429;-0.696429;-0.575;-0.55;-0.375;-0.464286;-0.167857;-0.401739;-0.801739;-0.763478;-0.182609;-0.307826;-0.613913;-0.652174;-0.930435;-0.412174;-0.405217;-0.0573913;-0.551304;-0.33913;-0.686957;-0.947826;0.00869564;-0.321739;-0.391304;1;-0.026087;-0.269565;-0.0608696;-0.57913;-0.186087;-0.634783;-0.286957;-0.298701;-0.0649351;-0.428571;0.32987;0.31948;-0.220779;-0.038961;-0.137662;0.0545454;0.00779219;-0.376623;-0.464935;-0.381818;-0.116883;0.859072;0.925738;0.837553;0.880169;0.959494;0.907173;0.901688;0.889873;0.883966;0.963713;0.641274;0.540859;-1;0;-1;-1;-1

21.9;-0.192982;-0.129825;-0.536842;-0.263158;-0.2;-0.335714;-0.428571;-0.321429;-0.767857;-0.446429;-0.625;-0.764286;-0.0571429;0.0178571;-0.271429;-0.342857;-0.760714;-0.375;-0.178571;-0.392857;-0.5;-0.660714;-0.571429;-0.696429;-0.575;-0.55;-0.375;-0.464286;-0.137391;-0.401739;-0.801739;-0.763478;-0.182609;-0.307826;-0.613913;-0.652174;-0.930435;-0.412174;-0.405217;-0.0573913;-0.551304;-0.33913;-0.686957;-0.947826;0.00869564;-0.321739;-0.391304;1;-0.026087;-0.269565;-0.0608696;-0.57913;-0.186087;-0.634783;0.064935;-0.298701;-0.0649351;-0.428571;0.32987;0.31948;-0.220779;-0.038961;-0.137662;0.0545454;0.00779219;-0.376623;-0.464935;-0.381818;0.909283;0.859072;0.925738;0.837553;0.880169;0.959494;0.907173;0.901688;0.889873;0.883966;0.611496;0.641274;-1;0;-1;-1;-1

21.19;-0.410526;-0.192982;-0.129825;-0.536842;-0.625;-0.2;-0.335714;-0.428571;-0.321429;-0.767857;-0.446429;-0.625;-0.764286;-0.0571429;0.0178571;-0.271429;-0.342857;-0.760714;-0.375;-0.178571;-0.392857;-0.5;-0.660714;-0.571429;-0.696429;-0.575;-0.55;-0.375;-0.426087;-0.137391;-0.401739;-0.801739;-0.763478;-0.182609;-0.307826;-0.613913;-0.652174;-0.930435;-0.412174;-0.405217;-0.0573913;-0.551304;-0.33913;-0.686957;-0.947826;0.00869564;-0.321739;-0.391304;1;-0.026087;-0.269565;-0.0608696;-0.57913;-0.186087;-0.454545;0.064935;-0.298701;-0.0649351;-0.428571;0.32987;0.31948;-0.220779;-0.038961;-0.137662;0.0545454;0.00779219;-0.376623;-0.464935;0.887764;0.909283;0.859072;0.925738;0.837553;0.880169;0.959494;0.907173;0.901688;0.889873;0.546053;0.611496;-1;0;-1;+1;-1

20.75;-0.221053;-0.410526;-0.192982;-0.129825;-0.764286;-0.625;-0.2;-0.335714;-0.428571;-0.321429;-0.767857;-0.446429;-0.625;-0.764286;-0.0571429;0.0178571;-0.271429;-0.342857;-0.760714;-0.375;-0.178571;-0.392857;-0.5;-0.660714;-0.571429;-0.696429;-0.575;-0.55;-0.33913;-0.426087;-0.137391;-0.401739;-0.801739;-0.763478;-0.182609;-0.307826;-0.613913;-0.652174;-0.930435;-0.412174;-0.405217;-0.0573913;-0.551304;-0.33913;-0.686957;-0.947826;0.00869564;-0.321739;-0.391304;1;-0.026087;-0.269565;-0.0608696;-0.57913;0.215584;-0.454545;0.064935;-0.298701;-0.0649351;-0.428571;0.32987;0.31948;-0.220779;-0.038961;-0.137662;0.0545454;0.00779219;-0.376623;0.881013;0.887764;0.909283;0.859072;0.925738;0.837553;0.880169;0.959494;0.907173;0.901688;0.5509;0.546053;+1;0;+1;+1;-1

21.77;0.803509;-0.221053;-0.410526;-0.192982;-0.557143;-0.764286;-0.625;-0.2;-0.335714;-0.428571;-0.321429;-0.767857;-0.446429;-0.625;-0.764286;-0.0571429;0.0178571;-0.271429;-0.342857;-0.760714;-0.375;-0.178571;-0.392857;-0.5;-0.660714;-0.571429;-0.696429;-0.575;-0.509565;-0.33913;-0.426087;-0.137391;-0.401739;-0.801739;-0.763478;-0.182609;-0.307826;-0.613913;-0.652174;-0.930435;-0.412174;-0.405217;-0.0573913;-0.551304;-0.33913;-0.686957;-0.947826;0.00869564;-0.321739;-0.391304;1;-0.026087;-0.269565;-0.0608696;-0.371429;0.215584;-0.454545;0.064935;-0.298701;-0.0649351;-0.428571;0.32987;0.31948;-0.220779;-0.038961;-0.137662;0.0545454;0.00779219;0.888186;0.881013;0.887764;0.909283;0.859072;0.925738;0.837553;0.880169;0.959494;0.907173;0.560596;0.5509;-1;0;-1;-1;-1

21.7;0.0385965;0.803509;-0.221053;-0.410526;-0.589286;-0.557143;-0.764286;-0.625;-0.2;-0.335714;-0.428571;-0.321429;-0.767857;-0.446429;-0.625;-0.764286;-0.0571429;0.0178571;-0.271429;-0.342857;-0.760714;-0.375;-0.178571;-0.392857;-0.5;-0.660714;-0.571429;-0.696429;-0.533913;-0.509565;-0.33913;-0.426087;-0.137391;-0.401739;-0.801739;-0.763478;-0.182609;-0.307826;-0.613913;-0.652174;-0.930435;-0.412174;-0.405217;-0.0573913;-0.551304;-0.33913;-0.686957;-0.947826;0.00869564;-0.321739;-0.391304;1;-0.026087;-0.269565;0.402597;-0.371429;0.215584;-0.454545;0.064935;-0.298701;-0.0649351;-0.428571;0.32987;0.31948;-0.220779;-0.038961;-0.137662;0.0545454;0.919409;0.888186;0.881013;0.887764;0.909283;0.859072;0.925738;0.837553;0.880169;0.959494;0.565097;0.560596;+1;0;+1;+1;-1

21.85;0.192982;0.0385965;0.803509;-0.221053;-0.7;-0.589286;-0.557143;-0.764286;-0.625;-0.2;-0.335714;-0.428571;-0.321429;-0.767857;-0.446429;-0.625;-0.764286;-0.0571429;0.0178571;-0.271429;-0.342857;-0.760714;-0.375;-0.178571;-0.392857;-0.5;-0.660714;-0.571429;-0.652174;-0.533913;-0.509565;-0.33913;-0.426087;-0.137391;-0.401739;-0.801739;-0.763478;-0.182609;-0.307826;-0.613913;-0.652174;-0.930435;-0.412174;-0.405217;-0.0573913;-0.551304;-0.33913;-0.686957;-0.947826;0.00869564;-0.321739;-0.391304;1;-0.026087;0.0909091;0.402597;-0.371429;0.215584;-0.454545;0.064935;-0.298701;-0.0649351;-0.428571;0.32987;0.31948;-0.220779;-0.038961;-0.137662;0.923207;0.919409;0.888186;0.881013;0.887764;0.909283;0.859072;0.925738;0.837553;0.880169;0.608033;0.565097;+1;0;+1;+1;-1

22.18;0.319298;0.192982;0.0385965;0.803509;-0.603571;-0.7;-0.589286;-0.557143;-0.764286;-0.625;-0.2;-0.335714;-0.428571;-0.321429;-0.767857;-0.446429;-0.625;-0.764286;-0.0571429;0.0178571;-0.271429;-0.342857;-0.760714;-0.375;-0.178571;-0.392857;-0.5;-0.660714;-0.530435;-0.652174;-0.533913;-0.509565;-0.33913;-0.426087;-0.137391;-0.401739;-0.801739;-0.763478;-0.182609;-0.307826;-0.613913;-0.652174;-0.930435;-0.412174;-0.405217;-0.0573913;-0.551304;-0.33913;-0.686957;-0.947826;0.00869564;-0.321739;-0.391304;1;0.454545;0.0909091;0.402597;-0.371429;0.215584;-0.454545;0.064935;-0.298701;-0.0649351;-0.428571;0.32987;0.31948;-0.220779;-0.038961;0.907595;0.923207;0.919409;0.888186;0.881013;0.887764;0.909283;0.859072;0.925738;0.837553;0.542936;0.608033;-1;0;-1;-1;-1

