5.1;0.139785;-0.268817;0.0112359;-0.438202;-0.191011;-1;0.434783;0.130435;0.23913;-0.26087;-0.673913;-0.173913;0.391304;0.0869565;-0.326087;0.565217;-0.608696;0.0217391;-0.347826;-0.608696;0.0434782;0.413043;-0.326087;-0.130435;0.369565;-0.456522;0.282609;-0.673913;-0.413043;0.369565;-0.0652174;-0.0217391;-0.974026;-0.111111;0.0833333;-0.416667;-0.638889;-0.416667;1;1;-0.0561798;-1;-0.378788;1;0.572414;0.241379;-0.393103;-0.158621;-0.572414;1;-0.229814;0.378882;0.10559;-0.503106;-0.217391;-0.217391;0.180124;-0.354037;-0.652174;-0.652174;0.403727;-0.254658;0.142857;-0.36646;-0.180124;0.0062112;-0.155279;0.689441;0.354037;0.192547;-0.0310559;-0.10559;-0.068323;-0.440994;-0.378882;0.118012;-0.10559;-0.304348;0.540373;0.36646;+1;0;0;0;0

5.3;0.268817;0.139785;-0.235955;0.0112359;-0.438202;-0.152174;-1;0.434783;0.130435;0.23913;-0.26087;-0.673913;-0.173913;0.391304;0.0869565;-0.326087;0.565217;-0.608696;0.0217391;-0.347826;-0.608696;0.0434782;0.413043;-0.326087;-0.130435;0.369565;-0.456522;0.282609;-0.673913;-0.413043;0.369565;-0.0652174;0.168831;-0.972222;-0.111111;0.0833333;-0.416667;-0.638889;-0.475;0.797753;1;0.287879;-1;-0.434483;1;0.572414;0.241379;-0.393103;-0.158621;-0.614907;1;-0.229814;0.378882;0.10559;-0.503106;-0.217391;-0.217391;0.180124;-0.354037;-0.652174;-0.652174;0.403727;-0.254658;0.142857;-0.36646;-0.180124;0.0062112;-0.155279;0.689441;0.354037;0.192547;-0.0310559;-0.10559;-0.068323;-0.440994;-0.378882;0.118012;-0.10559;-0.304348;0.540373;+1;0;0;0;0

5.49;0.247312;0.268817;0.191011;-0.235955;0.0112359;-0.391304;-0.152174;-1;0.434783;0.130435;0.23913;-0.26087;-0.673913;-0.173913;0.391304;0.0869565;-0.326087;0.565217;-0.608696;0.0217391;-0.347826;-0.608696;0.0434782;0.413043;-0.326087;-0.130435;0.369565;-0.456522;0.282609;-0.673913;-0.413043;0.369565;0.116883;0.25;-0.972222;-0.111111;0.0833333;-0.416667;-0.675;-0.52809;0.797753;1;0.287879;-1;-0.434483;1;0.572414;0.241379;-0.393103;-0.242236;-0.614907;1;-0.229814;0.378882;0.10559;-0.503106;-0.217391;-0.217391;0.180124;-0.354037;-0.652174;-0.652174;0.403727;-0.254658;0.142857;-0.36646;-0.180124;0.0062112;-0.155279;0.689441;0.354037;0.192547;-0.0310559;-0.10559;-0.068323;-0.440994;-0.378882;0.118012;-0.10559;-0.304348;-1;0;0;0;0

5.37;-0.419355;0.247312;0.325843;0.191011;-0.235955;0.0434782;-0.391304;-0.152174;-1;0.434783;0.130435;0.23913;-0.26087;-0.673913;-0.173913;0.391304;0.0869565;-0.326087;0.565217;-0.608696;0.0217391;-0.347826;-0.608696;0.0434782;0.413043;-0.326087;-0.130435;0.369565;-0.456522;0.282609;-0.673913;-0.413043;0.636364;0.194444;0.25;-0.972222;-0.111111;0.0833333;-0.475;-0.707865;-0.52809;0.863636;1;0.172414;-1;-0.434483;1;0.572414;0.241379;-0.453416;-0.242236;-0.614907;1;-0.229814;0.378882;0.10559;-0.503106;-0.217391;-0.217391;0.180124;-0.354037;-0.652174;-0.652174;0.403727;-0.254658;0.142857;-0.36646;-0.180124;0.0062112;-0.155279;0.689441;0.354037;0.192547;-0.0310559;-0.10559;-0.068323;-0.440994;-0.378882;0.118012;-0.10559;+1;0;0;0;0

5.5;0.11828;-0.419355;0.303371;0.325843;0.191011;-0.195652;0.0434782;-0.391304;-0.152174;-1;0.434783;0.130435;0.23913;-0.26087;-0.673913;-0.173913;0.391304;0.0869565;-0.326087;0.565217;-0.608696;0.0217391;-0.347826;-0.608696;0.0434782;0.413043;-0.326087;-0.130435;0.369565;-0.456522;0.282609;-0.673913;-0.298701;0.75;0.194444;0.25;-0.972222;-0.111111;-0.025;-0.52809;-0.707865;-0.030303;0.863636;0.82069;0.172414;-1;-0.434483;1;0.572414;0.118012;-0.453416;-0.242236;-0.614907;1;-0.229814;0.378882;0.10559;-0.503106;-0.217391;-0.217391;0.180124;-0.354037;-0.652174;-0.652174;0.403727;-0.254658;0.142857;-0.36646;-0.180124;0.0062112;-0.155279;0.689441;0.354037;0.192547;-0.0310559;-0.10559;-0.068323;-0.440994;-0.378882;0.118012;+1;0;0;0;0

5.59;0.032258;0.11828;-0.393258;0.303371;0.325843;0.217391;-0.195652;0.0434782;-0.391304;-0.152174;-1;0.434783;0.130435;0.23913;-0.26087;-0.673913;-0.173913;0.391304;0.0869565;-0.326087;0.565217;-0.608696;0.0217391;-0.347826;-0.608696;0.0434782;0.413043;-0.326087;-0.130435;0.369565;-0.456522;0.282609;-0.61039;-0.25;0.75;0.194444;0.25;-0.972222;-0.2;-0.123596;-0.52809;-0.151515;-0.030303;0.696552;0.82069;0.172414;-1;-0.434483;1;0.416149;0.118012;-0.453416;-0.242236;-0.614907;1;-0.229814;0.378882;0.10559;-0.503106;-0.217391;-0.217391;0.180124;-0.354037;-0.652174;-0.652174;0.403727;-0.254658;0.142857;-0.36646;-0.180124;0.0062112;-0.155279;0.689441;0.354037;0.192547;-0.0310559;-0.10559;-0.068323;-0.440994;-0.378882;-1;0;0;0;0

5.58;-0.182796;0.032258;0.168539;-0.393258;0.303371;0.347826;0.217391;-0.195652;0.0434782;-0.391304;-0.152174;-1;0.434783;0.130435;0.23913;-0.26087;-0.673913;-0.173913;0.391304;0.0869565;-0.326087;0.565217;-0.608696;0.0217391;-0.347826;-0.608696;0.0434782;0.413043;-0.326087;-0.130435;0.369565;-0.456522;0.532468;-0.583333;-0.25;0.75;0.194444;0.25;-0.975;-0.280899;-0.123596;-0.030303;-0.151515;-0.117241;0.696552;0.82069;0.172414;-1;-0.434483;0.801242;0.416149;0.118012;-0.453416;-0.242236;-0.614907;1;-0.229814;0.378882;0.10559;-0.503106;-0.217391;-0.217391;0.180124;-0.354037;-0.652174;-0.652174;0.403727;-0.254658;0.142857;-0.36646;-0.180124;0.0062112;-0.155279;0.689441;0.354037;0.192547;-0.0310559;-0.10559;-0.068323;-0.440994;-1;0;0;0;0

5.45;-0.44086;-0.182796;0.0786517;0.168539;-0.393258;0.326087;0.347826;0.217391;-0.195652;0.0434782;-0.391304;-0.152174;-1;0.434783;0.130435;0.23913;-0.26087;-0.673913;-0.173913;0.391304;0.0869565;-0.326087;0.565217;-0.608696;0.0217391;-0.347826;-0.608696;0.0434782;0.413043;-0.326087;-0.130435;0.369565;-0.350649;0.638889;-0.583333;-0.25;0.75;0.194444;0.125;-0.977528;-0.280899;0.242424;-0.030303;-0.227586;-0.117241;0.696552;0.82069;0.172414;-1;-0.490683;0.801242;0.416149;0.118012;-0.453416;-0.242236;-0.614907;1;-0.229814;0.378882;0.10559;-0.503106;-0.217391;-0.217391;0.180124;-0.354037;-0.652174;-0.652174;0.403727;-0.254658;0.142857;-0.36646;-0.180124;0.0062112;-0.155279;0.689441;0.354037;0.192547;-0.0310559;-0.10559;-0.068323;-1;0;0;0;0

5.27;-0.548387;-0.44086;-0.146067;0.0786517;0.168539;-0.347826;0.326087;0.347826;0.217391;-0.195652;0.0434782;-0.391304;-0.152174;-1;0.434783;0.130435;0.23913;-0.26087;-0.673913;-0.173913;0.391304;0.0869565;-0.326087;0.565217;-0.608696;0.0217391;-0.347826;-0.608696;0.0434782;0.413043;-0.326087;-0.130435;0.636364;-0.305556;0.638889;-0.583333;-0.25;0.75;0.075;0.0112359;-0.977528;0.136364;0.242424;-0.117241;-0.227586;-0.117241;0.696552;0.82069;0.172414;-1;-0.490683;0.801242;0.416149;0.118012;-0.453416;-0.242236;-0.614907;1;-0.229814;0.378882;0.10559;-0.503106;-0.217391;-0.217391;0.180124;-0.354037;-0.652174;-0.652174;0.403727;-0.254658;0.142857;-0.36646;-0.180124;0.0062112;-0.155279;0.689441;0.354037;0.192547;-0.0310559;-0.10559;+1;0;0;0;0

5.29;-0.11828;-0.548387;-0.41573;-0.146067;0.0786517;0.195652;-0.347826;0.326087;0.347826;0.217391;-0.195652;0.0434782;-0.391304;-0.152174;-1;0.434783;0.130435;0.23913;-0.26087;-0.673913;-0.173913;0.391304;0.0869565;-0.326087;0.565217;-0.608696;0.0217391;-0.347826;-0.608696;0.0434782;0.413043;-0.326087;0.038961;0.75;-0.305556;0.638889;-0.583333;-0.25;0.575;-0.0337079;0.0112359;-0.333333;0.136364;0.131034;-0.117241;-0.227586;-0.117241;0.696552;0.82069;0.0559006;-1;-0.490683;0.801242;0.416149;0.118012;-0.453416;-0.242236;-0.614907;1;-0.229814;0.378882;0.10559;-0.503106;-0.217391;-0.217391;0.180124;-0.354037;-0.652174;-0.652174;0.403727;-0.254658;0.142857;-0.36646;-0.180124;0.0062112;-0.155279;0.689441;0.354037;0.192547;-0.0310559;-1;0;0;0;0

5.26;-0.225806;-0.11828;-0.52809;-0.41573;-0.146067;0.108696;0.195652;-0.347826;0.326087;0.347826;0.217391;-0.195652;0.0434782;-0.391304;-0.152174;-1;0.434783;0.130435;0.23913;-0.26087;-0.673913;-0.173913;0.391304;0.0869565;-0.326087;0.565217;-0.608696;0.0217391;-0.347826;-0.608696;0.0434782;0.413043;-0.194805;0.111111;0.75;-0.305556;0.638889;-0.583333;-0.325;0.41573;-0.0337079;0.333333;-0.333333;0.0344828;0.131034;-0.117241;-0.227586;-0.117241;0.696552;0.639752;0.0559006;-1;-0.490683;0.801242;0.416149;0.118012;-0.453416;-0.242236;-0.614907;1;-0.229814;0.378882;0.10559;-0.503106;-0.217391;-0.217391;0.180124;-0.354037;-0.652174;-0.652174;0.403727;-0.254658;0.142857;-0.36646;-0.180124;0.0062112;-0.155279;0.689441;0.354037;0.192547;+1;0;0;0;0

5.31;-0.0537635;-0.225806;-0.0786517;-0.52809;-0.41573;-0.108696;0.108696;0.195652;-0.347826;0.326087;0.347826;0.217391;-0.195652;0.0434782;-0.391304;-0.152174;-1;0.434783;0.130435;0.23913;-0.26087;-0.673913;-0.173913;0.391304;0.0869565;-0.326087;0.565217;-0.608696;0.0217391;-0.347826;-0.608696;0.0434782;0.688312;-0.138889;0.111111;0.75;-0.305556;0.638889;-0.625;-0.393258;0.41573;0.30303;0.333333;-0.393103;0.0344828;0.131034;-0.117241;-0.227586;-0.117241;0.52795;0.639752;0.0559006;-1;-0.490683;0.801242;0.416149;0.118012;-0.453416;-0.242236;-0.614907;1;-0.229814;0.378882;0.10559;-0.503106;-0.217391;-0.217391;0.180124;-0.354037;-0.652174;-0.652174;0.403727;-0.254658;0.142857;-0.36646;-0.180124;0.0062112;-0.155279;0.689441;0.354037;+1;0;0;0;0

5.4;0.032258;-0.0537635;-0.191011;-0.0786517;-0.52809;-0.369565;-0.108696;0.108696;0.195652;-0.347826;0.326087;0.347826;0.217391;-0.195652;0.0434782;-0.391304;-0.152174;-1;0.434783;0.130435;0.23913;-0.26087;-0.673913;-0.173913;0.391304;0.0869565;-0.326087;0.565217;-0.608696;0.0217391;-0.347826;-0.608696;0.246753;0.805556;-0.138889;0.111111;0.75;-0.305556;0.475;-0.662921;-0.393258;0.606061;0.30303;0.213793;-0.393103;0.0344828;0.131034;-0.117241;-0.227586;-0.204969;0.52795;0.639752;0.0559006;-1;-0.490683;0.801242;0.416149;0.118012;-0.453416;-0.242236;-0.614907;1;-0.229814;0.378882;0.10559;-0.503106;-0.217391;-0.217391;0.180124;-0.354037;-0.652174;-0.652174;0.403727;-0.254658;0.142857;-0.36646;-0.180124;0.0062112;-0.155279;0.689441;+1;0;0;0;0

5.75;0.591398;0.032258;-0.011236;-0.191011;-0.0786517;-0.478261;-0.369565;-0.108696;0.108696;0.195652;-0.347826;0.326087;0.347826;0.217391;-0.195652;0.0434782;-0.391304;-0.152174;-1;0.434783;0.130435;0.23913;-0.26087;-0.673913;-0.173913;0.391304;0.0869565;-0.326087;0.565217;-0.608696;0.0217391;-0.347826;-0.532468;0.333333;0.805556;-0.138889;0.111111;0.75;-0.375;0.325843;-0.662921;0.0606061;0.606061;0.186207;0.213793;-0.393103;0.0344828;0.131034;-0.117241;-0.304348;-0.204969;0.52795;0.639752;0.0559006;-1;-0.490683;0.801242;0.416149;0.118012;-0.453416;-0.242236;-0.614907;1;-0.229814;0.378882;0.10559;-0.503106;-0.217391;-0.217391;0.180124;-0.354037;-0.652174;-0.652174;0.403727;-0.254658;0.142857;-0.36646;-0.180124;0.0062112;-0.155279;+1;0;0;0;0

6.25;0.913978;0.591398;0.0786517;-0.011236;-0.191011;-0.0434783;-0.478261;-0.369565;-0.108696;0.108696;0.195652;-0.347826;0.326087;0.347826;0.217391;-0.195652;0.0434782;-0.391304;-0.152174;-1;0.434783;0.130435;0.23913;-0.26087;-0.673913;-0.173913;0.391304;0.0869565;-0.326087;0.565217;-0.608696;0.0217391;-0.220779;-0.5;0.333333;0.805556;-0.138889;0.111111;0.575;-0.438202;0.325843;-0.121212;0.0606061;0.462069;0.186207;0.213793;-0.393103;0.0344828;0.131034;-0.204969;-0.304348;-0.204969;0.52795;0.639752;0.0559006;-1;-0.490683;0.801242;0.416149;0.118012;-0.453416;-0.242236;-0.614907;1;-0.229814;0.378882;0.10559;-0.503106;-0.217391;-0.217391;0.180124;-0.354037;-0.652174;-0.652174;0.403727;-0.254658;0.142857;-0.36646;-0.180124;0.0062112;-1;0;0;0;0

6.02;-0.655914;0.913978;0.662921;0.0786517;-0.011236;-0.152174;-0.0434783;-0.478261;-0.369565;-0.108696;0.108696;0.195652;-0.347826;0.326087;0.347826;0.217391;-0.195652;0.0434782;-0.391304;-0.152174;-1;0.434783;0.130435;0.23913;-0.26087;-0.673913;-0.173913;0.391304;0.0869565;-0.326087;0.565217;-0.608696;0.220779;-0.166667;-0.5;0.333333;0.805556;-0.138889;-9.31323e-009;0.41573;-0.438202;0.545455;-0.121212;-0.0344828;0.462069;0.186207;0.213793;-0.393103;0.0344828;0.0186336;-0.204969;-0.304348;-0.204969;0.52795;0.639752;0.0559006;-1;-0.490683;0.801242;0.416149;0.118012;-0.453416;-0.242236;-0.614907;1;-0.229814;0.378882;0.10559;-0.503106;-0.217391;-0.217391;0.180124;-0.354037;-0.652174;-0.652174;0.403727;-0.254658;0.142857;-0.36646;-0.180124;+1;0;0;0;0

6.1;0.0107526;-0.655914;1;0.662921;0.0786517;0.0217391;-0.152174;-0.0434783;-0.478261;-0.369565;-0.108696;0.108696;0.195652;-0.347826;0.326087;0.347826;0.217391;-0.195652;0.0434782;-0.391304;-0.152174;-1;0.434783;0.130435;0.23913;-0.26087;-0.673913;-0.173913;0.391304;0.0869565;-0.326087;0.565217;-0.532468;0.305556;-0.166667;-0.5;0.333333;0.805556;-0.225;-0.101124;0.41573;0.030303;0.545455;-0.2;-0.0344828;0.462069;0.186207;0.213793;-0.393103;-0.068323;0.0186336;-0.204969;-0.304348;-0.204969;0.52795;0.639752;0.0559006;-1;-0.490683;0.801242;0.416149;0.118012;-0.453416;-0.242236;-0.614907;1;-0.229814;0.378882;0.10559;-0.503106;-0.217391;-0.217391;0.180124;-0.354037;-0.652174;-0.652174;0.403727;-0.254658;0.142857;-0.36646;+1;0;0;0;0

6.15;-0.0537635;0.0107526;-0.640449;1;0.662921;0.108696;0.0217391;-0.152174;-0.0434783;-0.478261;-0.369565;-0.108696;0.108696;0.195652;-0.347826;0.326087;0.347826;0.217391;-0.195652;0.0434782;-0.391304;-0.152174;-1;0.434783;0.130435;0.23913;-0.26087;-0.673913;-0.173913;0.391304;0.0869565;-0.326087;0.87013;-0.5;0.305556;-0.166667;-0.5;0.333333;0.625;-0.303371;-0.101124;0.606061;0.030303;0.406897;-0.2;-0.0344828;0.462069;0.186207;0.213793;-0.453416;-0.068323;0.0186336;-0.204969;-0.304348;-0.204969;0.52795;0.639752;0.0559006;-1;-0.490683;0.801242;0.416149;0.118012;-0.453416;-0.242236;-0.614907;1;-0.229814;0.378882;0.10559;-0.503106;-0.217391;-0.217391;0.180124;-0.354037;-0.652174;-0.652174;0.403727;-0.254658;0.142857;-1;0;0;0;0

6.1;-0.268817;-0.0537635;0.0561798;-0.640449;1;0.673913;0.108696;0.0217391;-0.152174;-0.0434783;-0.478261;-0.369565;-0.108696;0.108696;0.195652;-0.347826;0.326087;0.347826;0.217391;-0.195652;0.0434782;-0.391304;-0.152174;-1;0.434783;0.130435;0.23913;-0.26087;-0.673913;-0.173913;0.391304;0.0869565;-0.194805;1;-0.5;0.305556;-0.166667;-0.5;0.2;0.460674;-0.303371;0.257576;0.606061;-0.062069;0.406897;-0.2;-0.0344828;0.462069;0.186207;0.0931677;-0.453416;-0.068323;0.0186336;-0.204969;-0.304348;-0.204969;0.52795;0.639752;0.0559006;-1;-0.490683;0.801242;0.416149;0.118012;-0.453416;-0.242236;-0.614907;1;-0.229814;0.378882;0.10559;-0.503106;-0.217391;-0.217391;0.180124;-0.354037;-0.652174;-0.652174;0.403727;-0.254658;-1;0;0;0;0

5.99;-0.39785;-0.268817;-0.011236;0.0561798;-0.640449;1;0.673913;0.108696;0.0217391;-0.152174;-0.0434783;-0.478261;-0.369565;-0.108696;0.108696;0.195652;-0.347826;0.326087;0.347826;0.217391;-0.195652;0.0434782;-0.391304;-0.152174;-1;0.434783;0.130435;0.23913;-0.26087;-0.673913;-0.173913;0.391304;0.298701;-0.138889;1;-0.5;0.305556;-0.166667;-0.55;0.0786517;0.460674;0.121212;0.257576;0.462069;-0.062069;0.406897;-0.2;-0.0344828;0.462069;0.068323;0.0931677;-0.453416;-0.068323;0.0186336;-0.204969;-0.304348;-0.204969;0.52795;0.639752;0.0559006;-1;-0.490683;0.801242;0.416149;0.118012;-0.453416;-0.242236;-0.614907;1;-0.229814;0.378882;0.10559;-0.503106;-0.217391;-0.217391;0.180124;-0.354037;-0.652174;-0.652174;0.403727;+1;0;0;0;0

6.09;0.0537634;-0.39785;-0.235955;-0.011236;0.0561798;-0.586957;1;0.673913;0.108696;0.0217391;-0.152174;-0.0434783;-0.478261;-0.369565;-0.108696;0.108696;0.195652;-0.347826;0.326087;0.347826;0.217391;-0.195652;0.0434782;-0.391304;-0.152174;-1;0.434783;0.130435;0.23913;-0.26087;-0.673913;-0.173913;0.662338;0.388889;-0.138889;1;-0.5;0.305556;-0.25;-0.595506;0.0786517;0.636364;0.121212;0.144828;0.462069;-0.062069;0.406897;-0.2;-0.0344828;0.31677;0.068323;0.0931677;-0.453416;-0.068323;0.0186336;-0.204969;-0.304348;-0.204969;0.52795;0.639752;0.0559006;-1;-0.490683;0.801242;0.416149;0.118012;-0.453416;-0.242236;-0.614907;1;-0.229814;0.378882;0.10559;-0.503106;-0.217391;-0.217391;0.180124;-0.354037;-0.652174;-0.652174;+1;0;0;0;0

6.13;-0.0752689;0.0537634;-0.370787;-0.235955;-0.011236;0.0869565;-0.586957;1;0.673913;0.108696;0.0217391;-0.152174;-0.0434783;-0.478261;-0.369565;-0.108696;0.108696;0.195652;-0.347826;0.326087;0.347826;0.217391;-0.195652;0.0434782;-0.391304;-0.152174;-1;0.434783;0.130435;0.23913;-0.26087;-0.673913;-0.012987;0.777778;0.388889;-0.138889;1;-0.5;0.175;-0.325843;-0.595506;0.378788;0.636364;0.0206897;0.144828;0.462069;-0.062069;0.406897;-0.2;-0.130435;0.31677;0.068323;0.0931677;-0.453416;-0.068323;0.0186336;-0.204969;-0.304348;-0.204969;0.52795;0.639752;0.0559006;-1;-0.490683;0.801242;0.416149;0.118012;-0.453416;-0.242236;-0.614907;1;-0.229814;0.378882;0.10559;-0.503106;-0.217391;-0.217391;0.180124;-0.354037;-0.652174;+1;0;0;0;0

6.41;0.44086;-0.0752689;0.101124;-0.370787;-0.235955;0.0217391;0.0869565;-0.586957;1;0.673913;0.108696;0.0217391;-0.152174;-0.0434783;-0.478261;-0.369565;-0.108696;0.108696;0.195652;-0.347826;0.326087;0.347826;0.217391;-0.195652;0.0434782;-0.391304;-0.152174;-1;0.434783;0.130435;0.23913;-0.26087;-0.61039;0.0555555;0.777778;0.388889;-0.138889;1;-0.55;0.0561798;-0.325843;-0.0757575;0.378788;0.489655;0.0206897;0.144828;0.462069;-0.062069;0.406897;-0.279503;-0.130435;0.31677;0.068323;0.0931677;-0.453416;-0.068323;0.0186336;-0.204969;-0.304348;-0.204969;0.52795;0.639752;0.0559006;-1;-0.490683;0.801242;0.416149;0.118012;-0.453416;-0.242236;-0.614907;1;-0.229814;0.378882;0.10559;-0.503106;-0.217391;-0.217391;0.180124;-0.354037;+1;0;0;0;0

6.54;0.11828;0.44086;-0.0337079;0.101124;-0.370787;-0.195652;0.0217391;0.0869565;-0.586957;1;0.673913;0.108696;0.0217391;-0.152174;-0.0434783;-0.478261;-0.369565;-0.108696;0.108696;0.195652;-0.347826;0.326087;0.347826;0.217391;-0.195652;0.0434782;-0.391304;-0.152174;-1;0.434783;0.130435;0.23913;-0.116883;-0.583333;0.0555555;0.777778;0.388889;-0.138889;0.8;-0.595506;0.0561798;0.106061;-0.0757575;0.255172;0.489655;0.0206897;0.144828;0.462069;-0.062069;0.267081;-0.279503;-0.130435;0.31677;0.068323;0.0931677;-0.453416;-0.068323;0.0186336;-0.204969;-0.304348;-0.204969;0.52795;0.639752;0.0559006;-1;-0.490683;0.801242;0.416149;0.118012;-0.453416;-0.242236;-0.614907;1;-0.229814;0.378882;0.10559;-0.503106;-0.217391;-0.217391;0.180124;+1;0;0;0;0

6.66;0.0967741;0.11828;0.505618;-0.0337079;0.101124;-0.326087;-0.195652;0.0217391;0.0869565;-0.586957;1;0.673913;0.108696;0.0217391;-0.152174;-0.0434783;-0.478261;-0.369565;-0.108696;0.108696;0.195652;-0.347826;0.326087;0.347826;0.217391;-0.195652;0.0434782;-0.391304;-0.152174;-1;0.434783;0.130435;0.48052;-0.0555556;-0.583333;0.0555555;0.777778;0.388889;-0.225;0.617978;-0.595506;0.363636;0.106061;-0.158621;0.255172;0.489655;0.0206897;0.144828;0.462069;-0.155279;0.267081;-0.279503;-0.130435;0.31677;0.068323;0.0931677;-0.453416;-0.068323;0.0186336;-0.204969;-0.304348;-0.204969;0.52795;0.639752;0.0559006;-1;-0.490683;0.801242;0.416149;0.118012;-0.453416;-0.242236;-0.614907;1;-0.229814;0.378882;0.10559;-0.503106;-0.217391;-0.217391;+1;0;0;0;0

6.72;-0.0322581;0.0967741;0.168539;0.505618;-0.0337079;0.130435;-0.326087;-0.195652;0.0217391;0.0869565;-0.586957;1;0.673913;0.108696;0.0217391;-0.152174;-0.0434783;-0.478261;-0.369565;-0.108696;0.108696;0.195652;-0.347826;0.326087;0.347826;0.217391;-0.195652;0.0434782;-0.391304;-0.152174;-1;0.434783;0.350649;0.583333;-0.0555556;-0.583333;0.0555555;0.777778;0.25;-0.303371;0.617978;-0.0757575;0.363636;0.00689656;-0.158621;0.255172;0.489655;0.0206897;0.144828;0.31677;-0.155279;0.267081;-0.279503;-0.130435;0.31677;0.068323;0.0931677;-0.453416;-0.068323;0.0186336;-0.204969;-0.304348;-0.204969;0.52795;0.639752;0.0559006;-1;-0.490683;0.801242;0.416149;0.118012;-0.453416;-0.242236;-0.614907;1;-0.229814;0.378882;0.10559;-0.503106;-0.217391;+1;0;0;0;0

6.99;0.419355;-0.0322581;0.146067;0.168539;0.505618;-1.61969e-008;0.130435;-0.326087;-0.195652;0.0217391;0.0869565;-0.586957;1;0.673913;0.108696;0.0217391;-0.152174;-0.0434783;-0.478261;-0.369565;-0.108696;0.108696;0.195652;-0.347826;0.326087;0.347826;0.217391;-0.195652;0.0434782;-0.391304;-0.152174;-1;0.714286;0.444444;0.583333;-0.0555556;-0.583333;0.0555555;0.6;0.123595;-0.303371;0.742424;-0.0757575;0.241379;0.00689656;-0.158621;0.255172;0.489655;0.0206897;0.0310559;0.31677;-0.155279;0.267081;-0.279503;-0.130435;0.31677;0.068323;0.0931677;-0.453416;-0.068323;0.0186336;-0.204969;-0.304348;-0.204969;0.52795;0.639752;0.0559006;-1;-0.490683;0.801242;0.416149;0.118012;-0.453416;-0.242236;-0.614907;1;-0.229814;0.378882;0.10559;-0.503106;-1;0;0;0;0

6.6;-1;0.419355;0.0112359;0.146067;0.168539;0.521739;-1.61969e-008;0.130435;-0.326087;-0.195652;0.0217391;0.0869565;-0.586957;1;0.673913;0.108696;0.0217391;-0.152174;-0.0434783;-0.478261;-0.369565;-0.108696;0.108696;0.195652;-0.347826;0.326087;0.347826;0.217391;-0.195652;0.0434782;-0.391304;-0.152174;-1;0.833333;0.444444;0.583333;-0.0555556;-0.583333;-0.05;0.438202;0.123595;0.121212;0.742424;-0.158621;0.241379;0.00689656;-0.158621;0.255172;0.489655;-0.0807453;0.0310559;0.31677;-0.155279;0.267081;-0.279503;-0.130435;0.31677;0.068323;0.0931677;-0.453416;-0.068323;0.0186336;-0.204969;-0.304348;-0.204969;0.52795;0.639752;0.0559006;-1;-0.490683;0.801242;0.416149;0.118012;-0.453416;-0.242236;-0.614907;1;-0.229814;0.378882;0.10559;-1;0;0;0;0

6.5;-0.376344;-1;0.483146;0.0112359;0.146067;0.195652;0.521739;-1.61969e-008;0.130435;-0.326087;-0.195652;0.0217391;0.0869565;-0.586957;1;0.673913;0.108696;0.0217391;-0.152174;-0.0434783;-0.478261;-0.369565;-0.108696;0.108696;0.195652;-0.347826;0.326087;0.347826;0.217391;-0.195652;0.0434782;-0.391304;0.012987;-1;0.833333;0.444444;0.583333;-0.0555556;-0.625;-0.146067;0.438202;0.409091;0.121212;0.586207;-0.158621;0.241379;0.00689656;-0.158621;0.255172;0.341615;-0.0807453;0.0310559;0.31677;-0.155279;0.267081;-0.279503;-0.130435;0.31677;0.068323;0.0931677;-0.453416;-0.068323;0.0186336;-0.204969;-0.304348;-0.204969;0.52795;0.639752;0.0559006;-1;-0.490683;0.801242;0.416149;0.118012;-0.453416;-0.242236;-0.614907;1;-0.229814;0.378882;-1;0;0;0;0

6.23;-0.741936;-0.376344;-1;0.483146;0.0112359;0.173913;0.195652;0.521739;-1.61969e-008;0.130435;-0.326087;-0.195652;0.0217391;0.0869565;-0.586957;1;0.673913;0.108696;0.0217391;-0.152174;-0.0434783;-0.478261;-0.369565;-0.108696;0.108696;0.195652;-0.347826;0.326087;0.347826;0.217391;-0.195652;0.0434782;-0.272727;0.0833333;-1;0.833333;0.444444;0.583333;-0.15;-0.662921;-0.146067;0.621212;0.409091;0.0206897;0.586207;-0.158621;0.241379;0.00689656;-0.158621;0.130435;0.341615;-0.0807453;0.0310559;0.31677;-0.155279;0.267081;-0.279503;-0.130435;0.31677;0.068323;0.0931677;-0.453416;-0.068323;0.0186336;-0.204969;-0.304348;-0.204969;0.52795;0.639752;0.0559006;-1;-0.490683;0.801242;0.416149;0.118012;-0.453416;-0.242236;-0.614907;1;-0.229814;+1;0;0;0;0

6.46;0.333333;-0.741936;-0.348315;-1;0.483146;0.0434782;0.173913;0.195652;0.521739;-1.61969e-008;0.130435;-0.326087;-0.195652;0.0217391;0.0869565;-0.586957;1;0.673913;0.108696;0.0217391;-0.152174;-0.0434783;-0.478261;-0.369565;-0.108696;0.108696;0.195652;-0.347826;0.326087;0.347826;0.217391;-0.195652;0.246753;-0.222222;0.0833333;-1;0.833333;0.444444;0.425;-0.235955;-0.662921;0.227273;0.621212;0.282759;0.0206897;0.586207;-0.158621;0.241379;0.00689656;-0.242236;0.130435;0.341615;-0.0807453;0.0310559;0.31677;-0.155279;0.267081;-0.279503;-0.130435;0.31677;0.068323;0.0931677;-0.453416;-0.068323;0.0186336;-0.204969;-0.304348;-0.204969;0.52795;0.639752;0.0559006;-1;-0.490683;0.801242;0.416149;0.118012;-0.453416;-0.242236;-0.614907;1;+1;0;0;0;0

6.7;0.354839;0.333333;-0.730337;-0.348315;-1;0.5;0.0434782;0.173913;0.195652;0.521739;-1.61969e-008;0.130435;-0.326087;-0.195652;0.0217391;0.0869565;-0.586957;1;0.673913;0.108696;0.0217391;-0.152174;-0.0434783;-0.478261;-0.369565;-0.108696;0.108696;0.195652;-0.347826;0.326087;0.347826;0.217391;-0.0389611;0.333333;-0.222222;0.0833333;-1;0.833333;0.3;0.280899;-0.235955;-0.121212;0.227273;0.475862;0.282759;0.0206897;0.586207;-0.158621;0.241379;-0.0931677;-0.242236;0.130435;0.341615;-0.0807453;0.0310559;0.31677;-0.155279;0.267081;-0.279503;-0.130435;0.31677;0.068323;0.0931677;-0.453416;-0.068323;0.0186336;-0.204969;-0.304348;-0.204969;0.52795;0.639752;0.0559006;-1;-0.490683;0.801242;0.416149;0.118012;-0.453416;-0.242236;-0.614907;+1;0;0;0;0

6.99;0.462366;0.354839;0.393258;-0.730337;-0.348315;-0.934783;0.5;0.0434782;0.173913;0.195652;0.521739;-1.61969e-008;0.130435;-0.326087;-0.195652;0.0217391;0.0869565;-0.586957;1;0.673913;0.108696;0.0217391;-0.152174;-0.0434783;-0.478261;-0.369565;-0.108696;0.108696;0.195652;-0.347826;0.326087;0.347826;0.454545;0.0277777;0.333333;-0.222222;0.0833333;-1;0.65;0.168539;0.280899;0.166667;-0.121212;0.117241;0.475862;0.282759;0.0206897;0.586207;-0.158621;0.118012;-0.0931677;-0.242236;0.130435;0.341615;-0.0807453;0.0310559;0.31677;-0.155279;0.267081;-0.279503;-0.130435;0.31677;0.068323;0.0931677;-0.453416;-0.068323;0.0186336;-0.204969;-0.304348;-0.204969;0.52795;0.639752;0.0559006;-1;-0.490683;0.801242;0.416149;0.118012;-0.453416;-0.242236;-1;0;0;0;0

6.84;-0.483871;0.462366;0.41573;0.393258;-0.730337;-0.304348;-0.934783;0.5;0.0434782;0.173913;0.195652;0.521739;-1.61969e-008;0.130435;-0.326087;-0.195652;0.0217391;0.0869565;-0.586957;1;0.673913;0.108696;0.0217391;-0.152174;-0.0434783;-0.478261;-0.369565;-0.108696;0.108696;0.195652;-0.347826;0.326087;0.61039;0.555556;0.0277777;0.333333;-0.222222;0.0833333;-1;0.483146;0.168539;0.515152;0.166667;-0.2;0.117241;0.475862;0.282759;0.0206897;0.586207;-0.242236;0.118012;-0.0931677;-0.242236;0.130435;0.341615;-0.0807453;0.0310559;0.31677;-0.155279;0.267081;-0.279503;-0.130435;0.31677;0.068323;0.0931677;-0.453416;-0.068323;0.0186336;-0.204969;-0.304348;-0.204969;0.52795;0.639752;0.0559006;-1;-0.490683;0.801242;0.416149;0.118012;-0.453416;-1;0;0;0;0

6.69;-0.483871;-0.483871;0.52809;0.41573;0.393258;-0.673913;-0.304348;-0.934783;0.5;0.0434782;0.173913;0.195652;0.521739;-1.61969e-008;0.130435;-0.326087;-0.195652;0.0217391;0.0869565;-0.586957;1;0.673913;0.108696;0.0217391;-0.152174;-0.0434783;-0.478261;-0.369565;-0.108696;0.108696;0.195652;-0.347826;0.584416;0.722222;0.555556;0.0277777;0.333333;-0.222222;-0.025;-1;0.483146;0.439394;0.515152;0.062069;-0.2;0.117241;0.475862;0.282759;0.0206897;0.428571;-0.242236;0.118012;-0.0931677;-0.242236;0.130435;0.341615;-0.0807453;0.0310559;0.31677;-0.155279;0.267081;-0.279503;-0.130435;0.31677;0.068323;0.0931677;-0.453416;-0.068323;0.0186336;-0.204969;-0.304348;-0.204969;0.52795;0.639752;0.0559006;-1;-0.490683;0.801242;0.416149;0.118012;-1;0;0;0;0

6.68;-0.182796;-0.483871;-0.460674;0.52809;0.41573;0.413043;-0.673913;-0.304348;-0.934783;0.5;0.0434782;0.173913;0.195652;0.521739;-1.61969e-008;0.130435;-0.326087;-0.195652;0.0217391;0.0869565;-0.586957;1;0.673913;0.108696;0.0217391;-0.152174;-0.0434783;-0.478261;-0.369565;-0.108696;0.108696;0.195652;-0.220779;0.694444;0.722222;0.555556;0.0277777;0.333333;-0.3;-0.123596;-1;0.651515;0.439394;0.37931;0.062069;-0.2;0.117241;0.475862;0.282759;-0.0807453;0.428571;-0.242236;0.118012;-0.0931677;-0.242236;0.130435;0.341615;-0.0807453;0.0310559;0.31677;-0.155279;0.267081;-0.279503;-0.130435;0.31677;0.068323;0.0931677;-0.453416;-0.068323;0.0186336;-0.204969;-0.304348;-0.204969;0.52795;0.639752;0.0559006;-1;-0.490683;0.801242;0.416149;+1;0;0;0;0

6.7;-0.11828;-0.182796;-0.460674;-0.460674;0.52809;0.434783;0.413043;-0.673913;-0.304348;-0.934783;0.5;0.0434782;0.173913;0.195652;0.521739;-1.61969e-008;0.130435;-0.326087;-0.195652;0.0217391;0.0869565;-0.586957;1;0.673913;0.108696;0.0217391;-0.152174;-0.0434783;-0.478261;-0.369565;-0.108696;0.108696;0.428571;-0.166667;0.694444;0.722222;0.555556;0.0277777;0.2;-0.370787;-0.123596;-0.348485;0.651515;0.310345;0.37931;0.062069;-0.2;0.117241;0.475862;0.15528;-0.0807453;0.428571;-0.242236;0.118012;-0.0931677;-0.242236;0.130435;0.341615;-0.0807453;0.0310559;0.31677;-0.155279;0.267081;-0.279503;-0.130435;0.31677;0.068323;0.0931677;-0.453416;-0.068323;0.0186336;-0.204969;-0.304348;-0.204969;0.52795;0.639752;0.0559006;-1;-0.490683;0.801242;-1;0;0;0;0

6.6;-0.376344;-0.11828;-0.146067;-0.460674;-0.460674;0.543478;0.434783;0.413043;-0.673913;-0.304348;-0.934783;0.5;0.0434782;0.173913;0.195652;0.521739;-1.61969e-008;0.130435;-0.326087;-0.195652;0.0217391;0.0869565;-0.586957;1;0.673913;0.108696;0.0217391;-0.152174;-0.0434783;-0.478261;-0.369565;-0.108696;0.324675;0.527778;-0.166667;0.694444;0.722222;0.555556;-0.075;0.0786517;-0.370787;0.242424;-0.348485;0.503448;0.310345;0.37931;0.062069;-0.2;0.117241;0.329193;0.15528;-0.0807453;0.428571;-0.242236;0.118012;-0.0931677;-0.242236;0.130435;0.341615;-0.0807453;0.0310559;0.31677;-0.155279;0.267081;-0.279503;-0.130435;0.31677;0.068323;0.0931677;-0.453416;-0.068323;0.0186336;-0.204969;-0.304348;-0.204969;0.52795;0.639752;0.0559006;-1;-0.490683;-1;0;0;0;0

6.41;-0.569893;-0.376344;-0.0786517;-0.146067;-0.460674;-0.413043;0.543478;0.434783;0.413043;-0.673913;-0.304348;-0.934783;0.5;0.0434782;0.173913;0.195652;0.521739;-1.61969e-008;0.130435;-0.326087;-0.195652;0.0217391;0.0869565;-0.586957;1;0.673913;0.108696;0.0217391;-0.152174;-0.0434783;-0.478261;-0.369565;0.0649351;0.416667;0.527778;-0.166667;0.694444;0.722222;0.4;-0.168539;0.0786517;0.0757576;0.242424;-0.406897;0.503448;0.310345;0.37931;0.062069;-0.2;0.0062112;0.329193;0.15528;-0.0807453;0.428571;-0.242236;0.118012;-0.0931677;-0.242236;0.130435;0.341615;-0.0807453;0.0310559;0.31677;-0.155279;0.267081;-0.279503;-0.130435;0.31677;0.068323;0.0931677;-0.453416;-0.068323;0.0186336;-0.204969;-0.304348;-0.204969;0.52795;0.639752;0.0559006;-1;-1;0;0;0;0

6.35;-0.290323;-0.569893;-0.348315;-0.0786517;-0.146067;-0.413043;-0.413043;0.543478;0.434783;0.413043;-0.673913;-0.304348;-0.934783;0.5;0.0434782;0.173913;0.195652;0.521739;-1.61969e-008;0.130435;-0.326087;-0.195652;0.0217391;0.0869565;-0.586957;1;0.673913;0.108696;0.0217391;-0.152174;-0.0434783;-0.478261;-0.246753;0.138889;0.416667;0.527778;-0.166667;0.694444;0.55;0.258427;-0.168539;0.378788;0.0757576;0.131034;-0.406897;0.503448;0.310345;0.37931;0.062069;-0.279503;0.0062112;0.329193;0.15528;-0.0807453;0.428571;-0.242236;0.118012;-0.0931677;-0.242236;0.130435;0.341615;-0.0807453;0.0310559;0.31677;-0.155279;0.267081;-0.279503;-0.130435;0.31677;0.068323;0.0931677;-0.453416;-0.068323;0.0186336;-0.204969;-0.304348;-0.204969;0.52795;0.639752;0.0559006;-1;0;0;0;0

6.27;-0.333333;-0.290323;-0.550562;-0.348315;-0.0786517;-0.108696;-0.413043;-0.413043;0.543478;0.434783;0.413043;-0.673913;-0.304348;-0.934783;0.5;0.0434782;0.173913;0.195652;0.521739;-1.61969e-008;0.130435;-0.326087;-0.195652;0.0217391;0.0869565;-0.586957;1;0.673913;0.108696;0.0217391;-0.152174;-0.0434783;-0.376623;-0.194444;0.138889;0.416667;0.527778;-0.166667;0.525;0.393258;0.258427;0.212121;0.378788;-0.0206897;0.131034;-0.406897;0.503448;0.310345;0.37931;-0.0434782;-0.279503;0.0062112;0.329193;0.15528;-0.0807453;0.428571;-0.242236;0.118012;-0.0931677;-0.242236;0.130435;0.341615;-0.0807453;0.0310559;0.31677;-0.155279;0.267081;-0.279503;-0.130435;0.31677;0.068323;0.0931677;-0.453416;-0.068323;0.0186336;-0.204969;-0.304348;-0.204969;0.52795;0.639752;-1;0;0;0;0

6.2;-0.311828;-0.333333;-0.258427;-0.550562;-0.348315;-0.0434783;-0.108696;-0.413043;-0.413043;0.543478;0.434783;0.413043;-0.673913;-0.304348;-0.934783;0.5;0.0434782;0.173913;0.195652;0.521739;-1.61969e-008;0.130435;-0.326087;-0.195652;0.0217391;0.0869565;-0.586957;1;0.673913;0.108696;0.0217391;-0.152174;0.142857;-0.333333;-0.194444;0.138889;0.416667;0.527778;-0.25;0.370787;0.393258;0.5;0.212121;0.255172;-0.0206897;0.131034;-0.406897;0.503448;0.310345;0.242236;-0.0434782;-0.279503;0.0062112;0.329193;0.15528;-0.0807453;0.428571;-0.242236;0.118012;-0.0931677;-0.242236;0.130435;0.341615;-0.0807453;0.0310559;0.31677;-0.155279;0.267081;-0.279503;-0.130435;0.31677;0.068323;0.0931677;-0.453416;-0.068323;0.0186336;-0.204969;-0.304348;-0.204969;0.52795;+1;0;0;0;0

6.38;0.225806;-0.311828;-0.303371;-0.258427;-0.550562;-0.304348;-0.0434783;-0.108696;-0.413043;-0.413043;0.543478;0.434783;0.413043;-0.673913;-0.304348;-0.934783;0.5;0.0434782;0.173913;0.195652;0.521739;-1.61969e-008;0.130435;-0.326087;-0.195652;0.0217391;0.0869565;-0.586957;1;0.673913;0.108696;0.0217391;0.012987;0.222222;-0.333333;-0.194444;0.138889;0.416667;0.375;-0.325843;0.370787;0.590909;0.5;0.103448;0.255172;-0.0206897;0.131034;-0.406897;0.503448;0.180124;0.242236;-0.0434782;-0.279503;0.0062112;0.329193;0.15528;-0.0807453;0.428571;-0.242236;0.118012;-0.0931677;-0.242236;0.130435;0.341615;-0.0807453;0.0310559;0.31677;-0.155279;0.267081;-0.279503;-0.130435;0.31677;0.068323;0.0931677;-0.453416;-0.068323;0.0186336;-0.204969;-0.304348;-0.204969;-1;0;0;0;0

6.3;-0.333333;0.225806;-0.280899;-0.303371;-0.258427;-0.5;-0.304348;-0.0434783;-0.108696;-0.413043;-0.413043;0.543478;0.434783;0.413043;-0.673913;-0.304348;-0.934783;0.5;0.0434782;0.173913;0.195652;0.521739;-1.61969e-008;0.130435;-0.326087;-0.195652;0.0217391;0.0869565;-0.586957;1;0.673913;0.108696;0.220779;0.0833333;0.222222;-0.333333;-0.194444;0.138889;0.275;0.235955;-0.325843;0.575758;0.590909;0.365517;0.103448;0.255172;-0.0206897;0.131034;-0.406897;0.354037;0.180124;0.242236;-0.0434782;-0.279503;0.0062112;0.329193;0.15528;-0.0807453;0.428571;-0.242236;0.118012;-0.0931677;-0.242236;0.130435;0.341615;-0.0807453;0.0310559;0.31677;-0.155279;0.267081;-0.279503;-0.130435;0.31677;0.068323;0.0931677;-0.453416;-0.068323;0.0186336;-0.204969;-0.304348;+1;0;0;0;0

6.84;1;-0.333333;0.280899;-0.280899;-0.303371;-0.217391;-0.5;-0.304348;-0.0434783;-0.108696;-0.413043;-0.413043;0.543478;0.434783;0.413043;-0.673913;-0.304348;-0.934783;0.5;0.0434782;0.173913;0.195652;0.521739;-1.61969e-008;0.130435;-0.326087;-0.195652;0.0217391;0.0869565;-0.586957;1;0.673913;0.324675;0.305556;0.0833333;0.222222;-0.333333;-0.194444;0.025;0.146067;0.235955;0.106061;0.575758;0.448276;0.365517;0.103448;0.255172;-0.0206897;0.131034;-0.465838;0.354037;0.180124;0.242236;-0.0434782;-0.279503;0.0062112;0.329193;0.15528;-0.0807453;0.428571;-0.242236;0.118012;-0.0931677;-0.242236;0.130435;0.341615;-0.0807453;0.0310559;0.31677;-0.155279;0.267081;-0.279503;-0.130435;0.31677;0.068323;0.0931677;-0.453416;-0.068323;0.0186336;-0.204969;-1;0;0;0;0

6.69;-0.483871;1;-0.303371;0.280899;-0.280899;-0.26087;-0.217391;-0.5;-0.304348;-0.0434783;-0.108696;-0.413043;-0.413043;0.543478;0.434783;0.413043;-0.673913;-0.304348;-0.934783;0.5;0.0434782;0.173913;0.195652;0.521739;-1.61969e-008;0.130435;-0.326087;-0.195652;0.0217391;0.0869565;-0.586957;1;1;0.416667;0.305556;0.0833333;0.222222;-0.333333;-0.275;-0.0786517;0.146067;0.484848;0.106061;0.434483;0.448276;0.365517;0.103448;0.255172;-0.0206897;0.0186336;-0.465838;0.354037;0.180124;0.242236;-0.0434782;-0.279503;0.0062112;0.329193;0.15528;-0.0807453;0.428571;-0.242236;0.118012;-0.0931677;-0.242236;0.130435;0.341615;-0.0807453;0.0310559;0.31677;-0.155279;0.267081;-0.279503;-0.130435;0.31677;0.068323;0.0931677;-0.453416;-0.068323;0.0186336;-1;0;0;0;0

