22.95;23.68;22.85;23.56;39220;-1.51;0.06;-0.19;-0.07;0.06;0.00;0.60;-0.10;-0.20;0.11;-0.36;-0.86;-0.45;-0.12;-0.54;-0.38;-0.13;-0.05;0.36;0.04;0.00;-0.17;0.30;0.10;0.15;0.05;0.44;-0.01;-0.15;0.44;-0.02;-0.95;0.10;0.60;0.01;-0.66;-0.43;0.08;0.51;0.04;-0.40;0.15;-0.20;-0.21;-0.13;-0.01;-0.59;0.24;-0.56;0.69;0.05;0.18;0.06;-0.32;-1.11;0.37;0.09;-0.55;0.60;-0.44;0.64;-0.03;-0.64;-0.46;0.05;0.11;-0.25;0.14;-0.55;-0.20;-0.32;0.15;-0.45;0.60;0.53;-0.03;0.18;0.12;0.70;0.75;-1;0;0;0;0

22.79;23.15;22.09;22.9;43776;-0.16;-1.51;0.06;-0.19;-0.07;0.06;0.00;0.60;-0.10;-0.20;0.11;-0.36;-0.86;-0.45;-0.12;-0.54;-0.38;-0.13;-0.05;0.36;0.04;0.00;-0.17;0.30;0.10;0.15;0.05;0.44;-0.01;-0.15;0.44;-0.02;-0.95;0.10;0.60;0.01;-0.66;-0.43;0.08;0.51;0.04;-0.40;0.15;-0.20;-0.21;-0.13;-0.01;-0.59;0.24;-0.56;0.69;0.05;0.18;0.06;-0.32;-1.11;0.37;0.09;-0.55;0.60;-0.44;0.64;-0.03;-0.64;-0.46;0.05;0.11;-0.25;0.14;-0.55;-0.20;-0.32;0.15;-0.45;0.60;0.53;-0.03;0.18;0.12;0.70;+1;0;0;0;0

22.95;23.27;22.73;23.04;48548;0.16;-0.16;-1.51;0.06;-0.19;-0.07;0.06;0.00;0.60;-0.10;-0.20;0.11;-0.36;-0.86;-0.45;-0.12;-0.54;-0.38;-0.13;-0.05;0.36;0.04;0.00;-0.17;0.30;0.10;0.15;0.05;0.44;-0.01;-0.15;0.44;-0.02;-0.95;0.10;0.60;0.01;-0.66;-0.43;0.08;0.51;0.04;-0.40;0.15;-0.20;-0.21;-0.13;-0.01;-0.59;0.24;-0.56;0.69;0.05;0.18;0.06;-0.32;-1.11;0.37;0.09;-0.55;0.60;-0.44;0.64;-0.03;-0.64;-0.46;0.05;0.11;-0.25;0.14;-0.55;-0.20;-0.32;0.15;-0.45;0.60;0.53;-0.03;0.18;0.12;-1;0;0;0;0

22.8;23.41;22.62;22.92;47729;-0.15;0.16;-0.16;-1.51;0.06;-0.19;-0.07;0.06;0.00;0.60;-0.10;-0.20;0.11;-0.36;-0.86;-0.45;-0.12;-0.54;-0.38;-0.13;-0.05;0.36;0.04;0.00;-0.17;0.30;0.10;0.15;0.05;0.44;-0.01;-0.15;0.44;-0.02;-0.95;0.10;0.60;0.01;-0.66;-0.43;0.08;0.51;0.04;-0.40;0.15;-0.20;-0.21;-0.13;-0.01;-0.59;0.24;-0.56;0.69;0.05;0.18;0.06;-0.32;-1.11;0.37;0.09;-0.55;0.60;-0.44;0.64;-0.03;-0.64;-0.46;0.05;0.11;-0.25;0.14;-0.55;-0.20;-0.32;0.15;-0.45;0.60;0.53;-0.03;0.18;+1;0;0;0;0

22.82;23.33;22.72;23.2;37328;0.02;-0.15;0.16;-0.16;-1.51;0.06;-0.19;-0.07;0.06;0.00;0.60;-0.10;-0.20;0.11;-0.36;-0.86;-0.45;-0.12;-0.54;-0.38;-0.13;-0.05;0.36;0.04;0.00;-0.17;0.30;0.10;0.15;0.05;0.44;-0.01;-0.15;0.44;-0.02;-0.95;0.10;0.60;0.01;-0.66;-0.43;0.08;0.51;0.04;-0.40;0.15;-0.20;-0.21;-0.13;-0.01;-0.59;0.24;-0.56;0.69;0.05;0.18;0.06;-0.32;-1.11;0.37;0.09;-0.55;0.60;-0.44;0.64;-0.03;-0.64;-0.46;0.05;0.11;-0.25;0.14;-0.55;-0.20;-0.32;0.15;-0.45;0.60;0.53;-0.03;-1;0;0;0;0

22.76;23.19;22.62;22.89;25506;-0.06;0.02;-0.15;0.16;-0.16;-1.51;0.06;-0.19;-0.07;0.06;0.00;0.60;-0.10;-0.20;0.11;-0.36;-0.86;-0.45;-0.12;-0.54;-0.38;-0.13;-0.05;0.36;0.04;0.00;-0.17;0.30;0.10;0.15;0.05;0.44;-0.01;-0.15;0.44;-0.02;-0.95;0.10;0.60;0.01;-0.66;-0.43;0.08;0.51;0.04;-0.40;0.15;-0.20;-0.21;-0.13;-0.01;-0.59;0.24;-0.56;0.69;0.05;0.18;0.06;-0.32;-1.11;0.37;0.09;-0.55;0.60;-0.44;0.64;-0.03;-0.64;-0.46;0.05;0.11;-0.25;0.14;-0.55;-0.20;-0.32;0.15;-0.45;0.60;0.53;+1;0;0;0;0

22.8;23.19;22.72;22.85;13510;0.04;-0.06;0.02;-0.15;0.16;-0.16;-1.51;0.06;-0.19;-0.07;0.06;0.00;0.60;-0.10;-0.20;0.11;-0.36;-0.86;-0.45;-0.12;-0.54;-0.38;-0.13;-0.05;0.36;0.04;0.00;-0.17;0.30;0.10;0.15;0.05;0.44;-0.01;-0.15;0.44;-0.02;-0.95;0.10;0.60;0.01;-0.66;-0.43;0.08;0.51;0.04;-0.40;0.15;-0.20;-0.21;-0.13;-0.01;-0.59;0.24;-0.56;0.69;0.05;0.18;0.06;-0.32;-1.11;0.37;0.09;-0.55;0.60;-0.44;0.64;-0.03;-0.64;-0.46;0.05;0.11;-0.25;0.14;-0.55;-0.20;-0.32;0.15;-0.45;0.60;-1;0;0;0;0

22.35;22.77;22.35;22.77;35678;-0.45;0.04;-0.06;0.02;-0.15;0.16;-0.16;-1.51;0.06;-0.19;-0.07;0.06;0.00;0.60;-0.10;-0.20;0.11;-0.36;-0.86;-0.45;-0.12;-0.54;-0.38;-0.13;-0.05;0.36;0.04;0.00;-0.17;0.30;0.10;0.15;0.05;0.44;-0.01;-0.15;0.44;-0.02;-0.95;0.10;0.60;0.01;-0.66;-0.43;0.08;0.51;0.04;-0.40;0.15;-0.20;-0.21;-0.13;-0.01;-0.59;0.24;-0.56;0.69;0.05;0.18;0.06;-0.32;-1.11;0.37;0.09;-0.55;0.60;-0.44;0.64;-0.03;-0.64;-0.46;0.05;0.11;-0.25;0.14;-0.55;-0.20;-0.32;0.15;-0.45;+1;0;0;0;0

22.65;22.89;22.01;22.12;23783;0.30;-0.45;0.04;-0.06;0.02;-0.15;0.16;-0.16;-1.51;0.06;-0.19;-0.07;0.06;0.00;0.60;-0.10;-0.20;0.11;-0.36;-0.86;-0.45;-0.12;-0.54;-0.38;-0.13;-0.05;0.36;0.04;0.00;-0.17;0.30;0.10;0.15;0.05;0.44;-0.01;-0.15;0.44;-0.02;-0.95;0.10;0.60;0.01;-0.66;-0.43;0.08;0.51;0.04;-0.40;0.15;-0.20;-0.21;-0.13;-0.01;-0.59;0.24;-0.56;0.69;0.05;0.18;0.06;-0.32;-1.11;0.37;0.09;-0.55;0.60;-0.44;0.64;-0.03;-0.64;-0.46;0.05;0.11;-0.25;0.14;-0.55;-0.20;-0.32;0.15;-1;0;0;0;0

22.17;22.78;22.09;22.65;26787;-0.48;0.30;-0.45;0.04;-0.06;0.02;-0.15;0.16;-0.16;-1.51;0.06;-0.19;-0.07;0.06;0.00;0.60;-0.10;-0.20;0.11;-0.36;-0.86;-0.45;-0.12;-0.54;-0.38;-0.13;-0.05;0.36;0.04;0.00;-0.17;0.30;0.10;0.15;0.05;0.44;-0.01;-0.15;0.44;-0.02;-0.95;0.10;0.60;0.01;-0.66;-0.43;0.08;0.51;0.04;-0.40;0.15;-0.20;-0.21;-0.13;-0.01;-0.59;0.24;-0.56;0.69;0.05;0.18;0.06;-0.32;-1.11;0.37;0.09;-0.55;0.60;-0.44;0.64;-0.03;-0.64;-0.46;0.05;0.11;-0.25;0.14;-0.55;-0.20;-0.32;+1;0;0;0;0

22.24;22.65;21.9;22.04;26820;0.07;-0.48;0.30;-0.45;0.04;-0.06;0.02;-0.15;0.16;-0.16;-1.51;0.06;-0.19;-0.07;0.06;0.00;0.60;-0.10;-0.20;0.11;-0.36;-0.86;-0.45;-0.12;-0.54;-0.38;-0.13;-0.05;0.36;0.04;0.00;-0.17;0.30;0.10;0.15;0.05;0.44;-0.01;-0.15;0.44;-0.02;-0.95;0.10;0.60;0.01;-0.66;-0.43;0.08;0.51;0.04;-0.40;0.15;-0.20;-0.21;-0.13;-0.01;-0.59;0.24;-0.56;0.69;0.05;0.18;0.06;-0.32;-1.11;0.37;0.09;-0.55;0.60;-0.44;0.64;-0.03;-0.64;-0.46;0.05;0.11;-0.25;0.14;-0.55;-0.20;+1;0;0;0;0

22.46;22.72;21.93;22.34;29340;0.22;0.07;-0.48;0.30;-0.45;0.04;-0.06;0.02;-0.15;0.16;-0.16;-1.51;0.06;-0.19;-0.07;0.06;0.00;0.60;-0.10;-0.20;0.11;-0.36;-0.86;-0.45;-0.12;-0.54;-0.38;-0.13;-0.05;0.36;0.04;0.00;-0.17;0.30;0.10;0.15;0.05;0.44;-0.01;-0.15;0.44;-0.02;-0.95;0.10;0.60;0.01;-0.66;-0.43;0.08;0.51;0.04;-0.40;0.15;-0.20;-0.21;-0.13;-0.01;-0.59;0.24;-0.56;0.69;0.05;0.18;0.06;-0.32;-1.11;0.37;0.09;-0.55;0.60;-0.44;0.64;-0.03;-0.64;-0.46;0.05;0.11;-0.25;0.14;-0.55;-1;0;0;0;0

22.4;22.87;22.39;22.5;33101;-0.06;0.22;0.07;-0.48;0.30;-0.45;0.04;-0.06;0.02;-0.15;0.16;-0.16;-1.51;0.06;-0.19;-0.07;0.06;0.00;0.60;-0.10;-0.20;0.11;-0.36;-0.86;-0.45;-0.12;-0.54;-0.38;-0.13;-0.05;0.36;0.04;0.00;-0.17;0.30;0.10;0.15;0.05;0.44;-0.01;-0.15;0.44;-0.02;-0.95;0.10;0.60;0.01;-0.66;-0.43;0.08;0.51;0.04;-0.40;0.15;-0.20;-0.21;-0.13;-0.01;-0.59;0.24;-0.56;0.69;0.05;0.18;0.06;-0.32;-1.11;0.37;0.09;-0.55;0.60;-0.44;0.64;-0.03;-0.64;-0.46;0.05;0.11;-0.25;0.14;-1;0;0;0;0

22.29;22.59;21.97;22.5;23572;-0.11;-0.06;0.22;0.07;-0.48;0.30;-0.45;0.04;-0.06;0.02;-0.15;0.16;-0.16;-1.51;0.06;-0.19;-0.07;0.06;0.00;0.60;-0.10;-0.20;0.11;-0.36;-0.86;-0.45;-0.12;-0.54;-0.38;-0.13;-0.05;0.36;0.04;0.00;-0.17;0.30;0.10;0.15;0.05;0.44;-0.01;-0.15;0.44;-0.02;-0.95;0.10;0.60;0.01;-0.66;-0.43;0.08;0.51;0.04;-0.40;0.15;-0.20;-0.21;-0.13;-0.01;-0.59;0.24;-0.56;0.69;0.05;0.18;0.06;-0.32;-1.11;0.37;0.09;-0.55;0.60;-0.44;0.64;-0.03;-0.64;-0.46;0.05;0.11;-0.25;-1;0;0;0;0

22;22.41;21.82;22.39;29558;-0.29;-0.11;-0.06;0.22;0.07;-0.48;0.30;-0.45;0.04;-0.06;0.02;-0.15;0.16;-0.16;-1.51;0.06;-0.19;-0.07;0.06;0.00;0.60;-0.10;-0.20;0.11;-0.36;-0.86;-0.45;-0.12;-0.54;-0.38;-0.13;-0.05;0.36;0.04;0.00;-0.17;0.30;0.10;0.15;0.05;0.44;-0.01;-0.15;0.44;-0.02;-0.95;0.10;0.60;0.01;-0.66;-0.43;0.08;0.51;0.04;-0.40;0.15;-0.20;-0.21;-0.13;-0.01;-0.59;0.24;-0.56;0.69;0.05;0.18;0.06;-0.32;-1.11;0.37;0.09;-0.55;0.60;-0.44;0.64;-0.03;-0.64;-0.46;0.05;0.11;-1;0;0;0;0

21.95;22.05;21.52;21.69;16047;-0.05;-0.29;-0.11;-0.06;0.22;0.07;-0.48;0.30;-0.45;0.04;-0.06;0.02;-0.15;0.16;-0.16;-1.51;0.06;-0.19;-0.07;0.06;0.00;0.60;-0.10;-0.20;0.11;-0.36;-0.86;-0.45;-0.12;-0.54;-0.38;-0.13;-0.05;0.36;0.04;0.00;-0.17;0.30;0.10;0.15;0.05;0.44;-0.01;-0.15;0.44;-0.02;-0.95;0.10;0.60;0.01;-0.66;-0.43;0.08;0.51;0.04;-0.40;0.15;-0.20;-0.21;-0.13;-0.01;-0.59;0.24;-0.56;0.69;0.05;0.18;0.06;-0.32;-1.11;0.37;0.09;-0.55;0.60;-0.44;0.64;-0.03;-0.64;-0.46;0.05;+1;0;0;0;0

22.19;22.26;21.84;22.05;22770;0.24;-0.05;-0.29;-0.11;-0.06;0.22;0.07;-0.48;0.30;-0.45;0.04;-0.06;0.02;-0.15;0.16;-0.16;-1.51;0.06;-0.19;-0.07;0.06;0.00;0.60;-0.10;-0.20;0.11;-0.36;-0.86;-0.45;-0.12;-0.54;-0.38;-0.13;-0.05;0.36;0.04;0.00;-0.17;0.30;0.10;0.15;0.05;0.44;-0.01;-0.15;0.44;-0.02;-0.95;0.10;0.60;0.01;-0.66;-0.43;0.08;0.51;0.04;-0.40;0.15;-0.20;-0.21;-0.13;-0.01;-0.59;0.24;-0.56;0.69;0.05;0.18;0.06;-0.32;-1.11;0.37;0.09;-0.55;0.60;-0.44;0.64;-0.03;-0.64;-0.46;-1;0;0;0;0

21.85;22.32;21.85;22.09;19103;-0.34;0.24;-0.05;-0.29;-0.11;-0.06;0.22;0.07;-0.48;0.30;-0.45;0.04;-0.06;0.02;-0.15;0.16;-0.16;-1.51;0.06;-0.19;-0.07;0.06;0.00;0.60;-0.10;-0.20;0.11;-0.36;-0.86;-0.45;-0.12;-0.54;-0.38;-0.13;-0.05;0.36;0.04;0.00;-0.17;0.30;0.10;0.15;0.05;0.44;-0.01;-0.15;0.44;-0.02;-0.95;0.10;0.60;0.01;-0.66;-0.43;0.08;0.51;0.04;-0.40;0.15;-0.20;-0.21;-0.13;-0.01;-0.59;0.24;-0.56;0.69;0.05;0.18;0.06;-0.32;-1.11;0.37;0.09;-0.55;0.60;-0.44;0.64;-0.03;-0.64;+1;0;0;0;0

22;22.16;21.82;21.91;32938;0.15;-0.34;0.24;-0.05;-0.29;-0.11;-0.06;0.22;0.07;-0.48;0.30;-0.45;0.04;-0.06;0.02;-0.15;0.16;-0.16;-1.51;0.06;-0.19;-0.07;0.06;0.00;0.60;-0.10;-0.20;0.11;-0.36;-0.86;-0.45;-0.12;-0.54;-0.38;-0.13;-0.05;0.36;0.04;0.00;-0.17;0.30;0.10;0.15;0.05;0.44;-0.01;-0.15;0.44;-0.02;-0.95;0.10;0.60;0.01;-0.66;-0.43;0.08;0.51;0.04;-0.40;0.15;-0.20;-0.21;-0.13;-0.01;-0.59;0.24;-0.56;0.69;0.05;0.18;0.06;-0.32;-1.11;0.37;0.09;-0.55;0.60;-0.44;0.64;-0.03;-1;0;0;0;0

21.95;22.21;21.9;22.04;24391;-0.05;0.15;-0.34;0.24;-0.05;-0.29;-0.11;-0.06;0.22;0.07;-0.48;0.30;-0.45;0.04;-0.06;0.02;-0.15;0.16;-0.16;-1.51;0.06;-0.19;-0.07;0.06;0.00;0.60;-0.10;-0.20;0.11;-0.36;-0.86;-0.45;-0.12;-0.54;-0.38;-0.13;-0.05;0.36;0.04;0.00;-0.17;0.30;0.10;0.15;0.05;0.44;-0.01;-0.15;0.44;-0.02;-0.95;0.10;0.60;0.01;-0.66;-0.43;0.08;0.51;0.04;-0.40;0.15;-0.20;-0.21;-0.13;-0.01;-0.59;0.24;-0.56;0.69;0.05;0.18;0.06;-0.32;-1.11;0.37;0.09;-0.55;0.60;-0.44;0.64;-1;0;0;0;0

21.78;22.1;21.74;22.01;7352;-0.17;-0.05;0.15;-0.34;0.24;-0.05;-0.29;-0.11;-0.06;0.22;0.07;-0.48;0.30;-0.45;0.04;-0.06;0.02;-0.15;0.16;-0.16;-1.51;0.06;-0.19;-0.07;0.06;0.00;0.60;-0.10;-0.20;0.11;-0.36;-0.86;-0.45;-0.12;-0.54;-0.38;-0.13;-0.05;0.36;0.04;0.00;-0.17;0.30;0.10;0.15;0.05;0.44;-0.01;-0.15;0.44;-0.02;-0.95;0.10;0.60;0.01;-0.66;-0.43;0.08;0.51;0.04;-0.40;0.15;-0.20;-0.21;-0.13;-0.01;-0.59;0.24;-0.56;0.69;0.05;0.18;0.06;-0.32;-1.11;0.37;0.09;-0.55;0.60;-0.44;+1;0;0;0;0

22.04;22.07;21.65;22.05;22588;0.26;-0.17;-0.05;0.15;-0.34;0.24;-0.05;-0.29;-0.11;-0.06;0.22;0.07;-0.48;0.30;-0.45;0.04;-0.06;0.02;-0.15;0.16;-0.16;-1.51;0.06;-0.19;-0.07;0.06;0.00;0.60;-0.10;-0.20;0.11;-0.36;-0.86;-0.45;-0.12;-0.54;-0.38;-0.13;-0.05;0.36;0.04;0.00;-0.17;0.30;0.10;0.15;0.05;0.44;-0.01;-0.15;0.44;-0.02;-0.95;0.10;0.60;0.01;-0.66;-0.43;0.08;0.51;0.04;-0.40;0.15;-0.20;-0.21;-0.13;-0.01;-0.59;0.24;-0.56;0.69;0.05;0.18;0.06;-0.32;-1.11;0.37;0.09;-0.55;0.60;-1;0;0;0;0

21.6;22.15;21.6;21.96;20712;-0.44;0.26;-0.17;-0.05;0.15;-0.34;0.24;-0.05;-0.29;-0.11;-0.06;0.22;0.07;-0.48;0.30;-0.45;0.04;-0.06;0.02;-0.15;0.16;-0.16;-1.51;0.06;-0.19;-0.07;0.06;0.00;0.60;-0.10;-0.20;0.11;-0.36;-0.86;-0.45;-0.12;-0.54;-0.38;-0.13;-0.05;0.36;0.04;0.00;-0.17;0.30;0.10;0.15;0.05;0.44;-0.01;-0.15;0.44;-0.02;-0.95;0.10;0.60;0.01;-0.66;-0.43;0.08;0.51;0.04;-0.40;0.15;-0.20;-0.21;-0.13;-0.01;-0.59;0.24;-0.56;0.69;0.05;0.18;0.06;-0.32;-1.11;0.37;0.09;-0.55;+1;0;0;0;0

21.7;21.83;21.34;21.7;26781;0.10;-0.44;0.26;-0.17;-0.05;0.15;-0.34;0.24;-0.05;-0.29;-0.11;-0.06;0.22;0.07;-0.48;0.30;-0.45;0.04;-0.06;0.02;-0.15;0.16;-0.16;-1.51;0.06;-0.19;-0.07;0.06;0.00;0.60;-0.10;-0.20;0.11;-0.36;-0.86;-0.45;-0.12;-0.54;-0.38;-0.13;-0.05;0.36;0.04;0.00;-0.17;0.30;0.10;0.15;0.05;0.44;-0.01;-0.15;0.44;-0.02;-0.95;0.10;0.60;0.01;-0.66;-0.43;0.08;0.51;0.04;-0.40;0.15;-0.20;-0.21;-0.13;-0.01;-0.59;0.24;-0.56;0.69;0.05;0.18;0.06;-0.32;-1.11;0.37;0.09;-1;0;0;0;0

21.52;21.93;21.38;21.52;31716;-0.18;0.10;-0.44;0.26;-0.17;-0.05;0.15;-0.34;0.24;-0.05;-0.29;-0.11;-0.06;0.22;0.07;-0.48;0.30;-0.45;0.04;-0.06;0.02;-0.15;0.16;-0.16;-1.51;0.06;-0.19;-0.07;0.06;0.00;0.60;-0.10;-0.20;0.11;-0.36;-0.86;-0.45;-0.12;-0.54;-0.38;-0.13;-0.05;0.36;0.04;0.00;-0.17;0.30;0.10;0.15;0.05;0.44;-0.01;-0.15;0.44;-0.02;-0.95;0.10;0.60;0.01;-0.66;-0.43;0.08;0.51;0.04;-0.40;0.15;-0.20;-0.21;-0.13;-0.01;-0.59;0.24;-0.56;0.69;0.05;0.18;0.06;-0.32;-1.11;0.37;-1;0;0;0;0

20.75;21.58;20.73;21.58;36846;-0.77;-0.18;0.10;-0.44;0.26;-0.17;-0.05;0.15;-0.34;0.24;-0.05;-0.29;-0.11;-0.06;0.22;0.07;-0.48;0.30;-0.45;0.04;-0.06;0.02;-0.15;0.16;-0.16;-1.51;0.06;-0.19;-0.07;0.06;0.00;0.60;-0.10;-0.20;0.11;-0.36;-0.86;-0.45;-0.12;-0.54;-0.38;-0.13;-0.05;0.36;0.04;0.00;-0.17;0.30;0.10;0.15;0.05;0.44;-0.01;-0.15;0.44;-0.02;-0.95;0.10;0.60;0.01;-0.66;-0.43;0.08;0.51;0.04;-0.40;0.15;-0.20;-0.21;-0.13;-0.01;-0.59;0.24;-0.56;0.69;0.05;0.18;0.06;-0.32;-1.11;-1;0;0;0;0

20.62;21.12;20.62;20.91;34848;-0.13;-0.77;-0.18;0.10;-0.44;0.26;-0.17;-0.05;0.15;-0.34;0.24;-0.05;-0.29;-0.11;-0.06;0.22;0.07;-0.48;0.30;-0.45;0.04;-0.06;0.02;-0.15;0.16;-0.16;-1.51;0.06;-0.19;-0.07;0.06;0.00;0.60;-0.10;-0.20;0.11;-0.36;-0.86;-0.45;-0.12;-0.54;-0.38;-0.13;-0.05;0.36;0.04;0.00;-0.17;0.30;0.10;0.15;0.05;0.44;-0.01;-0.15;0.44;-0.02;-0.95;0.10;0.60;0.01;-0.66;-0.43;0.08;0.51;0.04;-0.40;0.15;-0.20;-0.21;-0.13;-0.01;-0.59;0.24;-0.56;0.69;0.05;0.18;0.06;-0.32;-1;0;0;0;0

20.34;20.84;20.29;20.6;26531;-0.28;-0.13;-0.77;-0.18;0.10;-0.44;0.26;-0.17;-0.05;0.15;-0.34;0.24;-0.05;-0.29;-0.11;-0.06;0.22;0.07;-0.48;0.30;-0.45;0.04;-0.06;0.02;-0.15;0.16;-0.16;-1.51;0.06;-0.19;-0.07;0.06;0.00;0.60;-0.10;-0.20;0.11;-0.36;-0.86;-0.45;-0.12;-0.54;-0.38;-0.13;-0.05;0.36;0.04;0.00;-0.17;0.30;0.10;0.15;0.05;0.44;-0.01;-0.15;0.44;-0.02;-0.95;0.10;0.60;0.01;-0.66;-0.43;0.08;0.51;0.04;-0.40;0.15;-0.20;-0.21;-0.13;-0.01;-0.59;0.24;-0.56;0.69;0.05;0.18;0.06;-1;0;0;0;0

19.81;20.53;19.65;20.35;96644;-0.53;-0.28;-0.13;-0.77;-0.18;0.10;-0.44;0.26;-0.17;-0.05;0.15;-0.34;0.24;-0.05;-0.29;-0.11;-0.06;0.22;0.07;-0.48;0.30;-0.45;0.04;-0.06;0.02;-0.15;0.16;-0.16;-1.51;0.06;-0.19;-0.07;0.06;0.00;0.60;-0.10;-0.20;0.11;-0.36;-0.86;-0.45;-0.12;-0.54;-0.38;-0.13;-0.05;0.36;0.04;0.00;-0.17;0.30;0.10;0.15;0.05;0.44;-0.01;-0.15;0.44;-0.02;-0.95;0.10;0.60;0.01;-0.66;-0.43;0.08;0.51;0.04;-0.40;0.15;-0.20;-0.21;-0.13;-0.01;-0.59;0.24;-0.56;0.69;0.05;0.18;+1;0;0;0;0

20;20.17;19.7;19.81;51046;0.19;-0.53;-0.28;-0.13;-0.77;-0.18;0.10;-0.44;0.26;-0.17;-0.05;0.15;-0.34;0.24;-0.05;-0.29;-0.11;-0.06;0.22;0.07;-0.48;0.30;-0.45;0.04;-0.06;0.02;-0.15;0.16;-0.16;-1.51;0.06;-0.19;-0.07;0.06;0.00;0.60;-0.10;-0.20;0.11;-0.36;-0.86;-0.45;-0.12;-0.54;-0.38;-0.13;-0.05;0.36;0.04;0.00;-0.17;0.30;0.10;0.15;0.05;0.44;-0.01;-0.15;0.44;-0.02;-0.95;0.10;0.60;0.01;-0.66;-0.43;0.08;0.51;0.04;-0.40;0.15;-0.20;-0.21;-0.13;-0.01;-0.59;0.24;-0.56;0.69;0.05;-1;0;0;0;0

19.61;20.05;19.61;20;31774;-0.39;0.19;-0.53;-0.28;-0.13;-0.77;-0.18;0.10;-0.44;0.26;-0.17;-0.05;0.15;-0.34;0.24;-0.05;-0.29;-0.11;-0.06;0.22;0.07;-0.48;0.30;-0.45;0.04;-0.06;0.02;-0.15;0.16;-0.16;-1.51;0.06;-0.19;-0.07;0.06;0.00;0.60;-0.10;-0.20;0.11;-0.36;-0.86;-0.45;-0.12;-0.54;-0.38;-0.13;-0.05;0.36;0.04;0.00;-0.17;0.30;0.10;0.15;0.05;0.44;-0.01;-0.15;0.44;-0.02;-0.95;0.10;0.60;0.01;-0.66;-0.43;0.08;0.51;0.04;-0.40;0.15;-0.20;-0.21;-0.13;-0.01;-0.59;0.24;-0.56;0.69;-1;0;0;0;0

19.55;19.82;19.45;19.65;36705;-0.06;-0.39;0.19;-0.53;-0.28;-0.13;-0.77;-0.18;0.10;-0.44;0.26;-0.17;-0.05;0.15;-0.34;0.24;-0.05;-0.29;-0.11;-0.06;0.22;0.07;-0.48;0.30;-0.45;0.04;-0.06;0.02;-0.15;0.16;-0.16;-1.51;0.06;-0.19;-0.07;0.06;0.00;0.60;-0.10;-0.20;0.11;-0.36;-0.86;-0.45;-0.12;-0.54;-0.38;-0.13;-0.05;0.36;0.04;0.00;-0.17;0.30;0.10;0.15;0.05;0.44;-0.01;-0.15;0.44;-0.02;-0.95;0.10;0.60;0.01;-0.66;-0.43;0.08;0.51;0.04;-0.40;0.15;-0.20;-0.21;-0.13;-0.01;-0.59;0.24;-0.56;-1;0;0;0;0

19.4;19.72;19.3;19.43;39735;-0.15;-0.06;-0.39;0.19;-0.53;-0.28;-0.13;-0.77;-0.18;0.10;-0.44;0.26;-0.17;-0.05;0.15;-0.34;0.24;-0.05;-0.29;-0.11;-0.06;0.22;0.07;-0.48;0.30;-0.45;0.04;-0.06;0.02;-0.15;0.16;-0.16;-1.51;0.06;-0.19;-0.07;0.06;0.00;0.60;-0.10;-0.20;0.11;-0.36;-0.86;-0.45;-0.12;-0.54;-0.38;-0.13;-0.05;0.36;0.04;0.00;-0.17;0.30;0.10;0.15;0.05;0.44;-0.01;-0.15;0.44;-0.02;-0.95;0.10;0.60;0.01;-0.66;-0.43;0.08;0.51;0.04;-0.40;0.15;-0.20;-0.21;-0.13;-0.01;-0.59;0.24;-1;0;0;0;0

19.02;19.49;18.96;19.4;34717;-0.38;-0.15;-0.06;-0.39;0.19;-0.53;-0.28;-0.13;-0.77;-0.18;0.10;-0.44;0.26;-0.17;-0.05;0.15;-0.34;0.24;-0.05;-0.29;-0.11;-0.06;0.22;0.07;-0.48;0.30;-0.45;0.04;-0.06;0.02;-0.15;0.16;-0.16;-1.51;0.06;-0.19;-0.07;0.06;0.00;0.60;-0.10;-0.20;0.11;-0.36;-0.86;-0.45;-0.12;-0.54;-0.38;-0.13;-0.05;0.36;0.04;0.00;-0.17;0.30;0.10;0.15;0.05;0.44;-0.01;-0.15;0.44;-0.02;-0.95;0.10;0.60;0.01;-0.66;-0.43;0.08;0.51;0.04;-0.40;0.15;-0.20;-0.21;-0.13;-0.01;-0.59;+1;0;0;0;0

19.04;19.3;18.9;19.1;28702;0.02;-0.38;-0.15;-0.06;-0.39;0.19;-0.53;-0.28;-0.13;-0.77;-0.18;0.10;-0.44;0.26;-0.17;-0.05;0.15;-0.34;0.24;-0.05;-0.29;-0.11;-0.06;0.22;0.07;-0.48;0.30;-0.45;0.04;-0.06;0.02;-0.15;0.16;-0.16;-1.51;0.06;-0.19;-0.07;0.06;0.00;0.60;-0.10;-0.20;0.11;-0.36;-0.86;-0.45;-0.12;-0.54;-0.38;-0.13;-0.05;0.36;0.04;0.00;-0.17;0.30;0.10;0.15;0.05;0.44;-0.01;-0.15;0.44;-0.02;-0.95;0.10;0.60;0.01;-0.66;-0.43;0.08;0.51;0.04;-0.40;0.15;-0.20;-0.21;-0.13;-0.01;-1;0;0;0;0

18.9;19.29;18.88;18.95;17534;-0.14;0.02;-0.38;-0.15;-0.06;-0.39;0.19;-0.53;-0.28;-0.13;-0.77;-0.18;0.10;-0.44;0.26;-0.17;-0.05;0.15;-0.34;0.24;-0.05;-0.29;-0.11;-0.06;0.22;0.07;-0.48;0.30;-0.45;0.04;-0.06;0.02;-0.15;0.16;-0.16;-1.51;0.06;-0.19;-0.07;0.06;0.00;0.60;-0.10;-0.20;0.11;-0.36;-0.86;-0.45;-0.12;-0.54;-0.38;-0.13;-0.05;0.36;0.04;0.00;-0.17;0.30;0.10;0.15;0.05;0.44;-0.01;-0.15;0.44;-0.02;-0.95;0.10;0.60;0.01;-0.66;-0.43;0.08;0.51;0.04;-0.40;0.15;-0.20;-0.21;-0.13;-1;0;0;0;0

18.85;19.06;18.71;18.98;26812;-0.05;-0.14;0.02;-0.38;-0.15;-0.06;-0.39;0.19;-0.53;-0.28;-0.13;-0.77;-0.18;0.10;-0.44;0.26;-0.17;-0.05;0.15;-0.34;0.24;-0.05;-0.29;-0.11;-0.06;0.22;0.07;-0.48;0.30;-0.45;0.04;-0.06;0.02;-0.15;0.16;-0.16;-1.51;0.06;-0.19;-0.07;0.06;0.00;0.60;-0.10;-0.20;0.11;-0.36;-0.86;-0.45;-0.12;-0.54;-0.38;-0.13;-0.05;0.36;0.04;0.00;-0.17;0.30;0.10;0.15;0.05;0.44;-0.01;-0.15;0.44;-0.02;-0.95;0.10;0.60;0.01;-0.66;-0.43;0.08;0.51;0.04;-0.40;0.15;-0.20;-0.21;-1;0;0;0;0

18.59;18.89;18.59;18.77;28052;-0.26;-0.05;-0.14;0.02;-0.38;-0.15;-0.06;-0.39;0.19;-0.53;-0.28;-0.13;-0.77;-0.18;0.10;-0.44;0.26;-0.17;-0.05;0.15;-0.34;0.24;-0.05;-0.29;-0.11;-0.06;0.22;0.07;-0.48;0.30;-0.45;0.04;-0.06;0.02;-0.15;0.16;-0.16;-1.51;0.06;-0.19;-0.07;0.06;0.00;0.60;-0.10;-0.20;0.11;-0.36;-0.86;-0.45;-0.12;-0.54;-0.38;-0.13;-0.05;0.36;0.04;0.00;-0.17;0.30;0.10;0.15;0.05;0.44;-0.01;-0.15;0.44;-0.02;-0.95;0.10;0.60;0.01;-0.66;-0.43;0.08;0.51;0.04;-0.40;0.15;-0.20;-1;0;0;0;0

18.55;18.85;18.48;18.7;21664;-0.04;-0.26;-0.05;-0.14;0.02;-0.38;-0.15;-0.06;-0.39;0.19;-0.53;-0.28;-0.13;-0.77;-0.18;0.10;-0.44;0.26;-0.17;-0.05;0.15;-0.34;0.24;-0.05;-0.29;-0.11;-0.06;0.22;0.07;-0.48;0.30;-0.45;0.04;-0.06;0.02;-0.15;0.16;-0.16;-1.51;0.06;-0.19;-0.07;0.06;0.00;0.60;-0.10;-0.20;0.11;-0.36;-0.86;-0.45;-0.12;-0.54;-0.38;-0.13;-0.05;0.36;0.04;0.00;-0.17;0.30;0.10;0.15;0.05;0.44;-0.01;-0.15;0.44;-0.02;-0.95;0.10;0.60;0.01;-0.66;-0.43;0.08;0.51;0.04;-0.40;0.15;+1;0;0;0;0

18.6;18.78;18.4;18.61;21269;0.05;-0.04;-0.26;-0.05;-0.14;0.02;-0.38;-0.15;-0.06;-0.39;0.19;-0.53;-0.28;-0.13;-0.77;-0.18;0.10;-0.44;0.26;-0.17;-0.05;0.15;-0.34;0.24;-0.05;-0.29;-0.11;-0.06;0.22;0.07;-0.48;0.30;-0.45;0.04;-0.06;0.02;-0.15;0.16;-0.16;-1.51;0.06;-0.19;-0.07;0.06;0.00;0.60;-0.10;-0.20;0.11;-0.36;-0.86;-0.45;-0.12;-0.54;-0.38;-0.13;-0.05;0.36;0.04;0.00;-0.17;0.30;0.10;0.15;0.05;0.44;-0.01;-0.15;0.44;-0.02;-0.95;0.10;0.60;0.01;-0.66;-0.43;0.08;0.51;0.04;-0.40;+1;0;0;0;0

18.88;18.98;18.63;18.63;34976;0.28;0.05;-0.04;-0.26;-0.05;-0.14;0.02;-0.38;-0.15;-0.06;-0.39;0.19;-0.53;-0.28;-0.13;-0.77;-0.18;0.10;-0.44;0.26;-0.17;-0.05;0.15;-0.34;0.24;-0.05;-0.29;-0.11;-0.06;0.22;0.07;-0.48;0.30;-0.45;0.04;-0.06;0.02;-0.15;0.16;-0.16;-1.51;0.06;-0.19;-0.07;0.06;0.00;0.60;-0.10;-0.20;0.11;-0.36;-0.86;-0.45;-0.12;-0.54;-0.38;-0.13;-0.05;0.36;0.04;0.00;-0.17;0.30;0.10;0.15;0.05;0.44;-0.01;-0.15;0.44;-0.02;-0.95;0.10;0.60;0.01;-0.66;-0.43;0.08;0.51;0.04;+1;0;0;0;0

19.25;19.66;18.76;19;48218;0.37;0.28;0.05;-0.04;-0.26;-0.05;-0.14;0.02;-0.38;-0.15;-0.06;-0.39;0.19;-0.53;-0.28;-0.13;-0.77;-0.18;0.10;-0.44;0.26;-0.17;-0.05;0.15;-0.34;0.24;-0.05;-0.29;-0.11;-0.06;0.22;0.07;-0.48;0.30;-0.45;0.04;-0.06;0.02;-0.15;0.16;-0.16;-1.51;0.06;-0.19;-0.07;0.06;0.00;0.60;-0.10;-0.20;0.11;-0.36;-0.86;-0.45;-0.12;-0.54;-0.38;-0.13;-0.05;0.36;0.04;0.00;-0.17;0.30;0.10;0.15;0.05;0.44;-0.01;-0.15;0.44;-0.02;-0.95;0.10;0.60;0.01;-0.66;-0.43;0.08;0.51;-1;0;0;0;0

19.19;19.55;18.91;19.41;27671;-0.06;0.37;0.28;0.05;-0.04;-0.26;-0.05;-0.14;0.02;-0.38;-0.15;-0.06;-0.39;0.19;-0.53;-0.28;-0.13;-0.77;-0.18;0.10;-0.44;0.26;-0.17;-0.05;0.15;-0.34;0.24;-0.05;-0.29;-0.11;-0.06;0.22;0.07;-0.48;0.30;-0.45;0.04;-0.06;0.02;-0.15;0.16;-0.16;-1.51;0.06;-0.19;-0.07;0.06;0.00;0.60;-0.10;-0.20;0.11;-0.36;-0.86;-0.45;-0.12;-0.54;-0.38;-0.13;-0.05;0.36;0.04;0.00;-0.17;0.30;0.10;0.15;0.05;0.44;-0.01;-0.15;0.44;-0.02;-0.95;0.10;0.60;0.01;-0.66;-0.43;0.08;+1;0;0;0;0

19.27;19.44;18.96;19.19;33740;0.08;-0.06;0.37;0.28;0.05;-0.04;-0.26;-0.05;-0.14;0.02;-0.38;-0.15;-0.06;-0.39;0.19;-0.53;-0.28;-0.13;-0.77;-0.18;0.10;-0.44;0.26;-0.17;-0.05;0.15;-0.34;0.24;-0.05;-0.29;-0.11;-0.06;0.22;0.07;-0.48;0.30;-0.45;0.04;-0.06;0.02;-0.15;0.16;-0.16;-1.51;0.06;-0.19;-0.07;0.06;0.00;0.60;-0.10;-0.20;0.11;-0.36;-0.86;-0.45;-0.12;-0.54;-0.38;-0.13;-0.05;0.36;0.04;0.00;-0.17;0.30;0.10;0.15;0.05;0.44;-0.01;-0.15;0.44;-0.02;-0.95;0.10;0.60;0.01;-0.66;-0.43;+1;0;0;0;0

19.55;19.56;19.2;19.28;13675;0.28;0.08;-0.06;0.37;0.28;0.05;-0.04;-0.26;-0.05;-0.14;0.02;-0.38;-0.15;-0.06;-0.39;0.19;-0.53;-0.28;-0.13;-0.77;-0.18;0.10;-0.44;0.26;-0.17;-0.05;0.15;-0.34;0.24;-0.05;-0.29;-0.11;-0.06;0.22;0.07;-0.48;0.30;-0.45;0.04;-0.06;0.02;-0.15;0.16;-0.16;-1.51;0.06;-0.19;-0.07;0.06;0.00;0.60;-0.10;-0.20;0.11;-0.36;-0.86;-0.45;-0.12;-0.54;-0.38;-0.13;-0.05;0.36;0.04;0.00;-0.17;0.30;0.10;0.15;0.05;0.44;-0.01;-0.15;0.44;-0.02;-0.95;0.10;0.60;0.01;-0.66;-1;0;0;0;0

19.35;19.8;19.27;19.53;31808;-0.20;0.28;0.08;-0.06;0.37;0.28;0.05;-0.04;-0.26;-0.05;-0.14;0.02;-0.38;-0.15;-0.06;-0.39;0.19;-0.53;-0.28;-0.13;-0.77;-0.18;0.10;-0.44;0.26;-0.17;-0.05;0.15;-0.34;0.24;-0.05;-0.29;-0.11;-0.06;0.22;0.07;-0.48;0.30;-0.45;0.04;-0.06;0.02;-0.15;0.16;-0.16;-1.51;0.06;-0.19;-0.07;0.06;0.00;0.60;-0.10;-0.20;0.11;-0.36;-0.86;-0.45;-0.12;-0.54;-0.38;-0.13;-0.05;0.36;0.04;0.00;-0.17;0.30;0.10;0.15;0.05;0.44;-0.01;-0.15;0.44;-0.02;-0.95;0.10;0.60;0.01;-1;0;0;0;0

19.1;19.31;18.96;19.25;19118;-0.25;-0.20;0.28;0.08;-0.06;0.37;0.28;0.05;-0.04;-0.26;-0.05;-0.14;0.02;-0.38;-0.15;-0.06;-0.39;0.19;-0.53;-0.28;-0.13;-0.77;-0.18;0.10;-0.44;0.26;-0.17;-0.05;0.15;-0.34;0.24;-0.05;-0.29;-0.11;-0.06;0.22;0.07;-0.48;0.30;-0.45;0.04;-0.06;0.02;-0.15;0.16;-0.16;-1.51;0.06;-0.19;-0.07;0.06;0.00;0.60;-0.10;-0.20;0.11;-0.36;-0.86;-0.45;-0.12;-0.54;-0.38;-0.13;-0.05;0.36;0.04;0.00;-0.17;0.30;0.10;0.15;0.05;0.44;-0.01;-0.15;0.44;-0.02;-0.95;0.10;0.60;+1;0;0;0;0

19.45;19.48;19.2;19.35;25247;0.35;-0.25;-0.20;0.28;0.08;-0.06;0.37;0.28;0.05;-0.04;-0.26;-0.05;-0.14;0.02;-0.38;-0.15;-0.06;-0.39;0.19;-0.53;-0.28;-0.13;-0.77;-0.18;0.10;-0.44;0.26;-0.17;-0.05;0.15;-0.34;0.24;-0.05;-0.29;-0.11;-0.06;0.22;0.07;-0.48;0.30;-0.45;0.04;-0.06;0.02;-0.15;0.16;-0.16;-1.51;0.06;-0.19;-0.07;0.06;0.00;0.60;-0.10;-0.20;0.11;-0.36;-0.86;-0.45;-0.12;-0.54;-0.38;-0.13;-0.05;0.36;0.04;0.00;-0.17;0.30;0.10;0.15;0.05;0.44;-0.01;-0.15;0.44;-0.02;-0.95;0.10;-1;0;0;0;0

19;19.3;18.82;19.2;34552;-0.45;0.35;-0.25;-0.20;0.28;0.08;-0.06;0.37;0.28;0.05;-0.04;-0.26;-0.05;-0.14;0.02;-0.38;-0.15;-0.06;-0.39;0.19;-0.53;-0.28;-0.13;-0.77;-0.18;0.10;-0.44;0.26;-0.17;-0.05;0.15;-0.34;0.24;-0.05;-0.29;-0.11;-0.06;0.22;0.07;-0.48;0.30;-0.45;0.04;-0.06;0.02;-0.15;0.16;-0.16;-1.51;0.06;-0.19;-0.07;0.06;0.00;0.60;-0.10;-0.20;0.11;-0.36;-0.86;-0.45;-0.12;-0.54;-0.38;-0.13;-0.05;0.36;0.04;0.00;-0.17;0.30;0.10;0.15;0.05;0.44;-0.01;-0.15;0.44;-0.02;-0.95;-1;0;0;0;0

18.33;18.83;18.21;18.75;34872;-0.67;-0.45;0.35;-0.25;-0.20;0.28;0.08;-0.06;0.37;0.28;0.05;-0.04;-0.26;-0.05;-0.14;0.02;-0.38;-0.15;-0.06;-0.39;0.19;-0.53;-0.28;-0.13;-0.77;-0.18;0.10;-0.44;0.26;-0.17;-0.05;0.15;-0.34;0.24;-0.05;-0.29;-0.11;-0.06;0.22;0.07;-0.48;0.30;-0.45;0.04;-0.06;0.02;-0.15;0.16;-0.16;-1.51;0.06;-0.19;-0.07;0.06;0.00;0.60;-0.10;-0.20;0.11;-0.36;-0.86;-0.45;-0.12;-0.54;-0.38;-0.13;-0.05;0.36;0.04;0.00;-0.17;0.30;0.10;0.15;0.05;0.44;-0.01;-0.15;0.44;-0.02;-1;0;0;0;0

17.9;18.38;17.9;18.21;30837;-0.43;-0.67;-0.45;0.35;-0.25;-0.20;0.28;0.08;-0.06;0.37;0.28;0.05;-0.04;-0.26;-0.05;-0.14;0.02;-0.38;-0.15;-0.06;-0.39;0.19;-0.53;-0.28;-0.13;-0.77;-0.18;0.10;-0.44;0.26;-0.17;-0.05;0.15;-0.34;0.24;-0.05;-0.29;-0.11;-0.06;0.22;0.07;-0.48;0.30;-0.45;0.04;-0.06;0.02;-0.15;0.16;-0.16;-1.51;0.06;-0.19;-0.07;0.06;0.00;0.60;-0.10;-0.20;0.11;-0.36;-0.86;-0.45;-0.12;-0.54;-0.38;-0.13;-0.05;0.36;0.04;0.00;-0.17;0.30;0.10;0.15;0.05;0.44;-0.01;-0.15;0.44;+1;0;0;0;0

18.24;18.42;17.83;17.83;21776;0.34;-0.43;-0.67;-0.45;0.35;-0.25;-0.20;0.28;0.08;-0.06;0.37;0.28;0.05;-0.04;-0.26;-0.05;-0.14;0.02;-0.38;-0.15;-0.06;-0.39;0.19;-0.53;-0.28;-0.13;-0.77;-0.18;0.10;-0.44;0.26;-0.17;-0.05;0.15;-0.34;0.24;-0.05;-0.29;-0.11;-0.06;0.22;0.07;-0.48;0.30;-0.45;0.04;-0.06;0.02;-0.15;0.16;-0.16;-1.51;0.06;-0.19;-0.07;0.06;0.00;0.60;-0.10;-0.20;0.11;-0.36;-0.86;-0.45;-0.12;-0.54;-0.38;-0.13;-0.05;0.36;0.04;0.00;-0.17;0.30;0.10;0.15;0.05;0.44;-0.01;-0.15;-1;0;0;0;0

17.69;18.25;17.56;18.24;32476;-0.55;0.34;-0.43;-0.67;-0.45;0.35;-0.25;-0.20;0.28;0.08;-0.06;0.37;0.28;0.05;-0.04;-0.26;-0.05;-0.14;0.02;-0.38;-0.15;-0.06;-0.39;0.19;-0.53;-0.28;-0.13;-0.77;-0.18;0.10;-0.44;0.26;-0.17;-0.05;0.15;-0.34;0.24;-0.05;-0.29;-0.11;-0.06;0.22;0.07;-0.48;0.30;-0.45;0.04;-0.06;0.02;-0.15;0.16;-0.16;-1.51;0.06;-0.19;-0.07;0.06;0.00;0.60;-0.10;-0.20;0.11;-0.36;-0.86;-0.45;-0.12;-0.54;-0.38;-0.13;-0.05;0.36;0.04;0.00;-0.17;0.30;0.10;0.15;0.05;0.44;-0.01;-1;0;0;0;0

17.28;17.82;17.14;17.69;25720;-0.41;-0.55;0.34;-0.43;-0.67;-0.45;0.35;-0.25;-0.20;0.28;0.08;-0.06;0.37;0.28;0.05;-0.04;-0.26;-0.05;-0.14;0.02;-0.38;-0.15;-0.06;-0.39;0.19;-0.53;-0.28;-0.13;-0.77;-0.18;0.10;-0.44;0.26;-0.17;-0.05;0.15;-0.34;0.24;-0.05;-0.29;-0.11;-0.06;0.22;0.07;-0.48;0.30;-0.45;0.04;-0.06;0.02;-0.15;0.16;-0.16;-1.51;0.06;-0.19;-0.07;0.06;0.00;0.60;-0.10;-0.20;0.11;-0.36;-0.86;-0.45;-0.12;-0.54;-0.38;-0.13;-0.05;0.36;0.04;0.00;-0.17;0.30;0.10;0.15;0.05;0.44;-1;0;0;0;0

16.95;17.25;16.85;17.06;26454;-0.33;-0.41;-0.55;0.34;-0.43;-0.67;-0.45;0.35;-0.25;-0.20;0.28;0.08;-0.06;0.37;0.28;0.05;-0.04;-0.26;-0.05;-0.14;0.02;-0.38;-0.15;-0.06;-0.39;0.19;-0.53;-0.28;-0.13;-0.77;-0.18;0.10;-0.44;0.26;-0.17;-0.05;0.15;-0.34;0.24;-0.05;-0.29;-0.11;-0.06;0.22;0.07;-0.48;0.30;-0.45;0.04;-0.06;0.02;-0.15;0.16;-0.16;-1.51;0.06;-0.19;-0.07;0.06;0.00;0.60;-0.10;-0.20;0.11;-0.36;-0.86;-0.45;-0.12;-0.54;-0.38;-0.13;-0.05;0.36;0.04;0.00;-0.17;0.30;0.10;0.15;0.05;+1;0;0;0;0

17.16;17.4;16.81;17.08;34741;0.21;-0.33;-0.41;-0.55;0.34;-0.43;-0.67;-0.45;0.35;-0.25;-0.20;0.28;0.08;-0.06;0.37;0.28;0.05;-0.04;-0.26;-0.05;-0.14;0.02;-0.38;-0.15;-0.06;-0.39;0.19;-0.53;-0.28;-0.13;-0.77;-0.18;0.10;-0.44;0.26;-0.17;-0.05;0.15;-0.34;0.24;-0.05;-0.29;-0.11;-0.06;0.22;0.07;-0.48;0.30;-0.45;0.04;-0.06;0.02;-0.15;0.16;-0.16;-1.51;0.06;-0.19;-0.07;0.06;0.00;0.60;-0.10;-0.20;0.11;-0.36;-0.86;-0.45;-0.12;-0.54;-0.38;-0.13;-0.05;0.36;0.04;0.00;-0.17;0.30;0.10;0.15;-1;0;0;0;0

16.91;17.45;16.91;17.31;27220;-0.25;0.21;-0.33;-0.41;-0.55;0.34;-0.43;-0.67;-0.45;0.35;-0.25;-0.20;0.28;0.08;-0.06;0.37;0.28;0.05;-0.04;-0.26;-0.05;-0.14;0.02;-0.38;-0.15;-0.06;-0.39;0.19;-0.53;-0.28;-0.13;-0.77;-0.18;0.10;-0.44;0.26;-0.17;-0.05;0.15;-0.34;0.24;-0.05;-0.29;-0.11;-0.06;0.22;0.07;-0.48;0.30;-0.45;0.04;-0.06;0.02;-0.15;0.16;-0.16;-1.51;0.06;-0.19;-0.07;0.06;0.00;0.60;-0.10;-0.20;0.11;-0.36;-0.86;-0.45;-0.12;-0.54;-0.38;-0.13;-0.05;0.36;0.04;0.00;-0.17;0.30;0.10;+1;0;0;0;0

17.25;17.45;16.81;17.01;38502;0.34;-0.25;0.21;-0.33;-0.41;-0.55;0.34;-0.43;-0.67;-0.45;0.35;-0.25;-0.20;0.28;0.08;-0.06;0.37;0.28;0.05;-0.04;-0.26;-0.05;-0.14;0.02;-0.38;-0.15;-0.06;-0.39;0.19;-0.53;-0.28;-0.13;-0.77;-0.18;0.10;-0.44;0.26;-0.17;-0.05;0.15;-0.34;0.24;-0.05;-0.29;-0.11;-0.06;0.22;0.07;-0.48;0.30;-0.45;0.04;-0.06;0.02;-0.15;0.16;-0.16;-1.51;0.06;-0.19;-0.07;0.06;0.00;0.60;-0.10;-0.20;0.11;-0.36;-0.86;-0.45;-0.12;-0.54;-0.38;-0.13;-0.05;0.36;0.04;0.00;-0.17;0.30;-1;0;0;0;0

17;17.63;16.99;17.25;29207;-0.25;0.34;-0.25;0.21;-0.33;-0.41;-0.55;0.34;-0.43;-0.67;-0.45;0.35;-0.25;-0.20;0.28;0.08;-0.06;0.37;0.28;0.05;-0.04;-0.26;-0.05;-0.14;0.02;-0.38;-0.15;-0.06;-0.39;0.19;-0.53;-0.28;-0.13;-0.77;-0.18;0.10;-0.44;0.26;-0.17;-0.05;0.15;-0.34;0.24;-0.05;-0.29;-0.11;-0.06;0.22;0.07;-0.48;0.30;-0.45;0.04;-0.06;0.02;-0.15;0.16;-0.16;-1.51;0.06;-0.19;-0.07;0.06;0.00;0.60;-0.10;-0.20;0.11;-0.36;-0.86;-0.45;-0.12;-0.54;-0.38;-0.13;-0.05;0.36;0.04;0.00;-0.17;-1;0;0;0;0

16.64;17.1;16.64;16.9;38156;-0.36;-0.25;0.34;-0.25;0.21;-0.33;-0.41;-0.55;0.34;-0.43;-0.67;-0.45;0.35;-0.25;-0.20;0.28;0.08;-0.06;0.37;0.28;0.05;-0.04;-0.26;-0.05;-0.14;0.02;-0.38;-0.15;-0.06;-0.39;0.19;-0.53;-0.28;-0.13;-0.77;-0.18;0.10;-0.44;0.26;-0.17;-0.05;0.15;-0.34;0.24;-0.05;-0.29;-0.11;-0.06;0.22;0.07;-0.48;0.30;-0.45;0.04;-0.06;0.02;-0.15;0.16;-0.16;-1.51;0.06;-0.19;-0.07;0.06;0.00;0.60;-0.10;-0.20;0.11;-0.36;-0.86;-0.45;-0.12;-0.54;-0.38;-0.13;-0.05;0.36;0.04;0.00;-1;0;0;0;0

16.3;16.72;16.26;16.65;37173;-0.34;-0.36;-0.25;0.34;-0.25;0.21;-0.33;-0.41;-0.55;0.34;-0.43;-0.67;-0.45;0.35;-0.25;-0.20;0.28;0.08;-0.06;0.37;0.28;0.05;-0.04;-0.26;-0.05;-0.14;0.02;-0.38;-0.15;-0.06;-0.39;0.19;-0.53;-0.28;-0.13;-0.77;-0.18;0.10;-0.44;0.26;-0.17;-0.05;0.15;-0.34;0.24;-0.05;-0.29;-0.11;-0.06;0.22;0.07;-0.48;0.30;-0.45;0.04;-0.06;0.02;-0.15;0.16;-0.16;-1.51;0.06;-0.19;-0.07;0.06;0.00;0.60;-0.10;-0.20;0.11;-0.36;-0.86;-0.45;-0.12;-0.54;-0.38;-0.13;-0.05;0.36;0.04;-1;0;0;0;0

16.25;16.46;15.91;16.08;40404;-0.05;-0.34;-0.36;-0.25;0.34;-0.25;0.21;-0.33;-0.41;-0.55;0.34;-0.43;-0.67;-0.45;0.35;-0.25;-0.20;0.28;0.08;-0.06;0.37;0.28;0.05;-0.04;-0.26;-0.05;-0.14;0.02;-0.38;-0.15;-0.06;-0.39;0.19;-0.53;-0.28;-0.13;-0.77;-0.18;0.10;-0.44;0.26;-0.17;-0.05;0.15;-0.34;0.24;-0.05;-0.29;-0.11;-0.06;0.22;0.07;-0.48;0.30;-0.45;0.04;-0.06;0.02;-0.15;0.16;-0.16;-1.51;0.06;-0.19;-0.07;0.06;0.00;0.60;-0.10;-0.20;0.11;-0.36;-0.86;-0.45;-0.12;-0.54;-0.38;-0.13;-0.05;0.36;+1;0;0;0;0

16.28;16.56;16.17;16.25;23596;0.03;-0.05;-0.34;-0.36;-0.25;0.34;-0.25;0.21;-0.33;-0.41;-0.55;0.34;-0.43;-0.67;-0.45;0.35;-0.25;-0.20;0.28;0.08;-0.06;0.37;0.28;0.05;-0.04;-0.26;-0.05;-0.14;0.02;-0.38;-0.15;-0.06;-0.39;0.19;-0.53;-0.28;-0.13;-0.77;-0.18;0.10;-0.44;0.26;-0.17;-0.05;0.15;-0.34;0.24;-0.05;-0.29;-0.11;-0.06;0.22;0.07;-0.48;0.30;-0.45;0.04;-0.06;0.02;-0.15;0.16;-0.16;-1.51;0.06;-0.19;-0.07;0.06;0.00;0.60;-0.10;-0.20;0.11;-0.36;-0.86;-0.45;-0.12;-0.54;-0.38;-0.13;-0.05;-1;0;0;0;0

16.18;16.36;16.07;16.18;35029;-0.10;0.03;-0.05;-0.34;-0.36;-0.25;0.34;-0.25;0.21;-0.33;-0.41;-0.55;0.34;-0.43;-0.67;-0.45;0.35;-0.25;-0.20;0.28;0.08;-0.06;0.37;0.28;0.05;-0.04;-0.26;-0.05;-0.14;0.02;-0.38;-0.15;-0.06;-0.39;0.19;-0.53;-0.28;-0.13;-0.77;-0.18;0.10;-0.44;0.26;-0.17;-0.05;0.15;-0.34;0.24;-0.05;-0.29;-0.11;-0.06;0.22;0.07;-0.48;0.30;-0.45;0.04;-0.06;0.02;-0.15;0.16;-0.16;-1.51;0.06;-0.19;-0.07;0.06;0.00;0.60;-0.10;-0.20;0.11;-0.36;-0.86;-0.45;-0.12;-0.54;-0.38;-0.13;-1;0;0;0;0

15.8;16.4;15.78;16.3;25896;-0.38;-0.10;0.03;-0.05;-0.34;-0.36;-0.25;0.34;-0.25;0.21;-0.33;-0.41;-0.55;0.34;-0.43;-0.67;-0.45;0.35;-0.25;-0.20;0.28;0.08;-0.06;0.37;0.28;0.05;-0.04;-0.26;-0.05;-0.14;0.02;-0.38;-0.15;-0.06;-0.39;0.19;-0.53;-0.28;-0.13;-0.77;-0.18;0.10;-0.44;0.26;-0.17;-0.05;0.15;-0.34;0.24;-0.05;-0.29;-0.11;-0.06;0.22;0.07;-0.48;0.30;-0.45;0.04;-0.06;0.02;-0.15;0.16;-0.16;-1.51;0.06;-0.19;-0.07;0.06;0.00;0.60;-0.10;-0.20;0.11;-0.36;-0.86;-0.45;-0.12;-0.54;-0.38;-1;0;0;0;0

15.52;16.2;15.4;15.73;26422;-0.28;-0.38;-0.10;0.03;-0.05;-0.34;-0.36;-0.25;0.34;-0.25;0.21;-0.33;-0.41;-0.55;0.34;-0.43;-0.67;-0.45;0.35;-0.25;-0.20;0.28;0.08;-0.06;0.37;0.28;0.05;-0.04;-0.26;-0.05;-0.14;0.02;-0.38;-0.15;-0.06;-0.39;0.19;-0.53;-0.28;-0.13;-0.77;-0.18;0.10;-0.44;0.26;-0.17;-0.05;0.15;-0.34;0.24;-0.05;-0.29;-0.11;-0.06;0.22;0.07;-0.48;0.30;-0.45;0.04;-0.06;0.02;-0.15;0.16;-0.16;-1.51;0.06;-0.19;-0.07;0.06;0.00;0.60;-0.10;-0.20;0.11;-0.36;-0.86;-0.45;-0.12;-0.54;+1;0;0;0;0

15.56;15.89;15.01;15.6;56980;0.04;-0.28;-0.38;-0.10;0.03;-0.05;-0.34;-0.36;-0.25;0.34;-0.25;0.21;-0.33;-0.41;-0.55;0.34;-0.43;-0.67;-0.45;0.35;-0.25;-0.20;0.28;0.08;-0.06;0.37;0.28;0.05;-0.04;-0.26;-0.05;-0.14;0.02;-0.38;-0.15;-0.06;-0.39;0.19;-0.53;-0.28;-0.13;-0.77;-0.18;0.10;-0.44;0.26;-0.17;-0.05;0.15;-0.34;0.24;-0.05;-0.29;-0.11;-0.06;0.22;0.07;-0.48;0.30;-0.45;0.04;-0.06;0.02;-0.15;0.16;-0.16;-1.51;0.06;-0.19;-0.07;0.06;0.00;0.60;-0.10;-0.20;0.11;-0.36;-0.86;-0.45;-0.12;-1;0;0;0;0

14.3;15.16;14.3;15.05;80494;-1.26;0.04;-0.28;-0.38;-0.10;0.03;-0.05;-0.34;-0.36;-0.25;0.34;-0.25;0.21;-0.33;-0.41;-0.55;0.34;-0.43;-0.67;-0.45;0.35;-0.25;-0.20;0.28;0.08;-0.06;0.37;0.28;0.05;-0.04;-0.26;-0.05;-0.14;0.02;-0.38;-0.15;-0.06;-0.39;0.19;-0.53;-0.28;-0.13;-0.77;-0.18;0.10;-0.44;0.26;-0.17;-0.05;0.15;-0.34;0.24;-0.05;-0.29;-0.11;-0.06;0.22;0.07;-0.48;0.30;-0.45;0.04;-0.06;0.02;-0.15;0.16;-0.16;-1.51;0.06;-0.19;-0.07;0.06;0.00;0.60;-0.10;-0.20;0.11;-0.36;-0.86;-0.45;+1;0;0;0;0

14.49;14.79;13.75;14.2;59238;0.19;-1.26;0.04;-0.28;-0.38;-0.10;0.03;-0.05;-0.34;-0.36;-0.25;0.34;-0.25;0.21;-0.33;-0.41;-0.55;0.34;-0.43;-0.67;-0.45;0.35;-0.25;-0.20;0.28;0.08;-0.06;0.37;0.28;0.05;-0.04;-0.26;-0.05;-0.14;0.02;-0.38;-0.15;-0.06;-0.39;0.19;-0.53;-0.28;-0.13;-0.77;-0.18;0.10;-0.44;0.26;-0.17;-0.05;0.15;-0.34;0.24;-0.05;-0.29;-0.11;-0.06;0.22;0.07;-0.48;0.30;-0.45;0.04;-0.06;0.02;-0.15;0.16;-0.16;-1.51;0.06;-0.19;-0.07;0.06;0.00;0.60;-0.10;-0.20;0.11;-0.36;-0.86;-1;0;0;0;0

12.8;13.96;12.8;13.68;63808;-1.69;0.19;-1.26;0.04;-0.28;-0.38;-0.10;0.03;-0.05;-0.34;-0.36;-0.25;0.34;-0.25;0.21;-0.33;-0.41;-0.55;0.34;-0.43;-0.67;-0.45;0.35;-0.25;-0.20;0.28;0.08;-0.06;0.37;0.28;0.05;-0.04;-0.26;-0.05;-0.14;0.02;-0.38;-0.15;-0.06;-0.39;0.19;-0.53;-0.28;-0.13;-0.77;-0.18;0.10;-0.44;0.26;-0.17;-0.05;0.15;-0.34;0.24;-0.05;-0.29;-0.11;-0.06;0.22;0.07;-0.48;0.30;-0.45;0.04;-0.06;0.02;-0.15;0.16;-0.16;-1.51;0.06;-0.19;-0.07;0.06;0.00;0.60;-0.10;-0.20;0.11;-0.36;+1;0;0;0;0

13.7;13.74;12.84;13.06;68444;0.90;-1.69;0.19;-1.26;0.04;-0.28;-0.38;-0.10;0.03;-0.05;-0.34;-0.36;-0.25;0.34;-0.25;0.21;-0.33;-0.41;-0.55;0.34;-0.43;-0.67;-0.45;0.35;-0.25;-0.20;0.28;0.08;-0.06;0.37;0.28;0.05;-0.04;-0.26;-0.05;-0.14;0.02;-0.38;-0.15;-0.06;-0.39;0.19;-0.53;-0.28;-0.13;-0.77;-0.18;0.10;-0.44;0.26;-0.17;-0.05;0.15;-0.34;0.24;-0.05;-0.29;-0.11;-0.06;0.22;0.07;-0.48;0.30;-0.45;0.04;-0.06;0.02;-0.15;0.16;-0.16;-1.51;0.06;-0.19;-0.07;0.06;0.00;0.60;-0.10;-0.20;0.11;-1;0;0;0;0

13.5;13.85;13.22;13.68;61919;-0.20;0.90;-1.69;0.19;-1.26;0.04;-0.28;-0.38;-0.10;0.03;-0.05;-0.34;-0.36;-0.25;0.34;-0.25;0.21;-0.33;-0.41;-0.55;0.34;-0.43;-0.67;-0.45;0.35;-0.25;-0.20;0.28;0.08;-0.06;0.37;0.28;0.05;-0.04;-0.26;-0.05;-0.14;0.02;-0.38;-0.15;-0.06;-0.39;0.19;-0.53;-0.28;-0.13;-0.77;-0.18;0.10;-0.44;0.26;-0.17;-0.05;0.15;-0.34;0.24;-0.05;-0.29;-0.11;-0.06;0.22;0.07;-0.48;0.30;-0.45;0.04;-0.06;0.02;-0.15;0.16;-0.16;-1.51;0.06;-0.19;-0.07;0.06;0.00;0.60;-0.10;-0.20;+1;0;0;0;0

14.64;14.97;13.52;13.65;58290;1.14;-0.20;0.90;-1.69;0.19;-1.26;0.04;-0.28;-0.38;-0.10;0.03;-0.05;-0.34;-0.36;-0.25;0.34;-0.25;0.21;-0.33;-0.41;-0.55;0.34;-0.43;-0.67;-0.45;0.35;-0.25;-0.20;0.28;0.08;-0.06;0.37;0.28;0.05;-0.04;-0.26;-0.05;-0.14;0.02;-0.38;-0.15;-0.06;-0.39;0.19;-0.53;-0.28;-0.13;-0.77;-0.18;0.10;-0.44;0.26;-0.17;-0.05;0.15;-0.34;0.24;-0.05;-0.29;-0.11;-0.06;0.22;0.07;-0.48;0.30;-0.45;0.04;-0.06;0.02;-0.15;0.16;-0.16;-1.51;0.06;-0.19;-0.07;0.06;0.00;0.60;-0.10;+1;0;0;0;0

15;15.29;14.42;14.85;80901;0.36;1.14;-0.20;0.90;-1.69;0.19;-1.26;0.04;-0.28;-0.38;-0.10;0.03;-0.05;-0.34;-0.36;-0.25;0.34;-0.25;0.21;-0.33;-0.41;-0.55;0.34;-0.43;-0.67;-0.45;0.35;-0.25;-0.20;0.28;0.08;-0.06;0.37;0.28;0.05;-0.04;-0.26;-0.05;-0.14;0.02;-0.38;-0.15;-0.06;-0.39;0.19;-0.53;-0.28;-0.13;-0.77;-0.18;0.10;-0.44;0.26;-0.17;-0.05;0.15;-0.34;0.24;-0.05;-0.29;-0.11;-0.06;0.22;0.07;-0.48;0.30;-0.45;0.04;-0.06;0.02;-0.15;0.16;-0.16;-1.51;0.06;-0.19;-0.07;0.06;0.00;0.60;+1;0;0;0;0

15.4;15.72;15.27;15.39;49116;0.40;0.36;1.14;-0.20;0.90;-1.69;0.19;-1.26;0.04;-0.28;-0.38;-0.10;0.03;-0.05;-0.34;-0.36;-0.25;0.34;-0.25;0.21;-0.33;-0.41;-0.55;0.34;-0.43;-0.67;-0.45;0.35;-0.25;-0.20;0.28;0.08;-0.06;0.37;0.28;0.05;-0.04;-0.26;-0.05;-0.14;0.02;-0.38;-0.15;-0.06;-0.39;0.19;-0.53;-0.28;-0.13;-0.77;-0.18;0.10;-0.44;0.26;-0.17;-0.05;0.15;-0.34;0.24;-0.05;-0.29;-0.11;-0.06;0.22;0.07;-0.48;0.30;-0.45;0.04;-0.06;0.02;-0.15;0.16;-0.16;-1.51;0.06;-0.19;-0.07;0.06;0.00;-1;0;0;0;0

14.87;15.19;14.67;15;44767;-0.53;0.40;0.36;1.14;-0.20;0.90;-1.69;0.19;-1.26;0.04;-0.28;-0.38;-0.10;0.03;-0.05;-0.34;-0.36;-0.25;0.34;-0.25;0.21;-0.33;-0.41;-0.55;0.34;-0.43;-0.67;-0.45;0.35;-0.25;-0.20;0.28;0.08;-0.06;0.37;0.28;0.05;-0.04;-0.26;-0.05;-0.14;0.02;-0.38;-0.15;-0.06;-0.39;0.19;-0.53;-0.28;-0.13;-0.77;-0.18;0.10;-0.44;0.26;-0.17;-0.05;0.15;-0.34;0.24;-0.05;-0.29;-0.11;-0.06;0.22;0.07;-0.48;0.30;-0.45;0.04;-0.06;0.02;-0.15;0.16;-0.16;-1.51;0.06;-0.19;-0.07;0.06;-1;0;0;0;0

14.87;15.04;14.38;15.04;60784;0.00;-0.53;0.40;0.36;1.14;-0.20;0.90;-1.69;0.19;-1.26;0.04;-0.28;-0.38;-0.10;0.03;-0.05;-0.34;-0.36;-0.25;0.34;-0.25;0.21;-0.33;-0.41;-0.55;0.34;-0.43;-0.67;-0.45;0.35;-0.25;-0.20;0.28;0.08;-0.06;0.37;0.28;0.05;-0.04;-0.26;-0.05;-0.14;0.02;-0.38;-0.15;-0.06;-0.39;0.19;-0.53;-0.28;-0.13;-0.77;-0.18;0.10;-0.44;0.26;-0.17;-0.05;0.15;-0.34;0.24;-0.05;-0.29;-0.11;-0.06;0.22;0.07;-0.48;0.30;-0.45;0.04;-0.06;0.02;-0.15;0.16;-0.16;-1.51;0.06;-0.19;-0.07;-1;0;0;0;0

14.45;14.48;13.95;14.36;37890;-0.42;0.00;-0.53;0.40;0.36;1.14;-0.20;0.90;-1.69;0.19;-1.26;0.04;-0.28;-0.38;-0.10;0.03;-0.05;-0.34;-0.36;-0.25;0.34;-0.25;0.21;-0.33;-0.41;-0.55;0.34;-0.43;-0.67;-0.45;0.35;-0.25;-0.20;0.28;0.08;-0.06;0.37;0.28;0.05;-0.04;-0.26;-0.05;-0.14;0.02;-0.38;-0.15;-0.06;-0.39;0.19;-0.53;-0.28;-0.13;-0.77;-0.18;0.10;-0.44;0.26;-0.17;-0.05;0.15;-0.34;0.24;-0.05;-0.29;-0.11;-0.06;0.22;0.07;-0.48;0.30;-0.45;0.04;-0.06;0.02;-0.15;0.16;-0.16;-1.51;0.06;-0.19;-1;0;0;0;0

14.05;14.7;14;14.19;40792;-0.40;-0.42;0.00;-0.53;0.40;0.36;1.14;-0.20;0.90;-1.69;0.19;-1.26;0.04;-0.28;-0.38;-0.10;0.03;-0.05;-0.34;-0.36;-0.25;0.34;-0.25;0.21;-0.33;-0.41;-0.55;0.34;-0.43;-0.67;-0.45;0.35;-0.25;-0.20;0.28;0.08;-0.06;0.37;0.28;0.05;-0.04;-0.26;-0.05;-0.14;0.02;-0.38;-0.15;-0.06;-0.39;0.19;-0.53;-0.28;-0.13;-0.77;-0.18;0.10;-0.44;0.26;-0.17;-0.05;0.15;-0.34;0.24;-0.05;-0.29;-0.11;-0.06;0.22;0.07;-0.48;0.30;-0.45;0.04;-0.06;0.02;-0.15;0.16;-0.16;-1.51;0.06;-1;0;0;0;0

13.88;14.54;13.88;14.27;33661;-0.17;-0.40;-0.42;0.00;-0.53;0.40;0.36;1.14;-0.20;0.90;-1.69;0.19;-1.26;0.04;-0.28;-0.38;-0.10;0.03;-0.05;-0.34;-0.36;-0.25;0.34;-0.25;0.21;-0.33;-0.41;-0.55;0.34;-0.43;-0.67;-0.45;0.35;-0.25;-0.20;0.28;0.08;-0.06;0.37;0.28;0.05;-0.04;-0.26;-0.05;-0.14;0.02;-0.38;-0.15;-0.06;-0.39;0.19;-0.53;-0.28;-0.13;-0.77;-0.18;0.10;-0.44;0.26;-0.17;-0.05;0.15;-0.34;0.24;-0.05;-0.29;-0.11;-0.06;0.22;0.07;-0.48;0.30;-0.45;0.04;-0.06;0.02;-0.15;0.16;-0.16;-1.51;+1;0;0;0;0

14.75;14.75;13.76;14.01;41224;0.87;-0.17;-0.40;-0.42;0.00;-0.53;0.40;0.36;1.14;-0.20;0.90;-1.69;0.19;-1.26;0.04;-0.28;-0.38;-0.10;0.03;-0.05;-0.34;-0.36;-0.25;0.34;-0.25;0.21;-0.33;-0.41;-0.55;0.34;-0.43;-0.67;-0.45;0.35;-0.25;-0.20;0.28;0.08;-0.06;0.37;0.28;0.05;-0.04;-0.26;-0.05;-0.14;0.02;-0.38;-0.15;-0.06;-0.39;0.19;-0.53;-0.28;-0.13;-0.77;-0.18;0.10;-0.44;0.26;-0.17;-0.05;0.15;-0.34;0.24;-0.05;-0.29;-0.11;-0.06;0.22;0.07;-0.48;0.30;-0.45;0.04;-0.06;0.02;-0.15;0.16;-0.16;+1;0;0;0;0

14.9;15.04;14.5;14.8;37253;0.15;0.87;-0.17;-0.40;-0.42;0.00;-0.53;0.40;0.36;1.14;-0.20;0.90;-1.69;0.19;-1.26;0.04;-0.28;-0.38;-0.10;0.03;-0.05;-0.34;-0.36;-0.25;0.34;-0.25;0.21;-0.33;-0.41;-0.55;0.34;-0.43;-0.67;-0.45;0.35;-0.25;-0.20;0.28;0.08;-0.06;0.37;0.28;0.05;-0.04;-0.26;-0.05;-0.14;0.02;-0.38;-0.15;-0.06;-0.39;0.19;-0.53;-0.28;-0.13;-0.77;-0.18;0.10;-0.44;0.26;-0.17;-0.05;0.15;-0.34;0.24;-0.05;-0.29;-0.11;-0.06;0.22;0.07;-0.48;0.30;-0.45;0.04;-0.06;0.02;-0.15;0.16;-1;0;0;0;0

14.5;14.98;14.41;14.88;30581;-0.40;0.15;0.87;-0.17;-0.40;-0.42;0.00;-0.53;0.40;0.36;1.14;-0.20;0.90;-1.69;0.19;-1.26;0.04;-0.28;-0.38;-0.10;0.03;-0.05;-0.34;-0.36;-0.25;0.34;-0.25;0.21;-0.33;-0.41;-0.55;0.34;-0.43;-0.67;-0.45;0.35;-0.25;-0.20;0.28;0.08;-0.06;0.37;0.28;0.05;-0.04;-0.26;-0.05;-0.14;0.02;-0.38;-0.15;-0.06;-0.39;0.19;-0.53;-0.28;-0.13;-0.77;-0.18;0.10;-0.44;0.26;-0.17;-0.05;0.15;-0.34;0.24;-0.05;-0.29;-0.11;-0.06;0.22;0.07;-0.48;0.30;-0.45;0.04;-0.06;0.02;-0.15;+1;0;0;0;0

14.6;14.74;14.02;14.32;30513;0.10;-0.40;0.15;0.87;-0.17;-0.40;-0.42;0.00;-0.53;0.40;0.36;1.14;-0.20;0.90;-1.69;0.19;-1.26;0.04;-0.28;-0.38;-0.10;0.03;-0.05;-0.34;-0.36;-0.25;0.34;-0.25;0.21;-0.33;-0.41;-0.55;0.34;-0.43;-0.67;-0.45;0.35;-0.25;-0.20;0.28;0.08;-0.06;0.37;0.28;0.05;-0.04;-0.26;-0.05;-0.14;0.02;-0.38;-0.15;-0.06;-0.39;0.19;-0.53;-0.28;-0.13;-0.77;-0.18;0.10;-0.44;0.26;-0.17;-0.05;0.15;-0.34;0.24;-0.05;-0.29;-0.11;-0.06;0.22;0.07;-0.48;0.30;-0.45;0.04;-0.06;0.02;+1;0;0;0;0

15.23;15.4;14.65;14.88;33855;0.63;0.10;-0.40;0.15;0.87;-0.17;-0.40;-0.42;0.00;-0.53;0.40;0.36;1.14;-0.20;0.90;-1.69;0.19;-1.26;0.04;-0.28;-0.38;-0.10;0.03;-0.05;-0.34;-0.36;-0.25;0.34;-0.25;0.21;-0.33;-0.41;-0.55;0.34;-0.43;-0.67;-0.45;0.35;-0.25;-0.20;0.28;0.08;-0.06;0.37;0.28;0.05;-0.04;-0.26;-0.05;-0.14;0.02;-0.38;-0.15;-0.06;-0.39;0.19;-0.53;-0.28;-0.13;-0.77;-0.18;0.10;-0.44;0.26;-0.17;-0.05;0.15;-0.34;0.24;-0.05;-0.29;-0.11;-0.06;0.22;0.07;-0.48;0.30;-0.45;0.04;-0.06;+1;0;0;0;0

15.43;15.55;14.91;15.15;33292;0.20;0.63;0.10;-0.40;0.15;0.87;-0.17;-0.40;-0.42;0.00;-0.53;0.40;0.36;1.14;-0.20;0.90;-1.69;0.19;-1.26;0.04;-0.28;-0.38;-0.10;0.03;-0.05;-0.34;-0.36;-0.25;0.34;-0.25;0.21;-0.33;-0.41;-0.55;0.34;-0.43;-0.67;-0.45;0.35;-0.25;-0.20;0.28;0.08;-0.06;0.37;0.28;0.05;-0.04;-0.26;-0.05;-0.14;0.02;-0.38;-0.15;-0.06;-0.39;0.19;-0.53;-0.28;-0.13;-0.77;-0.18;0.10;-0.44;0.26;-0.17;-0.05;0.15;-0.34;0.24;-0.05;-0.29;-0.11;-0.06;0.22;0.07;-0.48;0.30;-0.45;0.04;+1;0;0;0;0

15.8;15.99;15.39;15.65;42307;0.37;0.20;0.63;0.10;-0.40;0.15;0.87;-0.17;-0.40;-0.42;0.00;-0.53;0.40;0.36;1.14;-0.20;0.90;-1.69;0.19;-1.26;0.04;-0.28;-0.38;-0.10;0.03;-0.05;-0.34;-0.36;-0.25;0.34;-0.25;0.21;-0.33;-0.41;-0.55;0.34;-0.43;-0.67;-0.45;0.35;-0.25;-0.20;0.28;0.08;-0.06;0.37;0.28;0.05;-0.04;-0.26;-0.05;-0.14;0.02;-0.38;-0.15;-0.06;-0.39;0.19;-0.53;-0.28;-0.13;-0.77;-0.18;0.10;-0.44;0.26;-0.17;-0.05;0.15;-0.34;0.24;-0.05;-0.29;-0.11;-0.06;0.22;0.07;-0.48;0.30;-0.45;+1;0;0;0;0

15.9;16.38;15.87;16.01;37877;0.10;0.37;0.20;0.63;0.10;-0.40;0.15;0.87;-0.17;-0.40;-0.42;0.00;-0.53;0.40;0.36;1.14;-0.20;0.90;-1.69;0.19;-1.26;0.04;-0.28;-0.38;-0.10;0.03;-0.05;-0.34;-0.36;-0.25;0.34;-0.25;0.21;-0.33;-0.41;-0.55;0.34;-0.43;-0.67;-0.45;0.35;-0.25;-0.20;0.28;0.08;-0.06;0.37;0.28;0.05;-0.04;-0.26;-0.05;-0.14;0.02;-0.38;-0.15;-0.06;-0.39;0.19;-0.53;-0.28;-0.13;-0.77;-0.18;0.10;-0.44;0.26;-0.17;-0.05;0.15;-0.34;0.24;-0.05;-0.29;-0.11;-0.06;0.22;0.07;-0.48;0.30;-1;0;0;0;0

15.26;15.76;15.26;15.47;27624;-0.64;0.10;0.37;0.20;0.63;0.10;-0.40;0.15;0.87;-0.17;-0.40;-0.42;0.00;-0.53;0.40;0.36;1.14;-0.20;0.90;-1.69;0.19;-1.26;0.04;-0.28;-0.38;-0.10;0.03;-0.05;-0.34;-0.36;-0.25;0.34;-0.25;0.21;-0.33;-0.41;-0.55;0.34;-0.43;-0.67;-0.45;0.35;-0.25;-0.20;0.28;0.08;-0.06;0.37;0.28;0.05;-0.04;-0.26;-0.05;-0.14;0.02;-0.38;-0.15;-0.06;-0.39;0.19;-0.53;-0.28;-0.13;-0.77;-0.18;0.10;-0.44;0.26;-0.17;-0.05;0.15;-0.34;0.24;-0.05;-0.29;-0.11;-0.06;0.22;0.07;-0.48;-1;0;0;0;0

14.76;15.19;14.7;14.9;13255;-0.50;-0.64;0.10;0.37;0.20;0.63;0.10;-0.40;0.15;0.87;-0.17;-0.40;-0.42;0.00;-0.53;0.40;0.36;1.14;-0.20;0.90;-1.69;0.19;-1.26;0.04;-0.28;-0.38;-0.10;0.03;-0.05;-0.34;-0.36;-0.25;0.34;-0.25;0.21;-0.33;-0.41;-0.55;0.34;-0.43;-0.67;-0.45;0.35;-0.25;-0.20;0.28;0.08;-0.06;0.37;0.28;0.05;-0.04;-0.26;-0.05;-0.14;0.02;-0.38;-0.15;-0.06;-0.39;0.19;-0.53;-0.28;-0.13;-0.77;-0.18;0.10;-0.44;0.26;-0.17;-0.05;0.15;-0.34;0.24;-0.05;-0.29;-0.11;-0.06;0.22;0.07;+1;0;0;0;0

15.55;15.55;14.41;14.55;38799;0.79;-0.50;-0.64;0.10;0.37;0.20;0.63;0.10;-0.40;0.15;0.87;-0.17;-0.40;-0.42;0.00;-0.53;0.40;0.36;1.14;-0.20;0.90;-1.69;0.19;-1.26;0.04;-0.28;-0.38;-0.10;0.03;-0.05;-0.34;-0.36;-0.25;0.34;-0.25;0.21;-0.33;-0.41;-0.55;0.34;-0.43;-0.67;-0.45;0.35;-0.25;-0.20;0.28;0.08;-0.06;0.37;0.28;0.05;-0.04;-0.26;-0.05;-0.14;0.02;-0.38;-0.15;-0.06;-0.39;0.19;-0.53;-0.28;-0.13;-0.77;-0.18;0.10;-0.44;0.26;-0.17;-0.05;0.15;-0.34;0.24;-0.05;-0.29;-0.11;-0.06;0.22;+1;0;0;0;0

15.79;16.14;15.67;15.9;42612;0.24;0.79;-0.50;-0.64;0.10;0.37;0.20;0.63;0.10;-0.40;0.15;0.87;-0.17;-0.40;-0.42;0.00;-0.53;0.40;0.36;1.14;-0.20;0.90;-1.69;0.19;-1.26;0.04;-0.28;-0.38;-0.10;0.03;-0.05;-0.34;-0.36;-0.25;0.34;-0.25;0.21;-0.33;-0.41;-0.55;0.34;-0.43;-0.67;-0.45;0.35;-0.25;-0.20;0.28;0.08;-0.06;0.37;0.28;0.05;-0.04;-0.26;-0.05;-0.14;0.02;-0.38;-0.15;-0.06;-0.39;0.19;-0.53;-0.28;-0.13;-0.77;-0.18;0.10;-0.44;0.26;-0.17;-0.05;0.15;-0.34;0.24;-0.05;-0.29;-0.11;-0.06;-1;0;0;0;0

15.22;15.7;15.12;15.56;39667;-0.57;0.24;0.79;-0.50;-0.64;0.10;0.37;0.20;0.63;0.10;-0.40;0.15;0.87;-0.17;-0.40;-0.42;0.00;-0.53;0.40;0.36;1.14;-0.20;0.90;-1.69;0.19;-1.26;0.04;-0.28;-0.38;-0.10;0.03;-0.05;-0.34;-0.36;-0.25;0.34;-0.25;0.21;-0.33;-0.41;-0.55;0.34;-0.43;-0.67;-0.45;0.35;-0.25;-0.20;0.28;0.08;-0.06;0.37;0.28;0.05;-0.04;-0.26;-0.05;-0.14;0.02;-0.38;-0.15;-0.06;-0.39;0.19;-0.53;-0.28;-0.13;-0.77;-0.18;0.10;-0.44;0.26;-0.17;-0.05;0.15;-0.34;0.24;-0.05;-0.29;-0.11;+1;0;0;0;0

15.41;15.44;14.81;15.05;39753;0.19;-0.57;0.24;0.79;-0.50;-0.64;0.10;0.37;0.20;0.63;0.10;-0.40;0.15;0.87;-0.17;-0.40;-0.42;0.00;-0.53;0.40;0.36;1.14;-0.20;0.90;-1.69;0.19;-1.26;0.04;-0.28;-0.38;-0.10;0.03;-0.05;-0.34;-0.36;-0.25;0.34;-0.25;0.21;-0.33;-0.41;-0.55;0.34;-0.43;-0.67;-0.45;0.35;-0.25;-0.20;0.28;0.08;-0.06;0.37;0.28;0.05;-0.04;-0.26;-0.05;-0.14;0.02;-0.38;-0.15;-0.06;-0.39;0.19;-0.53;-0.28;-0.13;-0.77;-0.18;0.10;-0.44;0.26;-0.17;-0.05;0.15;-0.34;0.24;-0.05;-0.29;-1;0;0;0;0

15.31;15.77;15.25;15.46;26957;-0.10;0.19;-0.57;0.24;0.79;-0.50;-0.64;0.10;0.37;0.20;0.63;0.10;-0.40;0.15;0.87;-0.17;-0.40;-0.42;0.00;-0.53;0.40;0.36;1.14;-0.20;0.90;-1.69;0.19;-1.26;0.04;-0.28;-0.38;-0.10;0.03;-0.05;-0.34;-0.36;-0.25;0.34;-0.25;0.21;-0.33;-0.41;-0.55;0.34;-0.43;-0.67;-0.45;0.35;-0.25;-0.20;0.28;0.08;-0.06;0.37;0.28;0.05;-0.04;-0.26;-0.05;-0.14;0.02;-0.38;-0.15;-0.06;-0.39;0.19;-0.53;-0.28;-0.13;-0.77;-0.18;0.10;-0.44;0.26;-0.17;-0.05;0.15;-0.34;0.24;-0.05;+1;0;0;0;0

15.67;15.87;15.04;15.6;39996;0.36;-0.10;0.19;-0.57;0.24;0.79;-0.50;-0.64;0.10;0.37;0.20;0.63;0.10;-0.40;0.15;0.87;-0.17;-0.40;-0.42;0.00;-0.53;0.40;0.36;1.14;-0.20;0.90;-1.69;0.19;-1.26;0.04;-0.28;-0.38;-0.10;0.03;-0.05;-0.34;-0.36;-0.25;0.34;-0.25;0.21;-0.33;-0.41;-0.55;0.34;-0.43;-0.67;-0.45;0.35;-0.25;-0.20;0.28;0.08;-0.06;0.37;0.28;0.05;-0.04;-0.26;-0.05;-0.14;0.02;-0.38;-0.15;-0.06;-0.39;0.19;-0.53;-0.28;-0.13;-0.77;-0.18;0.10;-0.44;0.26;-0.17;-0.05;0.15;-0.34;0.24;+1;0;0;0;0

15.75;16.13;15.58;15.78;30585;0.08;0.36;-0.10;0.19;-0.57;0.24;0.79;-0.50;-0.64;0.10;0.37;0.20;0.63;0.10;-0.40;0.15;0.87;-0.17;-0.40;-0.42;0.00;-0.53;0.40;0.36;1.14;-0.20;0.90;-1.69;0.19;-1.26;0.04;-0.28;-0.38;-0.10;0.03;-0.05;-0.34;-0.36;-0.25;0.34;-0.25;0.21;-0.33;-0.41;-0.55;0.34;-0.43;-0.67;-0.45;0.35;-0.25;-0.20;0.28;0.08;-0.06;0.37;0.28;0.05;-0.04;-0.26;-0.05;-0.14;0.02;-0.38;-0.15;-0.06;-0.39;0.19;-0.53;-0.28;-0.13;-0.77;-0.18;0.10;-0.44;0.26;-0.17;-0.05;0.15;-0.34;+1;0;0;0;0

16.41;16.41;15.8;15.9;29284;0.66;0.08;0.36;-0.10;0.19;-0.57;0.24;0.79;-0.50;-0.64;0.10;0.37;0.20;0.63;0.10;-0.40;0.15;0.87;-0.17;-0.40;-0.42;0.00;-0.53;0.40;0.36;1.14;-0.20;0.90;-1.69;0.19;-1.26;0.04;-0.28;-0.38;-0.10;0.03;-0.05;-0.34;-0.36;-0.25;0.34;-0.25;0.21;-0.33;-0.41;-0.55;0.34;-0.43;-0.67;-0.45;0.35;-0.25;-0.20;0.28;0.08;-0.06;0.37;0.28;0.05;-0.04;-0.26;-0.05;-0.14;0.02;-0.38;-0.15;-0.06;-0.39;0.19;-0.53;-0.28;-0.13;-0.77;-0.18;0.10;-0.44;0.26;-0.17;-0.05;0.15;+1;0;0;0;0

16.76;16.77;16.03;16.04;43249;0.35;0.66;0.08;0.36;-0.10;0.19;-0.57;0.24;0.79;-0.50;-0.64;0.10;0.37;0.20;0.63;0.10;-0.40;0.15;0.87;-0.17;-0.40;-0.42;0.00;-0.53;0.40;0.36;1.14;-0.20;0.90;-1.69;0.19;-1.26;0.04;-0.28;-0.38;-0.10;0.03;-0.05;-0.34;-0.36;-0.25;0.34;-0.25;0.21;-0.33;-0.41;-0.55;0.34;-0.43;-0.67;-0.45;0.35;-0.25;-0.20;0.28;0.08;-0.06;0.37;0.28;0.05;-0.04;-0.26;-0.05;-0.14;0.02;-0.38;-0.15;-0.06;-0.39;0.19;-0.53;-0.28;-0.13;-0.77;-0.18;0.10;-0.44;0.26;-0.17;-0.05;-1;0;0;0;0

16.35;16.8;16.26;16.8;39057;-0.41;0.35;0.66;0.08;0.36;-0.10;0.19;-0.57;0.24;0.79;-0.50;-0.64;0.10;0.37;0.20;0.63;0.10;-0.40;0.15;0.87;-0.17;-0.40;-0.42;0.00;-0.53;0.40;0.36;1.14;-0.20;0.90;-1.69;0.19;-1.26;0.04;-0.28;-0.38;-0.10;0.03;-0.05;-0.34;-0.36;-0.25;0.34;-0.25;0.21;-0.33;-0.41;-0.55;0.34;-0.43;-0.67;-0.45;0.35;-0.25;-0.20;0.28;0.08;-0.06;0.37;0.28;0.05;-0.04;-0.26;-0.05;-0.14;0.02;-0.38;-0.15;-0.06;-0.39;0.19;-0.53;-0.28;-0.13;-0.77;-0.18;0.10;-0.44;0.26;-0.17;-1;0;0;0;0

16.11;16.75;16.11;16.58;44368;-0.24;-0.41;0.35;0.66;0.08;0.36;-0.10;0.19;-0.57;0.24;0.79;-0.50;-0.64;0.10;0.37;0.20;0.63;0.10;-0.40;0.15;0.87;-0.17;-0.40;-0.42;0.00;-0.53;0.40;0.36;1.14;-0.20;0.90;-1.69;0.19;-1.26;0.04;-0.28;-0.38;-0.10;0.03;-0.05;-0.34;-0.36;-0.25;0.34;-0.25;0.21;-0.33;-0.41;-0.55;0.34;-0.43;-0.67;-0.45;0.35;-0.25;-0.20;0.28;0.08;-0.06;0.37;0.28;0.05;-0.04;-0.26;-0.05;-0.14;0.02;-0.38;-0.15;-0.06;-0.39;0.19;-0.53;-0.28;-0.13;-0.77;-0.18;0.10;-0.44;0.26;-1;0;0;0;0

15.01;15.9;14.91;15.35;53508;-1.10;-0.24;-0.41;0.35;0.66;0.08;0.36;-0.10;0.19;-0.57;0.24;0.79;-0.50;-0.64;0.10;0.37;0.20;0.63;0.10;-0.40;0.15;0.87;-0.17;-0.40;-0.42;0.00;-0.53;0.40;0.36;1.14;-0.20;0.90;-1.69;0.19;-1.26;0.04;-0.28;-0.38;-0.10;0.03;-0.05;-0.34;-0.36;-0.25;0.34;-0.25;0.21;-0.33;-0.41;-0.55;0.34;-0.43;-0.67;-0.45;0.35;-0.25;-0.20;0.28;0.08;-0.06;0.37;0.28;0.05;-0.04;-0.26;-0.05;-0.14;0.02;-0.38;-0.15;-0.06;-0.39;0.19;-0.53;-0.28;-0.13;-0.77;-0.18;0.10;-0.44;-1;0;0;0;0

14.94;15.2;14.51;15;36242;-0.07;-1.10;-0.24;-0.41;0.35;0.66;0.08;0.36;-0.10;0.19;-0.57;0.24;0.79;-0.50;-0.64;0.10;0.37;0.20;0.63;0.10;-0.40;0.15;0.87;-0.17;-0.40;-0.42;0.00;-0.53;0.40;0.36;1.14;-0.20;0.90;-1.69;0.19;-1.26;0.04;-0.28;-0.38;-0.10;0.03;-0.05;-0.34;-0.36;-0.25;0.34;-0.25;0.21;-0.33;-0.41;-0.55;0.34;-0.43;-0.67;-0.45;0.35;-0.25;-0.20;0.28;0.08;-0.06;0.37;0.28;0.05;-0.04;-0.26;-0.05;-0.14;0.02;-0.38;-0.15;-0.06;-0.39;0.19;-0.53;-0.28;-0.13;-0.77;-0.18;0.10;+1;0;0;0;0

15.16;15.28;14.47;15.07;33124;0.22;-0.07;-1.10;-0.24;-0.41;0.35;0.66;0.08;0.36;-0.10;0.19;-0.57;0.24;0.79;-0.50;-0.64;0.10;0.37;0.20;0.63;0.10;-0.40;0.15;0.87;-0.17;-0.40;-0.42;0.00;-0.53;0.40;0.36;1.14;-0.20;0.90;-1.69;0.19;-1.26;0.04;-0.28;-0.38;-0.10;0.03;-0.05;-0.34;-0.36;-0.25;0.34;-0.25;0.21;-0.33;-0.41;-0.55;0.34;-0.43;-0.67;-0.45;0.35;-0.25;-0.20;0.28;0.08;-0.06;0.37;0.28;0.05;-0.04;-0.26;-0.05;-0.14;0.02;-0.38;-0.15;-0.06;-0.39;0.19;-0.53;-0.28;-0.13;-0.77;-0.18;-1;0;0;0;0

15;15.7;15;15.48;19210;-0.16;0.22;-0.07;-1.10;-0.24;-0.41;0.35;0.66;0.08;0.36;-0.10;0.19;-0.57;0.24;0.79;-0.50;-0.64;0.10;0.37;0.20;0.63;0.10;-0.40;0.15;0.87;-0.17;-0.40;-0.42;0.00;-0.53;0.40;0.36;1.14;-0.20;0.90;-1.69;0.19;-1.26;0.04;-0.28;-0.38;-0.10;0.03;-0.05;-0.34;-0.36;-0.25;0.34;-0.25;0.21;-0.33;-0.41;-0.55;0.34;-0.43;-0.67;-0.45;0.35;-0.25;-0.20;0.28;0.08;-0.06;0.37;0.28;0.05;-0.04;-0.26;-0.05;-0.14;0.02;-0.38;-0.15;-0.06;-0.39;0.19;-0.53;-0.28;-0.13;-0.77;-1;0;0;0;0

14.95;15.51;14.82;15.08;35936;-0.05;-0.16;0.22;-0.07;-1.10;-0.24;-0.41;0.35;0.66;0.08;0.36;-0.10;0.19;-0.57;0.24;0.79;-0.50;-0.64;0.10;0.37;0.20;0.63;0.10;-0.40;0.15;0.87;-0.17;-0.40;-0.42;0.00;-0.53;0.40;0.36;1.14;-0.20;0.90;-1.69;0.19;-1.26;0.04;-0.28;-0.38;-0.10;0.03;-0.05;-0.34;-0.36;-0.25;0.34;-0.25;0.21;-0.33;-0.41;-0.55;0.34;-0.43;-0.67;-0.45;0.35;-0.25;-0.20;0.28;0.08;-0.06;0.37;0.28;0.05;-0.04;-0.26;-0.05;-0.14;0.02;-0.38;-0.15;-0.06;-0.39;0.19;-0.53;-0.28;-0.13;+1;0;0;0;0

15.02;15.35;14.78;15.13;34844;0.07;-0.05;-0.16;0.22;-0.07;-1.10;-0.24;-0.41;0.35;0.66;0.08;0.36;-0.10;0.19;-0.57;0.24;0.79;-0.50;-0.64;0.10;0.37;0.20;0.63;0.10;-0.40;0.15;0.87;-0.17;-0.40;-0.42;0.00;-0.53;0.40;0.36;1.14;-0.20;0.90;-1.69;0.19;-1.26;0.04;-0.28;-0.38;-0.10;0.03;-0.05;-0.34;-0.36;-0.25;0.34;-0.25;0.21;-0.33;-0.41;-0.55;0.34;-0.43;-0.67;-0.45;0.35;-0.25;-0.20;0.28;0.08;-0.06;0.37;0.28;0.05;-0.04;-0.26;-0.05;-0.14;0.02;-0.38;-0.15;-0.06;-0.39;0.19;-0.53;-0.28;-1;0;0;0;0

14.76;15.29;14.56;14.8;45726;-0.26;0.07;-0.05;-0.16;0.22;-0.07;-1.10;-0.24;-0.41;0.35;0.66;0.08;0.36;-0.10;0.19;-0.57;0.24;0.79;-0.50;-0.64;0.10;0.37;0.20;0.63;0.10;-0.40;0.15;0.87;-0.17;-0.40;-0.42;0.00;-0.53;0.40;0.36;1.14;-0.20;0.90;-1.69;0.19;-1.26;0.04;-0.28;-0.38;-0.10;0.03;-0.05;-0.34;-0.36;-0.25;0.34;-0.25;0.21;-0.33;-0.41;-0.55;0.34;-0.43;-0.67;-0.45;0.35;-0.25;-0.20;0.28;0.08;-0.06;0.37;0.28;0.05;-0.04;-0.26;-0.05;-0.14;0.02;-0.38;-0.15;-0.06;-0.39;0.19;-0.53;-1;0;0;0;0

