23.77;0.637736;-0.283019;-0.154717;0.516981;-0.222642;-0.0264151;0.509434;0.260377;0.607547;-0.245283;-0.320755;0.222641;-0.215094;-0.215094;0.0716981;-0.0716981;-0.132076;0.0566037;0.215094;0.2;-0.018868;-0.283019;-0.426415;-0.366038;-0.358491;-0.396226;0.735849;-0.577359;0.0867924;0.358491;-0.00377361;0.343396;0.0566037;-0.14717;-0.343396;-0.139623;-0.0490566;-0.54717;-0.388679;0.124528;0.207547;0.283019;0.207547;0.132075;0.132075;-0.615094;0.766038;-0.207547;-0.267925;0.0792453;-0.30566;-0.260377;1;0.111111;0.518519;0.185185;-0.037037;-8.27842e-009;0.148148;0.185185;-1;0;0;0;0

23.39;-0.30566;0.637736;-0.283019;-0.154717;0.516981;-0.222642;-0.0264151;0.509434;0.260377;0.607547;-0.245283;-0.320755;0.222641;-0.215094;-0.215094;0.0716981;-0.0716981;-0.132076;0.0566037;0.215094;0.2;-0.018868;-0.283019;-0.426415;-0.366038;-0.358491;-0.396226;0.735849;-0.577359;0.0867924;0.358491;-0.00377361;0.343396;0.0566037;-0.14717;-0.343396;-0.139623;-0.0490566;-0.54717;-0.388679;0.124528;0.207547;0.283019;0.207547;0.132075;0.132075;-0.615094;0.766038;-0.207547;-0.267925;0.0792453;-0.30566;-0.274074;1;0.111111;0.518519;0.185185;-0.037037;-8.27842e-009;0.148148;-1;0;0;0;0

23.39;-0.018868;-0.30566;0.637736;-0.283019;-0.154717;0.516981;-0.222642;-0.0264151;0.509434;0.260377;0.607547;-0.245283;-0.320755;0.222641;-0.215094;-0.215094;0.0716981;-0.0716981;-0.132076;0.0566037;0.215094;0.2;-0.018868;-0.283019;-0.426415;-0.366038;-0.358491;-0.396226;0.735849;-0.577359;0.0867924;0.358491;-0.00377361;0.343396;0.0566037;-0.14717;-0.343396;-0.139623;-0.0490566;-0.54717;-0.388679;0.124528;0.207547;0.283019;0.207547;0.132075;0.132075;-0.615094;0.766038;-0.207547;-0.267925;0.0792453;-0.318519;-0.274074;1;0.111111;0.518519;0.185185;-0.037037;-8.27842e-009;-1;0;0;0;0

22.92;-0.373585;-0.018868;-0.30566;0.637736;-0.283019;-0.154717;0.516981;-0.222642;-0.0264151;0.509434;0.260377;0.607547;-0.245283;-0.320755;0.222641;-0.215094;-0.215094;0.0716981;-0.0716981;-0.132076;0.0566037;0.215094;0.2;-0.018868;-0.283019;-0.426415;-0.366038;-0.358491;-0.396226;0.735849;-0.577359;0.0867924;0.358491;-0.00377361;0.343396;0.0566037;-0.14717;-0.343396;-0.139623;-0.0490566;-0.54717;-0.388679;0.124528;0.207547;0.283019;0.207547;0.132075;0.132075;-0.615094;0.766038;-0.207547;-0.267925;0.0592592;-0.318519;-0.274074;1;0.111111;0.518519;0.185185;-0.037037;-1;0;0;0;0

22.67;-0.207547;-0.373585;-0.018868;-0.30566;0.637736;-0.283019;-0.154717;0.516981;-0.222642;-0.0264151;0.509434;0.260377;0.607547;-0.245283;-0.320755;0.222641;-0.215094;-0.215094;0.0716981;-0.0716981;-0.132076;0.0566037;0.215094;0.2;-0.018868;-0.283019;-0.426415;-0.366038;-0.358491;-0.396226;0.735849;-0.577359;0.0867924;0.358491;-0.00377361;0.343396;0.0566037;-0.14717;-0.343396;-0.139623;-0.0490566;-0.54717;-0.388679;0.124528;0.207547;0.283019;0.207547;0.132075;0.132075;-0.615094;0.766038;-0.207547;-0.281482;0.0592592;-0.318519;-0.274074;1;0.111111;0.518519;0.185185;-1;0;0;0;0

22.6;-0.0716981;-0.207547;-0.373585;-0.018868;-0.30566;0.637736;-0.283019;-0.154717;0.516981;-0.222642;-0.0264151;0.509434;0.260377;0.607547;-0.245283;-0.320755;0.222641;-0.215094;-0.215094;0.0716981;-0.0716981;-0.132076;0.0566037;0.215094;0.2;-0.018868;-0.283019;-0.426415;-0.366038;-0.358491;-0.396226;0.735849;-0.577359;0.0867924;0.358491;-0.00377361;0.343396;0.0566037;-0.14717;-0.343396;-0.139623;-0.0490566;-0.54717;-0.388679;0.124528;0.207547;0.283019;0.207547;0.132075;0.132075;-0.615094;0.766038;-0.222222;-0.281482;0.0592592;-0.318519;-0.274074;1;0.111111;0.518519;-1;0;0;0;0

22.09;-0.403774;-0.0716981;-0.207547;-0.373585;-0.018868;-0.30566;0.637736;-0.283019;-0.154717;0.516981;-0.222642;-0.0264151;0.509434;0.260377;0.607547;-0.245283;-0.320755;0.222641;-0.215094;-0.215094;0.0716981;-0.0716981;-0.132076;0.0566037;0.215094;0.2;-0.018868;-0.283019;-0.426415;-0.366038;-0.358491;-0.396226;0.735849;-0.577359;0.0867924;0.358491;-0.00377361;0.343396;0.0566037;-0.14717;-0.343396;-0.139623;-0.0490566;-0.54717;-0.388679;0.124528;0.207547;0.283019;0.207547;0.132075;0.132075;-0.615094;0.733333;-0.222222;-0.281482;0.0592592;-0.318519;-0.274074;1;0.111111;-1;0;0;0;0

21.3;-0.615094;-0.403774;-0.0716981;-0.207547;-0.373585;-0.018868;-0.30566;0.637736;-0.283019;-0.154717;0.516981;-0.222642;-0.0264151;0.509434;0.260377;0.607547;-0.245283;-0.320755;0.222641;-0.215094;-0.215094;0.0716981;-0.0716981;-0.132076;0.0566037;0.215094;0.2;-0.018868;-0.283019;-0.426415;-0.366038;-0.358491;-0.396226;0.735849;-0.577359;0.0867924;0.358491;-0.00377361;0.343396;0.0566037;-0.14717;-0.343396;-0.139623;-0.0490566;-0.54717;-0.388679;0.124528;0.207547;0.283019;0.207547;0.132075;0.132075;-0.622222;0.733333;-0.222222;-0.281482;0.0592592;-0.318519;-0.274074;1;-1;0;0;0;0

21.08;-0.184906;-0.615094;-0.403774;-0.0716981;-0.207547;-0.373585;-0.018868;-0.30566;0.637736;-0.283019;-0.154717;0.516981;-0.222642;-0.0264151;0.509434;0.260377;0.607547;-0.245283;-0.320755;0.222641;-0.215094;-0.215094;0.0716981;-0.0716981;-0.132076;0.0566037;0.215094;0.2;-0.018868;-0.283019;-0.426415;-0.366038;-0.358491;-0.396226;0.735849;-0.577359;0.0867924;0.358491;-0.00377361;0.343396;0.0566037;-0.14717;-0.343396;-0.139623;-0.0490566;-0.54717;-0.388679;0.124528;0.207547;0.283019;0.207547;0.132075;0.111111;-0.622222;0.733333;-0.222222;-0.281482;0.0592592;-0.318519;-0.274074;-1;0;0;0;0

20.59;-0.388679;-0.184906;-0.615094;-0.403774;-0.0716981;-0.207547;-0.373585;-0.018868;-0.30566;0.637736;-0.283019;-0.154717;0.516981;-0.222642;-0.0264151;0.509434;0.260377;0.607547;-0.245283;-0.320755;0.222641;-0.215094;-0.215094;0.0716981;-0.0716981;-0.132076;0.0566037;0.215094;0.2;-0.018868;-0.283019;-0.426415;-0.366038;-0.358491;-0.396226;0.735849;-0.577359;0.0867924;0.358491;-0.00377361;0.343396;0.0566037;-0.14717;-0.343396;-0.139623;-0.0490566;-0.54717;-0.388679;0.124528;0.207547;0.283019;0.207547;0.111111;0.111111;-0.622222;0.733333;-0.222222;-0.281482;0.0592592;-0.318519;+1;0;0;0;0

21.6;0.743396;-0.388679;-0.184906;-0.615094;-0.403774;-0.0716981;-0.207547;-0.373585;-0.018868;-0.30566;0.637736;-0.283019;-0.154717;0.516981;-0.222642;-0.0264151;0.509434;0.260377;0.607547;-0.245283;-0.320755;0.222641;-0.215094;-0.215094;0.0716981;-0.0716981;-0.132076;0.0566037;0.215094;0.2;-0.018868;-0.283019;-0.426415;-0.366038;-0.358491;-0.396226;0.735849;-0.577359;0.0867924;0.358491;-0.00377361;0.343396;0.0566037;-0.14717;-0.343396;-0.139623;-0.0490566;-0.54717;-0.388679;0.124528;0.207547;0.283019;0.185185;0.111111;0.111111;-0.622222;0.733333;-0.222222;-0.281482;0.0592592;-1;0;0;0;0

20.97;-0.49434;0.743396;-0.388679;-0.184906;-0.615094;-0.403774;-0.0716981;-0.207547;-0.373585;-0.018868;-0.30566;0.637736;-0.283019;-0.154717;0.516981;-0.222642;-0.0264151;0.509434;0.260377;0.607547;-0.245283;-0.320755;0.222641;-0.215094;-0.215094;0.0716981;-0.0716981;-0.132076;0.0566037;0.215094;0.2;-0.018868;-0.283019;-0.426415;-0.366038;-0.358491;-0.396226;0.735849;-0.577359;0.0867924;0.358491;-0.00377361;0.343396;0.0566037;-0.14717;-0.343396;-0.139623;-0.0490566;-0.54717;-0.388679;0.124528;0.207547;0.259259;0.185185;0.111111;0.111111;-0.622222;0.733333;-0.222222;-0.281482;+1;0;0;0;0

21.6;0.456604;-0.49434;0.743396;-0.388679;-0.184906;-0.615094;-0.403774;-0.0716981;-0.207547;-0.373585;-0.018868;-0.30566;0.637736;-0.283019;-0.154717;0.516981;-0.222642;-0.0264151;0.509434;0.260377;0.607547;-0.245283;-0.320755;0.222641;-0.215094;-0.215094;0.0716981;-0.0716981;-0.132076;0.0566037;0.215094;0.2;-0.018868;-0.283019;-0.426415;-0.366038;-0.358491;-0.396226;0.735849;-0.577359;0.0867924;0.358491;-0.00377361;0.343396;0.0566037;-0.14717;-0.343396;-0.139623;-0.0490566;-0.54717;-0.388679;0.124528;0.185185;0.259259;0.185185;0.111111;0.111111;-0.622222;0.733333;-0.222222;-1;0;0;0;0

21.2;-0.320755;0.456604;-0.49434;0.743396;-0.388679;-0.184906;-0.615094;-0.403774;-0.0716981;-0.207547;-0.373585;-0.018868;-0.30566;0.637736;-0.283019;-0.154717;0.516981;-0.222642;-0.0264151;0.509434;0.260377;0.607547;-0.245283;-0.320755;0.222641;-0.215094;-0.215094;0.0716981;-0.0716981;-0.132076;0.0566037;0.215094;0.2;-0.018868;-0.283019;-0.426415;-0.366038;-0.358491;-0.396226;0.735849;-0.577359;0.0867924;0.358491;-0.00377361;0.343396;0.0566037;-0.14717;-0.343396;-0.139623;-0.0490566;-0.54717;-0.388679;0.103704;0.185185;0.259259;0.185185;0.111111;0.111111;-0.622222;0.733333;-1;0;0;0;0

20.4;-0.622642;-0.320755;0.456604;-0.49434;0.743396;-0.388679;-0.184906;-0.615094;-0.403774;-0.0716981;-0.207547;-0.373585;-0.018868;-0.30566;0.637736;-0.283019;-0.154717;0.516981;-0.222642;-0.0264151;0.509434;0.260377;0.607547;-0.245283;-0.320755;0.222641;-0.215094;-0.215094;0.0716981;-0.0716981;-0.132076;0.0566037;0.215094;0.2;-0.018868;-0.283019;-0.426415;-0.366038;-0.358491;-0.396226;0.735849;-0.577359;0.0867924;0.358491;-0.00377361;0.343396;0.0566037;-0.14717;-0.343396;-0.139623;-0.0490566;-0.54717;-0.4;0.103704;0.185185;0.259259;0.185185;0.111111;0.111111;-0.622222;-1;0;0;0;0

20;-0.320755;-0.622642;-0.320755;0.456604;-0.49434;0.743396;-0.388679;-0.184906;-0.615094;-0.403774;-0.0716981;-0.207547;-0.373585;-0.018868;-0.30566;0.637736;-0.283019;-0.154717;0.516981;-0.222642;-0.0264151;0.509434;0.260377;0.607547;-0.245283;-0.320755;0.222641;-0.215094;-0.215094;0.0716981;-0.0716981;-0.132076;0.0566037;0.215094;0.2;-0.018868;-0.283019;-0.426415;-0.366038;-0.358491;-0.396226;0.735849;-0.577359;0.0867924;0.358491;-0.00377361;0.343396;0.0566037;-0.14717;-0.343396;-0.139623;-0.0490566;-0.555556;-0.4;0.103704;0.185185;0.259259;0.185185;0.111111;0.111111;-1;0;0;0;0

19.35;-0.509434;-0.320755;-0.622642;-0.320755;0.456604;-0.49434;0.743396;-0.388679;-0.184906;-0.615094;-0.403774;-0.0716981;-0.207547;-0.373585;-0.018868;-0.30566;0.637736;-0.283019;-0.154717;0.516981;-0.222642;-0.0264151;0.509434;0.260377;0.607547;-0.245283;-0.320755;0.222641;-0.215094;-0.215094;0.0716981;-0.0716981;-0.132076;0.0566037;0.215094;0.2;-0.018868;-0.283019;-0.426415;-0.366038;-0.358491;-0.396226;0.735849;-0.577359;0.0867924;0.358491;-0.00377361;0.343396;0.0566037;-0.14717;-0.343396;-0.139623;-0.0666667;-0.555556;-0.4;0.103704;0.185185;0.259259;0.185185;0.111111;+1;0;0;0;0

20.7;1;-0.509434;-0.320755;-0.622642;-0.320755;0.456604;-0.49434;0.743396;-0.388679;-0.184906;-0.615094;-0.403774;-0.0716981;-0.207547;-0.373585;-0.018868;-0.30566;0.637736;-0.283019;-0.154717;0.516981;-0.222642;-0.0264151;0.509434;0.260377;0.607547;-0.245283;-0.320755;0.222641;-0.215094;-0.215094;0.0716981;-0.0716981;-0.132076;0.0566037;0.215094;0.2;-0.018868;-0.283019;-0.426415;-0.366038;-0.358491;-0.396226;0.735849;-0.577359;0.0867924;0.358491;-0.00377361;0.343396;0.0566037;-0.14717;-0.343396;-0.155556;-0.0666667;-0.555556;-0.4;0.103704;0.185185;0.259259;0.185185;+1;0;0;0;0

20.8;0.0566037;1;-0.509434;-0.320755;-0.622642;-0.320755;0.456604;-0.49434;0.743396;-0.388679;-0.184906;-0.615094;-0.403774;-0.0716981;-0.207547;-0.373585;-0.018868;-0.30566;0.637736;-0.283019;-0.154717;0.516981;-0.222642;-0.0264151;0.509434;0.260377;0.607547;-0.245283;-0.320755;0.222641;-0.215094;-0.215094;0.0716981;-0.0716981;-0.132076;0.0566037;0.215094;0.2;-0.018868;-0.283019;-0.426415;-0.366038;-0.358491;-0.396226;0.735849;-0.577359;0.0867924;0.358491;-0.00377361;0.343396;0.0566037;-0.14717;-0.355556;-0.155556;-0.0666667;-0.555556;-0.4;0.103704;0.185185;0.259259;-1;0;0;0;0

20.4;-0.320755;0.0566037;1;-0.509434;-0.320755;-0.622642;-0.320755;0.456604;-0.49434;0.743396;-0.388679;-0.184906;-0.615094;-0.403774;-0.0716981;-0.207547;-0.373585;-0.018868;-0.30566;0.637736;-0.283019;-0.154717;0.516981;-0.222642;-0.0264151;0.509434;0.260377;0.607547;-0.245283;-0.320755;0.222641;-0.215094;-0.215094;0.0716981;-0.0716981;-0.132076;0.0566037;0.215094;0.2;-0.018868;-0.283019;-0.426415;-0.366038;-0.358491;-0.396226;0.735849;-0.577359;0.0867924;0.358491;-0.00377361;0.343396;0.0566037;-0.162963;-0.355556;-0.155556;-0.0666667;-0.555556;-0.4;0.103704;0.185185;-1;0;0;0;0

19.3;-0.849057;-0.320755;0.0566037;1;-0.509434;-0.320755;-0.622642;-0.320755;0.456604;-0.49434;0.743396;-0.388679;-0.184906;-0.615094;-0.403774;-0.0716981;-0.207547;-0.373585;-0.018868;-0.30566;0.637736;-0.283019;-0.154717;0.516981;-0.222642;-0.0264151;0.509434;0.260377;0.607547;-0.245283;-0.320755;0.222641;-0.215094;-0.215094;0.0716981;-0.0716981;-0.132076;0.0566037;0.215094;0.2;-0.018868;-0.283019;-0.426415;-0.366038;-0.358491;-0.396226;0.735849;-0.577359;0.0867924;0.358491;-0.00377361;0.343396;0.037037;-0.162963;-0.355556;-0.155556;-0.0666667;-0.555556;-0.4;0.103704;-1;0;0;0;0

19;-0.245283;-0.849057;-0.320755;0.0566037;1;-0.509434;-0.320755;-0.622642;-0.320755;0.456604;-0.49434;0.743396;-0.388679;-0.184906;-0.615094;-0.403774;-0.0716981;-0.207547;-0.373585;-0.018868;-0.30566;0.637736;-0.283019;-0.154717;0.516981;-0.222642;-0.0264151;0.509434;0.260377;0.607547;-0.245283;-0.320755;0.222641;-0.215094;-0.215094;0.0716981;-0.0716981;-0.132076;0.0566037;0.215094;0.2;-0.018868;-0.283019;-0.426415;-0.366038;-0.358491;-0.396226;0.735849;-0.577359;0.0867924;0.358491;-0.00377361;0.318519;0.037037;-0.162963;-0.355556;-0.155556;-0.0666667;-0.555556;-0.4;+1;0;0;0;0

20;0.735849;-0.245283;-0.849057;-0.320755;0.0566037;1;-0.509434;-0.320755;-0.622642;-0.320755;0.456604;-0.49434;0.743396;-0.388679;-0.184906;-0.615094;-0.403774;-0.0716981;-0.207547;-0.373585;-0.018868;-0.30566;0.637736;-0.283019;-0.154717;0.516981;-0.222642;-0.0264151;0.509434;0.260377;0.607547;-0.245283;-0.320755;0.222641;-0.215094;-0.215094;0.0716981;-0.0716981;-0.132076;0.0566037;0.215094;0.2;-0.018868;-0.283019;-0.426415;-0.366038;-0.358491;-0.396226;0.735849;-0.577359;0.0867924;0.358491;-0.0222222;0.318519;0.037037;-0.162963;-0.355556;-0.155556;-0.0666667;-0.555556;+1;0;0;0;0

20.25;0.169811;0.735849;-0.245283;-0.849057;-0.320755;0.0566037;1;-0.509434;-0.320755;-0.622642;-0.320755;0.456604;-0.49434;0.743396;-0.388679;-0.184906;-0.615094;-0.403774;-0.0716981;-0.207547;-0.373585;-0.018868;-0.30566;0.637736;-0.283019;-0.154717;0.516981;-0.222642;-0.0264151;0.509434;0.260377;0.607547;-0.245283;-0.320755;0.222641;-0.215094;-0.215094;0.0716981;-0.0716981;-0.132076;0.0566037;0.215094;0.2;-0.018868;-0.283019;-0.426415;-0.366038;-0.358491;-0.396226;0.735849;-0.577359;0.0867924;0.333333;-0.0222222;0.318519;0.037037;-0.162963;-0.355556;-0.155556;-0.0666667;-1;0;0;0;0

20;-0.207547;0.169811;0.735849;-0.245283;-0.849057;-0.320755;0.0566037;1;-0.509434;-0.320755;-0.622642;-0.320755;0.456604;-0.49434;0.743396;-0.388679;-0.184906;-0.615094;-0.403774;-0.0716981;-0.207547;-0.373585;-0.018868;-0.30566;0.637736;-0.283019;-0.154717;0.516981;-0.222642;-0.0264151;0.509434;0.260377;0.607547;-0.245283;-0.320755;0.222641;-0.215094;-0.215094;0.0716981;-0.0716981;-0.132076;0.0566037;0.215094;0.2;-0.018868;-0.283019;-0.426415;-0.366038;-0.358491;-0.396226;0.735849;-0.577359;0.0666667;0.333333;-0.0222222;0.318519;0.037037;-0.162963;-0.355556;-0.155556;-1;0;0;0;0

20;-0.018868;-0.207547;0.169811;0.735849;-0.245283;-0.849057;-0.320755;0.0566037;1;-0.509434;-0.320755;-0.622642;-0.320755;0.456604;-0.49434;0.743396;-0.388679;-0.184906;-0.615094;-0.403774;-0.0716981;-0.207547;-0.373585;-0.018868;-0.30566;0.637736;-0.283019;-0.154717;0.516981;-0.222642;-0.0264151;0.509434;0.260377;0.607547;-0.245283;-0.320755;0.222641;-0.215094;-0.215094;0.0716981;-0.0716981;-0.132076;0.0566037;0.215094;0.2;-0.018868;-0.283019;-0.426415;-0.366038;-0.358491;-0.396226;0.735849;-0.585185;0.0666667;0.333333;-0.0222222;0.318519;0.037037;-0.162963;-0.355556;-1;0;0;0;0

19.62;-0.30566;-0.018868;-0.207547;0.169811;0.735849;-0.245283;-0.849057;-0.320755;0.0566037;1;-0.509434;-0.320755;-0.622642;-0.320755;0.456604;-0.49434;0.743396;-0.388679;-0.184906;-0.615094;-0.403774;-0.0716981;-0.207547;-0.373585;-0.018868;-0.30566;0.637736;-0.283019;-0.154717;0.516981;-0.222642;-0.0264151;0.509434;0.260377;0.607547;-0.245283;-0.320755;0.222641;-0.215094;-0.215094;0.0716981;-0.0716981;-0.132076;0.0566037;0.215094;0.2;-0.018868;-0.283019;-0.426415;-0.366038;-0.358491;-0.396226;0.703704;-0.585185;0.0666667;0.333333;-0.0222222;0.318519;0.037037;-0.162963;+1;0;0;0;0

19.7;0.0415094;-0.30566;-0.018868;-0.207547;0.169811;0.735849;-0.245283;-0.849057;-0.320755;0.0566037;1;-0.509434;-0.320755;-0.622642;-0.320755;0.456604;-0.49434;0.743396;-0.388679;-0.184906;-0.615094;-0.403774;-0.0716981;-0.207547;-0.373585;-0.018868;-0.30566;0.637736;-0.283019;-0.154717;0.516981;-0.222642;-0.0264151;0.509434;0.260377;0.607547;-0.245283;-0.320755;0.222641;-0.215094;-0.215094;0.0716981;-0.0716981;-0.132076;0.0566037;0.215094;0.2;-0.018868;-0.283019;-0.426415;-0.366038;-0.358491;-0.407407;0.703704;-0.585185;0.0666667;0.333333;-0.0222222;0.318519;0.037037;-1;0;0;0;0

19.7;-0.018868;0.0415094;-0.30566;-0.018868;-0.207547;0.169811;0.735849;-0.245283;-0.849057;-0.320755;0.0566037;1;-0.509434;-0.320755;-0.622642;-0.320755;0.456604;-0.49434;0.743396;-0.388679;-0.184906;-0.615094;-0.403774;-0.0716981;-0.207547;-0.373585;-0.018868;-0.30566;0.637736;-0.283019;-0.154717;0.516981;-0.222642;-0.0264151;0.509434;0.260377;0.607547;-0.245283;-0.320755;0.222641;-0.215094;-0.215094;0.0716981;-0.0716981;-0.132076;0.0566037;0.215094;0.2;-0.018868;-0.283019;-0.426415;-0.366038;-0.37037;-0.407407;0.703704;-0.585185;0.0666667;0.333333;-0.0222222;0.318519;-1;0;0;0;0

18.4;-1;-0.018868;0.0415094;-0.30566;-0.018868;-0.207547;0.169811;0.735849;-0.245283;-0.849057;-0.320755;0.0566037;1;-0.509434;-0.320755;-0.622642;-0.320755;0.456604;-0.49434;0.743396;-0.388679;-0.184906;-0.615094;-0.403774;-0.0716981;-0.207547;-0.373585;-0.018868;-0.30566;0.637736;-0.283019;-0.154717;0.516981;-0.222642;-0.0264151;0.509434;0.260377;0.607547;-0.245283;-0.320755;0.222641;-0.215094;-0.215094;0.0716981;-0.0716981;-0.132076;0.0566037;0.215094;0.2;-0.018868;-0.283019;-0.426415;-0.377778;-0.37037;-0.407407;0.703704;-0.585185;0.0666667;0.333333;-0.0222222;-1;0;0;0;0

17.9;-0.396226;-1;-0.018868;0.0415094;-0.30566;-0.018868;-0.207547;0.169811;0.735849;-0.245283;-0.849057;-0.320755;0.0566037;1;-0.509434;-0.320755;-0.622642;-0.320755;0.456604;-0.49434;0.743396;-0.388679;-0.184906;-0.615094;-0.403774;-0.0716981;-0.207547;-0.373585;-0.018868;-0.30566;0.637736;-0.283019;-0.154717;0.516981;-0.222642;-0.0264151;0.509434;0.260377;0.607547;-0.245283;-0.320755;0.222641;-0.215094;-0.215094;0.0716981;-0.0716981;-0.132076;0.0566037;0.215094;0.2;-0.018868;-0.283019;-0.437037;-0.377778;-0.37037;-0.407407;0.703704;-0.585185;0.0666667;0.333333;-1;0;0;0;0

17.7;-0.169811;-0.396226;-1;-0.018868;0.0415094;-0.30566;-0.018868;-0.207547;0.169811;0.735849;-0.245283;-0.849057;-0.320755;0.0566037;1;-0.509434;-0.320755;-0.622642;-0.320755;0.456604;-0.49434;0.743396;-0.388679;-0.184906;-0.615094;-0.403774;-0.0716981;-0.207547;-0.373585;-0.018868;-0.30566;0.637736;-0.283019;-0.154717;0.516981;-0.222642;-0.0264151;0.509434;0.260377;0.607547;-0.245283;-0.320755;0.222641;-0.215094;-0.215094;0.0716981;-0.0716981;-0.132076;0.0566037;0.215094;0.2;-0.018868;-0.296296;-0.437037;-0.377778;-0.37037;-0.407407;0.703704;-0.585185;0.0666667;+1;0;0;0;0

18.9;0.886792;-0.169811;-0.396226;-1;-0.018868;0.0415094;-0.30566;-0.018868;-0.207547;0.169811;0.735849;-0.245283;-0.849057;-0.320755;0.0566037;1;-0.509434;-0.320755;-0.622642;-0.320755;0.456604;-0.49434;0.743396;-0.388679;-0.184906;-0.615094;-0.403774;-0.0716981;-0.207547;-0.373585;-0.018868;-0.30566;0.637736;-0.283019;-0.154717;0.516981;-0.222642;-0.0264151;0.509434;0.260377;0.607547;-0.245283;-0.320755;0.222641;-0.215094;-0.215094;0.0716981;-0.0716981;-0.132076;0.0566037;0.215094;0.2;-0.037037;-0.296296;-0.437037;-0.377778;-0.37037;-0.407407;0.703704;-0.585185;+1;0;0;0;0

19.1;0.132075;0.886792;-0.169811;-0.396226;-1;-0.018868;0.0415094;-0.30566;-0.018868;-0.207547;0.169811;0.735849;-0.245283;-0.849057;-0.320755;0.0566037;1;-0.509434;-0.320755;-0.622642;-0.320755;0.456604;-0.49434;0.743396;-0.388679;-0.184906;-0.615094;-0.403774;-0.0716981;-0.207547;-0.373585;-0.018868;-0.30566;0.637736;-0.283019;-0.154717;0.516981;-0.222642;-0.0264151;0.509434;0.260377;0.607547;-0.245283;-0.320755;0.222641;-0.215094;-0.215094;0.0716981;-0.0716981;-0.132076;0.0566037;0.215094;0.177778;-0.037037;-0.296296;-0.437037;-0.377778;-0.37037;-0.407407;0.703704;+1;0;0;0;0

19.38;0.192453;0.132075;0.886792;-0.169811;-0.396226;-1;-0.018868;0.0415094;-0.30566;-0.018868;-0.207547;0.169811;0.735849;-0.245283;-0.849057;-0.320755;0.0566037;1;-0.509434;-0.320755;-0.622642;-0.320755;0.456604;-0.49434;0.743396;-0.388679;-0.184906;-0.615094;-0.403774;-0.0716981;-0.207547;-0.373585;-0.018868;-0.30566;0.637736;-0.283019;-0.154717;0.516981;-0.222642;-0.0264151;0.509434;0.260377;0.607547;-0.245283;-0.320755;0.222641;-0.215094;-0.215094;0.0716981;-0.0716981;-0.132076;0.0566037;0.192593;0.177778;-0.037037;-0.296296;-0.437037;-0.377778;-0.37037;-0.407407;-1;0;0;0;0

19;-0.30566;0.192453;0.132075;0.886792;-0.169811;-0.396226;-1;-0.018868;0.0415094;-0.30566;-0.018868;-0.207547;0.169811;0.735849;-0.245283;-0.849057;-0.320755;0.0566037;1;-0.509434;-0.320755;-0.622642;-0.320755;0.456604;-0.49434;0.743396;-0.388679;-0.184906;-0.615094;-0.403774;-0.0716981;-0.207547;-0.373585;-0.018868;-0.30566;0.637736;-0.283019;-0.154717;0.516981;-0.222642;-0.0264151;0.509434;0.260377;0.607547;-0.245283;-0.320755;0.222641;-0.215094;-0.215094;0.0716981;-0.0716981;-0.132076;0.037037;0.192593;0.177778;-0.037037;-0.296296;-0.437037;-0.377778;-0.37037;-1;0;0;0;0

18.9;-0.0943397;-0.30566;0.192453;0.132075;0.886792;-0.169811;-0.396226;-1;-0.018868;0.0415094;-0.30566;-0.018868;-0.207547;0.169811;0.735849;-0.245283;-0.849057;-0.320755;0.0566037;1;-0.509434;-0.320755;-0.622642;-0.320755;0.456604;-0.49434;0.743396;-0.388679;-0.184906;-0.615094;-0.403774;-0.0716981;-0.207547;-0.373585;-0.018868;-0.30566;0.637736;-0.283019;-0.154717;0.516981;-0.222642;-0.0264151;0.509434;0.260377;0.607547;-0.245283;-0.320755;0.222641;-0.215094;-0.215094;0.0716981;-0.0716981;-0.148148;0.037037;0.192593;0.177778;-0.037037;-0.296296;-0.437037;-0.377778;+1;0;0;0;0

19.1;0.132075;-0.0943397;-0.30566;0.192453;0.132075;0.886792;-0.169811;-0.396226;-1;-0.018868;0.0415094;-0.30566;-0.018868;-0.207547;0.169811;0.735849;-0.245283;-0.849057;-0.320755;0.0566037;1;-0.509434;-0.320755;-0.622642;-0.320755;0.456604;-0.49434;0.743396;-0.388679;-0.184906;-0.615094;-0.403774;-0.0716981;-0.207547;-0.373585;-0.018868;-0.30566;0.637736;-0.283019;-0.154717;0.516981;-0.222642;-0.0264151;0.509434;0.260377;0.607547;-0.245283;-0.320755;0.222641;-0.215094;-0.215094;0.0716981;-0.0888889;-0.148148;0.037037;0.192593;0.177778;-0.037037;-0.296296;-0.437037;+1;0;0;0;0

20.09;0.728302;0.132075;-0.0943397;-0.30566;0.192453;0.132075;0.886792;-0.169811;-0.396226;-1;-0.018868;0.0415094;-0.30566;-0.018868;-0.207547;0.169811;0.735849;-0.245283;-0.849057;-0.320755;0.0566037;1;-0.509434;-0.320755;-0.622642;-0.320755;0.456604;-0.49434;0.743396;-0.388679;-0.184906;-0.615094;-0.403774;-0.0716981;-0.207547;-0.373585;-0.018868;-0.30566;0.637736;-0.283019;-0.154717;0.516981;-0.222642;-0.0264151;0.509434;0.260377;0.607547;-0.245283;-0.320755;0.222641;-0.215094;-0.215094;0.0518518;-0.0888889;-0.148148;0.037037;0.192593;0.177778;-0.037037;-0.296296;-1;0;0;0;0

19.9;-0.162264;0.728302;0.132075;-0.0943397;-0.30566;0.192453;0.132075;0.886792;-0.169811;-0.396226;-1;-0.018868;0.0415094;-0.30566;-0.018868;-0.207547;0.169811;0.735849;-0.245283;-0.849057;-0.320755;0.0566037;1;-0.509434;-0.320755;-0.622642;-0.320755;0.456604;-0.49434;0.743396;-0.388679;-0.184906;-0.615094;-0.403774;-0.0716981;-0.207547;-0.373585;-0.018868;-0.30566;0.637736;-0.283019;-0.154717;0.516981;-0.222642;-0.0264151;0.509434;0.260377;0.607547;-0.245283;-0.320755;0.222641;-0.215094;-0.22963;0.0518518;-0.0888889;-0.148148;0.037037;0.192593;0.177778;-0.037037;+1;0;0;0;0

20.1;0.132075;-0.162264;0.728302;0.132075;-0.0943397;-0.30566;0.192453;0.132075;0.886792;-0.169811;-0.396226;-1;-0.018868;0.0415094;-0.30566;-0.018868;-0.207547;0.169811;0.735849;-0.245283;-0.849057;-0.320755;0.0566037;1;-0.509434;-0.320755;-0.622642;-0.320755;0.456604;-0.49434;0.743396;-0.388679;-0.184906;-0.615094;-0.403774;-0.0716981;-0.207547;-0.373585;-0.018868;-0.30566;0.637736;-0.283019;-0.154717;0.516981;-0.222642;-0.0264151;0.509434;0.260377;0.607547;-0.245283;-0.320755;0.222641;-0.22963;-0.22963;0.0518518;-0.0888889;-0.148148;0.037037;0.192593;0.177778;+1;0;0;0;0

20.8;0.509434;0.132075;-0.162264;0.728302;0.132075;-0.0943397;-0.30566;0.192453;0.132075;0.886792;-0.169811;-0.396226;-1;-0.018868;0.0415094;-0.30566;-0.018868;-0.207547;0.169811;0.735849;-0.245283;-0.849057;-0.320755;0.0566037;1;-0.509434;-0.320755;-0.622642;-0.320755;0.456604;-0.49434;0.743396;-0.388679;-0.184906;-0.615094;-0.403774;-0.0716981;-0.207547;-0.373585;-0.018868;-0.30566;0.637736;-0.283019;-0.154717;0.516981;-0.222642;-0.0264151;0.509434;0.260377;0.607547;-0.245283;-0.320755;0.2;-0.22963;-0.22963;0.0518518;-0.0888889;-0.148148;0.037037;0.192593;-1;0;0;0;0

20.4;-0.320755;0.509434;0.132075;-0.162264;0.728302;0.132075;-0.0943397;-0.30566;0.192453;0.132075;0.886792;-0.169811;-0.396226;-1;-0.018868;0.0415094;-0.30566;-0.018868;-0.207547;0.169811;0.735849;-0.245283;-0.849057;-0.320755;0.0566037;1;-0.509434;-0.320755;-0.622642;-0.320755;0.456604;-0.49434;0.743396;-0.388679;-0.184906;-0.615094;-0.403774;-0.0716981;-0.207547;-0.373585;-0.018868;-0.30566;0.637736;-0.283019;-0.154717;0.516981;-0.222642;-0.0264151;0.509434;0.260377;0.607547;-0.245283;-0.333333;0.2;-0.22963;-0.22963;0.0518518;-0.0888889;-0.148148;0.037037;+1;0;0;0;0

21.3;0.660377;-0.320755;0.509434;0.132075;-0.162264;0.728302;0.132075;-0.0943397;-0.30566;0.192453;0.132075;0.886792;-0.169811;-0.396226;-1;-0.018868;0.0415094;-0.30566;-0.018868;-0.207547;0.169811;0.735849;-0.245283;-0.849057;-0.320755;0.0566037;1;-0.509434;-0.320755;-0.622642;-0.320755;0.456604;-0.49434;0.743396;-0.388679;-0.184906;-0.615094;-0.403774;-0.0716981;-0.207547;-0.373585;-0.018868;-0.30566;0.637736;-0.283019;-0.154717;0.516981;-0.222642;-0.0264151;0.509434;0.260377;0.607547;-0.259259;-0.333333;0.2;-0.22963;-0.22963;0.0518518;-0.0888889;-0.148148;-1;0;0;0;0

21.2;-0.0943397;0.660377;-0.320755;0.509434;0.132075;-0.162264;0.728302;0.132075;-0.0943397;-0.30566;0.192453;0.132075;0.886792;-0.169811;-0.396226;-1;-0.018868;0.0415094;-0.30566;-0.018868;-0.207547;0.169811;0.735849;-0.245283;-0.849057;-0.320755;0.0566037;1;-0.509434;-0.320755;-0.622642;-0.320755;0.456604;-0.49434;0.743396;-0.388679;-0.184906;-0.615094;-0.403774;-0.0716981;-0.207547;-0.373585;-0.018868;-0.30566;0.637736;-0.283019;-0.154717;0.516981;-0.222642;-0.0264151;0.509434;0.260377;0.577778;-0.259259;-0.333333;0.2;-0.22963;-0.22963;0.0518518;-0.0888889;-1;0;0;0;0

20.4;-0.622642;-0.0943397;0.660377;-0.320755;0.509434;0.132075;-0.162264;0.728302;0.132075;-0.0943397;-0.30566;0.192453;0.132075;0.886792;-0.169811;-0.396226;-1;-0.018868;0.0415094;-0.30566;-0.018868;-0.207547;0.169811;0.735849;-0.245283;-0.849057;-0.320755;0.0566037;1;-0.509434;-0.320755;-0.622642;-0.320755;0.456604;-0.49434;0.743396;-0.388679;-0.184906;-0.615094;-0.403774;-0.0716981;-0.207547;-0.373585;-0.018868;-0.30566;0.637736;-0.283019;-0.154717;0.516981;-0.222642;-0.0264151;0.509434;0.237037;0.577778;-0.259259;-0.333333;0.2;-0.22963;-0.22963;0.0518518;+1;0;0;0;0

21.1;0.509434;-0.622642;-0.0943397;0.660377;-0.320755;0.509434;0.132075;-0.162264;0.728302;0.132075;-0.0943397;-0.30566;0.192453;0.132075;0.886792;-0.169811;-0.396226;-1;-0.018868;0.0415094;-0.30566;-0.018868;-0.207547;0.169811;0.735849;-0.245283;-0.849057;-0.320755;0.0566037;1;-0.509434;-0.320755;-0.622642;-0.320755;0.456604;-0.49434;0.743396;-0.388679;-0.184906;-0.615094;-0.403774;-0.0716981;-0.207547;-0.373585;-0.018868;-0.30566;0.637736;-0.283019;-0.154717;0.516981;-0.222642;-0.0264151;0.481481;0.237037;0.577778;-0.259259;-0.333333;0.2;-0.22963;-0.22963;-1;0;0;0;0

20.45;-0.509434;0.509434;-0.622642;-0.0943397;0.660377;-0.320755;0.509434;0.132075;-0.162264;0.728302;0.132075;-0.0943397;-0.30566;0.192453;0.132075;0.886792;-0.169811;-0.396226;-1;-0.018868;0.0415094;-0.30566;-0.018868;-0.207547;0.169811;0.735849;-0.245283;-0.849057;-0.320755;0.0566037;1;-0.509434;-0.320755;-0.622642;-0.320755;0.456604;-0.49434;0.743396;-0.388679;-0.184906;-0.615094;-0.403774;-0.0716981;-0.207547;-0.373585;-0.018868;-0.30566;0.637736;-0.283019;-0.154717;0.516981;-0.222642;-0.0444445;0.481481;0.237037;0.577778;-0.259259;-0.333333;0.2;-0.22963;+1;0;0;0;0

20.5;0.0188679;-0.509434;0.509434;-0.622642;-0.0943397;0.660377;-0.320755;0.509434;0.132075;-0.162264;0.728302;0.132075;-0.0943397;-0.30566;0.192453;0.132075;0.886792;-0.169811;-0.396226;-1;-0.018868;0.0415094;-0.30566;-0.018868;-0.207547;0.169811;0.735849;-0.245283;-0.849057;-0.320755;0.0566037;1;-0.509434;-0.320755;-0.622642;-0.320755;0.456604;-0.49434;0.743396;-0.388679;-0.184906;-0.615094;-0.403774;-0.0716981;-0.207547;-0.373585;-0.018868;-0.30566;0.637736;-0.283019;-0.154717;0.516981;-0.237037;-0.0444445;0.481481;0.237037;0.577778;-0.259259;-0.333333;0.2;+1;0;0;0;0

20.75;0.169811;0.0188679;-0.509434;0.509434;-0.622642;-0.0943397;0.660377;-0.320755;0.509434;0.132075;-0.162264;0.728302;0.132075;-0.0943397;-0.30566;0.192453;0.132075;0.886792;-0.169811;-0.396226;-1;-0.018868;0.0415094;-0.30566;-0.018868;-0.207547;0.169811;0.735849;-0.245283;-0.849057;-0.320755;0.0566037;1;-0.509434;-0.320755;-0.622642;-0.320755;0.456604;-0.49434;0.743396;-0.388679;-0.184906;-0.615094;-0.403774;-0.0716981;-0.207547;-0.373585;-0.018868;-0.30566;0.637736;-0.283019;-0.154717;0.488889;-0.237037;-0.0444445;0.481481;0.237037;0.577778;-0.259259;-0.333333;-1;0;0;0;0

20.6;-0.132076;0.169811;0.0188679;-0.509434;0.509434;-0.622642;-0.0943397;0.660377;-0.320755;0.509434;0.132075;-0.162264;0.728302;0.132075;-0.0943397;-0.30566;0.192453;0.132075;0.886792;-0.169811;-0.396226;-1;-0.018868;0.0415094;-0.30566;-0.018868;-0.207547;0.169811;0.735849;-0.245283;-0.849057;-0.320755;0.0566037;1;-0.509434;-0.320755;-0.622642;-0.320755;0.456604;-0.49434;0.743396;-0.388679;-0.184906;-0.615094;-0.403774;-0.0716981;-0.207547;-0.373585;-0.018868;-0.30566;0.637736;-0.283019;-0.17037;0.488889;-0.237037;-0.0444445;0.481481;0.237037;0.577778;-0.259259;-1;0;0;0;0

19.9;-0.54717;-0.132076;0.169811;0.0188679;-0.509434;0.509434;-0.622642;-0.0943397;0.660377;-0.320755;0.509434;0.132075;-0.162264;0.728302;0.132075;-0.0943397;-0.30566;0.192453;0.132075;0.886792;-0.169811;-0.396226;-1;-0.018868;0.0415094;-0.30566;-0.018868;-0.207547;0.169811;0.735849;-0.245283;-0.849057;-0.320755;0.0566037;1;-0.509434;-0.320755;-0.622642;-0.320755;0.456604;-0.49434;0.743396;-0.388679;-0.184906;-0.615094;-0.403774;-0.0716981;-0.207547;-0.373585;-0.018868;-0.30566;0.637736;-0.296296;-0.17037;0.488889;-0.237037;-0.0444445;0.481481;0.237037;0.577778;+1;0;0;0;0

20.3;0.283019;-0.54717;-0.132076;0.169811;0.0188679;-0.509434;0.509434;-0.622642;-0.0943397;0.660377;-0.320755;0.509434;0.132075;-0.162264;0.728302;0.132075;-0.0943397;-0.30566;0.192453;0.132075;0.886792;-0.169811;-0.396226;-1;-0.018868;0.0415094;-0.30566;-0.018868;-0.207547;0.169811;0.735849;-0.245283;-0.849057;-0.320755;0.0566037;1;-0.509434;-0.320755;-0.622642;-0.320755;0.456604;-0.49434;0.743396;-0.388679;-0.184906;-0.615094;-0.403774;-0.0716981;-0.207547;-0.373585;-0.018868;-0.30566;0.607407;-0.296296;-0.17037;0.488889;-0.237037;-0.0444445;0.481481;0.237037;-1;0;0;0;0

20.25;-0.0566038;0.283019;-0.54717;-0.132076;0.169811;0.0188679;-0.509434;0.509434;-0.622642;-0.0943397;0.660377;-0.320755;0.509434;0.132075;-0.162264;0.728302;0.132075;-0.0943397;-0.30566;0.192453;0.132075;0.886792;-0.169811;-0.396226;-1;-0.018868;0.0415094;-0.30566;-0.018868;-0.207547;0.169811;0.735849;-0.245283;-0.849057;-0.320755;0.0566037;1;-0.509434;-0.320755;-0.622642;-0.320755;0.456604;-0.49434;0.743396;-0.388679;-0.184906;-0.615094;-0.403774;-0.0716981;-0.207547;-0.373585;-0.018868;-0.318519;0.607407;-0.296296;-0.17037;0.488889;-0.237037;-0.0444445;0.481481;+1;0;0;0;0

20.94;0.501887;-0.0566038;0.283019;-0.54717;-0.132076;0.169811;0.0188679;-0.509434;0.509434;-0.622642;-0.0943397;0.660377;-0.320755;0.509434;0.132075;-0.162264;0.728302;0.132075;-0.0943397;-0.30566;0.192453;0.132075;0.886792;-0.169811;-0.396226;-1;-0.018868;0.0415094;-0.30566;-0.018868;-0.207547;0.169811;0.735849;-0.245283;-0.849057;-0.320755;0.0566037;1;-0.509434;-0.320755;-0.622642;-0.320755;0.456604;-0.49434;0.743396;-0.388679;-0.184906;-0.615094;-0.403774;-0.0716981;-0.207547;-0.373585;-0.037037;-0.318519;0.607407;-0.296296;-0.17037;0.488889;-0.237037;-0.0444445;+1;0;0;0;0

21.7;0.554717;0.501887;-0.0566038;0.283019;-0.54717;-0.132076;0.169811;0.0188679;-0.509434;0.509434;-0.622642;-0.0943397;0.660377;-0.320755;0.509434;0.132075;-0.162264;0.728302;0.132075;-0.0943397;-0.30566;0.192453;0.132075;0.886792;-0.169811;-0.396226;-1;-0.018868;0.0415094;-0.30566;-0.018868;-0.207547;0.169811;0.735849;-0.245283;-0.849057;-0.320755;0.0566037;1;-0.509434;-0.320755;-0.622642;-0.320755;0.456604;-0.49434;0.743396;-0.388679;-0.184906;-0.615094;-0.403774;-0.0716981;-0.207547;-0.385185;-0.037037;-0.318519;0.607407;-0.296296;-0.17037;0.488889;-0.237037;-1;0;0;0;0

21.2;-0.396226;0.554717;0.501887;-0.0566038;0.283019;-0.54717;-0.132076;0.169811;0.0188679;-0.509434;0.509434;-0.622642;-0.0943397;0.660377;-0.320755;0.509434;0.132075;-0.162264;0.728302;0.132075;-0.0943397;-0.30566;0.192453;0.132075;0.886792;-0.169811;-0.396226;-1;-0.018868;0.0415094;-0.30566;-0.018868;-0.207547;0.169811;0.735849;-0.245283;-0.849057;-0.320755;0.0566037;1;-0.509434;-0.320755;-0.622642;-0.320755;0.456604;-0.49434;0.743396;-0.388679;-0.184906;-0.615094;-0.403774;-0.0716981;-0.222222;-0.385185;-0.037037;-0.318519;0.607407;-0.296296;-0.17037;0.488889;+1;0;0;0;0

21.87;0.486792;-0.396226;0.554717;0.501887;-0.0566038;0.283019;-0.54717;-0.132076;0.169811;0.0188679;-0.509434;0.509434;-0.622642;-0.0943397;0.660377;-0.320755;0.509434;0.132075;-0.162264;0.728302;0.132075;-0.0943397;-0.30566;0.192453;0.132075;0.886792;-0.169811;-0.396226;-1;-0.018868;0.0415094;-0.30566;-0.018868;-0.207547;0.169811;0.735849;-0.245283;-0.849057;-0.320755;0.0566037;1;-0.509434;-0.320755;-0.622642;-0.320755;0.456604;-0.49434;0.743396;-0.388679;-0.184906;-0.615094;-0.403774;-0.0888889;-0.222222;-0.385185;-0.037037;-0.318519;0.607407;-0.296296;-0.17037;+1;0;0;0;0

22;0.0792453;0.486792;-0.396226;0.554717;0.501887;-0.0566038;0.283019;-0.54717;-0.132076;0.169811;0.0188679;-0.509434;0.509434;-0.622642;-0.0943397;0.660377;-0.320755;0.509434;0.132075;-0.162264;0.728302;0.132075;-0.0943397;-0.30566;0.192453;0.132075;0.886792;-0.169811;-0.396226;-1;-0.018868;0.0415094;-0.30566;-0.018868;-0.207547;0.169811;0.735849;-0.245283;-0.849057;-0.320755;0.0566037;1;-0.509434;-0.320755;-0.622642;-0.320755;0.456604;-0.49434;0.743396;-0.388679;-0.184906;-0.615094;-0.414815;-0.0888889;-0.222222;-0.385185;-0.037037;-0.318519;0.607407;-0.296296;+1;0;0;0;0

22.2;0.132075;0.0792453;0.486792;-0.396226;0.554717;0.501887;-0.0566038;0.283019;-0.54717;-0.132076;0.169811;0.0188679;-0.509434;0.509434;-0.622642;-0.0943397;0.660377;-0.320755;0.509434;0.132075;-0.162264;0.728302;0.132075;-0.0943397;-0.30566;0.192453;0.132075;0.886792;-0.169811;-0.396226;-1;-0.018868;0.0415094;-0.30566;-0.018868;-0.207547;0.169811;0.735849;-0.245283;-0.849057;-0.320755;0.0566037;1;-0.509434;-0.320755;-0.622642;-0.320755;0.456604;-0.49434;0.743396;-0.388679;-0.184906;-0.622222;-0.414815;-0.0888889;-0.222222;-0.385185;-0.037037;-0.318519;0.607407;-1;0;0;0;0

21.83;-0.298113;0.132075;0.0792453;0.486792;-0.396226;0.554717;0.501887;-0.0566038;0.283019;-0.54717;-0.132076;0.169811;0.0188679;-0.509434;0.509434;-0.622642;-0.0943397;0.660377;-0.320755;0.509434;0.132075;-0.162264;0.728302;0.132075;-0.0943397;-0.30566;0.192453;0.132075;0.886792;-0.169811;-0.396226;-1;-0.018868;0.0415094;-0.30566;-0.018868;-0.207547;0.169811;0.735849;-0.245283;-0.849057;-0.320755;0.0566037;1;-0.509434;-0.320755;-0.622642;-0.320755;0.456604;-0.49434;0.743396;-0.388679;-0.2;-0.622222;-0.414815;-0.0888889;-0.222222;-0.385185;-0.037037;-0.318519;+1;0;0;0;0

22.09;0.177358;-0.298113;0.132075;0.0792453;0.486792;-0.396226;0.554717;0.501887;-0.0566038;0.283019;-0.54717;-0.132076;0.169811;0.0188679;-0.509434;0.509434;-0.622642;-0.0943397;0.660377;-0.320755;0.509434;0.132075;-0.162264;0.728302;0.132075;-0.0943397;-0.30566;0.192453;0.132075;0.886792;-0.169811;-0.396226;-1;-0.018868;0.0415094;-0.30566;-0.018868;-0.207547;0.169811;0.735849;-0.245283;-0.849057;-0.320755;0.0566037;1;-0.509434;-0.320755;-0.622642;-0.320755;0.456604;-0.49434;0.743396;-0.4;-0.2;-0.622222;-0.414815;-0.0888889;-0.222222;-0.385185;-0.037037;-1;0;0;0;0

21.94;-0.132076;0.177358;-0.298113;0.132075;0.0792453;0.486792;-0.396226;0.554717;0.501887;-0.0566038;0.283019;-0.54717;-0.132076;0.169811;0.0188679;-0.509434;0.509434;-0.622642;-0.0943397;0.660377;-0.320755;0.509434;0.132075;-0.162264;0.728302;0.132075;-0.0943397;-0.30566;0.192453;0.132075;0.886792;-0.169811;-0.396226;-1;-0.018868;0.0415094;-0.30566;-0.018868;-0.207547;0.169811;0.735849;-0.245283;-0.849057;-0.320755;0.0566037;1;-0.509434;-0.320755;-0.622642;-0.320755;0.456604;-0.49434;0.711111;-0.4;-0.2;-0.622222;-0.414815;-0.0888889;-0.222222;-0.385185;+1;0;0;0;0

21.95;-0.0113208;-0.132076;0.177358;-0.298113;0.132075;0.0792453;0.486792;-0.396226;0.554717;0.501887;-0.0566038;0.283019;-0.54717;-0.132076;0.169811;0.0188679;-0.509434;0.509434;-0.622642;-0.0943397;0.660377;-0.320755;0.509434;0.132075;-0.162264;0.728302;0.132075;-0.0943397;-0.30566;0.192453;0.132075;0.886792;-0.169811;-0.396226;-1;-0.018868;0.0415094;-0.30566;-0.018868;-0.207547;0.169811;0.735849;-0.245283;-0.849057;-0.320755;0.0566037;1;-0.509434;-0.320755;-0.622642;-0.320755;0.456604;-0.503704;0.711111;-0.4;-0.2;-0.622222;-0.414815;-0.0888889;-0.222222;+1;0;0;0;0

22.2;0.169811;-0.0113208;-0.132076;0.177358;-0.298113;0.132075;0.0792453;0.486792;-0.396226;0.554717;0.501887;-0.0566038;0.283019;-0.54717;-0.132076;0.169811;0.0188679;-0.509434;0.509434;-0.622642;-0.0943397;0.660377;-0.320755;0.509434;0.132075;-0.162264;0.728302;0.132075;-0.0943397;-0.30566;0.192453;0.132075;0.886792;-0.169811;-0.396226;-1;-0.018868;0.0415094;-0.30566;-0.018868;-0.207547;0.169811;0.735849;-0.245283;-0.849057;-0.320755;0.0566037;1;-0.509434;-0.320755;-0.622642;-0.320755;0.42963;-0.503704;0.711111;-0.4;-0.2;-0.622222;-0.414815;-0.0888889;-1;0;0;0;0

22.1;-0.0943397;0.169811;-0.0113208;-0.132076;0.177358;-0.298113;0.132075;0.0792453;0.486792;-0.396226;0.554717;0.501887;-0.0566038;0.283019;-0.54717;-0.132076;0.169811;0.0188679;-0.509434;0.509434;-0.622642;-0.0943397;0.660377;-0.320755;0.509434;0.132075;-0.162264;0.728302;0.132075;-0.0943397;-0.30566;0.192453;0.132075;0.886792;-0.169811;-0.396226;-1;-0.018868;0.0415094;-0.30566;-0.018868;-0.207547;0.169811;0.735849;-0.245283;-0.849057;-0.320755;0.0566037;1;-0.509434;-0.320755;-0.622642;-0.333333;0.42963;-0.503704;0.711111;-0.4;-0.2;-0.622222;-0.414815;+1;0;0;0;0

22.6;0.358491;-0.0943397;0.169811;-0.0113208;-0.132076;0.177358;-0.298113;0.132075;0.0792453;0.486792;-0.396226;0.554717;0.501887;-0.0566038;0.283019;-0.54717;-0.132076;0.169811;0.0188679;-0.509434;0.509434;-0.622642;-0.0943397;0.660377;-0.320755;0.509434;0.132075;-0.162264;0.728302;0.132075;-0.0943397;-0.30566;0.192453;0.132075;0.886792;-0.169811;-0.396226;-1;-0.018868;0.0415094;-0.30566;-0.018868;-0.207547;0.169811;0.735849;-0.245283;-0.849057;-0.320755;0.0566037;1;-0.509434;-0.320755;-0.62963;-0.333333;0.42963;-0.503704;0.711111;-0.4;-0.2;-0.622222;+1;0;0;0;0

22.7;0.0566037;0.358491;-0.0943397;0.169811;-0.0113208;-0.132076;0.177358;-0.298113;0.132075;0.0792453;0.486792;-0.396226;0.554717;0.501887;-0.0566038;0.283019;-0.54717;-0.132076;0.169811;0.0188679;-0.509434;0.509434;-0.622642;-0.0943397;0.660377;-0.320755;0.509434;0.132075;-0.162264;0.728302;0.132075;-0.0943397;-0.30566;0.192453;0.132075;0.886792;-0.169811;-0.396226;-1;-0.018868;0.0415094;-0.30566;-0.018868;-0.207547;0.169811;0.735849;-0.245283;-0.849057;-0.320755;0.0566037;1;-0.509434;-0.333333;-0.62963;-0.333333;0.42963;-0.503704;0.711111;-0.4;-0.2;+1;0;0;0;0

23;0.207547;0.0566037;0.358491;-0.0943397;0.169811;-0.0113208;-0.132076;0.177358;-0.298113;0.132075;0.0792453;0.486792;-0.396226;0.554717;0.501887;-0.0566038;0.283019;-0.54717;-0.132076;0.169811;0.0188679;-0.509434;0.509434;-0.622642;-0.0943397;0.660377;-0.320755;0.509434;0.132075;-0.162264;0.728302;0.132075;-0.0943397;-0.30566;0.192453;0.132075;0.886792;-0.169811;-0.396226;-1;-0.018868;0.0415094;-0.30566;-0.018868;-0.207547;0.169811;0.735849;-0.245283;-0.849057;-0.320755;0.0566037;1;-0.518519;-0.333333;-0.62963;-0.333333;0.42963;-0.503704;0.711111;-0.4;-1;0;0;0;0

22.6;-0.320755;0.207547;0.0566037;0.358491;-0.0943397;0.169811;-0.0113208;-0.132076;0.177358;-0.298113;0.132075;0.0792453;0.486792;-0.396226;0.554717;0.501887;-0.0566038;0.283019;-0.54717;-0.132076;0.169811;0.0188679;-0.509434;0.509434;-0.622642;-0.0943397;0.660377;-0.320755;0.509434;0.132075;-0.162264;0.728302;0.132075;-0.0943397;-0.30566;0.192453;0.132075;0.886792;-0.169811;-0.396226;-1;-0.018868;0.0415094;-0.30566;-0.018868;-0.207547;0.169811;0.735849;-0.245283;-0.849057;-0.320755;0.0566037;0.962963;-0.518519;-0.333333;-0.62963;-0.333333;0.42963;-0.503704;0.711111;-1;0;0;0;0

21.81;-0.615094;-0.320755;0.207547;0.0566037;0.358491;-0.0943397;0.169811;-0.0113208;-0.132076;0.177358;-0.298113;0.132075;0.0792453;0.486792;-0.396226;0.554717;0.501887;-0.0566038;0.283019;-0.54717;-0.132076;0.169811;0.0188679;-0.509434;0.509434;-0.622642;-0.0943397;0.660377;-0.320755;0.509434;0.132075;-0.162264;0.728302;0.132075;-0.0943397;-0.30566;0.192453;0.132075;0.886792;-0.169811;-0.396226;-1;-0.018868;0.0415094;-0.30566;-0.018868;-0.207547;0.169811;0.735849;-0.245283;-0.849057;-0.320755;0.037037;0.962963;-0.518519;-0.333333;-0.62963;-0.333333;0.42963;-0.503704;+1;0;0;0;0

22.85;0.766038;-0.615094;-0.320755;0.207547;0.0566037;0.358491;-0.0943397;0.169811;-0.0113208;-0.132076;0.177358;-0.298113;0.132075;0.0792453;0.486792;-0.396226;0.554717;0.501887;-0.0566038;0.283019;-0.54717;-0.132076;0.169811;0.0188679;-0.509434;0.509434;-0.622642;-0.0943397;0.660377;-0.320755;0.509434;0.132075;-0.162264;0.728302;0.132075;-0.0943397;-0.30566;0.192453;0.132075;0.886792;-0.169811;-0.396226;-1;-0.018868;0.0415094;-0.30566;-0.018868;-0.207547;0.169811;0.735849;-0.245283;-0.849057;-0.333333;0.037037;0.962963;-0.518519;-0.333333;-0.62963;-0.333333;0.42963;-1;0;0;0;0

22.15;-0.54717;0.766038;-0.615094;-0.320755;0.207547;0.0566037;0.358491;-0.0943397;0.169811;-0.0113208;-0.132076;0.177358;-0.298113;0.132075;0.0792453;0.486792;-0.396226;0.554717;0.501887;-0.0566038;0.283019;-0.54717;-0.132076;0.169811;0.0188679;-0.509434;0.509434;-0.622642;-0.0943397;0.660377;-0.320755;0.509434;0.132075;-0.162264;0.728302;0.132075;-0.0943397;-0.30566;0.192453;0.132075;0.886792;-0.169811;-0.396226;-1;-0.018868;0.0415094;-0.30566;-0.018868;-0.207547;0.169811;0.735849;-0.245283;-0.851852;-0.333333;0.037037;0.962963;-0.518519;-0.333333;-0.62963;-0.333333;-1;0;0;0;0

21.8;-0.283019;-0.54717;0.766038;-0.615094;-0.320755;0.207547;0.0566037;0.358491;-0.0943397;0.169811;-0.0113208;-0.132076;0.177358;-0.298113;0.132075;0.0792453;0.486792;-0.396226;0.554717;0.501887;-0.0566038;0.283019;-0.54717;-0.132076;0.169811;0.0188679;-0.509434;0.509434;-0.622642;-0.0943397;0.660377;-0.320755;0.509434;0.132075;-0.162264;0.728302;0.132075;-0.0943397;-0.30566;0.192453;0.132075;0.886792;-0.169811;-0.396226;-1;-0.018868;0.0415094;-0.30566;-0.018868;-0.207547;0.169811;0.735849;-0.259259;-0.851852;-0.333333;0.037037;0.962963;-0.518519;-0.333333;-0.62963;+1;0;0;0;0

22.4;0.433962;-0.283019;-0.54717;0.766038;-0.615094;-0.320755;0.207547;0.0566037;0.358491;-0.0943397;0.169811;-0.0113208;-0.132076;0.177358;-0.298113;0.132075;0.0792453;0.486792;-0.396226;0.554717;0.501887;-0.0566038;0.283019;-0.54717;-0.132076;0.169811;0.0188679;-0.509434;0.509434;-0.622642;-0.0943397;0.660377;-0.320755;0.509434;0.132075;-0.162264;0.728302;0.132075;-0.0943397;-0.30566;0.192453;0.132075;0.886792;-0.169811;-0.396226;-1;-0.018868;0.0415094;-0.30566;-0.018868;-0.207547;0.169811;0.703704;-0.259259;-0.851852;-0.333333;0.037037;0.962963;-0.518519;-0.333333;+1;0;0;0;0

22.85;0.320755;0.433962;-0.283019;-0.54717;0.766038;-0.615094;-0.320755;0.207547;0.0566037;0.358491;-0.0943397;0.169811;-0.0113208;-0.132076;0.177358;-0.298113;0.132075;0.0792453;0.486792;-0.396226;0.554717;0.501887;-0.0566038;0.283019;-0.54717;-0.132076;0.169811;0.0188679;-0.509434;0.509434;-0.622642;-0.0943397;0.660377;-0.320755;0.509434;0.132075;-0.162264;0.728302;0.132075;-0.0943397;-0.30566;0.192453;0.132075;0.886792;-0.169811;-0.396226;-1;-0.018868;0.0415094;-0.30566;-0.018868;-0.207547;0.148148;0.703704;-0.259259;-0.851852;-0.333333;0.037037;0.962963;-0.518519;-1;0;0;0;0

22.6;-0.207547;0.320755;0.433962;-0.283019;-0.54717;0.766038;-0.615094;-0.320755;0.207547;0.0566037;0.358491;-0.0943397;0.169811;-0.0113208;-0.132076;0.177358;-0.298113;0.132075;0.0792453;0.486792;-0.396226;0.554717;0.501887;-0.0566038;0.283019;-0.54717;-0.132076;0.169811;0.0188679;-0.509434;0.509434;-0.622642;-0.0943397;0.660377;-0.320755;0.509434;0.132075;-0.162264;0.728302;0.132075;-0.0943397;-0.30566;0.192453;0.132075;0.886792;-0.169811;-0.396226;-1;-0.018868;0.0415094;-0.30566;-0.018868;-0.222222;0.148148;0.703704;-0.259259;-0.851852;-0.333333;0.037037;0.962963;-1;0;0;0;0

22.5;-0.0943397;-0.207547;0.320755;0.433962;-0.283019;-0.54717;0.766038;-0.615094;-0.320755;0.207547;0.0566037;0.358491;-0.0943397;0.169811;-0.0113208;-0.132076;0.177358;-0.298113;0.132075;0.0792453;0.486792;-0.396226;0.554717;0.501887;-0.0566038;0.283019;-0.54717;-0.132076;0.169811;0.0188679;-0.509434;0.509434;-0.622642;-0.0943397;0.660377;-0.320755;0.509434;0.132075;-0.162264;0.728302;0.132075;-0.0943397;-0.30566;0.192453;0.132075;0.886792;-0.169811;-0.396226;-1;-0.018868;0.0415094;-0.30566;-0.037037;-0.222222;0.148148;0.703704;-0.259259;-0.851852;-0.333333;0.037037;+1;0;0;0;0

22.6;0.0566037;-0.0943397;-0.207547;0.320755;0.433962;-0.283019;-0.54717;0.766038;-0.615094;-0.320755;0.207547;0.0566037;0.358491;-0.0943397;0.169811;-0.0113208;-0.132076;0.177358;-0.298113;0.132075;0.0792453;0.486792;-0.396226;0.554717;0.501887;-0.0566038;0.283019;-0.54717;-0.132076;0.169811;0.0188679;-0.509434;0.509434;-0.622642;-0.0943397;0.660377;-0.320755;0.509434;0.132075;-0.162264;0.728302;0.132075;-0.0943397;-0.30566;0.192453;0.132075;0.886792;-0.169811;-0.396226;-1;-0.018868;0.0415094;-0.318519;-0.037037;-0.222222;0.148148;0.703704;-0.259259;-0.851852;-0.333333;-1;0;0;0;0

22.1;-0.396226;0.0566037;-0.0943397;-0.207547;0.320755;0.433962;-0.283019;-0.54717;0.766038;-0.615094;-0.320755;0.207547;0.0566037;0.358491;-0.0943397;0.169811;-0.0113208;-0.132076;0.177358;-0.298113;0.132075;0.0792453;0.486792;-0.396226;0.554717;0.501887;-0.0566038;0.283019;-0.54717;-0.132076;0.169811;0.0188679;-0.509434;0.509434;-0.622642;-0.0943397;0.660377;-0.320755;0.509434;0.132075;-0.162264;0.728302;0.132075;-0.0943397;-0.30566;0.192453;0.132075;0.886792;-0.169811;-0.396226;-1;-0.018868;0.0222222;-0.318519;-0.037037;-0.222222;0.148148;0.703704;-0.259259;-0.851852;-1;0;0;0;0

21.4;-0.54717;-0.396226;0.0566037;-0.0943397;-0.207547;0.320755;0.433962;-0.283019;-0.54717;0.766038;-0.615094;-0.320755;0.207547;0.0566037;0.358491;-0.0943397;0.169811;-0.0113208;-0.132076;0.177358;-0.298113;0.132075;0.0792453;0.486792;-0.396226;0.554717;0.501887;-0.0566038;0.283019;-0.54717;-0.132076;0.169811;0.0188679;-0.509434;0.509434;-0.622642;-0.0943397;0.660377;-0.320755;0.509434;0.132075;-0.162264;0.728302;0.132075;-0.0943397;-0.30566;0.192453;0.132075;0.886792;-0.169811;-0.396226;-1;-0.037037;0.0222222;-0.318519;-0.037037;-0.222222;0.148148;0.703704;-0.259259;-1;0;0;0;0

21.3;-0.0943397;-0.54717;-0.396226;0.0566037;-0.0943397;-0.207547;0.320755;0.433962;-0.283019;-0.54717;0.766038;-0.615094;-0.320755;0.207547;0.0566037;0.358491;-0.0943397;0.169811;-0.0113208;-0.132076;0.177358;-0.298113;0.132075;0.0792453;0.486792;-0.396226;0.554717;0.501887;-0.0566038;0.283019;-0.54717;-0.132076;0.169811;0.0188679;-0.509434;0.509434;-0.622642;-0.0943397;0.660377;-0.320755;0.509434;0.132075;-0.162264;0.728302;0.132075;-0.0943397;-0.30566;0.192453;0.132075;0.886792;-0.169811;-0.396226;-1;-0.037037;0.0222222;-0.318519;-0.037037;-0.222222;0.148148;0.703704;+1;0;0;0;0

21.4;0.0566037;-0.0943397;-0.54717;-0.396226;0.0566037;-0.0943397;-0.207547;0.320755;0.433962;-0.283019;-0.54717;0.766038;-0.615094;-0.320755;0.207547;0.0566037;0.358491;-0.0943397;0.169811;-0.0113208;-0.132076;0.177358;-0.298113;0.132075;0.0792453;0.486792;-0.396226;0.554717;0.501887;-0.0566038;0.283019;-0.54717;-0.132076;0.169811;0.0188679;-0.509434;0.509434;-0.622642;-0.0943397;0.660377;-0.320755;0.509434;0.132075;-0.162264;0.728302;0.132075;-0.0943397;-0.30566;0.192453;0.132075;0.886792;-0.169811;-0.407407;-1;-0.037037;0.0222222;-0.318519;-0.037037;-0.222222;0.148148;+1;0;0;0;0

22.29;0.65283;0.0566037;-0.0943397;-0.54717;-0.396226;0.0566037;-0.0943397;-0.207547;0.320755;0.433962;-0.283019;-0.54717;0.766038;-0.615094;-0.320755;0.207547;0.0566037;0.358491;-0.0943397;0.169811;-0.0113208;-0.132076;0.177358;-0.298113;0.132075;0.0792453;0.486792;-0.396226;0.554717;0.501887;-0.0566038;0.283019;-0.54717;-0.132076;0.169811;0.0188679;-0.509434;0.509434;-0.622642;-0.0943397;0.660377;-0.320755;0.509434;0.132075;-0.162264;0.728302;0.132075;-0.0943397;-0.30566;0.192453;0.132075;0.886792;-0.185185;-0.407407;-1;-0.037037;0.0222222;-0.318519;-0.037037;-0.222222;-1;0;0;0;0

22.24;-0.0566038;0.65283;0.0566037;-0.0943397;-0.54717;-0.396226;0.0566037;-0.0943397;-0.207547;0.320755;0.433962;-0.283019;-0.54717;0.766038;-0.615094;-0.320755;0.207547;0.0566037;0.358491;-0.0943397;0.169811;-0.0113208;-0.132076;0.177358;-0.298113;0.132075;0.0792453;0.486792;-0.396226;0.554717;0.501887;-0.0566038;0.283019;-0.54717;-0.132076;0.169811;0.0188679;-0.509434;0.509434;-0.622642;-0.0943397;0.660377;-0.320755;0.509434;0.132075;-0.162264;0.728302;0.132075;-0.0943397;-0.30566;0.192453;0.132075;0.851852;-0.185185;-0.407407;-1;-0.037037;0.0222222;-0.318519;-0.037037;+1;0;0;0;0

22.7;0.328302;-0.0566038;0.65283;0.0566037;-0.0943397;-0.54717;-0.396226;0.0566037;-0.0943397;-0.207547;0.320755;0.433962;-0.283019;-0.54717;0.766038;-0.615094;-0.320755;0.207547;0.0566037;0.358491;-0.0943397;0.169811;-0.0113208;-0.132076;0.177358;-0.298113;0.132075;0.0792453;0.486792;-0.396226;0.554717;0.501887;-0.0566038;0.283019;-0.54717;-0.132076;0.169811;0.0188679;-0.509434;0.509434;-0.622642;-0.0943397;0.660377;-0.320755;0.509434;0.132075;-0.162264;0.728302;0.132075;-0.0943397;-0.30566;0.192453;0.111111;0.851852;-0.185185;-0.407407;-1;-0.037037;0.0222222;-0.318519;+1;0;0;0;0

23.05;0.245283;0.328302;-0.0566038;0.65283;0.0566037;-0.0943397;-0.54717;-0.396226;0.0566037;-0.0943397;-0.207547;0.320755;0.433962;-0.283019;-0.54717;0.766038;-0.615094;-0.320755;0.207547;0.0566037;0.358491;-0.0943397;0.169811;-0.0113208;-0.132076;0.177358;-0.298113;0.132075;0.0792453;0.486792;-0.396226;0.554717;0.501887;-0.0566038;0.283019;-0.54717;-0.132076;0.169811;0.0188679;-0.509434;0.509434;-0.622642;-0.0943397;0.660377;-0.320755;0.509434;0.132075;-0.162264;0.728302;0.132075;-0.0943397;-0.30566;0.17037;0.111111;0.851852;-0.185185;-0.407407;-1;-0.037037;0.0222222;+1;0;0;0;0

23.55;0.358491;0.245283;0.328302;-0.0566038;0.65283;0.0566037;-0.0943397;-0.54717;-0.396226;0.0566037;-0.0943397;-0.207547;0.320755;0.433962;-0.283019;-0.54717;0.766038;-0.615094;-0.320755;0.207547;0.0566037;0.358491;-0.0943397;0.169811;-0.0113208;-0.132076;0.177358;-0.298113;0.132075;0.0792453;0.486792;-0.396226;0.554717;0.501887;-0.0566038;0.283019;-0.54717;-0.132076;0.169811;0.0188679;-0.509434;0.509434;-0.622642;-0.0943397;0.660377;-0.320755;0.509434;0.132075;-0.162264;0.728302;0.132075;-0.0943397;-0.318519;0.17037;0.111111;0.851852;-0.185185;-0.407407;-1;-0.037037;+1;0;0;0;0

24.35;0.584906;0.358491;0.245283;0.328302;-0.0566038;0.65283;0.0566037;-0.0943397;-0.54717;-0.396226;0.0566037;-0.0943397;-0.207547;0.320755;0.433962;-0.283019;-0.54717;0.766038;-0.615094;-0.320755;0.207547;0.0566037;0.358491;-0.0943397;0.169811;-0.0113208;-0.132076;0.177358;-0.298113;0.132075;0.0792453;0.486792;-0.396226;0.554717;0.501887;-0.0566038;0.283019;-0.54717;-0.132076;0.169811;0.0188679;-0.509434;0.509434;-0.622642;-0.0943397;0.660377;-0.320755;0.509434;0.132075;-0.162264;0.728302;0.132075;-0.111111;-0.318519;0.17037;0.111111;0.851852;-0.185185;-0.407407;-1;+1;0;0;0;0

24.51;0.101887;0.584906;0.358491;0.245283;0.328302;-0.0566038;0.65283;0.0566037;-0.0943397;-0.54717;-0.396226;0.0566037;-0.0943397;-0.207547;0.320755;0.433962;-0.283019;-0.54717;0.766038;-0.615094;-0.320755;0.207547;0.0566037;0.358491;-0.0943397;0.169811;-0.0113208;-0.132076;0.177358;-0.298113;0.132075;0.0792453;0.486792;-0.396226;0.554717;0.501887;-0.0566038;0.283019;-0.54717;-0.132076;0.169811;0.0188679;-0.509434;0.509434;-0.622642;-0.0943397;0.660377;-0.320755;0.509434;0.132075;-0.162264;0.728302;0.111111;-0.111111;-0.318519;0.17037;0.111111;0.851852;-0.185185;-0.407407;-1;0;0;0;0

24.5;-0.0264151;0.101887;0.584906;0.358491;0.245283;0.328302;-0.0566038;0.65283;0.0566037;-0.0943397;-0.54717;-0.396226;0.0566037;-0.0943397;-0.207547;0.320755;0.433962;-0.283019;-0.54717;0.766038;-0.615094;-0.320755;0.207547;0.0566037;0.358491;-0.0943397;0.169811;-0.0113208;-0.132076;0.177358;-0.298113;0.132075;0.0792453;0.486792;-0.396226;0.554717;0.501887;-0.0566038;0.283019;-0.54717;-0.132076;0.169811;0.0188679;-0.509434;0.509434;-0.622642;-0.0943397;0.660377;-0.320755;0.509434;0.132075;-0.162264;0.696296;0.111111;-0.111111;-0.318519;0.17037;0.111111;0.851852;-0.185185;-1;0;0;0;0

24.11;-0.313208;-0.0264151;0.101887;0.584906;0.358491;0.245283;0.328302;-0.0566038;0.65283;0.0566037;-0.0943397;-0.54717;-0.396226;0.0566037;-0.0943397;-0.207547;0.320755;0.433962;-0.283019;-0.54717;0.766038;-0.615094;-0.320755;0.207547;0.0566037;0.358491;-0.0943397;0.169811;-0.0113208;-0.132076;0.177358;-0.298113;0.132075;0.0792453;0.486792;-0.396226;0.554717;0.501887;-0.0566038;0.283019;-0.54717;-0.132076;0.169811;0.0188679;-0.509434;0.509434;-0.622642;-0.0943397;0.660377;-0.320755;0.509434;0.132075;-0.177778;0.696296;0.111111;-0.111111;-0.318519;0.17037;0.111111;0.851852;+1;0;0;0;0

24.2;0.0490566;-0.313208;-0.0264151;0.101887;0.584906;0.358491;0.245283;0.328302;-0.0566038;0.65283;0.0566037;-0.0943397;-0.54717;-0.396226;0.0566037;-0.0943397;-0.207547;0.320755;0.433962;-0.283019;-0.54717;0.766038;-0.615094;-0.320755;0.207547;0.0566037;0.358491;-0.0943397;0.169811;-0.0113208;-0.132076;0.177358;-0.298113;0.132075;0.0792453;0.486792;-0.396226;0.554717;0.501887;-0.0566038;0.283019;-0.54717;-0.132076;0.169811;0.0188679;-0.509434;0.509434;-0.622642;-0.0943397;0.660377;-0.320755;0.509434;0.111111;-0.177778;0.696296;0.111111;-0.111111;-0.318519;0.17037;0.111111;-1;0;0;0;0

23.7;-0.396226;0.0490566;-0.313208;-0.0264151;0.101887;0.584906;0.358491;0.245283;0.328302;-0.0566038;0.65283;0.0566037;-0.0943397;-0.54717;-0.396226;0.0566037;-0.0943397;-0.207547;0.320755;0.433962;-0.283019;-0.54717;0.766038;-0.615094;-0.320755;0.207547;0.0566037;0.358491;-0.0943397;0.169811;-0.0113208;-0.132076;0.177358;-0.298113;0.132075;0.0792453;0.486792;-0.396226;0.554717;0.501887;-0.0566038;0.283019;-0.54717;-0.132076;0.169811;0.0188679;-0.509434;0.509434;-0.622642;-0.0943397;0.660377;-0.320755;0.481481;0.111111;-0.177778;0.696296;0.111111;-0.111111;-0.318519;0.17037;+1;0;0;0;0

23.87;0.109434;-0.396226;0.0490566;-0.313208;-0.0264151;0.101887;0.584906;0.358491;0.245283;0.328302;-0.0566038;0.65283;0.0566037;-0.0943397;-0.54717;-0.396226;0.0566037;-0.0943397;-0.207547;0.320755;0.433962;-0.283019;-0.54717;0.766038;-0.615094;-0.320755;0.207547;0.0566037;0.358491;-0.0943397;0.169811;-0.0113208;-0.132076;0.177358;-0.298113;0.132075;0.0792453;0.486792;-0.396226;0.554717;0.501887;-0.0566038;0.283019;-0.54717;-0.132076;0.169811;0.0188679;-0.509434;0.509434;-0.622642;-0.0943397;0.660377;-0.333333;0.481481;0.111111;-0.177778;0.696296;0.111111;-0.111111;-0.318519;-1;0;0;0;0

23.45;-0.335849;0.109434;-0.396226;0.0490566;-0.313208;-0.0264151;0.101887;0.584906;0.358491;0.245283;0.328302;-0.0566038;0.65283;0.0566037;-0.0943397;-0.54717;-0.396226;0.0566037;-0.0943397;-0.207547;0.320755;0.433962;-0.283019;-0.54717;0.766038;-0.615094;-0.320755;0.207547;0.0566037;0.358491;-0.0943397;0.169811;-0.0113208;-0.132076;0.177358;-0.298113;0.132075;0.0792453;0.486792;-0.396226;0.554717;0.501887;-0.0566038;0.283019;-0.54717;-0.132076;0.169811;0.0188679;-0.509434;0.509434;-0.622642;-0.0943397;0.62963;-0.333333;0.481481;0.111111;-0.177778;0.696296;0.111111;-0.111111;+1;0;0;0;0

23.6;0.0943396;-0.335849;0.109434;-0.396226;0.0490566;-0.313208;-0.0264151;0.101887;0.584906;0.358491;0.245283;0.328302;-0.0566038;0.65283;0.0566037;-0.0943397;-0.54717;-0.396226;0.0566037;-0.0943397;-0.207547;0.320755;0.433962;-0.283019;-0.54717;0.766038;-0.615094;-0.320755;0.207547;0.0566037;0.358491;-0.0943397;0.169811;-0.0113208;-0.132076;0.177358;-0.298113;0.132075;0.0792453;0.486792;-0.396226;0.554717;0.501887;-0.0566038;0.283019;-0.54717;-0.132076;0.169811;0.0188679;-0.509434;0.509434;-0.622642;-0.111111;0.62963;-0.333333;0.481481;0.111111;-0.177778;0.696296;0.111111;+1;0;0;0;0

24.15;0.396226;0.0943396;-0.335849;0.109434;-0.396226;0.0490566;-0.313208;-0.0264151;0.101887;0.584906;0.358491;0.245283;0.328302;-0.0566038;0.65283;0.0566037;-0.0943397;-0.54717;-0.396226;0.0566037;-0.0943397;-0.207547;0.320755;0.433962;-0.283019;-0.54717;0.766038;-0.615094;-0.320755;0.207547;0.0566037;0.358491;-0.0943397;0.169811;-0.0113208;-0.132076;0.177358;-0.298113;0.132075;0.0792453;0.486792;-0.396226;0.554717;0.501887;-0.0566038;0.283019;-0.54717;-0.132076;0.169811;0.0188679;-0.509434;0.509434;-0.62963;-0.111111;0.62963;-0.333333;0.481481;0.111111;-0.177778;0.696296;-1;0;0;0;0

23.8;-0.283019;0.396226;0.0943396;-0.335849;0.109434;-0.396226;0.0490566;-0.313208;-0.0264151;0.101887;0.584906;0.358491;0.245283;0.328302;-0.0566038;0.65283;0.0566037;-0.0943397;-0.54717;-0.396226;0.0566037;-0.0943397;-0.207547;0.320755;0.433962;-0.283019;-0.54717;0.766038;-0.615094;-0.320755;0.207547;0.0566037;0.358491;-0.0943397;0.169811;-0.0113208;-0.132076;0.177358;-0.298113;0.132075;0.0792453;0.486792;-0.396226;0.554717;0.501887;-0.0566038;0.283019;-0.54717;-0.132076;0.169811;0.0188679;-0.509434;0.481481;-0.62963;-0.111111;0.62963;-0.333333;0.481481;0.111111;-0.177778;-1;0;0;0;0

23.3;-0.396226;-0.283019;0.396226;0.0943396;-0.335849;0.109434;-0.396226;0.0490566;-0.313208;-0.0264151;0.101887;0.584906;0.358491;0.245283;0.328302;-0.0566038;0.65283;0.0566037;-0.0943397;-0.54717;-0.396226;0.0566037;-0.0943397;-0.207547;0.320755;0.433962;-0.283019;-0.54717;0.766038;-0.615094;-0.320755;0.207547;0.0566037;0.358491;-0.0943397;0.169811;-0.0113208;-0.132076;0.177358;-0.298113;0.132075;0.0792453;0.486792;-0.396226;0.554717;0.501887;-0.0566038;0.283019;-0.54717;-0.132076;0.169811;0.0188679;-0.518519;0.481481;-0.62963;-0.111111;0.62963;-0.333333;0.481481;0.111111;-1;0;0;0;0

22.35;-0.735849;-0.396226;-0.283019;0.396226;0.0943396;-0.335849;0.109434;-0.396226;0.0490566;-0.313208;-0.0264151;0.101887;0.584906;0.358491;0.245283;0.328302;-0.0566038;0.65283;0.0566037;-0.0943397;-0.54717;-0.396226;0.0566037;-0.0943397;-0.207547;0.320755;0.433962;-0.283019;-0.54717;0.766038;-0.615094;-0.320755;0.207547;0.0566037;0.358491;-0.0943397;0.169811;-0.0113208;-0.132076;0.177358;-0.298113;0.132075;0.0792453;0.486792;-0.396226;0.554717;0.501887;-0.0566038;0.283019;-0.54717;-0.132076;0.169811;-8.27842e-009;-0.518519;0.481481;-0.62963;-0.111111;0.62963;-0.333333;0.481481;-1;0;0;0;0

22.2;-0.132076;-0.735849;-0.396226;-0.283019;0.396226;0.0943396;-0.335849;0.109434;-0.396226;0.0490566;-0.313208;-0.0264151;0.101887;0.584906;0.358491;0.245283;0.328302;-0.0566038;0.65283;0.0566037;-0.0943397;-0.54717;-0.396226;0.0566037;-0.0943397;-0.207547;0.320755;0.433962;-0.283019;-0.54717;0.766038;-0.615094;-0.320755;0.207547;0.0566037;0.358491;-0.0943397;0.169811;-0.0113208;-0.132076;0.177358;-0.298113;0.132075;0.0792453;0.486792;-0.396226;0.554717;0.501887;-0.0566038;0.283019;-0.54717;-0.132076;0.148148;-8.27842e-009;-0.518519;0.481481;-0.62963;-0.111111;0.62963;-0.333333;+1;0;0;0;0

22.75;0.396226;-0.132076;-0.735849;-0.396226;-0.283019;0.396226;0.0943396;-0.335849;0.109434;-0.396226;0.0490566;-0.313208;-0.0264151;0.101887;0.584906;0.358491;0.245283;0.328302;-0.0566038;0.65283;0.0566037;-0.0943397;-0.54717;-0.396226;0.0566037;-0.0943397;-0.207547;0.320755;0.433962;-0.283019;-0.54717;0.766038;-0.615094;-0.320755;0.207547;0.0566037;0.358491;-0.0943397;0.169811;-0.0113208;-0.132076;0.177358;-0.298113;0.132075;0.0792453;0.486792;-0.396226;0.554717;0.501887;-0.0566038;0.283019;-0.54717;-0.148148;0.148148;-8.27842e-009;-0.518519;0.481481;-0.62963;-0.111111;0.62963;+1;0;0;0;0

23.7;0.698113;0.396226;-0.132076;-0.735849;-0.396226;-0.283019;0.396226;0.0943396;-0.335849;0.109434;-0.396226;0.0490566;-0.313208;-0.0264151;0.101887;0.584906;0.358491;0.245283;0.328302;-0.0566038;0.65283;0.0566037;-0.0943397;-0.54717;-0.396226;0.0566037;-0.0943397;-0.207547;0.320755;0.433962;-0.283019;-0.54717;0.766038;-0.615094;-0.320755;0.207547;0.0566037;0.358491;-0.0943397;0.169811;-0.0113208;-0.132076;0.177358;-0.298113;0.132075;0.0792453;0.486792;-0.396226;0.554717;0.501887;-0.0566038;0.283019;-0.555556;-0.148148;0.148148;-8.27842e-009;-0.518519;0.481481;-0.62963;-0.111111;+1;0;0;0;0

23.9;0.132075;0.698113;0.396226;-0.132076;-0.735849;-0.396226;-0.283019;0.396226;0.0943396;-0.335849;0.109434;-0.396226;0.0490566;-0.313208;-0.0264151;0.101887;0.584906;0.358491;0.245283;0.328302;-0.0566038;0.65283;0.0566037;-0.0943397;-0.54717;-0.396226;0.0566037;-0.0943397;-0.207547;0.320755;0.433962;-0.283019;-0.54717;0.766038;-0.615094;-0.320755;0.207547;0.0566037;0.358491;-0.0943397;0.169811;-0.0113208;-0.132076;0.177358;-0.298113;0.132075;0.0792453;0.486792;-0.396226;0.554717;0.501887;-0.0566038;0.259259;-0.555556;-0.148148;0.148148;-8.27842e-009;-0.518519;0.481481;-0.62963;+1;0;0;0;0

24.3;0.283019;0.132075;0.698113;0.396226;-0.132076;-0.735849;-0.396226;-0.283019;0.396226;0.0943396;-0.335849;0.109434;-0.396226;0.0490566;-0.313208;-0.0264151;0.101887;0.584906;0.358491;0.245283;0.328302;-0.0566038;0.65283;0.0566037;-0.0943397;-0.54717;-0.396226;0.0566037;-0.0943397;-0.207547;0.320755;0.433962;-0.283019;-0.54717;0.766038;-0.615094;-0.320755;0.207547;0.0566037;0.358491;-0.0943397;0.169811;-0.0113208;-0.132076;0.177358;-0.298113;0.132075;0.0792453;0.486792;-0.396226;0.554717;0.501887;-0.0740741;0.259259;-0.555556;-0.148148;0.148148;-8.27842e-009;-0.518519;0.481481;+1;0;0;0;0

24.5;0.132075;0.283019;0.132075;0.698113;0.396226;-0.132076;-0.735849;-0.396226;-0.283019;0.396226;0.0943396;-0.335849;0.109434;-0.396226;0.0490566;-0.313208;-0.0264151;0.101887;0.584906;0.358491;0.245283;0.328302;-0.0566038;0.65283;0.0566037;-0.0943397;-0.54717;-0.396226;0.0566037;-0.0943397;-0.207547;0.320755;0.433962;-0.283019;-0.54717;0.766038;-0.615094;-0.320755;0.207547;0.0566037;0.358491;-0.0943397;0.169811;-0.0113208;-0.132076;0.177358;-0.298113;0.132075;0.0792453;0.486792;-0.396226;0.554717;0.474074;-0.0740741;0.259259;-0.555556;-0.148148;0.148148;-8.27842e-009;-0.518519;-1;0;0;0;0

