208.99;4.99;5.00;-4.00;3.10;-0.10;-0.50;-3.00;2.30;8.20;2.00;-4.00;0.20;-4.70;2.50;1.50;-0.80;-0.70;-2.00;8.00;8.00;4.00;6.00;-4.80;5.70;-2.40;0.50;0.00;2.00;1.00;1.50;-0.40;0.51;1.39;-1.10;0.10;3.00;-1.30;-4.70;-1.21;-1.29;0.27;3.13;3.62;-1.52;-0.70;-0.30;-1.50;2.20;2.30;2.40;-3.40;-4.80;2.30;4.70;-2.40;-4.80;-2.50;3.50;-7.00;-5.00;-0.30;-4.72;4.02;6.00;1.50;-0.51;-4.98;8.99;-3.50;-4.50;6.00;3.10;10.90;6.00;1.20;-0.20;-2.40;-2.60;0.50;4.60;-1;0;0;0;0

206.2;-2.79;4.99;5.00;-4.00;3.10;-0.10;-0.50;-3.00;2.30;8.20;2.00;-4.00;0.20;-4.70;2.50;1.50;-0.80;-0.70;-2.00;8.00;8.00;4.00;6.00;-4.80;5.70;-2.40;0.50;0.00;2.00;1.00;1.50;-0.40;0.51;1.39;-1.10;0.10;3.00;-1.30;-4.70;-1.21;-1.29;0.27;3.13;3.62;-1.52;-0.70;-0.30;-1.50;2.20;2.30;2.40;-3.40;-4.80;2.30;4.70;-2.40;-4.80;-2.50;3.50;-7.00;-5.00;-0.30;-4.72;4.02;6.00;1.50;-0.51;-4.98;8.99;-3.50;-4.50;6.00;3.10;10.90;6.00;1.20;-0.20;-2.40;-2.60;0.50;-1;0;0;0;0

204;-2.20;-2.79;4.99;5.00;-4.00;3.10;-0.10;-0.50;-3.00;2.30;8.20;2.00;-4.00;0.20;-4.70;2.50;1.50;-0.80;-0.70;-2.00;8.00;8.00;4.00;6.00;-4.80;5.70;-2.40;0.50;0.00;2.00;1.00;1.50;-0.40;0.51;1.39;-1.10;0.10;3.00;-1.30;-4.70;-1.21;-1.29;0.27;3.13;3.62;-1.52;-0.70;-0.30;-1.50;2.20;2.30;2.40;-3.40;-4.80;2.30;4.70;-2.40;-4.80;-2.50;3.50;-7.00;-5.00;-0.30;-4.72;4.02;6.00;1.50;-0.51;-4.98;8.99;-3.50;-4.50;6.00;3.10;10.90;6.00;1.20;-0.20;-2.40;-2.60;+1;0;0;0;0

208.48;4.48;-2.20;-2.79;4.99;5.00;-4.00;3.10;-0.10;-0.50;-3.00;2.30;8.20;2.00;-4.00;0.20;-4.70;2.50;1.50;-0.80;-0.70;-2.00;8.00;8.00;4.00;6.00;-4.80;5.70;-2.40;0.50;0.00;2.00;1.00;1.50;-0.40;0.51;1.39;-1.10;0.10;3.00;-1.30;-4.70;-1.21;-1.29;0.27;3.13;3.62;-1.52;-0.70;-0.30;-1.50;2.20;2.30;2.40;-3.40;-4.80;2.30;4.70;-2.40;-4.80;-2.50;3.50;-7.00;-5.00;-0.30;-4.72;4.02;6.00;1.50;-0.51;-4.98;8.99;-3.50;-4.50;6.00;3.10;10.90;6.00;1.20;-0.20;-2.40;+1;0;0;0;0

217.51;9.03;4.48;-2.20;-2.79;4.99;5.00;-4.00;3.10;-0.10;-0.50;-3.00;2.30;8.20;2.00;-4.00;0.20;-4.70;2.50;1.50;-0.80;-0.70;-2.00;8.00;8.00;4.00;6.00;-4.80;5.70;-2.40;0.50;0.00;2.00;1.00;1.50;-0.40;0.51;1.39;-1.10;0.10;3.00;-1.30;-4.70;-1.21;-1.29;0.27;3.13;3.62;-1.52;-0.70;-0.30;-1.50;2.20;2.30;2.40;-3.40;-4.80;2.30;4.70;-2.40;-4.80;-2.50;3.50;-7.00;-5.00;-0.30;-4.72;4.02;6.00;1.50;-0.51;-4.98;8.99;-3.50;-4.50;6.00;3.10;10.90;6.00;1.20;-0.20;+1;0;0;0;0

219.02;1.51;9.03;4.48;-2.20;-2.79;4.99;5.00;-4.00;3.10;-0.10;-0.50;-3.00;2.30;8.20;2.00;-4.00;0.20;-4.70;2.50;1.50;-0.80;-0.70;-2.00;8.00;8.00;4.00;6.00;-4.80;5.70;-2.40;0.50;0.00;2.00;1.00;1.50;-0.40;0.51;1.39;-1.10;0.10;3.00;-1.30;-4.70;-1.21;-1.29;0.27;3.13;3.62;-1.52;-0.70;-0.30;-1.50;2.20;2.30;2.40;-3.40;-4.80;2.30;4.70;-2.40;-4.80;-2.50;3.50;-7.00;-5.00;-0.30;-4.72;4.02;6.00;1.50;-0.51;-4.98;8.99;-3.50;-4.50;6.00;3.10;10.90;6.00;1.20;-1;0;0;0;0

216.99;-2.03;1.51;9.03;4.48;-2.20;-2.79;4.99;5.00;-4.00;3.10;-0.10;-0.50;-3.00;2.30;8.20;2.00;-4.00;0.20;-4.70;2.50;1.50;-0.80;-0.70;-2.00;8.00;8.00;4.00;6.00;-4.80;5.70;-2.40;0.50;0.00;2.00;1.00;1.50;-0.40;0.51;1.39;-1.10;0.10;3.00;-1.30;-4.70;-1.21;-1.29;0.27;3.13;3.62;-1.52;-0.70;-0.30;-1.50;2.20;2.30;2.40;-3.40;-4.80;2.30;4.70;-2.40;-4.80;-2.50;3.50;-7.00;-5.00;-0.30;-4.72;4.02;6.00;1.50;-0.51;-4.98;8.99;-3.50;-4.50;6.00;3.10;10.90;6.00;-1;0;0;0;0

210;-6.99;-2.03;1.51;9.03;4.48;-2.20;-2.79;4.99;5.00;-4.00;3.10;-0.10;-0.50;-3.00;2.30;8.20;2.00;-4.00;0.20;-4.70;2.50;1.50;-0.80;-0.70;-2.00;8.00;8.00;4.00;6.00;-4.80;5.70;-2.40;0.50;0.00;2.00;1.00;1.50;-0.40;0.51;1.39;-1.10;0.10;3.00;-1.30;-4.70;-1.21;-1.29;0.27;3.13;3.62;-1.52;-0.70;-0.30;-1.50;2.20;2.30;2.40;-3.40;-4.80;2.30;4.70;-2.40;-4.80;-2.50;3.50;-7.00;-5.00;-0.30;-4.72;4.02;6.00;1.50;-0.51;-4.98;8.99;-3.50;-4.50;6.00;3.10;10.90;-1;0;0;0;0

207.5;-2.50;-6.99;-2.03;1.51;9.03;4.48;-2.20;-2.79;4.99;5.00;-4.00;3.10;-0.10;-0.50;-3.00;2.30;8.20;2.00;-4.00;0.20;-4.70;2.50;1.50;-0.80;-0.70;-2.00;8.00;8.00;4.00;6.00;-4.80;5.70;-2.40;0.50;0.00;2.00;1.00;1.50;-0.40;0.51;1.39;-1.10;0.10;3.00;-1.30;-4.70;-1.21;-1.29;0.27;3.13;3.62;-1.52;-0.70;-0.30;-1.50;2.20;2.30;2.40;-3.40;-4.80;2.30;4.70;-2.40;-4.80;-2.50;3.50;-7.00;-5.00;-0.30;-4.72;4.02;6.00;1.50;-0.51;-4.98;8.99;-3.50;-4.50;6.00;3.10;-1;0;0;0;0

205;-2.50;-2.50;-6.99;-2.03;1.51;9.03;4.48;-2.20;-2.79;4.99;5.00;-4.00;3.10;-0.10;-0.50;-3.00;2.30;8.20;2.00;-4.00;0.20;-4.70;2.50;1.50;-0.80;-0.70;-2.00;8.00;8.00;4.00;6.00;-4.80;5.70;-2.40;0.50;0.00;2.00;1.00;1.50;-0.40;0.51;1.39;-1.10;0.10;3.00;-1.30;-4.70;-1.21;-1.29;0.27;3.13;3.62;-1.52;-0.70;-0.30;-1.50;2.20;2.30;2.40;-3.40;-4.80;2.30;4.70;-2.40;-4.80;-2.50;3.50;-7.00;-5.00;-0.30;-4.72;4.02;6.00;1.50;-0.51;-4.98;8.99;-3.50;-4.50;6.00;+1;0;0;0;0

205.5;0.50;-2.50;-2.50;-6.99;-2.03;1.51;9.03;4.48;-2.20;-2.79;4.99;5.00;-4.00;3.10;-0.10;-0.50;-3.00;2.30;8.20;2.00;-4.00;0.20;-4.70;2.50;1.50;-0.80;-0.70;-2.00;8.00;8.00;4.00;6.00;-4.80;5.70;-2.40;0.50;0.00;2.00;1.00;1.50;-0.40;0.51;1.39;-1.10;0.10;3.00;-1.30;-4.70;-1.21;-1.29;0.27;3.13;3.62;-1.52;-0.70;-0.30;-1.50;2.20;2.30;2.40;-3.40;-4.80;2.30;4.70;-2.40;-4.80;-2.50;3.50;-7.00;-5.00;-0.30;-4.72;4.02;6.00;1.50;-0.51;-4.98;8.99;-3.50;-4.50;-1;0;0;0;0

204;-1.50;0.50;-2.50;-2.50;-6.99;-2.03;1.51;9.03;4.48;-2.20;-2.79;4.99;5.00;-4.00;3.10;-0.10;-0.50;-3.00;2.30;8.20;2.00;-4.00;0.20;-4.70;2.50;1.50;-0.80;-0.70;-2.00;8.00;8.00;4.00;6.00;-4.80;5.70;-2.40;0.50;0.00;2.00;1.00;1.50;-0.40;0.51;1.39;-1.10;0.10;3.00;-1.30;-4.70;-1.21;-1.29;0.27;3.13;3.62;-1.52;-0.70;-0.30;-1.50;2.20;2.30;2.40;-3.40;-4.80;2.30;4.70;-2.40;-4.80;-2.50;3.50;-7.00;-5.00;-0.30;-4.72;4.02;6.00;1.50;-0.51;-4.98;8.99;-3.50;-1;0;0;0;0

204;0.00;-1.50;0.50;-2.50;-2.50;-6.99;-2.03;1.51;9.03;4.48;-2.20;-2.79;4.99;5.00;-4.00;3.10;-0.10;-0.50;-3.00;2.30;8.20;2.00;-4.00;0.20;-4.70;2.50;1.50;-0.80;-0.70;-2.00;8.00;8.00;4.00;6.00;-4.80;5.70;-2.40;0.50;0.00;2.00;1.00;1.50;-0.40;0.51;1.39;-1.10;0.10;3.00;-1.30;-4.70;-1.21;-1.29;0.27;3.13;3.62;-1.52;-0.70;-0.30;-1.50;2.20;2.30;2.40;-3.40;-4.80;2.30;4.70;-2.40;-4.80;-2.50;3.50;-7.00;-5.00;-0.30;-4.72;4.02;6.00;1.50;-0.51;-4.98;8.99;-1;0;0;0;0

204;0.00;0.00;-1.50;0.50;-2.50;-2.50;-6.99;-2.03;1.51;9.03;4.48;-2.20;-2.79;4.99;5.00;-4.00;3.10;-0.10;-0.50;-3.00;2.30;8.20;2.00;-4.00;0.20;-4.70;2.50;1.50;-0.80;-0.70;-2.00;8.00;8.00;4.00;6.00;-4.80;5.70;-2.40;0.50;0.00;2.00;1.00;1.50;-0.40;0.51;1.39;-1.10;0.10;3.00;-1.30;-4.70;-1.21;-1.29;0.27;3.13;3.62;-1.52;-0.70;-0.30;-1.50;2.20;2.30;2.40;-3.40;-4.80;2.30;4.70;-2.40;-4.80;-2.50;3.50;-7.00;-5.00;-0.30;-4.72;4.02;6.00;1.50;-0.51;-4.98;-1;0;0;0;0

199.9;-4.10;0.00;0.00;-1.50;0.50;-2.50;-2.50;-6.99;-2.03;1.51;9.03;4.48;-2.20;-2.79;4.99;5.00;-4.00;3.10;-0.10;-0.50;-3.00;2.30;8.20;2.00;-4.00;0.20;-4.70;2.50;1.50;-0.80;-0.70;-2.00;8.00;8.00;4.00;6.00;-4.80;5.70;-2.40;0.50;0.00;2.00;1.00;1.50;-0.40;0.51;1.39;-1.10;0.10;3.00;-1.30;-4.70;-1.21;-1.29;0.27;3.13;3.62;-1.52;-0.70;-0.30;-1.50;2.20;2.30;2.40;-3.40;-4.80;2.30;4.70;-2.40;-4.80;-2.50;3.50;-7.00;-5.00;-0.30;-4.72;4.02;6.00;1.50;-0.51;+1;0;0;0;0

200;0.10;-4.10;0.00;0.00;-1.50;0.50;-2.50;-2.50;-6.99;-2.03;1.51;9.03;4.48;-2.20;-2.79;4.99;5.00;-4.00;3.10;-0.10;-0.50;-3.00;2.30;8.20;2.00;-4.00;0.20;-4.70;2.50;1.50;-0.80;-0.70;-2.00;8.00;8.00;4.00;6.00;-4.80;5.70;-2.40;0.50;0.00;2.00;1.00;1.50;-0.40;0.51;1.39;-1.10;0.10;3.00;-1.30;-4.70;-1.21;-1.29;0.27;3.13;3.62;-1.52;-0.70;-0.30;-1.50;2.20;2.30;2.40;-3.40;-4.80;2.30;4.70;-2.40;-4.80;-2.50;3.50;-7.00;-5.00;-0.30;-4.72;4.02;6.00;1.50;-1;0;0;0;0

199.97;-0.03;0.10;-4.10;0.00;0.00;-1.50;0.50;-2.50;-2.50;-6.99;-2.03;1.51;9.03;4.48;-2.20;-2.79;4.99;5.00;-4.00;3.10;-0.10;-0.50;-3.00;2.30;8.20;2.00;-4.00;0.20;-4.70;2.50;1.50;-0.80;-0.70;-2.00;8.00;8.00;4.00;6.00;-4.80;5.70;-2.40;0.50;0.00;2.00;1.00;1.50;-0.40;0.51;1.39;-1.10;0.10;3.00;-1.30;-4.70;-1.21;-1.29;0.27;3.13;3.62;-1.52;-0.70;-0.30;-1.50;2.20;2.30;2.40;-3.40;-4.80;2.30;4.70;-2.40;-4.80;-2.50;3.50;-7.00;-5.00;-0.30;-4.72;4.02;6.00;+1;0;0;0;0

207;7.03;-0.03;0.10;-4.10;0.00;0.00;-1.50;0.50;-2.50;-2.50;-6.99;-2.03;1.51;9.03;4.48;-2.20;-2.79;4.99;5.00;-4.00;3.10;-0.10;-0.50;-3.00;2.30;8.20;2.00;-4.00;0.20;-4.70;2.50;1.50;-0.80;-0.70;-2.00;8.00;8.00;4.00;6.00;-4.80;5.70;-2.40;0.50;0.00;2.00;1.00;1.50;-0.40;0.51;1.39;-1.10;0.10;3.00;-1.30;-4.70;-1.21;-1.29;0.27;3.13;3.62;-1.52;-0.70;-0.30;-1.50;2.20;2.30;2.40;-3.40;-4.80;2.30;4.70;-2.40;-4.80;-2.50;3.50;-7.00;-5.00;-0.30;-4.72;4.02;+1;0;0;0;0

208;1.00;7.03;-0.03;0.10;-4.10;0.00;0.00;-1.50;0.50;-2.50;-2.50;-6.99;-2.03;1.51;9.03;4.48;-2.20;-2.79;4.99;5.00;-4.00;3.10;-0.10;-0.50;-3.00;2.30;8.20;2.00;-4.00;0.20;-4.70;2.50;1.50;-0.80;-0.70;-2.00;8.00;8.00;4.00;6.00;-4.80;5.70;-2.40;0.50;0.00;2.00;1.00;1.50;-0.40;0.51;1.39;-1.10;0.10;3.00;-1.30;-4.70;-1.21;-1.29;0.27;3.13;3.62;-1.52;-0.70;-0.30;-1.50;2.20;2.30;2.40;-3.40;-4.80;2.30;4.70;-2.40;-4.80;-2.50;3.50;-7.00;-5.00;-0.30;-4.72;-1;0;0;0;0

205.92;-2.08;1.00;7.03;-0.03;0.10;-4.10;0.00;0.00;-1.50;0.50;-2.50;-2.50;-6.99;-2.03;1.51;9.03;4.48;-2.20;-2.79;4.99;5.00;-4.00;3.10;-0.10;-0.50;-3.00;2.30;8.20;2.00;-4.00;0.20;-4.70;2.50;1.50;-0.80;-0.70;-2.00;8.00;8.00;4.00;6.00;-4.80;5.70;-2.40;0.50;0.00;2.00;1.00;1.50;-0.40;0.51;1.39;-1.10;0.10;3.00;-1.30;-4.70;-1.21;-1.29;0.27;3.13;3.62;-1.52;-0.70;-0.30;-1.50;2.20;2.30;2.40;-3.40;-4.80;2.30;4.70;-2.40;-4.80;-2.50;3.50;-7.00;-5.00;-0.30;-1;0;0;0;0

202;-3.92;-2.08;1.00;7.03;-0.03;0.10;-4.10;0.00;0.00;-1.50;0.50;-2.50;-2.50;-6.99;-2.03;1.51;9.03;4.48;-2.20;-2.79;4.99;5.00;-4.00;3.10;-0.10;-0.50;-3.00;2.30;8.20;2.00;-4.00;0.20;-4.70;2.50;1.50;-0.80;-0.70;-2.00;8.00;8.00;4.00;6.00;-4.80;5.70;-2.40;0.50;0.00;2.00;1.00;1.50;-0.40;0.51;1.39;-1.10;0.10;3.00;-1.30;-4.70;-1.21;-1.29;0.27;3.13;3.62;-1.52;-0.70;-0.30;-1.50;2.20;2.30;2.40;-3.40;-4.80;2.30;4.70;-2.40;-4.80;-2.50;3.50;-7.00;-5.00;+1;0;0;0;0

203.2;1.20;-3.92;-2.08;1.00;7.03;-0.03;0.10;-4.10;0.00;0.00;-1.50;0.50;-2.50;-2.50;-6.99;-2.03;1.51;9.03;4.48;-2.20;-2.79;4.99;5.00;-4.00;3.10;-0.10;-0.50;-3.00;2.30;8.20;2.00;-4.00;0.20;-4.70;2.50;1.50;-0.80;-0.70;-2.00;8.00;8.00;4.00;6.00;-4.80;5.70;-2.40;0.50;0.00;2.00;1.00;1.50;-0.40;0.51;1.39;-1.10;0.10;3.00;-1.30;-4.70;-1.21;-1.29;0.27;3.13;3.62;-1.52;-0.70;-0.30;-1.50;2.20;2.30;2.40;-3.40;-4.80;2.30;4.70;-2.40;-4.80;-2.50;3.50;-7.00;+1;0;0;0;0

213;9.80;1.20;-3.92;-2.08;1.00;7.03;-0.03;0.10;-4.10;0.00;0.00;-1.50;0.50;-2.50;-2.50;-6.99;-2.03;1.51;9.03;4.48;-2.20;-2.79;4.99;5.00;-4.00;3.10;-0.10;-0.50;-3.00;2.30;8.20;2.00;-4.00;0.20;-4.70;2.50;1.50;-0.80;-0.70;-2.00;8.00;8.00;4.00;6.00;-4.80;5.70;-2.40;0.50;0.00;2.00;1.00;1.50;-0.40;0.51;1.39;-1.10;0.10;3.00;-1.30;-4.70;-1.21;-1.29;0.27;3.13;3.62;-1.52;-0.70;-0.30;-1.50;2.20;2.30;2.40;-3.40;-4.80;2.30;4.70;-2.40;-4.80;-2.50;3.50;-1;0;0;0;0

212.94;-0.06;9.80;1.20;-3.92;-2.08;1.00;7.03;-0.03;0.10;-4.10;0.00;0.00;-1.50;0.50;-2.50;-2.50;-6.99;-2.03;1.51;9.03;4.48;-2.20;-2.79;4.99;5.00;-4.00;3.10;-0.10;-0.50;-3.00;2.30;8.20;2.00;-4.00;0.20;-4.70;2.50;1.50;-0.80;-0.70;-2.00;8.00;8.00;4.00;6.00;-4.80;5.70;-2.40;0.50;0.00;2.00;1.00;1.50;-0.40;0.51;1.39;-1.10;0.10;3.00;-1.30;-4.70;-1.21;-1.29;0.27;3.13;3.62;-1.52;-0.70;-0.30;-1.50;2.20;2.30;2.40;-3.40;-4.80;2.30;4.70;-2.40;-4.80;-2.50;-1;0;0;0;0

207.5;-5.44;-0.06;9.80;1.20;-3.92;-2.08;1.00;7.03;-0.03;0.10;-4.10;0.00;0.00;-1.50;0.50;-2.50;-2.50;-6.99;-2.03;1.51;9.03;4.48;-2.20;-2.79;4.99;5.00;-4.00;3.10;-0.10;-0.50;-3.00;2.30;8.20;2.00;-4.00;0.20;-4.70;2.50;1.50;-0.80;-0.70;-2.00;8.00;8.00;4.00;6.00;-4.80;5.70;-2.40;0.50;0.00;2.00;1.00;1.50;-0.40;0.51;1.39;-1.10;0.10;3.00;-1.30;-4.70;-1.21;-1.29;0.27;3.13;3.62;-1.52;-0.70;-0.30;-1.50;2.20;2.30;2.40;-3.40;-4.80;2.30;4.70;-2.40;-4.80;-1;0;0;0;0

202.6;-4.90;-5.44;-0.06;9.80;1.20;-3.92;-2.08;1.00;7.03;-0.03;0.10;-4.10;0.00;0.00;-1.50;0.50;-2.50;-2.50;-6.99;-2.03;1.51;9.03;4.48;-2.20;-2.79;4.99;5.00;-4.00;3.10;-0.10;-0.50;-3.00;2.30;8.20;2.00;-4.00;0.20;-4.70;2.50;1.50;-0.80;-0.70;-2.00;8.00;8.00;4.00;6.00;-4.80;5.70;-2.40;0.50;0.00;2.00;1.00;1.50;-0.40;0.51;1.39;-1.10;0.10;3.00;-1.30;-4.70;-1.21;-1.29;0.27;3.13;3.62;-1.52;-0.70;-0.30;-1.50;2.20;2.30;2.40;-3.40;-4.80;2.30;4.70;-2.40;-1;0;0;0;0

198.98;-3.62;-4.90;-5.44;-0.06;9.80;1.20;-3.92;-2.08;1.00;7.03;-0.03;0.10;-4.10;0.00;0.00;-1.50;0.50;-2.50;-2.50;-6.99;-2.03;1.51;9.03;4.48;-2.20;-2.79;4.99;5.00;-4.00;3.10;-0.10;-0.50;-3.00;2.30;8.20;2.00;-4.00;0.20;-4.70;2.50;1.50;-0.80;-0.70;-2.00;8.00;8.00;4.00;6.00;-4.80;5.70;-2.40;0.50;0.00;2.00;1.00;1.50;-0.40;0.51;1.39;-1.10;0.10;3.00;-1.30;-4.70;-1.21;-1.29;0.27;3.13;3.62;-1.52;-0.70;-0.30;-1.50;2.20;2.30;2.40;-3.40;-4.80;2.30;4.70;-1;0;0;0;0

194;-4.98;-3.62;-4.90;-5.44;-0.06;9.80;1.20;-3.92;-2.08;1.00;7.03;-0.03;0.10;-4.10;0.00;0.00;-1.50;0.50;-2.50;-2.50;-6.99;-2.03;1.51;9.03;4.48;-2.20;-2.79;4.99;5.00;-4.00;3.10;-0.10;-0.50;-3.00;2.30;8.20;2.00;-4.00;0.20;-4.70;2.50;1.50;-0.80;-0.70;-2.00;8.00;8.00;4.00;6.00;-4.80;5.70;-2.40;0.50;0.00;2.00;1.00;1.50;-0.40;0.51;1.39;-1.10;0.10;3.00;-1.30;-4.70;-1.21;-1.29;0.27;3.13;3.62;-1.52;-0.70;-0.30;-1.50;2.20;2.30;2.40;-3.40;-4.80;2.30;+1;0;0;0;0

198.1;4.10;-4.98;-3.62;-4.90;-5.44;-0.06;9.80;1.20;-3.92;-2.08;1.00;7.03;-0.03;0.10;-4.10;0.00;0.00;-1.50;0.50;-2.50;-2.50;-6.99;-2.03;1.51;9.03;4.48;-2.20;-2.79;4.99;5.00;-4.00;3.10;-0.10;-0.50;-3.00;2.30;8.20;2.00;-4.00;0.20;-4.70;2.50;1.50;-0.80;-0.70;-2.00;8.00;8.00;4.00;6.00;-4.80;5.70;-2.40;0.50;0.00;2.00;1.00;1.50;-0.40;0.51;1.39;-1.10;0.10;3.00;-1.30;-4.70;-1.21;-1.29;0.27;3.13;3.62;-1.52;-0.70;-0.30;-1.50;2.20;2.30;2.40;-3.40;-4.80;-1;0;0;0;0

186;-12.10;4.10;-4.98;-3.62;-4.90;-5.44;-0.06;9.80;1.20;-3.92;-2.08;1.00;7.03;-0.03;0.10;-4.10;0.00;0.00;-1.50;0.50;-2.50;-2.50;-6.99;-2.03;1.51;9.03;4.48;-2.20;-2.79;4.99;5.00;-4.00;3.10;-0.10;-0.50;-3.00;2.30;8.20;2.00;-4.00;0.20;-4.70;2.50;1.50;-0.80;-0.70;-2.00;8.00;8.00;4.00;6.00;-4.80;5.70;-2.40;0.50;0.00;2.00;1.00;1.50;-0.40;0.51;1.39;-1.10;0.10;3.00;-1.30;-4.70;-1.21;-1.29;0.27;3.13;3.62;-1.52;-0.70;-0.30;-1.50;2.20;2.30;2.40;-3.40;-1;0;0;0;0

181;-5.00;-12.10;4.10;-4.98;-3.62;-4.90;-5.44;-0.06;9.80;1.20;-3.92;-2.08;1.00;7.03;-0.03;0.10;-4.10;0.00;0.00;-1.50;0.50;-2.50;-2.50;-6.99;-2.03;1.51;9.03;4.48;-2.20;-2.79;4.99;5.00;-4.00;3.10;-0.10;-0.50;-3.00;2.30;8.20;2.00;-4.00;0.20;-4.70;2.50;1.50;-0.80;-0.70;-2.00;8.00;8.00;4.00;6.00;-4.80;5.70;-2.40;0.50;0.00;2.00;1.00;1.50;-0.40;0.51;1.39;-1.10;0.10;3.00;-1.30;-4.70;-1.21;-1.29;0.27;3.13;3.62;-1.52;-0.70;-0.30;-1.50;2.20;2.30;2.40;-1;0;0;0;0

174;-7.00;-5.00;-12.10;4.10;-4.98;-3.62;-4.90;-5.44;-0.06;9.80;1.20;-3.92;-2.08;1.00;7.03;-0.03;0.10;-4.10;0.00;0.00;-1.50;0.50;-2.50;-2.50;-6.99;-2.03;1.51;9.03;4.48;-2.20;-2.79;4.99;5.00;-4.00;3.10;-0.10;-0.50;-3.00;2.30;8.20;2.00;-4.00;0.20;-4.70;2.50;1.50;-0.80;-0.70;-2.00;8.00;8.00;4.00;6.00;-4.80;5.70;-2.40;0.50;0.00;2.00;1.00;1.50;-0.40;0.51;1.39;-1.10;0.10;3.00;-1.30;-4.70;-1.21;-1.29;0.27;3.13;3.62;-1.52;-0.70;-0.30;-1.50;2.20;2.30;+1;0;0;0;0

184.5;10.50;-7.00;-5.00;-12.10;4.10;-4.98;-3.62;-4.90;-5.44;-0.06;9.80;1.20;-3.92;-2.08;1.00;7.03;-0.03;0.10;-4.10;0.00;0.00;-1.50;0.50;-2.50;-2.50;-6.99;-2.03;1.51;9.03;4.48;-2.20;-2.79;4.99;5.00;-4.00;3.10;-0.10;-0.50;-3.00;2.30;8.20;2.00;-4.00;0.20;-4.70;2.50;1.50;-0.80;-0.70;-2.00;8.00;8.00;4.00;6.00;-4.80;5.70;-2.40;0.50;0.00;2.00;1.00;1.50;-0.40;0.51;1.39;-1.10;0.10;3.00;-1.30;-4.70;-1.21;-1.29;0.27;3.13;3.62;-1.52;-0.70;-0.30;-1.50;2.20;-1;0;0;0;0

184.5;0.00;10.50;-7.00;-5.00;-12.10;4.10;-4.98;-3.62;-4.90;-5.44;-0.06;9.80;1.20;-3.92;-2.08;1.00;7.03;-0.03;0.10;-4.10;0.00;0.00;-1.50;0.50;-2.50;-2.50;-6.99;-2.03;1.51;9.03;4.48;-2.20;-2.79;4.99;5.00;-4.00;3.10;-0.10;-0.50;-3.00;2.30;8.20;2.00;-4.00;0.20;-4.70;2.50;1.50;-0.80;-0.70;-2.00;8.00;8.00;4.00;6.00;-4.80;5.70;-2.40;0.50;0.00;2.00;1.00;1.50;-0.40;0.51;1.39;-1.10;0.10;3.00;-1.30;-4.70;-1.21;-1.29;0.27;3.13;3.62;-1.52;-0.70;-0.30;-1.50;-1;0;0;0;0

184;-0.50;0.00;10.50;-7.00;-5.00;-12.10;4.10;-4.98;-3.62;-4.90;-5.44;-0.06;9.80;1.20;-3.92;-2.08;1.00;7.03;-0.03;0.10;-4.10;0.00;0.00;-1.50;0.50;-2.50;-2.50;-6.99;-2.03;1.51;9.03;4.48;-2.20;-2.79;4.99;5.00;-4.00;3.10;-0.10;-0.50;-3.00;2.30;8.20;2.00;-4.00;0.20;-4.70;2.50;1.50;-0.80;-0.70;-2.00;8.00;8.00;4.00;6.00;-4.80;5.70;-2.40;0.50;0.00;2.00;1.00;1.50;-0.40;0.51;1.39;-1.10;0.10;3.00;-1.30;-4.70;-1.21;-1.29;0.27;3.13;3.62;-1.52;-0.70;-0.30;-1;0;0;0;0

184;0.00;-0.50;0.00;10.50;-7.00;-5.00;-12.10;4.10;-4.98;-3.62;-4.90;-5.44;-0.06;9.80;1.20;-3.92;-2.08;1.00;7.03;-0.03;0.10;-4.10;0.00;0.00;-1.50;0.50;-2.50;-2.50;-6.99;-2.03;1.51;9.03;4.48;-2.20;-2.79;4.99;5.00;-4.00;3.10;-0.10;-0.50;-3.00;2.30;8.20;2.00;-4.00;0.20;-4.70;2.50;1.50;-0.80;-0.70;-2.00;8.00;8.00;4.00;6.00;-4.80;5.70;-2.40;0.50;0.00;2.00;1.00;1.50;-0.40;0.51;1.39;-1.10;0.10;3.00;-1.30;-4.70;-1.21;-1.29;0.27;3.13;3.62;-1.52;-0.70;-1;0;0;0;0

183.02;-0.98;0.00;-0.50;0.00;10.50;-7.00;-5.00;-12.10;4.10;-4.98;-3.62;-4.90;-5.44;-0.06;9.80;1.20;-3.92;-2.08;1.00;7.03;-0.03;0.10;-4.10;0.00;0.00;-1.50;0.50;-2.50;-2.50;-6.99;-2.03;1.51;9.03;4.48;-2.20;-2.79;4.99;5.00;-4.00;3.10;-0.10;-0.50;-3.00;2.30;8.20;2.00;-4.00;0.20;-4.70;2.50;1.50;-0.80;-0.70;-2.00;8.00;8.00;4.00;6.00;-4.80;5.70;-2.40;0.50;0.00;2.00;1.00;1.50;-0.40;0.51;1.39;-1.10;0.10;3.00;-1.30;-4.70;-1.21;-1.29;0.27;3.13;3.62;-1.52;+1;0;0;0;0

187.5;4.48;-0.98;0.00;-0.50;0.00;10.50;-7.00;-5.00;-12.10;4.10;-4.98;-3.62;-4.90;-5.44;-0.06;9.80;1.20;-3.92;-2.08;1.00;7.03;-0.03;0.10;-4.10;0.00;0.00;-1.50;0.50;-2.50;-2.50;-6.99;-2.03;1.51;9.03;4.48;-2.20;-2.79;4.99;5.00;-4.00;3.10;-0.10;-0.50;-3.00;2.30;8.20;2.00;-4.00;0.20;-4.70;2.50;1.50;-0.80;-0.70;-2.00;8.00;8.00;4.00;6.00;-4.80;5.70;-2.40;0.50;0.00;2.00;1.00;1.50;-0.40;0.51;1.39;-1.10;0.10;3.00;-1.30;-4.70;-1.21;-1.29;0.27;3.13;3.62;+1;0;0;0;0

191.1;3.60;4.48;-0.98;0.00;-0.50;0.00;10.50;-7.00;-5.00;-12.10;4.10;-4.98;-3.62;-4.90;-5.44;-0.06;9.80;1.20;-3.92;-2.08;1.00;7.03;-0.03;0.10;-4.10;0.00;0.00;-1.50;0.50;-2.50;-2.50;-6.99;-2.03;1.51;9.03;4.48;-2.20;-2.79;4.99;5.00;-4.00;3.10;-0.10;-0.50;-3.00;2.30;8.20;2.00;-4.00;0.20;-4.70;2.50;1.50;-0.80;-0.70;-2.00;8.00;8.00;4.00;6.00;-4.80;5.70;-2.40;0.50;0.00;2.00;1.00;1.50;-0.40;0.51;1.39;-1.10;0.10;3.00;-1.30;-4.70;-1.21;-1.29;0.27;3.13;+1;0;0;0;0

195.5;4.40;3.60;4.48;-0.98;0.00;-0.50;0.00;10.50;-7.00;-5.00;-12.10;4.10;-4.98;-3.62;-4.90;-5.44;-0.06;9.80;1.20;-3.92;-2.08;1.00;7.03;-0.03;0.10;-4.10;0.00;0.00;-1.50;0.50;-2.50;-2.50;-6.99;-2.03;1.51;9.03;4.48;-2.20;-2.79;4.99;5.00;-4.00;3.10;-0.10;-0.50;-3.00;2.30;8.20;2.00;-4.00;0.20;-4.70;2.50;1.50;-0.80;-0.70;-2.00;8.00;8.00;4.00;6.00;-4.80;5.70;-2.40;0.50;0.00;2.00;1.00;1.50;-0.40;0.51;1.39;-1.10;0.10;3.00;-1.30;-4.70;-1.21;-1.29;0.27;-1;0;0;0;0

190;-5.50;4.40;3.60;4.48;-0.98;0.00;-0.50;0.00;10.50;-7.00;-5.00;-12.10;4.10;-4.98;-3.62;-4.90;-5.44;-0.06;9.80;1.20;-3.92;-2.08;1.00;7.03;-0.03;0.10;-4.10;0.00;0.00;-1.50;0.50;-2.50;-2.50;-6.99;-2.03;1.51;9.03;4.48;-2.20;-2.79;4.99;5.00;-4.00;3.10;-0.10;-0.50;-3.00;2.30;8.20;2.00;-4.00;0.20;-4.70;2.50;1.50;-0.80;-0.70;-2.00;8.00;8.00;4.00;6.00;-4.80;5.70;-2.40;0.50;0.00;2.00;1.00;1.50;-0.40;0.51;1.39;-1.10;0.10;3.00;-1.30;-4.70;-1.21;-1.29;+1;0;0;0;0

202;12.00;-5.50;4.40;3.60;4.48;-0.98;0.00;-0.50;0.00;10.50;-7.00;-5.00;-12.10;4.10;-4.98;-3.62;-4.90;-5.44;-0.06;9.80;1.20;-3.92;-2.08;1.00;7.03;-0.03;0.10;-4.10;0.00;0.00;-1.50;0.50;-2.50;-2.50;-6.99;-2.03;1.51;9.03;4.48;-2.20;-2.79;4.99;5.00;-4.00;3.10;-0.10;-0.50;-3.00;2.30;8.20;2.00;-4.00;0.20;-4.70;2.50;1.50;-0.80;-0.70;-2.00;8.00;8.00;4.00;6.00;-4.80;5.70;-2.40;0.50;0.00;2.00;1.00;1.50;-0.40;0.51;1.39;-1.10;0.10;3.00;-1.30;-4.70;-1.21;+1;0;0;0;0

202.5;0.50;12.00;-5.50;4.40;3.60;4.48;-0.98;0.00;-0.50;0.00;10.50;-7.00;-5.00;-12.10;4.10;-4.98;-3.62;-4.90;-5.44;-0.06;9.80;1.20;-3.92;-2.08;1.00;7.03;-0.03;0.10;-4.10;0.00;0.00;-1.50;0.50;-2.50;-2.50;-6.99;-2.03;1.51;9.03;4.48;-2.20;-2.79;4.99;5.00;-4.00;3.10;-0.10;-0.50;-3.00;2.30;8.20;2.00;-4.00;0.20;-4.70;2.50;1.50;-0.80;-0.70;-2.00;8.00;8.00;4.00;6.00;-4.80;5.70;-2.40;0.50;0.00;2.00;1.00;1.50;-0.40;0.51;1.39;-1.10;0.10;3.00;-1.30;-4.70;+1;0;0;0;0

207;4.50;0.50;12.00;-5.50;4.40;3.60;4.48;-0.98;0.00;-0.50;0.00;10.50;-7.00;-5.00;-12.10;4.10;-4.98;-3.62;-4.90;-5.44;-0.06;9.80;1.20;-3.92;-2.08;1.00;7.03;-0.03;0.10;-4.10;0.00;0.00;-1.50;0.50;-2.50;-2.50;-6.99;-2.03;1.51;9.03;4.48;-2.20;-2.79;4.99;5.00;-4.00;3.10;-0.10;-0.50;-3.00;2.30;8.20;2.00;-4.00;0.20;-4.70;2.50;1.50;-0.80;-0.70;-2.00;8.00;8.00;4.00;6.00;-4.80;5.70;-2.40;0.50;0.00;2.00;1.00;1.50;-0.40;0.51;1.39;-1.10;0.10;3.00;-1.30;-1;0;0;0;0

206;-1.00;4.50;0.50;12.00;-5.50;4.40;3.60;4.48;-0.98;0.00;-0.50;0.00;10.50;-7.00;-5.00;-12.10;4.10;-4.98;-3.62;-4.90;-5.44;-0.06;9.80;1.20;-3.92;-2.08;1.00;7.03;-0.03;0.10;-4.10;0.00;0.00;-1.50;0.50;-2.50;-2.50;-6.99;-2.03;1.51;9.03;4.48;-2.20;-2.79;4.99;5.00;-4.00;3.10;-0.10;-0.50;-3.00;2.30;8.20;2.00;-4.00;0.20;-4.70;2.50;1.50;-0.80;-0.70;-2.00;8.00;8.00;4.00;6.00;-4.80;5.70;-2.40;0.50;0.00;2.00;1.00;1.50;-0.40;0.51;1.39;-1.10;0.10;3.00;-1;0;0;0;0

203;-3.00;-1.00;4.50;0.50;12.00;-5.50;4.40;3.60;4.48;-0.98;0.00;-0.50;0.00;10.50;-7.00;-5.00;-12.10;4.10;-4.98;-3.62;-4.90;-5.44;-0.06;9.80;1.20;-3.92;-2.08;1.00;7.03;-0.03;0.10;-4.10;0.00;0.00;-1.50;0.50;-2.50;-2.50;-6.99;-2.03;1.51;9.03;4.48;-2.20;-2.79;4.99;5.00;-4.00;3.10;-0.10;-0.50;-3.00;2.30;8.20;2.00;-4.00;0.20;-4.70;2.50;1.50;-0.80;-0.70;-2.00;8.00;8.00;4.00;6.00;-4.80;5.70;-2.40;0.50;0.00;2.00;1.00;1.50;-0.40;0.51;1.39;-1.10;0.10;+1;0;0;0;0

210;7.00;-3.00;-1.00;4.50;0.50;12.00;-5.50;4.40;3.60;4.48;-0.98;0.00;-0.50;0.00;10.50;-7.00;-5.00;-12.10;4.10;-4.98;-3.62;-4.90;-5.44;-0.06;9.80;1.20;-3.92;-2.08;1.00;7.03;-0.03;0.10;-4.10;0.00;0.00;-1.50;0.50;-2.50;-2.50;-6.99;-2.03;1.51;9.03;4.48;-2.20;-2.79;4.99;5.00;-4.00;3.10;-0.10;-0.50;-3.00;2.30;8.20;2.00;-4.00;0.20;-4.70;2.50;1.50;-0.80;-0.70;-2.00;8.00;8.00;4.00;6.00;-4.80;5.70;-2.40;0.50;0.00;2.00;1.00;1.50;-0.40;0.51;1.39;-1.10;-1;0;0;0;0

205;-5.00;7.00;-3.00;-1.00;4.50;0.50;12.00;-5.50;4.40;3.60;4.48;-0.98;0.00;-0.50;0.00;10.50;-7.00;-5.00;-12.10;4.10;-4.98;-3.62;-4.90;-5.44;-0.06;9.80;1.20;-3.92;-2.08;1.00;7.03;-0.03;0.10;-4.10;0.00;0.00;-1.50;0.50;-2.50;-2.50;-6.99;-2.03;1.51;9.03;4.48;-2.20;-2.79;4.99;5.00;-4.00;3.10;-0.10;-0.50;-3.00;2.30;8.20;2.00;-4.00;0.20;-4.70;2.50;1.50;-0.80;-0.70;-2.00;8.00;8.00;4.00;6.00;-4.80;5.70;-2.40;0.50;0.00;2.00;1.00;1.50;-0.40;0.51;1.39;+1;0;0;0;0

205.9;0.90;-5.00;7.00;-3.00;-1.00;4.50;0.50;12.00;-5.50;4.40;3.60;4.48;-0.98;0.00;-0.50;0.00;10.50;-7.00;-5.00;-12.10;4.10;-4.98;-3.62;-4.90;-5.44;-0.06;9.80;1.20;-3.92;-2.08;1.00;7.03;-0.03;0.10;-4.10;0.00;0.00;-1.50;0.50;-2.50;-2.50;-6.99;-2.03;1.51;9.03;4.48;-2.20;-2.79;4.99;5.00;-4.00;3.10;-0.10;-0.50;-3.00;2.30;8.20;2.00;-4.00;0.20;-4.70;2.50;1.50;-0.80;-0.70;-2.00;8.00;8.00;4.00;6.00;-4.80;5.70;-2.40;0.50;0.00;2.00;1.00;1.50;-0.40;0.51;-1;0;0;0;0

204.9;-1.00;0.90;-5.00;7.00;-3.00;-1.00;4.50;0.50;12.00;-5.50;4.40;3.60;4.48;-0.98;0.00;-0.50;0.00;10.50;-7.00;-5.00;-12.10;4.10;-4.98;-3.62;-4.90;-5.44;-0.06;9.80;1.20;-3.92;-2.08;1.00;7.03;-0.03;0.10;-4.10;0.00;0.00;-1.50;0.50;-2.50;-2.50;-6.99;-2.03;1.51;9.03;4.48;-2.20;-2.79;4.99;5.00;-4.00;3.10;-0.10;-0.50;-3.00;2.30;8.20;2.00;-4.00;0.20;-4.70;2.50;1.50;-0.80;-0.70;-2.00;8.00;8.00;4.00;6.00;-4.80;5.70;-2.40;0.50;0.00;2.00;1.00;1.50;-0.40;-1;0;0;0;0

201;-3.90;-1.00;0.90;-5.00;7.00;-3.00;-1.00;4.50;0.50;12.00;-5.50;4.40;3.60;4.48;-0.98;0.00;-0.50;0.00;10.50;-7.00;-5.00;-12.10;4.10;-4.98;-3.62;-4.90;-5.44;-0.06;9.80;1.20;-3.92;-2.08;1.00;7.03;-0.03;0.10;-4.10;0.00;0.00;-1.50;0.50;-2.50;-2.50;-6.99;-2.03;1.51;9.03;4.48;-2.20;-2.79;4.99;5.00;-4.00;3.10;-0.10;-0.50;-3.00;2.30;8.20;2.00;-4.00;0.20;-4.70;2.50;1.50;-0.80;-0.70;-2.00;8.00;8.00;4.00;6.00;-4.80;5.70;-2.40;0.50;0.00;2.00;1.00;1.50;-1;0;0;0;0

200;-1.00;-3.90;-1.00;0.90;-5.00;7.00;-3.00;-1.00;4.50;0.50;12.00;-5.50;4.40;3.60;4.48;-0.98;0.00;-0.50;0.00;10.50;-7.00;-5.00;-12.10;4.10;-4.98;-3.62;-4.90;-5.44;-0.06;9.80;1.20;-3.92;-2.08;1.00;7.03;-0.03;0.10;-4.10;0.00;0.00;-1.50;0.50;-2.50;-2.50;-6.99;-2.03;1.51;9.03;4.48;-2.20;-2.79;4.99;5.00;-4.00;3.10;-0.10;-0.50;-3.00;2.30;8.20;2.00;-4.00;0.20;-4.70;2.50;1.50;-0.80;-0.70;-2.00;8.00;8.00;4.00;6.00;-4.80;5.70;-2.40;0.50;0.00;2.00;1.00;-1;0;0;0;0

196;-4.00;-1.00;-3.90;-1.00;0.90;-5.00;7.00;-3.00;-1.00;4.50;0.50;12.00;-5.50;4.40;3.60;4.48;-0.98;0.00;-0.50;0.00;10.50;-7.00;-5.00;-12.10;4.10;-4.98;-3.62;-4.90;-5.44;-0.06;9.80;1.20;-3.92;-2.08;1.00;7.03;-0.03;0.10;-4.10;0.00;0.00;-1.50;0.50;-2.50;-2.50;-6.99;-2.03;1.51;9.03;4.48;-2.20;-2.79;4.99;5.00;-4.00;3.10;-0.10;-0.50;-3.00;2.30;8.20;2.00;-4.00;0.20;-4.70;2.50;1.50;-0.80;-0.70;-2.00;8.00;8.00;4.00;6.00;-4.80;5.70;-2.40;0.50;0.00;2.00;+1;0;0;0;0

198;2.00;-4.00;-1.00;-3.90;-1.00;0.90;-5.00;7.00;-3.00;-1.00;4.50;0.50;12.00;-5.50;4.40;3.60;4.48;-0.98;0.00;-0.50;0.00;10.50;-7.00;-5.00;-12.10;4.10;-4.98;-3.62;-4.90;-5.44;-0.06;9.80;1.20;-3.92;-2.08;1.00;7.03;-0.03;0.10;-4.10;0.00;0.00;-1.50;0.50;-2.50;-2.50;-6.99;-2.03;1.51;9.03;4.48;-2.20;-2.79;4.99;5.00;-4.00;3.10;-0.10;-0.50;-3.00;2.30;8.20;2.00;-4.00;0.20;-4.70;2.50;1.50;-0.80;-0.70;-2.00;8.00;8.00;4.00;6.00;-4.80;5.70;-2.40;0.50;0.00;+1;0;0;0;0

199;1.00;2.00;-4.00;-1.00;-3.90;-1.00;0.90;-5.00;7.00;-3.00;-1.00;4.50;0.50;12.00;-5.50;4.40;3.60;4.48;-0.98;0.00;-0.50;0.00;10.50;-7.00;-5.00;-12.10;4.10;-4.98;-3.62;-4.90;-5.44;-0.06;9.80;1.20;-3.92;-2.08;1.00;7.03;-0.03;0.10;-4.10;0.00;0.00;-1.50;0.50;-2.50;-2.50;-6.99;-2.03;1.51;9.03;4.48;-2.20;-2.79;4.99;5.00;-4.00;3.10;-0.10;-0.50;-3.00;2.30;8.20;2.00;-4.00;0.20;-4.70;2.50;1.50;-0.80;-0.70;-2.00;8.00;8.00;4.00;6.00;-4.80;5.70;-2.40;0.50;+1;0;0;0;0

211;12.00;1.00;2.00;-4.00;-1.00;-3.90;-1.00;0.90;-5.00;7.00;-3.00;-1.00;4.50;0.50;12.00;-5.50;4.40;3.60;4.48;-0.98;0.00;-0.50;0.00;10.50;-7.00;-5.00;-12.10;4.10;-4.98;-3.62;-4.90;-5.44;-0.06;9.80;1.20;-3.92;-2.08;1.00;7.03;-0.03;0.10;-4.10;0.00;0.00;-1.50;0.50;-2.50;-2.50;-6.99;-2.03;1.51;9.03;4.48;-2.20;-2.79;4.99;5.00;-4.00;3.10;-0.10;-0.50;-3.00;2.30;8.20;2.00;-4.00;0.20;-4.70;2.50;1.50;-0.80;-0.70;-2.00;8.00;8.00;4.00;6.00;-4.80;5.70;-2.40;-1;0;0;0;0

207.5;-3.50;12.00;1.00;2.00;-4.00;-1.00;-3.90;-1.00;0.90;-5.00;7.00;-3.00;-1.00;4.50;0.50;12.00;-5.50;4.40;3.60;4.48;-0.98;0.00;-0.50;0.00;10.50;-7.00;-5.00;-12.10;4.10;-4.98;-3.62;-4.90;-5.44;-0.06;9.80;1.20;-3.92;-2.08;1.00;7.03;-0.03;0.10;-4.10;0.00;0.00;-1.50;0.50;-2.50;-2.50;-6.99;-2.03;1.51;9.03;4.48;-2.20;-2.79;4.99;5.00;-4.00;3.10;-0.10;-0.50;-3.00;2.30;8.20;2.00;-4.00;0.20;-4.70;2.50;1.50;-0.80;-0.70;-2.00;8.00;8.00;4.00;6.00;-4.80;5.70;+1;0;0;0;0

208;0.50;-3.50;12.00;1.00;2.00;-4.00;-1.00;-3.90;-1.00;0.90;-5.00;7.00;-3.00;-1.00;4.50;0.50;12.00;-5.50;4.40;3.60;4.48;-0.98;0.00;-0.50;0.00;10.50;-7.00;-5.00;-12.10;4.10;-4.98;-3.62;-4.90;-5.44;-0.06;9.80;1.20;-3.92;-2.08;1.00;7.03;-0.03;0.10;-4.10;0.00;0.00;-1.50;0.50;-2.50;-2.50;-6.99;-2.03;1.51;9.03;4.48;-2.20;-2.79;4.99;5.00;-4.00;3.10;-0.10;-0.50;-3.00;2.30;8.20;2.00;-4.00;0.20;-4.70;2.50;1.50;-0.80;-0.70;-2.00;8.00;8.00;4.00;6.00;-4.80;+1;0;0;0;0

214;6.00;0.50;-3.50;12.00;1.00;2.00;-4.00;-1.00;-3.90;-1.00;0.90;-5.00;7.00;-3.00;-1.00;4.50;0.50;12.00;-5.50;4.40;3.60;4.48;-0.98;0.00;-0.50;0.00;10.50;-7.00;-5.00;-12.10;4.10;-4.98;-3.62;-4.90;-5.44;-0.06;9.80;1.20;-3.92;-2.08;1.00;7.03;-0.03;0.10;-4.10;0.00;0.00;-1.50;0.50;-2.50;-2.50;-6.99;-2.03;1.51;9.03;4.48;-2.20;-2.79;4.99;5.00;-4.00;3.10;-0.10;-0.50;-3.00;2.30;8.20;2.00;-4.00;0.20;-4.70;2.50;1.50;-0.80;-0.70;-2.00;8.00;8.00;4.00;6.00;-1;0;0;0;0

214;0.00;6.00;0.50;-3.50;12.00;1.00;2.00;-4.00;-1.00;-3.90;-1.00;0.90;-5.00;7.00;-3.00;-1.00;4.50;0.50;12.00;-5.50;4.40;3.60;4.48;-0.98;0.00;-0.50;0.00;10.50;-7.00;-5.00;-12.10;4.10;-4.98;-3.62;-4.90;-5.44;-0.06;9.80;1.20;-3.92;-2.08;1.00;7.03;-0.03;0.10;-4.10;0.00;0.00;-1.50;0.50;-2.50;-2.50;-6.99;-2.03;1.51;9.03;4.48;-2.20;-2.79;4.99;5.00;-4.00;3.10;-0.10;-0.50;-3.00;2.30;8.20;2.00;-4.00;0.20;-4.70;2.50;1.50;-0.80;-0.70;-2.00;8.00;8.00;4.00;-1;0;0;0;0

213.5;-0.50;0.00;6.00;0.50;-3.50;12.00;1.00;2.00;-4.00;-1.00;-3.90;-1.00;0.90;-5.00;7.00;-3.00;-1.00;4.50;0.50;12.00;-5.50;4.40;3.60;4.48;-0.98;0.00;-0.50;0.00;10.50;-7.00;-5.00;-12.10;4.10;-4.98;-3.62;-4.90;-5.44;-0.06;9.80;1.20;-3.92;-2.08;1.00;7.03;-0.03;0.10;-4.10;0.00;0.00;-1.50;0.50;-2.50;-2.50;-6.99;-2.03;1.51;9.03;4.48;-2.20;-2.79;4.99;5.00;-4.00;3.10;-0.10;-0.50;-3.00;2.30;8.20;2.00;-4.00;0.20;-4.70;2.50;1.50;-0.80;-0.70;-2.00;8.00;8.00;+1;0;0;0;0

215;1.50;-0.50;0.00;6.00;0.50;-3.50;12.00;1.00;2.00;-4.00;-1.00;-3.90;-1.00;0.90;-5.00;7.00;-3.00;-1.00;4.50;0.50;12.00;-5.50;4.40;3.60;4.48;-0.98;0.00;-0.50;0.00;10.50;-7.00;-5.00;-12.10;4.10;-4.98;-3.62;-4.90;-5.44;-0.06;9.80;1.20;-3.92;-2.08;1.00;7.03;-0.03;0.10;-4.10;0.00;0.00;-1.50;0.50;-2.50;-2.50;-6.99;-2.03;1.51;9.03;4.48;-2.20;-2.79;4.99;5.00;-4.00;3.10;-0.10;-0.50;-3.00;2.30;8.20;2.00;-4.00;0.20;-4.70;2.50;1.50;-0.80;-0.70;-2.00;8.00;+1;0;0;0;0

218;3.00;1.50;-0.50;0.00;6.00;0.50;-3.50;12.00;1.00;2.00;-4.00;-1.00;-3.90;-1.00;0.90;-5.00;7.00;-3.00;-1.00;4.50;0.50;12.00;-5.50;4.40;3.60;4.48;-0.98;0.00;-0.50;0.00;10.50;-7.00;-5.00;-12.10;4.10;-4.98;-3.62;-4.90;-5.44;-0.06;9.80;1.20;-3.92;-2.08;1.00;7.03;-0.03;0.10;-4.10;0.00;0.00;-1.50;0.50;-2.50;-2.50;-6.99;-2.03;1.51;9.03;4.48;-2.20;-2.79;4.99;5.00;-4.00;3.10;-0.10;-0.50;-3.00;2.30;8.20;2.00;-4.00;0.20;-4.70;2.50;1.50;-0.80;-0.70;-2.00;-1;0;0;0;0

217;-1.00;3.00;1.50;-0.50;0.00;6.00;0.50;-3.50;12.00;1.00;2.00;-4.00;-1.00;-3.90;-1.00;0.90;-5.00;7.00;-3.00;-1.00;4.50;0.50;12.00;-5.50;4.40;3.60;4.48;-0.98;0.00;-0.50;0.00;10.50;-7.00;-5.00;-12.10;4.10;-4.98;-3.62;-4.90;-5.44;-0.06;9.80;1.20;-3.92;-2.08;1.00;7.03;-0.03;0.10;-4.10;0.00;0.00;-1.50;0.50;-2.50;-2.50;-6.99;-2.03;1.51;9.03;4.48;-2.20;-2.79;4.99;5.00;-4.00;3.10;-0.10;-0.50;-3.00;2.30;8.20;2.00;-4.00;0.20;-4.70;2.50;1.50;-0.80;-0.70;-1;0;0;0;0

212.5;-4.50;-1.00;3.00;1.50;-0.50;0.00;6.00;0.50;-3.50;12.00;1.00;2.00;-4.00;-1.00;-3.90;-1.00;0.90;-5.00;7.00;-3.00;-1.00;4.50;0.50;12.00;-5.50;4.40;3.60;4.48;-0.98;0.00;-0.50;0.00;10.50;-7.00;-5.00;-12.10;4.10;-4.98;-3.62;-4.90;-5.44;-0.06;9.80;1.20;-3.92;-2.08;1.00;7.03;-0.03;0.10;-4.10;0.00;0.00;-1.50;0.50;-2.50;-2.50;-6.99;-2.03;1.51;9.03;4.48;-2.20;-2.79;4.99;5.00;-4.00;3.10;-0.10;-0.50;-3.00;2.30;8.20;2.00;-4.00;0.20;-4.70;2.50;1.50;-0.80;+1;0;0;0;0

215.25;2.75;-4.50;-1.00;3.00;1.50;-0.50;0.00;6.00;0.50;-3.50;12.00;1.00;2.00;-4.00;-1.00;-3.90;-1.00;0.90;-5.00;7.00;-3.00;-1.00;4.50;0.50;12.00;-5.50;4.40;3.60;4.48;-0.98;0.00;-0.50;0.00;10.50;-7.00;-5.00;-12.10;4.10;-4.98;-3.62;-4.90;-5.44;-0.06;9.80;1.20;-3.92;-2.08;1.00;7.03;-0.03;0.10;-4.10;0.00;0.00;-1.50;0.50;-2.50;-2.50;-6.99;-2.03;1.51;9.03;4.48;-2.20;-2.79;4.99;5.00;-4.00;3.10;-0.10;-0.50;-3.00;2.30;8.20;2.00;-4.00;0.20;-4.70;2.50;1.50;+1;0;0;0;0

216.5;1.25;2.75;-4.50;-1.00;3.00;1.50;-0.50;0.00;6.00;0.50;-3.50;12.00;1.00;2.00;-4.00;-1.00;-3.90;-1.00;0.90;-5.00;7.00;-3.00;-1.00;4.50;0.50;12.00;-5.50;4.40;3.60;4.48;-0.98;0.00;-0.50;0.00;10.50;-7.00;-5.00;-12.10;4.10;-4.98;-3.62;-4.90;-5.44;-0.06;9.80;1.20;-3.92;-2.08;1.00;7.03;-0.03;0.10;-4.10;0.00;0.00;-1.50;0.50;-2.50;-2.50;-6.99;-2.03;1.51;9.03;4.48;-2.20;-2.79;4.99;5.00;-4.00;3.10;-0.10;-0.50;-3.00;2.30;8.20;2.00;-4.00;0.20;-4.70;2.50;+1;0;0;0;0

225.9;9.40;1.25;2.75;-4.50;-1.00;3.00;1.50;-0.50;0.00;6.00;0.50;-3.50;12.00;1.00;2.00;-4.00;-1.00;-3.90;-1.00;0.90;-5.00;7.00;-3.00;-1.00;4.50;0.50;12.00;-5.50;4.40;3.60;4.48;-0.98;0.00;-0.50;0.00;10.50;-7.00;-5.00;-12.10;4.10;-4.98;-3.62;-4.90;-5.44;-0.06;9.80;1.20;-3.92;-2.08;1.00;7.03;-0.03;0.10;-4.10;0.00;0.00;-1.50;0.50;-2.50;-2.50;-6.99;-2.03;1.51;9.03;4.48;-2.20;-2.79;4.99;5.00;-4.00;3.10;-0.10;-0.50;-3.00;2.30;8.20;2.00;-4.00;0.20;-4.70;-1;0;0;0;0

224;-1.90;9.40;1.25;2.75;-4.50;-1.00;3.00;1.50;-0.50;0.00;6.00;0.50;-3.50;12.00;1.00;2.00;-4.00;-1.00;-3.90;-1.00;0.90;-5.00;7.00;-3.00;-1.00;4.50;0.50;12.00;-5.50;4.40;3.60;4.48;-0.98;0.00;-0.50;0.00;10.50;-7.00;-5.00;-12.10;4.10;-4.98;-3.62;-4.90;-5.44;-0.06;9.80;1.20;-3.92;-2.08;1.00;7.03;-0.03;0.10;-4.10;0.00;0.00;-1.50;0.50;-2.50;-2.50;-6.99;-2.03;1.51;9.03;4.48;-2.20;-2.79;4.99;5.00;-4.00;3.10;-0.10;-0.50;-3.00;2.30;8.20;2.00;-4.00;0.20;+1;0;0;0;0

227;3.00;-1.90;9.40;1.25;2.75;-4.50;-1.00;3.00;1.50;-0.50;0.00;6.00;0.50;-3.50;12.00;1.00;2.00;-4.00;-1.00;-3.90;-1.00;0.90;-5.00;7.00;-3.00;-1.00;4.50;0.50;12.00;-5.50;4.40;3.60;4.48;-0.98;0.00;-0.50;0.00;10.50;-7.00;-5.00;-12.10;4.10;-4.98;-3.62;-4.90;-5.44;-0.06;9.80;1.20;-3.92;-2.08;1.00;7.03;-0.03;0.10;-4.10;0.00;0.00;-1.50;0.50;-2.50;-2.50;-6.99;-2.03;1.51;9.03;4.48;-2.20;-2.79;4.99;5.00;-4.00;3.10;-0.10;-0.50;-3.00;2.30;8.20;2.00;-4.00;+1;0;0;0;0

231.3;4.30;3.00;-1.90;9.40;1.25;2.75;-4.50;-1.00;3.00;1.50;-0.50;0.00;6.00;0.50;-3.50;12.00;1.00;2.00;-4.00;-1.00;-3.90;-1.00;0.90;-5.00;7.00;-3.00;-1.00;4.50;0.50;12.00;-5.50;4.40;3.60;4.48;-0.98;0.00;-0.50;0.00;10.50;-7.00;-5.00;-12.10;4.10;-4.98;-3.62;-4.90;-5.44;-0.06;9.80;1.20;-3.92;-2.08;1.00;7.03;-0.03;0.10;-4.10;0.00;0.00;-1.50;0.50;-2.50;-2.50;-6.99;-2.03;1.51;9.03;4.48;-2.20;-2.79;4.99;5.00;-4.00;3.10;-0.10;-0.50;-3.00;2.30;8.20;2.00;-1;0;0;0;0

227.1;-4.20;4.30;3.00;-1.90;9.40;1.25;2.75;-4.50;-1.00;3.00;1.50;-0.50;0.00;6.00;0.50;-3.50;12.00;1.00;2.00;-4.00;-1.00;-3.90;-1.00;0.90;-5.00;7.00;-3.00;-1.00;4.50;0.50;12.00;-5.50;4.40;3.60;4.48;-0.98;0.00;-0.50;0.00;10.50;-7.00;-5.00;-12.10;4.10;-4.98;-3.62;-4.90;-5.44;-0.06;9.80;1.20;-3.92;-2.08;1.00;7.03;-0.03;0.10;-4.10;0.00;0.00;-1.50;0.50;-2.50;-2.50;-6.99;-2.03;1.51;9.03;4.48;-2.20;-2.79;4.99;5.00;-4.00;3.10;-0.10;-0.50;-3.00;2.30;8.20;+1;0;0;0;0

227.9;0.80;-4.20;4.30;3.00;-1.90;9.40;1.25;2.75;-4.50;-1.00;3.00;1.50;-0.50;0.00;6.00;0.50;-3.50;12.00;1.00;2.00;-4.00;-1.00;-3.90;-1.00;0.90;-5.00;7.00;-3.00;-1.00;4.50;0.50;12.00;-5.50;4.40;3.60;4.48;-0.98;0.00;-0.50;0.00;10.50;-7.00;-5.00;-12.10;4.10;-4.98;-3.62;-4.90;-5.44;-0.06;9.80;1.20;-3.92;-2.08;1.00;7.03;-0.03;0.10;-4.10;0.00;0.00;-1.50;0.50;-2.50;-2.50;-6.99;-2.03;1.51;9.03;4.48;-2.20;-2.79;4.99;5.00;-4.00;3.10;-0.10;-0.50;-3.00;2.30;+1;0;0;0;0

229.5;1.60;0.80;-4.20;4.30;3.00;-1.90;9.40;1.25;2.75;-4.50;-1.00;3.00;1.50;-0.50;0.00;6.00;0.50;-3.50;12.00;1.00;2.00;-4.00;-1.00;-3.90;-1.00;0.90;-5.00;7.00;-3.00;-1.00;4.50;0.50;12.00;-5.50;4.40;3.60;4.48;-0.98;0.00;-0.50;0.00;10.50;-7.00;-5.00;-12.10;4.10;-4.98;-3.62;-4.90;-5.44;-0.06;9.80;1.20;-3.92;-2.08;1.00;7.03;-0.03;0.10;-4.10;0.00;0.00;-1.50;0.50;-2.50;-2.50;-6.99;-2.03;1.51;9.03;4.48;-2.20;-2.79;4.99;5.00;-4.00;3.10;-0.10;-0.50;-3.00;-1;0;0;0;0

224.01;-5.49;1.60;0.80;-4.20;4.30;3.00;-1.90;9.40;1.25;2.75;-4.50;-1.00;3.00;1.50;-0.50;0.00;6.00;0.50;-3.50;12.00;1.00;2.00;-4.00;-1.00;-3.90;-1.00;0.90;-5.00;7.00;-3.00;-1.00;4.50;0.50;12.00;-5.50;4.40;3.60;4.48;-0.98;0.00;-0.50;0.00;10.50;-7.00;-5.00;-12.10;4.10;-4.98;-3.62;-4.90;-5.44;-0.06;9.80;1.20;-3.92;-2.08;1.00;7.03;-0.03;0.10;-4.10;0.00;0.00;-1.50;0.50;-2.50;-2.50;-6.99;-2.03;1.51;9.03;4.48;-2.20;-2.79;4.99;5.00;-4.00;3.10;-0.10;-0.50;-1;0;0;0;0

222;-2.01;-5.49;1.60;0.80;-4.20;4.30;3.00;-1.90;9.40;1.25;2.75;-4.50;-1.00;3.00;1.50;-0.50;0.00;6.00;0.50;-3.50;12.00;1.00;2.00;-4.00;-1.00;-3.90;-1.00;0.90;-5.00;7.00;-3.00;-1.00;4.50;0.50;12.00;-5.50;4.40;3.60;4.48;-0.98;0.00;-0.50;0.00;10.50;-7.00;-5.00;-12.10;4.10;-4.98;-3.62;-4.90;-5.44;-0.06;9.80;1.20;-3.92;-2.08;1.00;7.03;-0.03;0.10;-4.10;0.00;0.00;-1.50;0.50;-2.50;-2.50;-6.99;-2.03;1.51;9.03;4.48;-2.20;-2.79;4.99;5.00;-4.00;3.10;-0.10;+1;0;0;0;0

230;8.00;-2.01;-5.49;1.60;0.80;-4.20;4.30;3.00;-1.90;9.40;1.25;2.75;-4.50;-1.00;3.00;1.50;-0.50;0.00;6.00;0.50;-3.50;12.00;1.00;2.00;-4.00;-1.00;-3.90;-1.00;0.90;-5.00;7.00;-3.00;-1.00;4.50;0.50;12.00;-5.50;4.40;3.60;4.48;-0.98;0.00;-0.50;0.00;10.50;-7.00;-5.00;-12.10;4.10;-4.98;-3.62;-4.90;-5.44;-0.06;9.80;1.20;-3.92;-2.08;1.00;7.03;-0.03;0.10;-4.10;0.00;0.00;-1.50;0.50;-2.50;-2.50;-6.99;-2.03;1.51;9.03;4.48;-2.20;-2.79;4.99;5.00;-4.00;3.10;+1;0;0;0;0

230.75;0.75;8.00;-2.01;-5.49;1.60;0.80;-4.20;4.30;3.00;-1.90;9.40;1.25;2.75;-4.50;-1.00;3.00;1.50;-0.50;0.00;6.00;0.50;-3.50;12.00;1.00;2.00;-4.00;-1.00;-3.90;-1.00;0.90;-5.00;7.00;-3.00;-1.00;4.50;0.50;12.00;-5.50;4.40;3.60;4.48;-0.98;0.00;-0.50;0.00;10.50;-7.00;-5.00;-12.10;4.10;-4.98;-3.62;-4.90;-5.44;-0.06;9.80;1.20;-3.92;-2.08;1.00;7.03;-0.03;0.10;-4.10;0.00;0.00;-1.50;0.50;-2.50;-2.50;-6.99;-2.03;1.51;9.03;4.48;-2.20;-2.79;4.99;5.00;-4.00;+1;0;0;0;0

231;0.25;0.75;8.00;-2.01;-5.49;1.60;0.80;-4.20;4.30;3.00;-1.90;9.40;1.25;2.75;-4.50;-1.00;3.00;1.50;-0.50;0.00;6.00;0.50;-3.50;12.00;1.00;2.00;-4.00;-1.00;-3.90;-1.00;0.90;-5.00;7.00;-3.00;-1.00;4.50;0.50;12.00;-5.50;4.40;3.60;4.48;-0.98;0.00;-0.50;0.00;10.50;-7.00;-5.00;-12.10;4.10;-4.98;-3.62;-4.90;-5.44;-0.06;9.80;1.20;-3.92;-2.08;1.00;7.03;-0.03;0.10;-4.10;0.00;0.00;-1.50;0.50;-2.50;-2.50;-6.99;-2.03;1.51;9.03;4.48;-2.20;-2.79;4.99;5.00;-1;0;0;0;0

229;-2.00;0.25;0.75;8.00;-2.01;-5.49;1.60;0.80;-4.20;4.30;3.00;-1.90;9.40;1.25;2.75;-4.50;-1.00;3.00;1.50;-0.50;0.00;6.00;0.50;-3.50;12.00;1.00;2.00;-4.00;-1.00;-3.90;-1.00;0.90;-5.00;7.00;-3.00;-1.00;4.50;0.50;12.00;-5.50;4.40;3.60;4.48;-0.98;0.00;-0.50;0.00;10.50;-7.00;-5.00;-12.10;4.10;-4.98;-3.62;-4.90;-5.44;-0.06;9.80;1.20;-3.92;-2.08;1.00;7.03;-0.03;0.10;-4.10;0.00;0.00;-1.50;0.50;-2.50;-2.50;-6.99;-2.03;1.51;9.03;4.48;-2.20;-2.79;4.99;-1;0;0;0;0

220;-9.00;-2.00;0.25;0.75;8.00;-2.01;-5.49;1.60;0.80;-4.20;4.30;3.00;-1.90;9.40;1.25;2.75;-4.50;-1.00;3.00;1.50;-0.50;0.00;6.00;0.50;-3.50;12.00;1.00;2.00;-4.00;-1.00;-3.90;-1.00;0.90;-5.00;7.00;-3.00;-1.00;4.50;0.50;12.00;-5.50;4.40;3.60;4.48;-0.98;0.00;-0.50;0.00;10.50;-7.00;-5.00;-12.10;4.10;-4.98;-3.62;-4.90;-5.44;-0.06;9.80;1.20;-3.92;-2.08;1.00;7.03;-0.03;0.10;-4.10;0.00;0.00;-1.50;0.50;-2.50;-2.50;-6.99;-2.03;1.51;9.03;4.48;-2.20;-2.79;+1;0;0;0;0

221.3;1.30;-9.00;-2.00;0.25;0.75;8.00;-2.01;-5.49;1.60;0.80;-4.20;4.30;3.00;-1.90;9.40;1.25;2.75;-4.50;-1.00;3.00;1.50;-0.50;0.00;6.00;0.50;-3.50;12.00;1.00;2.00;-4.00;-1.00;-3.90;-1.00;0.90;-5.00;7.00;-3.00;-1.00;4.50;0.50;12.00;-5.50;4.40;3.60;4.48;-0.98;0.00;-0.50;0.00;10.50;-7.00;-5.00;-12.10;4.10;-4.98;-3.62;-4.90;-5.44;-0.06;9.80;1.20;-3.92;-2.08;1.00;7.03;-0.03;0.10;-4.10;0.00;0.00;-1.50;0.50;-2.50;-2.50;-6.99;-2.03;1.51;9.03;4.48;-2.20;+1;0;0;0;0

222;0.70;1.30;-9.00;-2.00;0.25;0.75;8.00;-2.01;-5.49;1.60;0.80;-4.20;4.30;3.00;-1.90;9.40;1.25;2.75;-4.50;-1.00;3.00;1.50;-0.50;0.00;6.00;0.50;-3.50;12.00;1.00;2.00;-4.00;-1.00;-3.90;-1.00;0.90;-5.00;7.00;-3.00;-1.00;4.50;0.50;12.00;-5.50;4.40;3.60;4.48;-0.98;0.00;-0.50;0.00;10.50;-7.00;-5.00;-12.10;4.10;-4.98;-3.62;-4.90;-5.44;-0.06;9.80;1.20;-3.92;-2.08;1.00;7.03;-0.03;0.10;-4.10;0.00;0.00;-1.50;0.50;-2.50;-2.50;-6.99;-2.03;1.51;9.03;4.48;+1;0;0;0;0

231;9.00;0.70;1.30;-9.00;-2.00;0.25;0.75;8.00;-2.01;-5.49;1.60;0.80;-4.20;4.30;3.00;-1.90;9.40;1.25;2.75;-4.50;-1.00;3.00;1.50;-0.50;0.00;6.00;0.50;-3.50;12.00;1.00;2.00;-4.00;-1.00;-3.90;-1.00;0.90;-5.00;7.00;-3.00;-1.00;4.50;0.50;12.00;-5.50;4.40;3.60;4.48;-0.98;0.00;-0.50;0.00;10.50;-7.00;-5.00;-12.10;4.10;-4.98;-3.62;-4.90;-5.44;-0.06;9.80;1.20;-3.92;-2.08;1.00;7.03;-0.03;0.10;-4.10;0.00;0.00;-1.50;0.50;-2.50;-2.50;-6.99;-2.03;1.51;9.03;+1;0;0;0;0

232;1.00;9.00;0.70;1.30;-9.00;-2.00;0.25;0.75;8.00;-2.01;-5.49;1.60;0.80;-4.20;4.30;3.00;-1.90;9.40;1.25;2.75;-4.50;-1.00;3.00;1.50;-0.50;0.00;6.00;0.50;-3.50;12.00;1.00;2.00;-4.00;-1.00;-3.90;-1.00;0.90;-5.00;7.00;-3.00;-1.00;4.50;0.50;12.00;-5.50;4.40;3.60;4.48;-0.98;0.00;-0.50;0.00;10.50;-7.00;-5.00;-12.10;4.10;-4.98;-3.62;-4.90;-5.44;-0.06;9.80;1.20;-3.92;-2.08;1.00;7.03;-0.03;0.10;-4.10;0.00;0.00;-1.50;0.50;-2.50;-2.50;-6.99;-2.03;1.51;-1;0;0;0;0

232;0.00;1.00;9.00;0.70;1.30;-9.00;-2.00;0.25;0.75;8.00;-2.01;-5.49;1.60;0.80;-4.20;4.30;3.00;-1.90;9.40;1.25;2.75;-4.50;-1.00;3.00;1.50;-0.50;0.00;6.00;0.50;-3.50;12.00;1.00;2.00;-4.00;-1.00;-3.90;-1.00;0.90;-5.00;7.00;-3.00;-1.00;4.50;0.50;12.00;-5.50;4.40;3.60;4.48;-0.98;0.00;-0.50;0.00;10.50;-7.00;-5.00;-12.10;4.10;-4.98;-3.62;-4.90;-5.44;-0.06;9.80;1.20;-3.92;-2.08;1.00;7.03;-0.03;0.10;-4.10;0.00;0.00;-1.50;0.50;-2.50;-2.50;-6.99;-2.03;+1;0;0;0;0

235.02;3.02;0.00;1.00;9.00;0.70;1.30;-9.00;-2.00;0.25;0.75;8.00;-2.01;-5.49;1.60;0.80;-4.20;4.30;3.00;-1.90;9.40;1.25;2.75;-4.50;-1.00;3.00;1.50;-0.50;0.00;6.00;0.50;-3.50;12.00;1.00;2.00;-4.00;-1.00;-3.90;-1.00;0.90;-5.00;7.00;-3.00;-1.00;4.50;0.50;12.00;-5.50;4.40;3.60;4.48;-0.98;0.00;-0.50;0.00;10.50;-7.00;-5.00;-12.10;4.10;-4.98;-3.62;-4.90;-5.44;-0.06;9.80;1.20;-3.92;-2.08;1.00;7.03;-0.03;0.10;-4.10;0.00;0.00;-1.50;0.50;-2.50;-2.50;-6.99;+1;0;0;0;0

245.8;10.78;3.02;0.00;1.00;9.00;0.70;1.30;-9.00;-2.00;0.25;0.75;8.00;-2.01;-5.49;1.60;0.80;-4.20;4.30;3.00;-1.90;9.40;1.25;2.75;-4.50;-1.00;3.00;1.50;-0.50;0.00;6.00;0.50;-3.50;12.00;1.00;2.00;-4.00;-1.00;-3.90;-1.00;0.90;-5.00;7.00;-3.00;-1.00;4.50;0.50;12.00;-5.50;4.40;3.60;4.48;-0.98;0.00;-0.50;0.00;10.50;-7.00;-5.00;-12.10;4.10;-4.98;-3.62;-4.90;-5.44;-0.06;9.80;1.20;-3.92;-2.08;1.00;7.03;-0.03;0.10;-4.10;0.00;0.00;-1.50;0.50;-2.50;-2.50;+1;0;0;0;0

256;10.20;10.78;3.02;0.00;1.00;9.00;0.70;1.30;-9.00;-2.00;0.25;0.75;8.00;-2.01;-5.49;1.60;0.80;-4.20;4.30;3.00;-1.90;9.40;1.25;2.75;-4.50;-1.00;3.00;1.50;-0.50;0.00;6.00;0.50;-3.50;12.00;1.00;2.00;-4.00;-1.00;-3.90;-1.00;0.90;-5.00;7.00;-3.00;-1.00;4.50;0.50;12.00;-5.50;4.40;3.60;4.48;-0.98;0.00;-0.50;0.00;10.50;-7.00;-5.00;-12.10;4.10;-4.98;-3.62;-4.90;-5.44;-0.06;9.80;1.20;-3.92;-2.08;1.00;7.03;-0.03;0.10;-4.10;0.00;0.00;-1.50;0.50;-2.50;-1;0;0;0;0

246;-10.00;10.20;10.78;3.02;0.00;1.00;9.00;0.70;1.30;-9.00;-2.00;0.25;0.75;8.00;-2.01;-5.49;1.60;0.80;-4.20;4.30;3.00;-1.90;9.40;1.25;2.75;-4.50;-1.00;3.00;1.50;-0.50;0.00;6.00;0.50;-3.50;12.00;1.00;2.00;-4.00;-1.00;-3.90;-1.00;0.90;-5.00;7.00;-3.00;-1.00;4.50;0.50;12.00;-5.50;4.40;3.60;4.48;-0.98;0.00;-0.50;0.00;10.50;-7.00;-5.00;-12.10;4.10;-4.98;-3.62;-4.90;-5.44;-0.06;9.80;1.20;-3.92;-2.08;1.00;7.03;-0.03;0.10;-4.10;0.00;0.00;-1.50;0.50;-1;0;0;0;0

243;-3.00;-10.00;10.20;10.78;3.02;0.00;1.00;9.00;0.70;1.30;-9.00;-2.00;0.25;0.75;8.00;-2.01;-5.49;1.60;0.80;-4.20;4.30;3.00;-1.90;9.40;1.25;2.75;-4.50;-1.00;3.00;1.50;-0.50;0.00;6.00;0.50;-3.50;12.00;1.00;2.00;-4.00;-1.00;-3.90;-1.00;0.90;-5.00;7.00;-3.00;-1.00;4.50;0.50;12.00;-5.50;4.40;3.60;4.48;-0.98;0.00;-0.50;0.00;10.50;-7.00;-5.00;-12.10;4.10;-4.98;-3.62;-4.90;-5.44;-0.06;9.80;1.20;-3.92;-2.08;1.00;7.03;-0.03;0.10;-4.10;0.00;0.00;-1.50;-1;0;0;0;0

240.55;-2.45;-3.00;-10.00;10.20;10.78;3.02;0.00;1.00;9.00;0.70;1.30;-9.00;-2.00;0.25;0.75;8.00;-2.01;-5.49;1.60;0.80;-4.20;4.30;3.00;-1.90;9.40;1.25;2.75;-4.50;-1.00;3.00;1.50;-0.50;0.00;6.00;0.50;-3.50;12.00;1.00;2.00;-4.00;-1.00;-3.90;-1.00;0.90;-5.00;7.00;-3.00;-1.00;4.50;0.50;12.00;-5.50;4.40;3.60;4.48;-0.98;0.00;-0.50;0.00;10.50;-7.00;-5.00;-12.10;4.10;-4.98;-3.62;-4.90;-5.44;-0.06;9.80;1.20;-3.92;-2.08;1.00;7.03;-0.03;0.10;-4.10;0.00;0.00;-1;0;0;0;0

240;-0.55;-2.45;-3.00;-10.00;10.20;10.78;3.02;0.00;1.00;9.00;0.70;1.30;-9.00;-2.00;0.25;0.75;8.00;-2.01;-5.49;1.60;0.80;-4.20;4.30;3.00;-1.90;9.40;1.25;2.75;-4.50;-1.00;3.00;1.50;-0.50;0.00;6.00;0.50;-3.50;12.00;1.00;2.00;-4.00;-1.00;-3.90;-1.00;0.90;-5.00;7.00;-3.00;-1.00;4.50;0.50;12.00;-5.50;4.40;3.60;4.48;-0.98;0.00;-0.50;0.00;10.50;-7.00;-5.00;-12.10;4.10;-4.98;-3.62;-4.90;-5.44;-0.06;9.80;1.20;-3.92;-2.08;1.00;7.03;-0.03;0.10;-4.10;0.00;+1;0;0;0;0

242.11;2.11;-0.55;-2.45;-3.00;-10.00;10.20;10.78;3.02;0.00;1.00;9.00;0.70;1.30;-9.00;-2.00;0.25;0.75;8.00;-2.01;-5.49;1.60;0.80;-4.20;4.30;3.00;-1.90;9.40;1.25;2.75;-4.50;-1.00;3.00;1.50;-0.50;0.00;6.00;0.50;-3.50;12.00;1.00;2.00;-4.00;-1.00;-3.90;-1.00;0.90;-5.00;7.00;-3.00;-1.00;4.50;0.50;12.00;-5.50;4.40;3.60;4.48;-0.98;0.00;-0.50;0.00;10.50;-7.00;-5.00;-12.10;4.10;-4.98;-3.62;-4.90;-5.44;-0.06;9.80;1.20;-3.92;-2.08;1.00;7.03;-0.03;0.10;-4.10;+1;0;0;0;0

243.7;1.59;2.11;-0.55;-2.45;-3.00;-10.00;10.20;10.78;3.02;0.00;1.00;9.00;0.70;1.30;-9.00;-2.00;0.25;0.75;8.00;-2.01;-5.49;1.60;0.80;-4.20;4.30;3.00;-1.90;9.40;1.25;2.75;-4.50;-1.00;3.00;1.50;-0.50;0.00;6.00;0.50;-3.50;12.00;1.00;2.00;-4.00;-1.00;-3.90;-1.00;0.90;-5.00;7.00;-3.00;-1.00;4.50;0.50;12.00;-5.50;4.40;3.60;4.48;-0.98;0.00;-0.50;0.00;10.50;-7.00;-5.00;-12.10;4.10;-4.98;-3.62;-4.90;-5.44;-0.06;9.80;1.20;-3.92;-2.08;1.00;7.03;-0.03;0.10;-1;0;0;0;0

243;-0.70;1.59;2.11;-0.55;-2.45;-3.00;-10.00;10.20;10.78;3.02;0.00;1.00;9.00;0.70;1.30;-9.00;-2.00;0.25;0.75;8.00;-2.01;-5.49;1.60;0.80;-4.20;4.30;3.00;-1.90;9.40;1.25;2.75;-4.50;-1.00;3.00;1.50;-0.50;0.00;6.00;0.50;-3.50;12.00;1.00;2.00;-4.00;-1.00;-3.90;-1.00;0.90;-5.00;7.00;-3.00;-1.00;4.50;0.50;12.00;-5.50;4.40;3.60;4.48;-0.98;0.00;-0.50;0.00;10.50;-7.00;-5.00;-12.10;4.10;-4.98;-3.62;-4.90;-5.44;-0.06;9.80;1.20;-3.92;-2.08;1.00;7.03;-0.03;-1;0;0;0;0

242;-1.00;-0.70;1.59;2.11;-0.55;-2.45;-3.00;-10.00;10.20;10.78;3.02;0.00;1.00;9.00;0.70;1.30;-9.00;-2.00;0.25;0.75;8.00;-2.01;-5.49;1.60;0.80;-4.20;4.30;3.00;-1.90;9.40;1.25;2.75;-4.50;-1.00;3.00;1.50;-0.50;0.00;6.00;0.50;-3.50;12.00;1.00;2.00;-4.00;-1.00;-3.90;-1.00;0.90;-5.00;7.00;-3.00;-1.00;4.50;0.50;12.00;-5.50;4.40;3.60;4.48;-0.98;0.00;-0.50;0.00;10.50;-7.00;-5.00;-12.10;4.10;-4.98;-3.62;-4.90;-5.44;-0.06;9.80;1.20;-3.92;-2.08;1.00;7.03;+1;0;0;0;0

247;5.00;-1.00;-0.70;1.59;2.11;-0.55;-2.45;-3.00;-10.00;10.20;10.78;3.02;0.00;1.00;9.00;0.70;1.30;-9.00;-2.00;0.25;0.75;8.00;-2.01;-5.49;1.60;0.80;-4.20;4.30;3.00;-1.90;9.40;1.25;2.75;-4.50;-1.00;3.00;1.50;-0.50;0.00;6.00;0.50;-3.50;12.00;1.00;2.00;-4.00;-1.00;-3.90;-1.00;0.90;-5.00;7.00;-3.00;-1.00;4.50;0.50;12.00;-5.50;4.40;3.60;4.48;-0.98;0.00;-0.50;0.00;10.50;-7.00;-5.00;-12.10;4.10;-4.98;-3.62;-4.90;-5.44;-0.06;9.80;1.20;-3.92;-2.08;1.00;-1;0;0;0;0

247;0.00;5.00;-1.00;-0.70;1.59;2.11;-0.55;-2.45;-3.00;-10.00;10.20;10.78;3.02;0.00;1.00;9.00;0.70;1.30;-9.00;-2.00;0.25;0.75;8.00;-2.01;-5.49;1.60;0.80;-4.20;4.30;3.00;-1.90;9.40;1.25;2.75;-4.50;-1.00;3.00;1.50;-0.50;0.00;6.00;0.50;-3.50;12.00;1.00;2.00;-4.00;-1.00;-3.90;-1.00;0.90;-5.00;7.00;-3.00;-1.00;4.50;0.50;12.00;-5.50;4.40;3.60;4.48;-0.98;0.00;-0.50;0.00;10.50;-7.00;-5.00;-12.10;4.10;-4.98;-3.62;-4.90;-5.44;-0.06;9.80;1.20;-3.92;-2.08;-1;0;0;0;0

245.5;-1.50;0.00;5.00;-1.00;-0.70;1.59;2.11;-0.55;-2.45;-3.00;-10.00;10.20;10.78;3.02;0.00;1.00;9.00;0.70;1.30;-9.00;-2.00;0.25;0.75;8.00;-2.01;-5.49;1.60;0.80;-4.20;4.30;3.00;-1.90;9.40;1.25;2.75;-4.50;-1.00;3.00;1.50;-0.50;0.00;6.00;0.50;-3.50;12.00;1.00;2.00;-4.00;-1.00;-3.90;-1.00;0.90;-5.00;7.00;-3.00;-1.00;4.50;0.50;12.00;-5.50;4.40;3.60;4.48;-0.98;0.00;-0.50;0.00;10.50;-7.00;-5.00;-12.10;4.10;-4.98;-3.62;-4.90;-5.44;-0.06;9.80;1.20;-3.92;-1;0;0;0;0

241;-4.50;-1.50;0.00;5.00;-1.00;-0.70;1.59;2.11;-0.55;-2.45;-3.00;-10.00;10.20;10.78;3.02;0.00;1.00;9.00;0.70;1.30;-9.00;-2.00;0.25;0.75;8.00;-2.01;-5.49;1.60;0.80;-4.20;4.30;3.00;-1.90;9.40;1.25;2.75;-4.50;-1.00;3.00;1.50;-0.50;0.00;6.00;0.50;-3.50;12.00;1.00;2.00;-4.00;-1.00;-3.90;-1.00;0.90;-5.00;7.00;-3.00;-1.00;4.50;0.50;12.00;-5.50;4.40;3.60;4.48;-0.98;0.00;-0.50;0.00;10.50;-7.00;-5.00;-12.10;4.10;-4.98;-3.62;-4.90;-5.44;-0.06;9.80;1.20;-1;0;0;0;0

240.5;-0.50;-4.50;-1.50;0.00;5.00;-1.00;-0.70;1.59;2.11;-0.55;-2.45;-3.00;-10.00;10.20;10.78;3.02;0.00;1.00;9.00;0.70;1.30;-9.00;-2.00;0.25;0.75;8.00;-2.01;-5.49;1.60;0.80;-4.20;4.30;3.00;-1.90;9.40;1.25;2.75;-4.50;-1.00;3.00;1.50;-0.50;0.00;6.00;0.50;-3.50;12.00;1.00;2.00;-4.00;-1.00;-3.90;-1.00;0.90;-5.00;7.00;-3.00;-1.00;4.50;0.50;12.00;-5.50;4.40;3.60;4.48;-0.98;0.00;-0.50;0.00;10.50;-7.00;-5.00;-12.10;4.10;-4.98;-3.62;-4.90;-5.44;-0.06;9.80;+1;0;0;0;0

247.5;7.00;-0.50;-4.50;-1.50;0.00;5.00;-1.00;-0.70;1.59;2.11;-0.55;-2.45;-3.00;-10.00;10.20;10.78;3.02;0.00;1.00;9.00;0.70;1.30;-9.00;-2.00;0.25;0.75;8.00;-2.01;-5.49;1.60;0.80;-4.20;4.30;3.00;-1.90;9.40;1.25;2.75;-4.50;-1.00;3.00;1.50;-0.50;0.00;6.00;0.50;-3.50;12.00;1.00;2.00;-4.00;-1.00;-3.90;-1.00;0.90;-5.00;7.00;-3.00;-1.00;4.50;0.50;12.00;-5.50;4.40;3.60;4.48;-0.98;0.00;-0.50;0.00;10.50;-7.00;-5.00;-12.10;4.10;-4.98;-3.62;-4.90;-5.44;-0.06;+1;0;0;0;0

256.99;9.49;7.00;-0.50;-4.50;-1.50;0.00;5.00;-1.00;-0.70;1.59;2.11;-0.55;-2.45;-3.00;-10.00;10.20;10.78;3.02;0.00;1.00;9.00;0.70;1.30;-9.00;-2.00;0.25;0.75;8.00;-2.01;-5.49;1.60;0.80;-4.20;4.30;3.00;-1.90;9.40;1.25;2.75;-4.50;-1.00;3.00;1.50;-0.50;0.00;6.00;0.50;-3.50;12.00;1.00;2.00;-4.00;-1.00;-3.90;-1.00;0.90;-5.00;7.00;-3.00;-1.00;4.50;0.50;12.00;-5.50;4.40;3.60;4.48;-0.98;0.00;-0.50;0.00;10.50;-7.00;-5.00;-12.10;4.10;-4.98;-3.62;-4.90;-5.44;-1;0;0;0;0

253;-3.99;9.49;7.00;-0.50;-4.50;-1.50;0.00;5.00;-1.00;-0.70;1.59;2.11;-0.55;-2.45;-3.00;-10.00;10.20;10.78;3.02;0.00;1.00;9.00;0.70;1.30;-9.00;-2.00;0.25;0.75;8.00;-2.01;-5.49;1.60;0.80;-4.20;4.30;3.00;-1.90;9.40;1.25;2.75;-4.50;-1.00;3.00;1.50;-0.50;0.00;6.00;0.50;-3.50;12.00;1.00;2.00;-4.00;-1.00;-3.90;-1.00;0.90;-5.00;7.00;-3.00;-1.00;4.50;0.50;12.00;-5.50;4.40;3.60;4.48;-0.98;0.00;-0.50;0.00;10.50;-7.00;-5.00;-12.10;4.10;-4.98;-3.62;-4.90;-1;0;0;0;0

247;-6.00;-3.99;9.49;7.00;-0.50;-4.50;-1.50;0.00;5.00;-1.00;-0.70;1.59;2.11;-0.55;-2.45;-3.00;-10.00;10.20;10.78;3.02;0.00;1.00;9.00;0.70;1.30;-9.00;-2.00;0.25;0.75;8.00;-2.01;-5.49;1.60;0.80;-4.20;4.30;3.00;-1.90;9.40;1.25;2.75;-4.50;-1.00;3.00;1.50;-0.50;0.00;6.00;0.50;-3.50;12.00;1.00;2.00;-4.00;-1.00;-3.90;-1.00;0.90;-5.00;7.00;-3.00;-1.00;4.50;0.50;12.00;-5.50;4.40;3.60;4.48;-0.98;0.00;-0.50;0.00;10.50;-7.00;-5.00;-12.10;4.10;-4.98;-3.62;+1;0;0;0;0

259.98;12.98;-6.00;-3.99;9.49;7.00;-0.50;-4.50;-1.50;0.00;5.00;-1.00;-0.70;1.59;2.11;-0.55;-2.45;-3.00;-10.00;10.20;10.78;3.02;0.00;1.00;9.00;0.70;1.30;-9.00;-2.00;0.25;0.75;8.00;-2.01;-5.49;1.60;0.80;-4.20;4.30;3.00;-1.90;9.40;1.25;2.75;-4.50;-1.00;3.00;1.50;-0.50;0.00;6.00;0.50;-3.50;12.00;1.00;2.00;-4.00;-1.00;-3.90;-1.00;0.90;-5.00;7.00;-3.00;-1.00;4.50;0.50;12.00;-5.50;4.40;3.60;4.48;-0.98;0.00;-0.50;0.00;10.50;-7.00;-5.00;-12.10;4.10;-4.98;-1;0;0;0;0

