101.4;0.0153846;0.554751;-0.556561;0.040724;-0.136652;-0.0986426;-0.493213;-0.0135747;0.475113;-0.531222;-0.679638;0.301357;-0.518552;-0.377376;-0.431674;-0.0841629;0.114932;0.102262;0.131222;0.0859728;-0.0497738;0.440724;-0.902262;-0.303167;-0.0678733;-0.466063;0.257919;-0.303167;0.00452487;-0.390045;0.0190045;0.800905;-0.21267;-0.375566;-0.61267;-0.572851;-0.104072;-0.954751;-0.900452;-0.377376;-0.319457;0.221719;-0.393665;-0.339367;0.58371;-0.140272;-0.248869;0.638009;-0.0678733;-0.19457;-0.285068;-0.574661;0.384615;0.0950226;-0.18552;-0.330317;-0.0497738;0.040724;-0.409955;-0.60543;-0.310407;0.274208;-0.645249;0.232579;0.21086;-0.520362;-0.303167;0.310407;-0.59095;-1;0.941397;0.517656;-0.215627;0.924869;0.0112697;0.215627;0.320811;-0.00375657;0.301277;0.361382;-1;0;-1;+1;-1

101;-0.21267;0.0153846;0.554751;-0.556561;0.040724;-0.136652;-0.0986426;-0.493213;-0.0135747;0.475113;-0.531222;-0.679638;0.301357;-0.518552;-0.377376;-0.431674;-0.0841629;0.114932;0.102262;0.131222;0.0859728;-0.0497738;0.440724;-0.902262;-0.303167;-0.0678733;-0.466063;0.257919;-0.303167;0.00452487;-0.390045;0.0190045;0.800905;-0.21267;-0.375566;-0.61267;-0.572851;-0.104072;-0.954751;-0.900452;-0.377376;-0.319457;0.221719;-0.393665;-0.339367;0.58371;-0.140272;-0.248869;0.638009;-0.0678733;-0.19457;-0.285068;-0.574661;0.384615;0.0950226;-0.18552;-0.330317;-0.0497738;0.040724;-0.409955;-0.60543;-0.310407;0.274208;-0.645249;0.232579;0.21086;-0.520362;-0.303167;0.310407;-0.320811;-1;0.941397;0.517656;-0.215627;0.924869;0.0112697;0.215627;0.320811;-0.00375657;0.301277;+1;0;+1;+1;-1

102.79;0.18371;-0.21267;0.0153846;0.554751;-0.556561;0.040724;-0.136652;-0.0986426;-0.493213;-0.0135747;0.475113;-0.531222;-0.679638;0.301357;-0.518552;-0.377376;-0.431674;-0.0841629;0.114932;0.102262;0.131222;0.0859728;-0.0497738;0.440724;-0.902262;-0.303167;-0.0678733;-0.466063;0.257919;-0.303167;0.00452487;-0.390045;0.0190045;0.800905;-0.21267;-0.375566;-0.61267;-0.572851;-0.104072;-0.954751;-0.900452;-0.377376;-0.319457;0.221719;-0.393665;-0.339367;0.58371;-0.140272;-0.248869;0.638009;-0.0678733;-0.19457;-0.285068;-0.574661;0.384615;0.0950226;-0.18552;-0.330317;-0.0497738;0.040724;-0.409955;-0.60543;-0.310407;0.274208;-0.645249;0.232579;0.21086;-0.520362;-0.303167;0.427498;-0.320811;-1;0.941397;0.517656;-0.215627;0.924869;0.0112697;0.215627;0.320811;-0.00375657;+1;0;+1;+1;-1

105.85;0.413575;0.18371;-0.21267;0.0153846;0.554751;-0.556561;0.040724;-0.136652;-0.0986426;-0.493213;-0.0135747;0.475113;-0.531222;-0.679638;0.301357;-0.518552;-0.377376;-0.431674;-0.0841629;0.114932;0.102262;0.131222;0.0859728;-0.0497738;0.440724;-0.902262;-0.303167;-0.0678733;-0.466063;0.257919;-0.303167;0.00452487;-0.390045;0.0190045;0.800905;-0.21267;-0.375566;-0.61267;-0.572851;-0.104072;-0.954751;-0.900452;-0.377376;-0.319457;0.221719;-0.393665;-0.339367;0.58371;-0.140272;-0.248869;0.638009;-0.0678733;-0.19457;-0.285068;-0.574661;0.384615;0.0950226;-0.18552;-0.330317;-0.0497738;0.040724;-0.409955;-0.60543;-0.310407;0.274208;-0.645249;0.232579;0.21086;-0.520362;-0.0818933;0.427498;-0.320811;-1;0.941397;0.517656;-0.215627;0.924869;0.0112697;0.215627;0.320811;-1;0;-1;+1;-1

105;-0.294118;0.413575;0.18371;-0.21267;0.0153846;0.554751;-0.556561;0.040724;-0.136652;-0.0986426;-0.493213;-0.0135747;0.475113;-0.531222;-0.679638;0.301357;-0.518552;-0.377376;-0.431674;-0.0841629;0.114932;0.102262;0.131222;0.0859728;-0.0497738;0.440724;-0.902262;-0.303167;-0.0678733;-0.466063;0.257919;-0.303167;0.00452487;-0.390045;0.0190045;0.800905;-0.21267;-0.375566;-0.61267;-0.572851;-0.104072;-0.954751;-0.900452;-0.377376;-0.319457;0.221719;-0.393665;-0.339367;0.58371;-0.140272;-0.248869;0.638009;-0.0678733;-0.19457;-0.285068;-0.574661;0.384615;0.0950226;-0.18552;-0.330317;-0.0497738;0.040724;-0.409955;-0.60543;-0.310407;0.274208;-0.645249;0.232579;0.21086;-0.262209;-0.0818933;0.427498;-0.320811;-1;0.941397;0.517656;-0.215627;0.924869;0.0112697;0.215627;-1;0;-1;+1;-1

103.8;-0.357466;-0.294118;0.413575;0.18371;-0.21267;0.0153846;0.554751;-0.556561;0.040724;-0.136652;-0.0986426;-0.493213;-0.0135747;0.475113;-0.531222;-0.679638;0.301357;-0.518552;-0.377376;-0.431674;-0.0841629;0.114932;0.102262;0.131222;0.0859728;-0.0497738;0.440724;-0.902262;-0.303167;-0.0678733;-0.466063;0.257919;-0.303167;0.00452487;-0.390045;0.0190045;0.800905;-0.21267;-0.375566;-0.61267;-0.572851;-0.104072;-0.954751;-0.900452;-0.377376;-0.319457;0.221719;-0.393665;-0.339367;0.58371;-0.140272;-0.248869;0.638009;-0.0678733;-0.19457;-0.285068;-0.574661;0.384615;0.0950226;-0.18552;-0.330317;-0.0497738;0.040724;-0.409955;-0.60543;-0.310407;0.274208;-0.645249;0.232579;0.344853;-0.262209;-0.0818933;0.427498;-0.320811;-1;0.941397;0.517656;-0.215627;0.924869;0.0112697;-1;0;-1;+1;-1

101.8;-0.502262;-0.357466;-0.294118;0.413575;0.18371;-0.21267;0.0153846;0.554751;-0.556561;0.040724;-0.136652;-0.0986426;-0.493213;-0.0135747;0.475113;-0.531222;-0.679638;0.301357;-0.518552;-0.377376;-0.431674;-0.0841629;0.114932;0.102262;0.131222;0.0859728;-0.0497738;0.440724;-0.902262;-0.303167;-0.0678733;-0.466063;0.257919;-0.303167;0.00452487;-0.390045;0.0190045;0.800905;-0.21267;-0.375566;-0.61267;-0.572851;-0.104072;-0.954751;-0.900452;-0.377376;-0.319457;0.221719;-0.393665;-0.339367;0.58371;-0.140272;-0.248869;0.638009;-0.0678733;-0.19457;-0.285068;-0.574661;0.384615;0.0950226;-0.18552;-0.330317;-0.0497738;0.040724;-0.409955;-0.60543;-0.310407;0.274208;-0.645249;0.362885;0.344853;-0.262209;-0.0818933;0.427498;-0.320811;-1;0.941397;0.517656;-0.215627;0.924869;-1;0;-1;+1;-1

98;-0.828054;-0.502262;-0.357466;-0.294118;0.413575;0.18371;-0.21267;0.0153846;0.554751;-0.556561;0.040724;-0.136652;-0.0986426;-0.493213;-0.0135747;0.475113;-0.531222;-0.679638;0.301357;-0.518552;-0.377376;-0.431674;-0.0841629;0.114932;0.102262;0.131222;0.0859728;-0.0497738;0.440724;-0.902262;-0.303167;-0.0678733;-0.466063;0.257919;-0.303167;0.00452487;-0.390045;0.0190045;0.800905;-0.21267;-0.375566;-0.61267;-0.572851;-0.104072;-0.954751;-0.900452;-0.377376;-0.319457;0.221719;-0.393665;-0.339367;0.58371;-0.140272;-0.248869;0.638009;-0.0678733;-0.19457;-0.285068;-0.574661;0.384615;0.0950226;-0.18552;-0.330317;-0.0497738;0.040724;-0.409955;-0.60543;-0.310407;0.274208;-0.36589;0.362885;0.344853;-0.262209;-0.0818933;0.427498;-0.320811;-1;0.941397;0.517656;-0.215627;-1;0;-1;+1;-1

94.9;-0.701357;-0.828054;-0.502262;-0.357466;-0.294118;0.413575;0.18371;-0.21267;0.0153846;0.554751;-0.556561;0.040724;-0.136652;-0.0986426;-0.493213;-0.0135747;0.475113;-0.531222;-0.679638;0.301357;-0.518552;-0.377376;-0.431674;-0.0841629;0.114932;0.102262;0.131222;0.0859728;-0.0497738;0.440724;-0.902262;-0.303167;-0.0678733;-0.466063;0.257919;-0.303167;0.00452487;-0.390045;0.0190045;0.800905;-0.21267;-0.375566;-0.61267;-0.572851;-0.104072;-0.954751;-0.900452;-0.377376;-0.319457;0.221719;-0.393665;-0.339367;0.58371;-0.140272;-0.248869;0.638009;-0.0678733;-0.19457;-0.285068;-0.574661;0.384615;0.0950226;-0.18552;-0.330317;-0.0497738;0.040724;-0.409955;-0.60543;-0.310407;0.397445;-0.36589;0.362885;0.344853;-0.262209;-0.0818933;0.427498;-0.320811;-1;0.941397;0.517656;-1;0;-1;+1;-1

92;-0.665158;-0.701357;-0.828054;-0.502262;-0.357466;-0.294118;0.413575;0.18371;-0.21267;0.0153846;0.554751;-0.556561;0.040724;-0.136652;-0.0986426;-0.493213;-0.0135747;0.475113;-0.531222;-0.679638;0.301357;-0.518552;-0.377376;-0.431674;-0.0841629;0.114932;0.102262;0.131222;0.0859728;-0.0497738;0.440724;-0.902262;-0.303167;-0.0678733;-0.466063;0.257919;-0.303167;0.00452487;-0.390045;0.0190045;0.800905;-0.21267;-0.375566;-0.61267;-0.572851;-0.104072;-0.954751;-0.900452;-0.377376;-0.319457;0.221719;-0.393665;-0.339367;0.58371;-0.140272;-0.248869;0.638009;-0.0678733;-0.19457;-0.285068;-0.574661;0.384615;0.0950226;-0.18552;-0.330317;-0.0497738;0.040724;-0.409955;-0.60543;-0.0879038;0.397445;-0.36589;0.362885;0.344853;-0.262209;-0.0818933;0.427498;-0.320811;-1;0.941397;-1;0;-1;+1;-1

91.99;-0.142081;-0.665158;-0.701357;-0.828054;-0.502262;-0.357466;-0.294118;0.413575;0.18371;-0.21267;0.0153846;0.554751;-0.556561;0.040724;-0.136652;-0.0986426;-0.493213;-0.0135747;0.475113;-0.531222;-0.679638;0.301357;-0.518552;-0.377376;-0.431674;-0.0841629;0.114932;0.102262;0.131222;0.0859728;-0.0497738;0.440724;-0.902262;-0.303167;-0.0678733;-0.466063;0.257919;-0.303167;0.00452487;-0.390045;0.0190045;0.800905;-0.21267;-0.375566;-0.61267;-0.572851;-0.104072;-0.954751;-0.900452;-0.377376;-0.319457;0.221719;-0.393665;-0.339367;0.58371;-0.140272;-0.248869;0.638009;-0.0678733;-0.19457;-0.285068;-0.574661;0.384615;0.0950226;-0.18552;-0.330317;-0.0497738;0.040724;-0.409955;-0.332832;-0.0879038;0.397445;-0.36589;0.362885;0.344853;-0.262209;-0.0818933;0.427498;-0.320811;-1;-1;0;-1;+1;-1

91;-0.319457;-0.142081;-0.665158;-0.701357;-0.828054;-0.502262;-0.357466;-0.294118;0.413575;0.18371;-0.21267;0.0153846;0.554751;-0.556561;0.040724;-0.136652;-0.0986426;-0.493213;-0.0135747;0.475113;-0.531222;-0.679638;0.301357;-0.518552;-0.377376;-0.431674;-0.0841629;0.114932;0.102262;0.131222;0.0859728;-0.0497738;0.440724;-0.902262;-0.303167;-0.0678733;-0.466063;0.257919;-0.303167;0.00452487;-0.390045;0.0190045;0.800905;-0.21267;-0.375566;-0.61267;-0.572851;-0.104072;-0.954751;-0.900452;-0.377376;-0.319457;0.221719;-0.393665;-0.339367;0.58371;-0.140272;-0.248869;0.638009;-0.0678733;-0.19457;-0.285068;-0.574661;0.384615;0.0950226;-0.18552;-0.330317;-0.0497738;0.040724;-0.170548;-0.332832;-0.0879038;0.397445;-0.36589;0.362885;0.344853;-0.262209;-0.0818933;0.427498;-0.320811;-1;0;+1;+1;-1

90;-0.321267;-0.319457;-0.142081;-0.665158;-0.701357;-0.828054;-0.502262;-0.357466;-0.294118;0.413575;0.18371;-0.21267;0.0153846;0.554751;-0.556561;0.040724;-0.136652;-0.0986426;-0.493213;-0.0135747;0.475113;-0.531222;-0.679638;0.301357;-0.518552;-0.377376;-0.431674;-0.0841629;0.114932;0.102262;0.131222;0.0859728;-0.0497738;0.440724;-0.902262;-0.303167;-0.0678733;-0.466063;0.257919;-0.303167;0.00452487;-0.390045;0.0190045;0.800905;-0.21267;-0.375566;-0.61267;-0.572851;-0.104072;-0.954751;-0.900452;-0.377376;-0.319457;0.221719;-0.393665;-0.339367;0.58371;-0.140272;-0.248869;0.638009;-0.0678733;-0.19457;-0.285068;-0.574661;0.384615;0.0950226;-0.18552;-0.330317;-0.0497738;0.203606;-0.170548;-0.332832;-0.0879038;0.397445;-0.36589;0.362885;0.344853;-0.262209;-0.0818933;0.427498;+1;0;+1;+1;-1

91;0.040724;-0.321267;-0.319457;-0.142081;-0.665158;-0.701357;-0.828054;-0.502262;-0.357466;-0.294118;0.413575;0.18371;-0.21267;0.0153846;0.554751;-0.556561;0.040724;-0.136652;-0.0986426;-0.493213;-0.0135747;0.475113;-0.531222;-0.679638;0.301357;-0.518552;-0.377376;-0.431674;-0.0841629;0.114932;0.102262;0.131222;0.0859728;-0.0497738;0.440724;-0.902262;-0.303167;-0.0678733;-0.466063;0.257919;-0.303167;0.00452487;-0.390045;0.0190045;0.800905;-0.21267;-0.375566;-0.61267;-0.572851;-0.104072;-0.954751;-0.900452;-0.377376;-0.319457;0.221719;-0.393665;-0.339367;0.58371;-0.140272;-0.248869;0.638009;-0.0678733;-0.19457;-0.285068;-0.574661;0.384615;0.0950226;-0.18552;-0.330317;0.128475;0.203606;-0.170548;-0.332832;-0.0879038;0.397445;-0.36589;0.362885;0.344853;-0.262209;-0.0818933;-1;0;-1;+1;-1

86.25;-1;0.040724;-0.321267;-0.319457;-0.142081;-0.665158;-0.701357;-0.828054;-0.502262;-0.357466;-0.294118;0.413575;0.18371;-0.21267;0.0153846;0.554751;-0.556561;0.040724;-0.136652;-0.0986426;-0.493213;-0.0135747;0.475113;-0.531222;-0.679638;0.301357;-0.518552;-0.377376;-0.431674;-0.0841629;0.114932;0.102262;0.131222;0.0859728;-0.0497738;0.440724;-0.902262;-0.303167;-0.0678733;-0.466063;0.257919;-0.303167;0.00452487;-0.390045;0.0190045;0.800905;-0.21267;-0.375566;-0.61267;-0.572851;-0.104072;-0.954751;-0.900452;-0.377376;-0.319457;0.221719;-0.393665;-0.339367;0.58371;-0.140272;-0.248869;0.638009;-0.0678733;-0.19457;-0.285068;-0.574661;0.384615;0.0950226;-0.18552;-0.104433;0.128475;0.203606;-0.170548;-0.332832;-0.0879038;0.397445;-0.36589;0.362885;0.344853;-0.262209;+1;0;+1;+1;-1

87.49;0.0841629;-1;0.040724;-0.321267;-0.319457;-0.142081;-0.665158;-0.701357;-0.828054;-0.502262;-0.357466;-0.294118;0.413575;0.18371;-0.21267;0.0153846;0.554751;-0.556561;0.040724;-0.136652;-0.0986426;-0.493213;-0.0135747;0.475113;-0.531222;-0.679638;0.301357;-0.518552;-0.377376;-0.431674;-0.0841629;0.114932;0.102262;0.131222;0.0859728;-0.0497738;0.440724;-0.902262;-0.303167;-0.0678733;-0.466063;0.257919;-0.303167;0.00452487;-0.390045;0.0190045;0.800905;-0.21267;-0.375566;-0.61267;-0.572851;-0.104072;-0.954751;-0.900452;-0.377376;-0.319457;0.221719;-0.393665;-0.339367;0.58371;-0.140272;-0.248869;0.638009;-0.0678733;-0.19457;-0.285068;-0.574661;0.384615;0.0950226;0.0157776;-0.104433;0.128475;0.203606;-0.170548;-0.332832;-0.0879038;0.397445;-0.36589;0.362885;0.344853;-1;0;-1;+1;-1

86.7;-0.283258;0.0841629;-1;0.040724;-0.321267;-0.319457;-0.142081;-0.665158;-0.701357;-0.828054;-0.502262;-0.357466;-0.294118;0.413575;0.18371;-0.21267;0.0153846;0.554751;-0.556561;0.040724;-0.136652;-0.0986426;-0.493213;-0.0135747;0.475113;-0.531222;-0.679638;0.301357;-0.518552;-0.377376;-0.431674;-0.0841629;0.114932;0.102262;0.131222;0.0859728;-0.0497738;0.440724;-0.902262;-0.303167;-0.0678733;-0.466063;0.257919;-0.303167;0.00452487;-0.390045;0.0190045;0.800905;-0.21267;-0.375566;-0.61267;-0.572851;-0.104072;-0.954751;-0.900452;-0.377376;-0.319457;0.221719;-0.393665;-0.339367;0.58371;-0.140272;-0.248869;0.638009;-0.0678733;-0.19457;-0.285068;-0.574661;0.384615;0.248685;0.0157776;-0.104433;0.128475;0.203606;-0.170548;-0.332832;-0.0879038;0.397445;-0.36589;0.362885;+1;0;+1;+1;-1

93;1;-0.283258;0.0841629;-1;0.040724;-0.321267;-0.319457;-0.142081;-0.665158;-0.701357;-0.828054;-0.502262;-0.357466;-0.294118;0.413575;0.18371;-0.21267;0.0153846;0.554751;-0.556561;0.040724;-0.136652;-0.0986426;-0.493213;-0.0135747;0.475113;-0.531222;-0.679638;0.301357;-0.518552;-0.377376;-0.431674;-0.0841629;0.114932;0.102262;0.131222;0.0859728;-0.0497738;0.440724;-0.902262;-0.303167;-0.0678733;-0.466063;0.257919;-0.303167;0.00452487;-0.390045;0.0190045;0.800905;-0.21267;-0.375566;-0.61267;-0.572851;-0.104072;-0.954751;-0.900452;-0.377376;-0.319457;0.221719;-0.393665;-0.339367;0.58371;-0.140272;-0.248869;0.638009;-0.0678733;-0.19457;-0.285068;-0.574661;0.489106;0.248685;0.0157776;-0.104433;0.128475;0.203606;-0.170548;-0.332832;-0.0879038;0.397445;-0.36589;+1;0;+1;+1;-1

96.5;0.493213;1;-0.283258;0.0841629;-1;0.040724;-0.321267;-0.319457;-0.142081;-0.665158;-0.701357;-0.828054;-0.502262;-0.357466;-0.294118;0.413575;0.18371;-0.21267;0.0153846;0.554751;-0.556561;0.040724;-0.136652;-0.0986426;-0.493213;-0.0135747;0.475113;-0.531222;-0.679638;0.301357;-0.518552;-0.377376;-0.431674;-0.0841629;0.114932;0.102262;0.131222;0.0859728;-0.0497738;0.440724;-0.902262;-0.303167;-0.0678733;-0.466063;0.257919;-0.303167;0.00452487;-0.390045;0.0190045;0.800905;-0.21267;-0.375566;-0.61267;-0.572851;-0.104072;-0.954751;-0.900452;-0.377376;-0.319457;0.221719;-0.393665;-0.339367;0.58371;-0.140272;-0.248869;0.638009;-0.0678733;-0.19457;-0.285068;-0.307288;0.489106;0.248685;0.0157776;-0.104433;0.128475;0.203606;-0.170548;-0.332832;-0.0879038;0.397445;-1;0;-1;+1;-1

93.47;-0.688688;0.493213;1;-0.283258;0.0841629;-1;0.040724;-0.321267;-0.319457;-0.142081;-0.665158;-0.701357;-0.828054;-0.502262;-0.357466;-0.294118;0.413575;0.18371;-0.21267;0.0153846;0.554751;-0.556561;0.040724;-0.136652;-0.0986426;-0.493213;-0.0135747;0.475113;-0.531222;-0.679638;0.301357;-0.518552;-0.377376;-0.431674;-0.0841629;0.114932;0.102262;0.131222;0.0859728;-0.0497738;0.440724;-0.902262;-0.303167;-0.0678733;-0.466063;0.257919;-0.303167;0.00452487;-0.390045;0.0190045;0.800905;-0.21267;-0.375566;-0.61267;-0.572851;-0.104072;-0.954751;-0.900452;-0.377376;-0.319457;0.221719;-0.393665;-0.339367;0.58371;-0.140272;-0.248869;0.638009;-0.0678733;-0.19457;-0.066867;-0.307288;0.489106;0.248685;0.0157776;-0.104433;0.128475;0.203606;-0.170548;-0.332832;-0.0879038;-1;0;-1;+1;-1

90.33;-0.708597;-0.688688;0.493213;1;-0.283258;0.0841629;-1;0.040724;-0.321267;-0.319457;-0.142081;-0.665158;-0.701357;-0.828054;-0.502262;-0.357466;-0.294118;0.413575;0.18371;-0.21267;0.0153846;0.554751;-0.556561;0.040724;-0.136652;-0.0986426;-0.493213;-0.0135747;0.475113;-0.531222;-0.679638;0.301357;-0.518552;-0.377376;-0.431674;-0.0841629;0.114932;0.102262;0.131222;0.0859728;-0.0497738;0.440724;-0.902262;-0.303167;-0.0678733;-0.466063;0.257919;-0.303167;0.00452487;-0.390045;0.0190045;0.800905;-0.21267;-0.375566;-0.61267;-0.572851;-0.104072;-0.954751;-0.900452;-0.377376;-0.319457;0.221719;-0.393665;-0.339367;0.58371;-0.140272;-0.248869;0.638009;-0.0678733;0.00826446;-0.066867;-0.307288;0.489106;0.248685;0.0157776;-0.104433;0.128475;0.203606;-0.170548;-0.332832;-1;0;-1;+1;-1

87.32;-0.685068;-0.708597;-0.688688;0.493213;1;-0.283258;0.0841629;-1;0.040724;-0.321267;-0.319457;-0.142081;-0.665158;-0.701357;-0.828054;-0.502262;-0.357466;-0.294118;0.413575;0.18371;-0.21267;0.0153846;0.554751;-0.556561;0.040724;-0.136652;-0.0986426;-0.493213;-0.0135747;0.475113;-0.531222;-0.679638;0.301357;-0.518552;-0.377376;-0.431674;-0.0841629;0.114932;0.102262;0.131222;0.0859728;-0.0497738;0.440724;-0.902262;-0.303167;-0.0678733;-0.466063;0.257919;-0.303167;0.00452487;-0.390045;0.0190045;0.800905;-0.21267;-0.375566;-0.61267;-0.572851;-0.104072;-0.954751;-0.900452;-0.377376;-0.319457;0.221719;-0.393665;-0.339367;0.58371;-0.140272;-0.248869;0.638009;0.113449;0.00826446;-0.066867;-0.307288;0.489106;0.248685;0.0157776;-0.104433;0.128475;0.203606;-0.170548;+1;0;+1;+1;-1

90.2;0.380995;-0.685068;-0.708597;-0.688688;0.493213;1;-0.283258;0.0841629;-1;0.040724;-0.321267;-0.319457;-0.142081;-0.665158;-0.701357;-0.828054;-0.502262;-0.357466;-0.294118;0.413575;0.18371;-0.21267;0.0153846;0.554751;-0.556561;0.040724;-0.136652;-0.0986426;-0.493213;-0.0135747;0.475113;-0.531222;-0.679638;0.301357;-0.518552;-0.377376;-0.431674;-0.0841629;0.114932;0.102262;0.131222;0.0859728;-0.0497738;0.440724;-0.902262;-0.303167;-0.0678733;-0.466063;0.257919;-0.303167;0.00452487;-0.390045;0.0190045;0.800905;-0.21267;-0.375566;-0.61267;-0.572851;-0.104072;-0.954751;-0.900452;-0.377376;-0.319457;0.221719;-0.393665;-0.339367;0.58371;-0.140272;-0.248869;0.699474;0.113449;0.00826446;-0.066867;-0.307288;0.489106;0.248685;0.0157776;-0.104433;0.128475;0.203606;+1;0;+1;+1;-1

92;0.18552;0.380995;-0.685068;-0.708597;-0.688688;0.493213;1;-0.283258;0.0841629;-1;0.040724;-0.321267;-0.319457;-0.142081;-0.665158;-0.701357;-0.828054;-0.502262;-0.357466;-0.294118;0.413575;0.18371;-0.21267;0.0153846;0.554751;-0.556561;0.040724;-0.136652;-0.0986426;-0.493213;-0.0135747;0.475113;-0.531222;-0.679638;0.301357;-0.518552;-0.377376;-0.431674;-0.0841629;0.114932;0.102262;0.131222;0.0859728;-0.0497738;0.440724;-0.902262;-0.303167;-0.0678733;-0.466063;0.257919;-0.303167;0.00452487;-0.390045;0.0190045;0.800905;-0.21267;-0.375566;-0.61267;-0.572851;-0.104072;-0.954751;-0.900452;-0.377376;-0.319457;0.221719;-0.393665;-0.339367;0.58371;-0.140272;-0.0368144;0.699474;0.113449;0.00826446;-0.066867;-0.307288;0.489106;0.248685;0.0157776;-0.104433;0.128475;-1;0;-1;+1;-1

90.54;-0.404525;0.18552;0.380995;-0.685068;-0.708597;-0.688688;0.493213;1;-0.283258;0.0841629;-1;0.040724;-0.321267;-0.319457;-0.142081;-0.665158;-0.701357;-0.828054;-0.502262;-0.357466;-0.294118;0.413575;0.18371;-0.21267;0.0153846;0.554751;-0.556561;0.040724;-0.136652;-0.0986426;-0.493213;-0.0135747;0.475113;-0.531222;-0.679638;0.301357;-0.518552;-0.377376;-0.431674;-0.0841629;0.114932;0.102262;0.131222;0.0859728;-0.0497738;0.440724;-0.902262;-0.303167;-0.0678733;-0.466063;0.257919;-0.303167;0.00452487;-0.390045;0.0190045;0.800905;-0.21267;-0.375566;-0.61267;-0.572851;-0.104072;-0.954751;-0.900452;-0.377376;-0.319457;0.221719;-0.393665;-0.339367;0.58371;0.0533434;-0.0368144;0.699474;0.113449;0.00826446;-0.066867;-0.307288;0.489106;0.248685;0.0157776;-0.104433;-1;0;-1;+1;-1

90.5;-0.147511;-0.404525;0.18552;0.380995;-0.685068;-0.708597;-0.688688;0.493213;1;-0.283258;0.0841629;-1;0.040724;-0.321267;-0.319457;-0.142081;-0.665158;-0.701357;-0.828054;-0.502262;-0.357466;-0.294118;0.413575;0.18371;-0.21267;0.0153846;0.554751;-0.556561;0.040724;-0.136652;-0.0986426;-0.493213;-0.0135747;0.475113;-0.531222;-0.679638;0.301357;-0.518552;-0.377376;-0.431674;-0.0841629;0.114932;0.102262;0.131222;0.0859728;-0.0497738;0.440724;-0.902262;-0.303167;-0.0678733;-0.466063;0.257919;-0.303167;0.00452487;-0.390045;0.0190045;0.800905;-0.21267;-0.375566;-0.61267;-0.572851;-0.104072;-0.954751;-0.900452;-0.377376;-0.319457;0.221719;-0.393665;-0.339367;0.654395;0.0533434;-0.0368144;0.699474;0.113449;0.00826446;-0.066867;-0.307288;0.489106;0.248685;0.0157776;-1;0;-1;+1;-1

89.55;-0.312217;-0.147511;-0.404525;0.18552;0.380995;-0.685068;-0.708597;-0.688688;0.493213;1;-0.283258;0.0841629;-1;0.040724;-0.321267;-0.319457;-0.142081;-0.665158;-0.701357;-0.828054;-0.502262;-0.357466;-0.294118;0.413575;0.18371;-0.21267;0.0153846;0.554751;-0.556561;0.040724;-0.136652;-0.0986426;-0.493213;-0.0135747;0.475113;-0.531222;-0.679638;0.301357;-0.518552;-0.377376;-0.431674;-0.0841629;0.114932;0.102262;0.131222;0.0859728;-0.0497738;0.440724;-0.902262;-0.303167;-0.0678733;-0.466063;0.257919;-0.303167;0.00452487;-0.390045;0.0190045;0.800905;-0.21267;-0.375566;-0.61267;-0.572851;-0.104072;-0.954751;-0.900452;-0.377376;-0.319457;0.221719;-0.393665;-0.111946;0.654395;0.0533434;-0.0368144;0.699474;0.113449;0.00826446;-0.066867;-0.307288;0.489106;0.248685;+1;0;-1;+1;-1

89.99;-0.0606335;-0.312217;-0.147511;-0.404525;0.18552;0.380995;-0.685068;-0.708597;-0.688688;0.493213;1;-0.283258;0.0841629;-1;0.040724;-0.321267;-0.319457;-0.142081;-0.665158;-0.701357;-0.828054;-0.502262;-0.357466;-0.294118;0.413575;0.18371;-0.21267;0.0153846;0.554751;-0.556561;0.040724;-0.136652;-0.0986426;-0.493213;-0.0135747;0.475113;-0.531222;-0.679638;0.301357;-0.518552;-0.377376;-0.431674;-0.0841629;0.114932;0.102262;0.131222;0.0859728;-0.0497738;0.440724;-0.902262;-0.303167;-0.0678733;-0.466063;0.257919;-0.303167;0.00452487;-0.390045;0.0190045;0.800905;-0.21267;-0.375566;-0.61267;-0.572851;-0.104072;-0.954751;-0.900452;-0.377376;-0.319457;0.221719;-0.157025;-0.111946;0.654395;0.0533434;-0.0368144;0.699474;0.113449;0.00826446;-0.066867;-0.307288;0.489106;-1;0;-1;+1;-1

89.25;-0.274208;-0.0606335;-0.312217;-0.147511;-0.404525;0.18552;0.380995;-0.685068;-0.708597;-0.688688;0.493213;1;-0.283258;0.0841629;-1;0.040724;-0.321267;-0.319457;-0.142081;-0.665158;-0.701357;-0.828054;-0.502262;-0.357466;-0.294118;0.413575;0.18371;-0.21267;0.0153846;0.554751;-0.556561;0.040724;-0.136652;-0.0986426;-0.493213;-0.0135747;0.475113;-0.531222;-0.679638;0.301357;-0.518552;-0.377376;-0.431674;-0.0841629;0.114932;0.102262;0.131222;0.0859728;-0.0497738;0.440724;-0.902262;-0.303167;-0.0678733;-0.466063;0.257919;-0.303167;0.00452487;-0.390045;0.0190045;0.800905;-0.21267;-0.375566;-0.61267;-0.572851;-0.104072;-0.954751;-0.900452;-0.377376;-0.319457;0.353869;-0.157025;-0.111946;0.654395;0.0533434;-0.0368144;0.699474;0.113449;0.00826446;-0.066867;-0.307288;-1;0;-1;+1;-1

85.3;-0.855204;-0.274208;-0.0606335;-0.312217;-0.147511;-0.404525;0.18552;0.380995;-0.685068;-0.708597;-0.688688;0.493213;1;-0.283258;0.0841629;-1;0.040724;-0.321267;-0.319457;-0.142081;-0.665158;-0.701357;-0.828054;-0.502262;-0.357466;-0.294118;0.413575;0.18371;-0.21267;0.0153846;0.554751;-0.556561;0.040724;-0.136652;-0.0986426;-0.493213;-0.0135747;0.475113;-0.531222;-0.679638;0.301357;-0.518552;-0.377376;-0.431674;-0.0841629;0.114932;0.102262;0.131222;0.0859728;-0.0497738;0.440724;-0.902262;-0.303167;-0.0678733;-0.466063;0.257919;-0.303167;0.00452487;-0.390045;0.0190045;0.800905;-0.21267;-0.375566;-0.61267;-0.572851;-0.104072;-0.954751;-0.900452;-0.377376;-0.095417;0.353869;-0.157025;-0.111946;0.654395;0.0533434;-0.0368144;0.699474;0.113449;0.00826446;-0.066867;-1;0;-1;+1;-1

81.2;-0.882353;-0.855204;-0.274208;-0.0606335;-0.312217;-0.147511;-0.404525;0.18552;0.380995;-0.685068;-0.708597;-0.688688;0.493213;1;-0.283258;0.0841629;-1;0.040724;-0.321267;-0.319457;-0.142081;-0.665158;-0.701357;-0.828054;-0.502262;-0.357466;-0.294118;0.413575;0.18371;-0.21267;0.0153846;0.554751;-0.556561;0.040724;-0.136652;-0.0986426;-0.493213;-0.0135747;0.475113;-0.531222;-0.679638;0.301357;-0.518552;-0.377376;-0.431674;-0.0841629;0.114932;0.102262;0.131222;0.0859728;-0.0497738;0.440724;-0.902262;-0.303167;-0.0678733;-0.466063;0.257919;-0.303167;0.00452487;-0.390045;0.0190045;0.800905;-0.21267;-0.375566;-0.61267;-0.572851;-0.104072;-0.954751;-0.900452;-0.143501;-0.095417;0.353869;-0.157025;-0.111946;0.654395;0.0533434;-0.0368144;0.699474;0.113449;0.00826446;-1;0;-1;+1;-1

80;-0.357466;-0.882353;-0.855204;-0.274208;-0.0606335;-0.312217;-0.147511;-0.404525;0.18552;0.380995;-0.685068;-0.708597;-0.688688;0.493213;1;-0.283258;0.0841629;-1;0.040724;-0.321267;-0.319457;-0.142081;-0.665158;-0.701357;-0.828054;-0.502262;-0.357466;-0.294118;0.413575;0.18371;-0.21267;0.0153846;0.554751;-0.556561;0.040724;-0.136652;-0.0986426;-0.493213;-0.0135747;0.475113;-0.531222;-0.679638;0.301357;-0.518552;-0.377376;-0.431674;-0.0841629;0.114932;0.102262;0.131222;0.0859728;-0.0497738;0.440724;-0.902262;-0.303167;-0.0678733;-0.466063;0.257919;-0.303167;0.00452487;-0.390045;0.0190045;0.800905;-0.21267;-0.375566;-0.61267;-0.572851;-0.104072;-0.954751;-0.577761;-0.143501;-0.095417;0.353869;-0.157025;-0.111946;0.654395;0.0533434;-0.0368144;0.699474;0.113449;+1;0;+1;+1;-1

85;0.764706;-0.357466;-0.882353;-0.855204;-0.274208;-0.0606335;-0.312217;-0.147511;-0.404525;0.18552;0.380995;-0.685068;-0.708597;-0.688688;0.493213;1;-0.283258;0.0841629;-1;0.040724;-0.321267;-0.319457;-0.142081;-0.665158;-0.701357;-0.828054;-0.502262;-0.357466;-0.294118;0.413575;0.18371;-0.21267;0.0153846;0.554751;-0.556561;0.040724;-0.136652;-0.0986426;-0.493213;-0.0135747;0.475113;-0.531222;-0.679638;0.301357;-0.518552;-0.377376;-0.431674;-0.0841629;0.114932;0.102262;0.131222;0.0859728;-0.0497738;0.440724;-0.902262;-0.303167;-0.0678733;-0.466063;0.257919;-0.303167;0.00452487;-0.390045;0.0190045;0.800905;-0.21267;-0.375566;-0.61267;-0.572851;-0.104072;-0.62284;-0.577761;-0.143501;-0.095417;0.353869;-0.157025;-0.111946;0.654395;0.0533434;-0.0368144;0.699474;-1;0;+1;+1;-1

83;-0.502262;0.764706;-0.357466;-0.882353;-0.855204;-0.274208;-0.0606335;-0.312217;-0.147511;-0.404525;0.18552;0.380995;-0.685068;-0.708597;-0.688688;0.493213;1;-0.283258;0.0841629;-1;0.040724;-0.321267;-0.319457;-0.142081;-0.665158;-0.701357;-0.828054;-0.502262;-0.357466;-0.294118;0.413575;0.18371;-0.21267;0.0153846;0.554751;-0.556561;0.040724;-0.136652;-0.0986426;-0.493213;-0.0135747;0.475113;-0.531222;-0.679638;0.301357;-0.518552;-0.377376;-0.431674;-0.0841629;0.114932;0.102262;0.131222;0.0859728;-0.0497738;0.440724;-0.902262;-0.303167;-0.0678733;-0.466063;0.257919;-0.303167;0.00452487;-0.390045;0.0190045;0.800905;-0.21267;-0.375566;-0.61267;-0.572851;0.0833959;-0.62284;-0.577761;-0.143501;-0.095417;0.353869;-0.157025;-0.111946;0.654395;0.0533434;-0.0368144;-1;0;-1;+1;-1

82.53;-0.225339;-0.502262;0.764706;-0.357466;-0.882353;-0.855204;-0.274208;-0.0606335;-0.312217;-0.147511;-0.404525;0.18552;0.380995;-0.685068;-0.708597;-0.688688;0.493213;1;-0.283258;0.0841629;-1;0.040724;-0.321267;-0.319457;-0.142081;-0.665158;-0.701357;-0.828054;-0.502262;-0.357466;-0.294118;0.413575;0.18371;-0.21267;0.0153846;0.554751;-0.556561;0.040724;-0.136652;-0.0986426;-0.493213;-0.0135747;0.475113;-0.531222;-0.679638;0.301357;-0.518552;-0.377376;-0.431674;-0.0841629;0.114932;0.102262;0.131222;0.0859728;-0.0497738;0.440724;-0.902262;-0.303167;-0.0678733;-0.466063;0.257919;-0.303167;0.00452487;-0.390045;0.0190045;0.800905;-0.21267;-0.375566;-0.61267;-0.305785;0.0833959;-0.62284;-0.577761;-0.143501;-0.095417;0.353869;-0.157025;-0.111946;0.654395;0.0533434;+1;0;+1;+1;-1

85;0.306787;-0.225339;-0.502262;0.764706;-0.357466;-0.882353;-0.855204;-0.274208;-0.0606335;-0.312217;-0.147511;-0.404525;0.18552;0.380995;-0.685068;-0.708597;-0.688688;0.493213;1;-0.283258;0.0841629;-1;0.040724;-0.321267;-0.319457;-0.142081;-0.665158;-0.701357;-0.828054;-0.502262;-0.357466;-0.294118;0.413575;0.18371;-0.21267;0.0153846;0.554751;-0.556561;0.040724;-0.136652;-0.0986426;-0.493213;-0.0135747;0.475113;-0.531222;-0.679638;0.301357;-0.518552;-0.377376;-0.431674;-0.0841629;0.114932;0.102262;0.131222;0.0859728;-0.0497738;0.440724;-0.902262;-0.303167;-0.0678733;-0.466063;0.257919;-0.303167;0.00452487;-0.390045;0.0190045;0.800905;-0.21267;-0.375566;-0.338843;-0.305785;0.0833959;-0.62284;-0.577761;-0.143501;-0.095417;0.353869;-0.157025;-0.111946;0.654395;-1;0;-1;+1;-1

84;-0.321267;0.306787;-0.225339;-0.502262;0.764706;-0.357466;-0.882353;-0.855204;-0.274208;-0.0606335;-0.312217;-0.147511;-0.404525;0.18552;0.380995;-0.685068;-0.708597;-0.688688;0.493213;1;-0.283258;0.0841629;-1;0.040724;-0.321267;-0.319457;-0.142081;-0.665158;-0.701357;-0.828054;-0.502262;-0.357466;-0.294118;0.413575;0.18371;-0.21267;0.0153846;0.554751;-0.556561;0.040724;-0.136652;-0.0986426;-0.493213;-0.0135747;0.475113;-0.531222;-0.679638;0.301357;-0.518552;-0.377376;-0.431674;-0.0841629;0.114932;0.102262;0.131222;0.0859728;-0.0497738;0.440724;-0.902262;-0.303167;-0.0678733;-0.466063;0.257919;-0.303167;0.00452487;-0.390045;0.0190045;0.800905;-0.21267;-0.141998;-0.338843;-0.305785;0.0833959;-0.62284;-0.577761;-0.143501;-0.095417;0.353869;-0.157025;-0.111946;-1;0;-1;+1;-1

84;-0.140272;-0.321267;0.306787;-0.225339;-0.502262;0.764706;-0.357466;-0.882353;-0.855204;-0.274208;-0.0606335;-0.312217;-0.147511;-0.404525;0.18552;0.380995;-0.685068;-0.708597;-0.688688;0.493213;1;-0.283258;0.0841629;-1;0.040724;-0.321267;-0.319457;-0.142081;-0.665158;-0.701357;-0.828054;-0.502262;-0.357466;-0.294118;0.413575;0.18371;-0.21267;0.0153846;0.554751;-0.556561;0.040724;-0.136652;-0.0986426;-0.493213;-0.0135747;0.475113;-0.531222;-0.679638;0.301357;-0.518552;-0.377376;-0.431674;-0.0841629;0.114932;0.102262;0.131222;0.0859728;-0.0497738;0.440724;-0.902262;-0.303167;-0.0678733;-0.466063;0.257919;-0.303167;0.00452487;-0.390045;0.0190045;0.800905;-0.00676183;-0.141998;-0.338843;-0.305785;0.0833959;-0.62284;-0.577761;-0.143501;-0.095417;0.353869;-0.157025;+1;0;+1;+1;-1

86.4;0.294118;-0.140272;-0.321267;0.306787;-0.225339;-0.502262;0.764706;-0.357466;-0.882353;-0.855204;-0.274208;-0.0606335;-0.312217;-0.147511;-0.404525;0.18552;0.380995;-0.685068;-0.708597;-0.688688;0.493213;1;-0.283258;0.0841629;-1;0.040724;-0.321267;-0.319457;-0.142081;-0.665158;-0.701357;-0.828054;-0.502262;-0.357466;-0.294118;0.413575;0.18371;-0.21267;0.0153846;0.554751;-0.556561;0.040724;-0.136652;-0.0986426;-0.493213;-0.0135747;0.475113;-0.531222;-0.679638;0.301357;-0.518552;-0.377376;-0.431674;-0.0841629;0.114932;0.102262;0.131222;0.0859728;-0.0497738;0.440724;-0.902262;-0.303167;-0.0678733;-0.466063;0.257919;-0.303167;0.00452487;-0.390045;0.0190045;0.834711;-0.00676183;-0.141998;-0.338843;-0.305785;0.0833959;-0.62284;-0.577761;-0.143501;-0.095417;0.353869;+1;0;+1;+1;-1

86.5;-0.122172;0.294118;-0.140272;-0.321267;0.306787;-0.225339;-0.502262;0.764706;-0.357466;-0.882353;-0.855204;-0.274208;-0.0606335;-0.312217;-0.147511;-0.404525;0.18552;0.380995;-0.685068;-0.708597;-0.688688;0.493213;1;-0.283258;0.0841629;-1;0.040724;-0.321267;-0.319457;-0.142081;-0.665158;-0.701357;-0.828054;-0.502262;-0.357466;-0.294118;0.413575;0.18371;-0.21267;0.0153846;0.554751;-0.556561;0.040724;-0.136652;-0.0986426;-0.493213;-0.0135747;0.475113;-0.531222;-0.679638;0.301357;-0.518552;-0.377376;-0.431674;-0.0841629;0.114932;0.102262;0.131222;0.0859728;-0.0497738;0.440724;-0.902262;-0.303167;-0.0678733;-0.466063;0.257919;-0.303167;0.00452487;-0.390045;0.185575;0.834711;-0.00676183;-0.141998;-0.338843;-0.305785;0.0833959;-0.62284;-0.577761;-0.143501;-0.095417;+1;0;+1;+1;-1

88.79;0.274208;-0.122172;0.294118;-0.140272;-0.321267;0.306787;-0.225339;-0.502262;0.764706;-0.357466;-0.882353;-0.855204;-0.274208;-0.0606335;-0.312217;-0.147511;-0.404525;0.18552;0.380995;-0.685068;-0.708597;-0.688688;0.493213;1;-0.283258;0.0841629;-1;0.040724;-0.321267;-0.319457;-0.142081;-0.665158;-0.701357;-0.828054;-0.502262;-0.357466;-0.294118;0.413575;0.18371;-0.21267;0.0153846;0.554751;-0.556561;0.040724;-0.136652;-0.0986426;-0.493213;-0.0135747;0.475113;-0.531222;-0.679638;0.301357;-0.518552;-0.377376;-0.431674;-0.0841629;0.114932;0.102262;0.131222;0.0859728;-0.0497738;0.440724;-0.902262;-0.303167;-0.0678733;-0.466063;0.257919;-0.303167;0.00452487;-0.15402;0.185575;0.834711;-0.00676183;-0.141998;-0.338843;-0.305785;0.0833959;-0.62284;-0.577761;-0.143501;+1;0;+1;+1;-1

92.99;0.619909;0.274208;-0.122172;0.294118;-0.140272;-0.321267;0.306787;-0.225339;-0.502262;0.764706;-0.357466;-0.882353;-0.855204;-0.274208;-0.0606335;-0.312217;-0.147511;-0.404525;0.18552;0.380995;-0.685068;-0.708597;-0.688688;0.493213;1;-0.283258;0.0841629;-1;0.040724;-0.321267;-0.319457;-0.142081;-0.665158;-0.701357;-0.828054;-0.502262;-0.357466;-0.294118;0.413575;0.18371;-0.21267;0.0153846;0.554751;-0.556561;0.040724;-0.136652;-0.0986426;-0.493213;-0.0135747;0.475113;-0.531222;-0.679638;0.301357;-0.518552;-0.377376;-0.431674;-0.0841629;0.114932;0.102262;0.131222;0.0859728;-0.0497738;0.440724;-0.902262;-0.303167;-0.0678733;-0.466063;0.257919;-0.303167;0.173554;-0.15402;0.185575;0.834711;-0.00676183;-0.141998;-0.338843;-0.305785;0.0833959;-0.62284;-0.577761;-1;0;-1;+1;-1

91.82;-0.352036;0.619909;0.274208;-0.122172;0.294118;-0.140272;-0.321267;0.306787;-0.225339;-0.502262;0.764706;-0.357466;-0.882353;-0.855204;-0.274208;-0.0606335;-0.312217;-0.147511;-0.404525;0.18552;0.380995;-0.685068;-0.708597;-0.688688;0.493213;1;-0.283258;0.0841629;-1;0.040724;-0.321267;-0.319457;-0.142081;-0.665158;-0.701357;-0.828054;-0.502262;-0.357466;-0.294118;0.413575;0.18371;-0.21267;0.0153846;0.554751;-0.556561;0.040724;-0.136652;-0.0986426;-0.493213;-0.0135747;0.475113;-0.531222;-0.679638;0.301357;-0.518552;-0.377376;-0.431674;-0.0841629;0.114932;0.102262;0.131222;0.0859728;-0.0497738;0.440724;-0.902262;-0.303167;-0.0678733;-0.466063;0.257919;-0.0818933;0.173554;-0.15402;0.185575;0.834711;-0.00676183;-0.141998;-0.338843;-0.305785;0.0833959;-0.62284;+1;0;+1;+1;-1

95.78;0.576471;-0.352036;0.619909;0.274208;-0.122172;0.294118;-0.140272;-0.321267;0.306787;-0.225339;-0.502262;0.764706;-0.357466;-0.882353;-0.855204;-0.274208;-0.0606335;-0.312217;-0.147511;-0.404525;0.18552;0.380995;-0.685068;-0.708597;-0.688688;0.493213;1;-0.283258;0.0841629;-1;0.040724;-0.321267;-0.319457;-0.142081;-0.665158;-0.701357;-0.828054;-0.502262;-0.357466;-0.294118;0.413575;0.18371;-0.21267;0.0153846;0.554751;-0.556561;0.040724;-0.136652;-0.0986426;-0.493213;-0.0135747;0.475113;-0.531222;-0.679638;0.301357;-0.518552;-0.377376;-0.431674;-0.0841629;0.114932;0.102262;0.131222;0.0859728;-0.0497738;0.440724;-0.902262;-0.303167;-0.0678733;-0.466063;0.383922;-0.0818933;0.173554;-0.15402;0.185575;0.834711;-0.00676183;-0.141998;-0.338843;-0.305785;0.0833959;+1;0;+1;+1;-1

95.99;-0.102262;0.576471;-0.352036;0.619909;0.274208;-0.122172;0.294118;-0.140272;-0.321267;0.306787;-0.225339;-0.502262;0.764706;-0.357466;-0.882353;-0.855204;-0.274208;-0.0606335;-0.312217;-0.147511;-0.404525;0.18552;0.380995;-0.685068;-0.708597;-0.688688;0.493213;1;-0.283258;0.0841629;-1;0.040724;-0.321267;-0.319457;-0.142081;-0.665158;-0.701357;-0.828054;-0.502262;-0.357466;-0.294118;0.413575;0.18371;-0.21267;0.0153846;0.554751;-0.556561;0.040724;-0.136652;-0.0986426;-0.493213;-0.0135747;0.475113;-0.531222;-0.679638;0.301357;-0.518552;-0.377376;-0.431674;-0.0841629;0.114932;0.102262;0.131222;0.0859728;-0.0497738;0.440724;-0.902262;-0.303167;-0.0678733;-0.21713;0.383922;-0.0818933;0.173554;-0.15402;0.185575;0.834711;-0.00676183;-0.141998;-0.338843;-0.305785;-1;0;-1;+1;-1

92.99;-0.683258;-0.102262;0.576471;-0.352036;0.619909;0.274208;-0.122172;0.294118;-0.140272;-0.321267;0.306787;-0.225339;-0.502262;0.764706;-0.357466;-0.882353;-0.855204;-0.274208;-0.0606335;-0.312217;-0.147511;-0.404525;0.18552;0.380995;-0.685068;-0.708597;-0.688688;0.493213;1;-0.283258;0.0841629;-1;0.040724;-0.321267;-0.319457;-0.142081;-0.665158;-0.701357;-0.828054;-0.502262;-0.357466;-0.294118;0.413575;0.18371;-0.21267;0.0153846;0.554751;-0.556561;0.040724;-0.136652;-0.0986426;-0.493213;-0.0135747;0.475113;-0.531222;-0.679638;0.301357;-0.518552;-0.377376;-0.431674;-0.0841629;0.114932;0.102262;0.131222;0.0859728;-0.0497738;0.440724;-0.902262;-0.303167;0.113449;-0.21713;0.383922;-0.0818933;0.173554;-0.15402;0.185575;0.834711;-0.00676183;-0.141998;-0.338843;+1;0;+1;+1;-1

94.59;0.149321;-0.683258;-0.102262;0.576471;-0.352036;0.619909;0.274208;-0.122172;0.294118;-0.140272;-0.321267;0.306787;-0.225339;-0.502262;0.764706;-0.357466;-0.882353;-0.855204;-0.274208;-0.0606335;-0.312217;-0.147511;-0.404525;0.18552;0.380995;-0.685068;-0.708597;-0.688688;0.493213;1;-0.283258;0.0841629;-1;0.040724;-0.321267;-0.319457;-0.142081;-0.665158;-0.701357;-0.828054;-0.502262;-0.357466;-0.294118;0.413575;0.18371;-0.21267;0.0153846;0.554751;-0.556561;0.040724;-0.136652;-0.0986426;-0.493213;-0.0135747;0.475113;-0.531222;-0.679638;0.301357;-0.518552;-0.377376;-0.431674;-0.0841629;0.114932;0.102262;0.131222;0.0859728;-0.0497738;0.440724;-0.902262;-0.0818933;0.113449;-0.21713;0.383922;-0.0818933;0.173554;-0.15402;0.185575;0.834711;-0.00676183;-0.141998;-1;0;-1;+1;-1

92.1;-0.59095;0.149321;-0.683258;-0.102262;0.576471;-0.352036;0.619909;0.274208;-0.122172;0.294118;-0.140272;-0.321267;0.306787;-0.225339;-0.502262;0.764706;-0.357466;-0.882353;-0.855204;-0.274208;-0.0606335;-0.312217;-0.147511;-0.404525;0.18552;0.380995;-0.685068;-0.708597;-0.688688;0.493213;1;-0.283258;0.0841629;-1;0.040724;-0.321267;-0.319457;-0.142081;-0.665158;-0.701357;-0.828054;-0.502262;-0.357466;-0.294118;0.413575;0.18371;-0.21267;0.0153846;0.554751;-0.556561;0.040724;-0.136652;-0.0986426;-0.493213;-0.0135747;0.475113;-0.531222;-0.679638;0.301357;-0.518552;-0.377376;-0.431674;-0.0841629;0.114932;0.102262;0.131222;0.0859728;-0.0497738;0.440724;-0.579264;-0.0818933;0.113449;-0.21713;0.383922;-0.0818933;0.173554;-0.15402;0.185575;0.834711;-0.00676183;+1;0;+1;+1;-1

92.55;-0.0588235;-0.59095;0.149321;-0.683258;-0.102262;0.576471;-0.352036;0.619909;0.274208;-0.122172;0.294118;-0.140272;-0.321267;0.306787;-0.225339;-0.502262;0.764706;-0.357466;-0.882353;-0.855204;-0.274208;-0.0606335;-0.312217;-0.147511;-0.404525;0.18552;0.380995;-0.685068;-0.708597;-0.688688;0.493213;1;-0.283258;0.0841629;-1;0.040724;-0.321267;-0.319457;-0.142081;-0.665158;-0.701357;-0.828054;-0.502262;-0.357466;-0.294118;0.413575;0.18371;-0.21267;0.0153846;0.554751;-0.556561;0.040724;-0.136652;-0.0986426;-0.493213;-0.0135747;0.475113;-0.531222;-0.679638;0.301357;-0.518552;-0.377376;-0.431674;-0.0841629;0.114932;0.102262;0.131222;0.0859728;-0.0497738;0.535687;-0.579264;-0.0818933;0.113449;-0.21713;0.383922;-0.0818933;0.173554;-0.15402;0.185575;0.834711;+1;0;-1;+1;-1

93.3;-0.0045249;-0.0588235;-0.59095;0.149321;-0.683258;-0.102262;0.576471;-0.352036;0.619909;0.274208;-0.122172;0.294118;-0.140272;-0.321267;0.306787;-0.225339;-0.502262;0.764706;-0.357466;-0.882353;-0.855204;-0.274208;-0.0606335;-0.312217;-0.147511;-0.404525;0.18552;0.380995;-0.685068;-0.708597;-0.688688;0.493213;1;-0.283258;0.0841629;-1;0.040724;-0.321267;-0.319457;-0.142081;-0.665158;-0.701357;-0.828054;-0.502262;-0.357466;-0.294118;0.413575;0.18371;-0.21267;0.0153846;0.554751;-0.556561;0.040724;-0.136652;-0.0986426;-0.493213;-0.0135747;0.475113;-0.531222;-0.679638;0.301357;-0.518552;-0.377376;-0.431674;-0.0841629;0.114932;0.102262;0.131222;0.0859728;0.128475;0.535687;-0.579264;-0.0818933;0.113449;-0.21713;0.383922;-0.0818933;0.173554;-0.15402;0.185575;-1;0;-1;+1;-1

92.8;-0.230769;-0.0045249;-0.0588235;-0.59095;0.149321;-0.683258;-0.102262;0.576471;-0.352036;0.619909;0.274208;-0.122172;0.294118;-0.140272;-0.321267;0.306787;-0.225339;-0.502262;0.764706;-0.357466;-0.882353;-0.855204;-0.274208;-0.0606335;-0.312217;-0.147511;-0.404525;0.18552;0.380995;-0.685068;-0.708597;-0.688688;0.493213;1;-0.283258;0.0841629;-1;0.040724;-0.321267;-0.319457;-0.142081;-0.665158;-0.701357;-0.828054;-0.502262;-0.357466;-0.294118;0.413575;0.18371;-0.21267;0.0153846;0.554751;-0.556561;0.040724;-0.136652;-0.0986426;-0.493213;-0.0135747;0.475113;-0.531222;-0.679638;0.301357;-0.518552;-0.377376;-0.431674;-0.0841629;0.114932;0.102262;0.131222;0.241172;0.128475;0.535687;-0.579264;-0.0818933;0.113449;-0.21713;0.383922;-0.0818933;0.173554;-0.15402;-1;0;-1;+1;-1

91.1;-0.447964;-0.230769;-0.0045249;-0.0588235;-0.59095;0.149321;-0.683258;-0.102262;0.576471;-0.352036;0.619909;0.274208;-0.122172;0.294118;-0.140272;-0.321267;0.306787;-0.225339;-0.502262;0.764706;-0.357466;-0.882353;-0.855204;-0.274208;-0.0606335;-0.312217;-0.147511;-0.404525;0.18552;0.380995;-0.685068;-0.708597;-0.688688;0.493213;1;-0.283258;0.0841629;-1;0.040724;-0.321267;-0.319457;-0.142081;-0.665158;-0.701357;-0.828054;-0.502262;-0.357466;-0.294118;0.413575;0.18371;-0.21267;0.0153846;0.554751;-0.556561;0.040724;-0.136652;-0.0986426;-0.493213;-0.0135747;0.475113;-0.531222;-0.679638;0.301357;-0.518552;-0.377376;-0.431674;-0.0841629;0.114932;0.102262;0.278738;0.241172;0.128475;0.535687;-0.579264;-0.0818933;0.113449;-0.21713;0.383922;-0.0818933;0.173554;-1;0;-1;+1;-1

89.4;-0.447964;-0.447964;-0.230769;-0.0045249;-0.0588235;-0.59095;0.149321;-0.683258;-0.102262;0.576471;-0.352036;0.619909;0.274208;-0.122172;0.294118;-0.140272;-0.321267;0.306787;-0.225339;-0.502262;0.764706;-0.357466;-0.882353;-0.855204;-0.274208;-0.0606335;-0.312217;-0.147511;-0.404525;0.18552;0.380995;-0.685068;-0.708597;-0.688688;0.493213;1;-0.283258;0.0841629;-1;0.040724;-0.321267;-0.319457;-0.142081;-0.665158;-0.701357;-0.828054;-0.502262;-0.357466;-0.294118;0.413575;0.18371;-0.21267;0.0153846;0.554751;-0.556561;0.040724;-0.136652;-0.0986426;-0.493213;-0.0135747;0.475113;-0.531222;-0.679638;0.301357;-0.518552;-0.377376;-0.431674;-0.0841629;0.114932;0.254696;0.278738;0.241172;0.128475;0.535687;-0.579264;-0.0818933;0.113449;-0.21713;0.383922;-0.0818933;-1;0;-1;+1;-1

88.61;-0.283258;-0.447964;-0.447964;-0.230769;-0.0045249;-0.0588235;-0.59095;0.149321;-0.683258;-0.102262;0.576471;-0.352036;0.619909;0.274208;-0.122172;0.294118;-0.140272;-0.321267;0.306787;-0.225339;-0.502262;0.764706;-0.357466;-0.882353;-0.855204;-0.274208;-0.0606335;-0.312217;-0.147511;-0.404525;0.18552;0.380995;-0.685068;-0.708597;-0.688688;0.493213;1;-0.283258;0.0841629;-1;0.040724;-0.321267;-0.319457;-0.142081;-0.665158;-0.701357;-0.828054;-0.502262;-0.357466;-0.294118;0.413575;0.18371;-0.21267;0.0153846;0.554751;-0.556561;0.040724;-0.136652;-0.0986426;-0.493213;-0.0135747;0.475113;-0.531222;-0.679638;0.301357;-0.518552;-0.377376;-0.431674;-0.0841629;0.265214;0.254696;0.278738;0.241172;0.128475;0.535687;-0.579264;-0.0818933;0.113449;-0.21713;0.383922;+1;0;-1;+1;-1

92.2;0.509502;-0.283258;-0.447964;-0.447964;-0.230769;-0.0045249;-0.0588235;-0.59095;0.149321;-0.683258;-0.102262;0.576471;-0.352036;0.619909;0.274208;-0.122172;0.294118;-0.140272;-0.321267;0.306787;-0.225339;-0.502262;0.764706;-0.357466;-0.882353;-0.855204;-0.274208;-0.0606335;-0.312217;-0.147511;-0.404525;0.18552;0.380995;-0.685068;-0.708597;-0.688688;0.493213;1;-0.283258;0.0841629;-1;0.040724;-0.321267;-0.319457;-0.142081;-0.665158;-0.701357;-0.828054;-0.502262;-0.357466;-0.294118;0.413575;0.18371;-0.21267;0.0153846;0.554751;-0.556561;0.040724;-0.136652;-0.0986426;-0.493213;-0.0135747;0.475113;-0.531222;-0.679638;0.301357;-0.518552;-0.377376;-0.431674;0.0999249;0.265214;0.254696;0.278738;0.241172;0.128475;0.535687;-0.579264;-0.0818933;0.113449;-0.21713;+1;0;+1;+1;-1

94.05;0.19457;0.509502;-0.283258;-0.447964;-0.447964;-0.230769;-0.0045249;-0.0588235;-0.59095;0.149321;-0.683258;-0.102262;0.576471;-0.352036;0.619909;0.274208;-0.122172;0.294118;-0.140272;-0.321267;0.306787;-0.225339;-0.502262;0.764706;-0.357466;-0.882353;-0.855204;-0.274208;-0.0606335;-0.312217;-0.147511;-0.404525;0.18552;0.380995;-0.685068;-0.708597;-0.688688;0.493213;1;-0.283258;0.0841629;-1;0.040724;-0.321267;-0.319457;-0.142081;-0.665158;-0.701357;-0.828054;-0.502262;-0.357466;-0.294118;0.413575;0.18371;-0.21267;0.0153846;0.554751;-0.556561;0.040724;-0.136652;-0.0986426;-0.493213;-0.0135747;0.475113;-0.531222;-0.679638;0.301357;-0.518552;-0.377376;-0.18858;0.0999249;0.265214;0.254696;0.278738;0.241172;0.128475;0.535687;-0.579264;-0.0818933;0.113449;-1;0;-1;+1;-1

93.31;-0.274208;0.19457;0.509502;-0.283258;-0.447964;-0.447964;-0.230769;-0.0045249;-0.0588235;-0.59095;0.149321;-0.683258;-0.102262;0.576471;-0.352036;0.619909;0.274208;-0.122172;0.294118;-0.140272;-0.321267;0.306787;-0.225339;-0.502262;0.764706;-0.357466;-0.882353;-0.855204;-0.274208;-0.0606335;-0.312217;-0.147511;-0.404525;0.18552;0.380995;-0.685068;-0.708597;-0.688688;0.493213;1;-0.283258;0.0841629;-1;0.040724;-0.321267;-0.319457;-0.142081;-0.665158;-0.701357;-0.828054;-0.502262;-0.357466;-0.294118;0.413575;0.18371;-0.21267;0.0153846;0.554751;-0.556561;0.040724;-0.136652;-0.0986426;-0.493213;-0.0135747;0.475113;-0.531222;-0.679638;0.301357;-0.518552;-0.143501;-0.18858;0.0999249;0.265214;0.254696;0.278738;0.241172;0.128475;0.535687;-0.579264;-0.0818933;-1;0;-1;+1;-1

91.5;-0.467873;-0.274208;0.19457;0.509502;-0.283258;-0.447964;-0.447964;-0.230769;-0.0045249;-0.0588235;-0.59095;0.149321;-0.683258;-0.102262;0.576471;-0.352036;0.619909;0.274208;-0.122172;0.294118;-0.140272;-0.321267;0.306787;-0.225339;-0.502262;0.764706;-0.357466;-0.882353;-0.855204;-0.274208;-0.0606335;-0.312217;-0.147511;-0.404525;0.18552;0.380995;-0.685068;-0.708597;-0.688688;0.493213;1;-0.283258;0.0841629;-1;0.040724;-0.321267;-0.319457;-0.142081;-0.665158;-0.701357;-0.828054;-0.502262;-0.357466;-0.294118;0.413575;0.18371;-0.21267;0.0153846;0.554751;-0.556561;0.040724;-0.136652;-0.0986426;-0.493213;-0.0135747;0.475113;-0.531222;-0.679638;0.301357;-0.260706;-0.143501;-0.18858;0.0999249;0.265214;0.254696;0.278738;0.241172;0.128475;0.535687;-0.579264;+1;0;+1;+1;-1

94.56;0.413575;-0.467873;-0.274208;0.19457;0.509502;-0.283258;-0.447964;-0.447964;-0.230769;-0.0045249;-0.0588235;-0.59095;0.149321;-0.683258;-0.102262;0.576471;-0.352036;0.619909;0.274208;-0.122172;0.294118;-0.140272;-0.321267;0.306787;-0.225339;-0.502262;0.764706;-0.357466;-0.882353;-0.855204;-0.274208;-0.0606335;-0.312217;-0.147511;-0.404525;0.18552;0.380995;-0.685068;-0.708597;-0.688688;0.493213;1;-0.283258;0.0841629;-1;0.040724;-0.321267;-0.319457;-0.142081;-0.665158;-0.701357;-0.828054;-0.502262;-0.357466;-0.294118;0.413575;0.18371;-0.21267;0.0153846;0.554751;-0.556561;0.040724;-0.136652;-0.0986426;-0.493213;-0.0135747;0.475113;-0.531222;-0.679638;0.419985;-0.260706;-0.143501;-0.18858;0.0999249;0.265214;0.254696;0.278738;0.241172;0.128475;0.535687;+1;0;+1;+1;-1

96.2;0.156561;0.413575;-0.467873;-0.274208;0.19457;0.509502;-0.283258;-0.447964;-0.447964;-0.230769;-0.0045249;-0.0588235;-0.59095;0.149321;-0.683258;-0.102262;0.576471;-0.352036;0.619909;0.274208;-0.122172;0.294118;-0.140272;-0.321267;0.306787;-0.225339;-0.502262;0.764706;-0.357466;-0.882353;-0.855204;-0.274208;-0.0606335;-0.312217;-0.147511;-0.404525;0.18552;0.380995;-0.685068;-0.708597;-0.688688;0.493213;1;-0.283258;0.0841629;-1;0.040724;-0.321267;-0.319457;-0.142081;-0.665158;-0.701357;-0.828054;-0.502262;-0.357466;-0.294118;0.413575;0.18371;-0.21267;0.0153846;0.554751;-0.556561;0.040724;-0.136652;-0.0986426;-0.493213;-0.0135747;0.475113;-0.531222;-0.39444;0.419985;-0.260706;-0.143501;-0.18858;0.0999249;0.265214;0.254696;0.278738;0.241172;0.128475;-1;0;-1;+1;-1

94.2;-0.502262;0.156561;0.413575;-0.467873;-0.274208;0.19457;0.509502;-0.283258;-0.447964;-0.447964;-0.230769;-0.0045249;-0.0588235;-0.59095;0.149321;-0.683258;-0.102262;0.576471;-0.352036;0.619909;0.274208;-0.122172;0.294118;-0.140272;-0.321267;0.306787;-0.225339;-0.502262;0.764706;-0.357466;-0.882353;-0.855204;-0.274208;-0.0606335;-0.312217;-0.147511;-0.404525;0.18552;0.380995;-0.685068;-0.708597;-0.688688;0.493213;1;-0.283258;0.0841629;-1;0.040724;-0.321267;-0.319457;-0.142081;-0.665158;-0.701357;-0.828054;-0.502262;-0.357466;-0.294118;0.413575;0.18371;-0.21267;0.0153846;0.554751;-0.556561;0.040724;-0.136652;-0.0986426;-0.493213;-0.0135747;0.475113;-0.271225;-0.39444;0.419985;-0.260706;-0.143501;-0.18858;0.0999249;0.265214;0.254696;0.278738;0.241172;-1;0;+1;+1;-1

92.9;-0.375566;-0.502262;0.156561;0.413575;-0.467873;-0.274208;0.19457;0.509502;-0.283258;-0.447964;-0.447964;-0.230769;-0.0045249;-0.0588235;-0.59095;0.149321;-0.683258;-0.102262;0.576471;-0.352036;0.619909;0.274208;-0.122172;0.294118;-0.140272;-0.321267;0.306787;-0.225339;-0.502262;0.764706;-0.357466;-0.882353;-0.855204;-0.274208;-0.0606335;-0.312217;-0.147511;-0.404525;0.18552;0.380995;-0.685068;-0.708597;-0.688688;0.493213;1;-0.283258;0.0841629;-1;0.040724;-0.321267;-0.319457;-0.142081;-0.665158;-0.701357;-0.828054;-0.502262;-0.357466;-0.294118;0.413575;0.18371;-0.21267;0.0153846;0.554751;-0.556561;0.040724;-0.136652;-0.0986426;-0.493213;-0.0135747;0.564237;-0.271225;-0.39444;0.419985;-0.260706;-0.143501;-0.18858;0.0999249;0.265214;0.254696;0.278738;+1;0;+1;+1;-1

94.4;0.131222;-0.375566;-0.502262;0.156561;0.413575;-0.467873;-0.274208;0.19457;0.509502;-0.283258;-0.447964;-0.447964;-0.230769;-0.0045249;-0.0588235;-0.59095;0.149321;-0.683258;-0.102262;0.576471;-0.352036;0.619909;0.274208;-0.122172;0.294118;-0.140272;-0.321267;0.306787;-0.225339;-0.502262;0.764706;-0.357466;-0.882353;-0.855204;-0.274208;-0.0606335;-0.312217;-0.147511;-0.404525;0.18552;0.380995;-0.685068;-0.708597;-0.688688;0.493213;1;-0.283258;0.0841629;-1;0.040724;-0.321267;-0.319457;-0.142081;-0.665158;-0.701357;-0.828054;-0.502262;-0.357466;-0.294118;0.413575;0.18371;-0.21267;0.0153846;0.554751;-0.556561;0.040724;-0.136652;-0.0986426;-0.493213;0.158527;0.564237;-0.271225;-0.39444;0.419985;-0.260706;-0.143501;-0.18858;0.0999249;0.265214;0.254696;-1;0;+1;+1;-1

94.05;-0.20362;0.131222;-0.375566;-0.502262;0.156561;0.413575;-0.467873;-0.274208;0.19457;0.509502;-0.283258;-0.447964;-0.447964;-0.230769;-0.0045249;-0.0588235;-0.59095;0.149321;-0.683258;-0.102262;0.576471;-0.352036;0.619909;0.274208;-0.122172;0.294118;-0.140272;-0.321267;0.306787;-0.225339;-0.502262;0.764706;-0.357466;-0.882353;-0.855204;-0.274208;-0.0606335;-0.312217;-0.147511;-0.404525;0.18552;0.380995;-0.685068;-0.708597;-0.688688;0.493213;1;-0.283258;0.0841629;-1;0.040724;-0.321267;-0.319457;-0.142081;-0.665158;-0.701357;-0.828054;-0.502262;-0.357466;-0.294118;0.413575;0.18371;-0.21267;0.0153846;0.554751;-0.556561;0.040724;-0.136652;-0.0986426;-0.239669;0.158527;0.564237;-0.271225;-0.39444;0.419985;-0.260706;-0.143501;-0.18858;0.0999249;0.265214;-1;0;+1;+1;-1

93.6;-0.221719;-0.20362;0.131222;-0.375566;-0.502262;0.156561;0.413575;-0.467873;-0.274208;0.19457;0.509502;-0.283258;-0.447964;-0.447964;-0.230769;-0.0045249;-0.0588235;-0.59095;0.149321;-0.683258;-0.102262;0.576471;-0.352036;0.619909;0.274208;-0.122172;0.294118;-0.140272;-0.321267;0.306787;-0.225339;-0.502262;0.764706;-0.357466;-0.882353;-0.855204;-0.274208;-0.0606335;-0.312217;-0.147511;-0.404525;0.18552;0.380995;-0.685068;-0.708597;-0.688688;0.493213;1;-0.283258;0.0841629;-1;0.040724;-0.321267;-0.319457;-0.142081;-0.665158;-0.701357;-0.828054;-0.502262;-0.357466;-0.294118;0.413575;0.18371;-0.21267;0.0153846;0.554751;-0.556561;0.040724;-0.136652;0.0879038;-0.239669;0.158527;0.564237;-0.271225;-0.39444;0.419985;-0.260706;-0.143501;-0.18858;0.0999249;+1;0;+1;+1;-1

94.2;-0.0316742;-0.221719;-0.20362;0.131222;-0.375566;-0.502262;0.156561;0.413575;-0.467873;-0.274208;0.19457;0.509502;-0.283258;-0.447964;-0.447964;-0.230769;-0.0045249;-0.0588235;-0.59095;0.149321;-0.683258;-0.102262;0.576471;-0.352036;0.619909;0.274208;-0.122172;0.294118;-0.140272;-0.321267;0.306787;-0.225339;-0.502262;0.764706;-0.357466;-0.882353;-0.855204;-0.274208;-0.0606335;-0.312217;-0.147511;-0.404525;0.18552;0.380995;-0.685068;-0.708597;-0.688688;0.493213;1;-0.283258;0.0841629;-1;0.040724;-0.321267;-0.319457;-0.142081;-0.665158;-0.701357;-0.828054;-0.502262;-0.357466;-0.294118;0.413575;0.18371;-0.21267;0.0153846;0.554751;-0.556561;0.040724;0.0563486;0.0879038;-0.239669;0.158527;0.564237;-0.271225;-0.39444;0.419985;-0.260706;-0.143501;-0.18858;+1;0;+1;+1;-1

95.41;0.078733;-0.0316742;-0.221719;-0.20362;0.131222;-0.375566;-0.502262;0.156561;0.413575;-0.467873;-0.274208;0.19457;0.509502;-0.283258;-0.447964;-0.447964;-0.230769;-0.0045249;-0.0588235;-0.59095;0.149321;-0.683258;-0.102262;0.576471;-0.352036;0.619909;0.274208;-0.122172;0.294118;-0.140272;-0.321267;0.306787;-0.225339;-0.502262;0.764706;-0.357466;-0.882353;-0.855204;-0.274208;-0.0606335;-0.312217;-0.147511;-0.404525;0.18552;0.380995;-0.685068;-0.708597;-0.688688;0.493213;1;-0.283258;0.0841629;-1;0.040724;-0.321267;-0.319457;-0.142081;-0.665158;-0.701357;-0.828054;-0.502262;-0.357466;-0.294118;0.413575;0.18371;-0.21267;0.0153846;0.554751;-0.556561;0.203606;0.0563486;0.0879038;-0.239669;0.158527;0.564237;-0.271225;-0.39444;0.419985;-0.260706;-0.143501;+1;0;-1;+1;-1

97.34;0.20905;0.078733;-0.0316742;-0.221719;-0.20362;0.131222;-0.375566;-0.502262;0.156561;0.413575;-0.467873;-0.274208;0.19457;0.509502;-0.283258;-0.447964;-0.447964;-0.230769;-0.0045249;-0.0588235;-0.59095;0.149321;-0.683258;-0.102262;0.576471;-0.352036;0.619909;0.274208;-0.122172;0.294118;-0.140272;-0.321267;0.306787;-0.225339;-0.502262;0.764706;-0.357466;-0.882353;-0.855204;-0.274208;-0.0606335;-0.312217;-0.147511;-0.404525;0.18552;0.380995;-0.685068;-0.708597;-0.688688;0.493213;1;-0.283258;0.0841629;-1;0.040724;-0.321267;-0.319457;-0.142081;-0.665158;-0.701357;-0.828054;-0.502262;-0.357466;-0.294118;0.413575;0.18371;-0.21267;0.0153846;0.554751;-0.292261;0.203606;0.0563486;0.0879038;-0.239669;0.158527;0.564237;-0.271225;-0.39444;0.419985;-0.260706;-1;0;-1;+1;-1

97;-0.20181;0.20905;0.078733;-0.0316742;-0.221719;-0.20362;0.131222;-0.375566;-0.502262;0.156561;0.413575;-0.467873;-0.274208;0.19457;0.509502;-0.283258;-0.447964;-0.447964;-0.230769;-0.0045249;-0.0588235;-0.59095;0.149321;-0.683258;-0.102262;0.576471;-0.352036;0.619909;0.274208;-0.122172;0.294118;-0.140272;-0.321267;0.306787;-0.225339;-0.502262;0.764706;-0.357466;-0.882353;-0.855204;-0.274208;-0.0606335;-0.312217;-0.147511;-0.404525;0.18552;0.380995;-0.685068;-0.708597;-0.688688;0.493213;1;-0.283258;0.0841629;-1;0.040724;-0.321267;-0.319457;-0.142081;-0.665158;-0.701357;-0.828054;-0.502262;-0.357466;-0.294118;0.413575;0.18371;-0.21267;0.0153846;0.630353;-0.292261;0.203606;0.0563486;0.0879038;-0.239669;0.158527;0.564237;-0.271225;-0.39444;0.419985;-1;0;-1;+1;-1

94.1;-0.665158;-0.20181;0.20905;0.078733;-0.0316742;-0.221719;-0.20362;0.131222;-0.375566;-0.502262;0.156561;0.413575;-0.467873;-0.274208;0.19457;0.509502;-0.283258;-0.447964;-0.447964;-0.230769;-0.0045249;-0.0588235;-0.59095;0.149321;-0.683258;-0.102262;0.576471;-0.352036;0.619909;0.274208;-0.122172;0.294118;-0.140272;-0.321267;0.306787;-0.225339;-0.502262;0.764706;-0.357466;-0.882353;-0.855204;-0.274208;-0.0606335;-0.312217;-0.147511;-0.404525;0.18552;0.380995;-0.685068;-0.708597;-0.688688;0.493213;1;-0.283258;0.0841629;-1;0.040724;-0.321267;-0.319457;-0.142081;-0.665158;-0.701357;-0.828054;-0.502262;-0.357466;-0.294118;0.413575;0.18371;-0.21267;0.182569;0.630353;-0.292261;0.203606;0.0563486;0.0879038;-0.239669;0.158527;0.564237;-0.271225;-0.39444;-1;0;-1;+1;-1

91.1;-0.683258;-0.665158;-0.20181;0.20905;0.078733;-0.0316742;-0.221719;-0.20362;0.131222;-0.375566;-0.502262;0.156561;0.413575;-0.467873;-0.274208;0.19457;0.509502;-0.283258;-0.447964;-0.447964;-0.230769;-0.0045249;-0.0588235;-0.59095;0.149321;-0.683258;-0.102262;0.576471;-0.352036;0.619909;0.274208;-0.122172;0.294118;-0.140272;-0.321267;0.306787;-0.225339;-0.502262;0.764706;-0.357466;-0.882353;-0.855204;-0.274208;-0.0606335;-0.312217;-0.147511;-0.404525;0.18552;0.380995;-0.685068;-0.708597;-0.688688;0.493213;1;-0.283258;0.0841629;-1;0.040724;-0.321267;-0.319457;-0.142081;-0.665158;-0.701357;-0.828054;-0.502262;-0.357466;-0.294118;0.413575;0.18371;-0.00676183;0.182569;0.630353;-0.292261;0.203606;0.0563486;0.0879038;-0.239669;0.158527;0.564237;-0.271225;+1;0;+1;+1;-1

92;0.0226244;-0.683258;-0.665158;-0.20181;0.20905;0.078733;-0.0316742;-0.221719;-0.20362;0.131222;-0.375566;-0.502262;0.156561;0.413575;-0.467873;-0.274208;0.19457;0.509502;-0.283258;-0.447964;-0.447964;-0.230769;-0.0045249;-0.0588235;-0.59095;0.149321;-0.683258;-0.102262;0.576471;-0.352036;0.619909;0.274208;-0.122172;0.294118;-0.140272;-0.321267;0.306787;-0.225339;-0.502262;0.764706;-0.357466;-0.882353;-0.855204;-0.274208;-0.0606335;-0.312217;-0.147511;-0.404525;0.18552;0.380995;-0.685068;-0.708597;-0.688688;0.493213;1;-0.283258;0.0841629;-1;0.040724;-0.321267;-0.319457;-0.142081;-0.665158;-0.701357;-0.828054;-0.502262;-0.357466;-0.294118;0.413575;0.322314;-0.00676183;0.182569;0.630353;-0.292261;0.203606;0.0563486;0.0879038;-0.239669;0.158527;0.564237;-1;0;-1;+1;-1

91;-0.321267;0.0226244;-0.683258;-0.665158;-0.20181;0.20905;0.078733;-0.0316742;-0.221719;-0.20362;0.131222;-0.375566;-0.502262;0.156561;0.413575;-0.467873;-0.274208;0.19457;0.509502;-0.283258;-0.447964;-0.447964;-0.230769;-0.0045249;-0.0588235;-0.59095;0.149321;-0.683258;-0.102262;0.576471;-0.352036;0.619909;0.274208;-0.122172;0.294118;-0.140272;-0.321267;0.306787;-0.225339;-0.502262;0.764706;-0.357466;-0.882353;-0.855204;-0.274208;-0.0606335;-0.312217;-0.147511;-0.404525;0.18552;0.380995;-0.685068;-0.708597;-0.688688;0.493213;1;-0.283258;0.0841629;-1;0.040724;-0.321267;-0.319457;-0.142081;-0.665158;-0.701357;-0.828054;-0.502262;-0.357466;-0.294118;0.513148;0.322314;-0.00676183;0.182569;0.630353;-0.292261;0.203606;0.0563486;0.0879038;-0.239669;0.158527;-1;0;-1;+1;-1

89.2;-0.466063;-0.321267;0.0226244;-0.683258;-0.665158;-0.20181;0.20905;0.078733;-0.0316742;-0.221719;-0.20362;0.131222;-0.375566;-0.502262;0.156561;0.413575;-0.467873;-0.274208;0.19457;0.509502;-0.283258;-0.447964;-0.447964;-0.230769;-0.0045249;-0.0588235;-0.59095;0.149321;-0.683258;-0.102262;0.576471;-0.352036;0.619909;0.274208;-0.122172;0.294118;-0.140272;-0.321267;0.306787;-0.225339;-0.502262;0.764706;-0.357466;-0.882353;-0.855204;-0.274208;-0.0606335;-0.312217;-0.147511;-0.404525;0.18552;0.380995;-0.685068;-0.708597;-0.688688;0.493213;1;-0.283258;0.0841629;-1;0.040724;-0.321267;-0.319457;-0.142081;-0.665158;-0.701357;-0.828054;-0.502262;-0.357466;-0.0743802;0.513148;0.322314;-0.00676183;0.182569;0.630353;-0.292261;0.203606;0.0563486;0.0879038;-0.239669;+1;0;-1;+1;-1

89.5;-0.0859729;-0.466063;-0.321267;0.0226244;-0.683258;-0.665158;-0.20181;0.20905;0.078733;-0.0316742;-0.221719;-0.20362;0.131222;-0.375566;-0.502262;0.156561;0.413575;-0.467873;-0.274208;0.19457;0.509502;-0.283258;-0.447964;-0.447964;-0.230769;-0.0045249;-0.0588235;-0.59095;0.149321;-0.683258;-0.102262;0.576471;-0.352036;0.619909;0.274208;-0.122172;0.294118;-0.140272;-0.321267;0.306787;-0.225339;-0.502262;0.764706;-0.357466;-0.882353;-0.855204;-0.274208;-0.0606335;-0.312217;-0.147511;-0.404525;0.18552;0.380995;-0.685068;-0.708597;-0.688688;0.493213;1;-0.283258;0.0841629;-1;0.040724;-0.321267;-0.319457;-0.142081;-0.665158;-0.701357;-0.828054;-0.502262;-0.126972;-0.0743802;0.513148;0.322314;-0.00676183;0.182569;0.630353;-0.292261;0.203606;0.0563486;0.0879038;-1;0;-1;+1;-1

89.46;-0.147511;-0.0859729;-0.466063;-0.321267;0.0226244;-0.683258;-0.665158;-0.20181;0.20905;0.078733;-0.0316742;-0.221719;-0.20362;0.131222;-0.375566;-0.502262;0.156561;0.413575;-0.467873;-0.274208;0.19457;0.509502;-0.283258;-0.447964;-0.447964;-0.230769;-0.0045249;-0.0588235;-0.59095;0.149321;-0.683258;-0.102262;0.576471;-0.352036;0.619909;0.274208;-0.122172;0.294118;-0.140272;-0.321267;0.306787;-0.225339;-0.502262;0.764706;-0.357466;-0.882353;-0.855204;-0.274208;-0.0606335;-0.312217;-0.147511;-0.404525;0.18552;0.380995;-0.685068;-0.708597;-0.688688;0.493213;1;-0.283258;0.0841629;-1;0.040724;-0.321267;-0.319457;-0.142081;-0.665158;-0.701357;-0.828054;-0.247183;-0.126972;-0.0743802;0.513148;0.322314;-0.00676183;0.182569;0.630353;-0.292261;0.203606;0.0563486;-1;0;-1;+1;-1

88.21;-0.366516;-0.147511;-0.0859729;-0.466063;-0.321267;0.0226244;-0.683258;-0.665158;-0.20181;0.20905;0.078733;-0.0316742;-0.221719;-0.20362;0.131222;-0.375566;-0.502262;0.156561;0.413575;-0.467873;-0.274208;0.19457;0.509502;-0.283258;-0.447964;-0.447964;-0.230769;-0.0045249;-0.0588235;-0.59095;0.149321;-0.683258;-0.102262;0.576471;-0.352036;0.619909;0.274208;-0.122172;0.294118;-0.140272;-0.321267;0.306787;-0.225339;-0.502262;0.764706;-0.357466;-0.882353;-0.855204;-0.274208;-0.0606335;-0.312217;-0.147511;-0.404525;0.18552;0.380995;-0.685068;-0.708597;-0.688688;0.493213;1;-0.283258;0.0841629;-1;0.040724;-0.321267;-0.319457;-0.142081;-0.665158;-0.701357;-0.517656;-0.247183;-0.126972;-0.0743802;0.513148;0.322314;-0.00676183;0.182569;0.630353;-0.292261;0.203606;-1;0;-1;+1;-1

88;-0.178281;-0.366516;-0.147511;-0.0859729;-0.466063;-0.321267;0.0226244;-0.683258;-0.665158;-0.20181;0.20905;0.078733;-0.0316742;-0.221719;-0.20362;0.131222;-0.375566;-0.502262;0.156561;0.413575;-0.467873;-0.274208;0.19457;0.509502;-0.283258;-0.447964;-0.447964;-0.230769;-0.0045249;-0.0588235;-0.59095;0.149321;-0.683258;-0.102262;0.576471;-0.352036;0.619909;0.274208;-0.122172;0.294118;-0.140272;-0.321267;0.306787;-0.225339;-0.502262;0.764706;-0.357466;-0.882353;-0.855204;-0.274208;-0.0606335;-0.312217;-0.147511;-0.404525;0.18552;0.380995;-0.685068;-0.708597;-0.688688;0.493213;1;-0.283258;0.0841629;-1;0.040724;-0.321267;-0.319457;-0.142081;-0.665158;-0.412472;-0.517656;-0.247183;-0.126972;-0.0743802;0.513148;0.322314;-0.00676183;0.182569;0.630353;-0.292261;-1;0;-1;+1;-1

87;-0.321267;-0.178281;-0.366516;-0.147511;-0.0859729;-0.466063;-0.321267;0.0226244;-0.683258;-0.665158;-0.20181;0.20905;0.078733;-0.0316742;-0.221719;-0.20362;0.131222;-0.375566;-0.502262;0.156561;0.413575;-0.467873;-0.274208;0.19457;0.509502;-0.283258;-0.447964;-0.447964;-0.230769;-0.0045249;-0.0588235;-0.59095;0.149321;-0.683258;-0.102262;0.576471;-0.352036;0.619909;0.274208;-0.122172;0.294118;-0.140272;-0.321267;0.306787;-0.225339;-0.502262;0.764706;-0.357466;-0.882353;-0.855204;-0.274208;-0.0606335;-0.312217;-0.147511;-0.404525;0.18552;0.380995;-0.685068;-0.708597;-0.688688;0.493213;1;-0.283258;0.0841629;-1;0.040724;-0.321267;-0.319457;-0.142081;-0.382419;-0.412472;-0.517656;-0.247183;-0.126972;-0.0743802;0.513148;0.322314;-0.00676183;0.182569;0.630353;-1;0;-1;+1;-1

87;-0.140272;-0.321267;-0.178281;-0.366516;-0.147511;-0.0859729;-0.466063;-0.321267;0.0226244;-0.683258;-0.665158;-0.20181;0.20905;0.078733;-0.0316742;-0.221719;-0.20362;0.131222;-0.375566;-0.502262;0.156561;0.413575;-0.467873;-0.274208;0.19457;0.509502;-0.283258;-0.447964;-0.447964;-0.230769;-0.0045249;-0.0588235;-0.59095;0.149321;-0.683258;-0.102262;0.576471;-0.352036;0.619909;0.274208;-0.122172;0.294118;-0.140272;-0.321267;0.306787;-0.225339;-0.502262;0.764706;-0.357466;-0.882353;-0.855204;-0.274208;-0.0606335;-0.312217;-0.147511;-0.404525;0.18552;0.380995;-0.685068;-0.708597;-0.688688;0.493213;1;-0.283258;0.0841629;-1;0.040724;-0.321267;-0.319457;0.0518407;-0.382419;-0.412472;-0.517656;-0.247183;-0.126972;-0.0743802;0.513148;0.322314;-0.00676183;0.182569;-1;0;-1;+1;-1

85.86;-0.346606;-0.140272;-0.321267;-0.178281;-0.366516;-0.147511;-0.0859729;-0.466063;-0.321267;0.0226244;-0.683258;-0.665158;-0.20181;0.20905;0.078733;-0.0316742;-0.221719;-0.20362;0.131222;-0.375566;-0.502262;0.156561;0.413575;-0.467873;-0.274208;0.19457;0.509502;-0.283258;-0.447964;-0.447964;-0.230769;-0.0045249;-0.0588235;-0.59095;0.149321;-0.683258;-0.102262;0.576471;-0.352036;0.619909;0.274208;-0.122172;0.294118;-0.140272;-0.321267;0.306787;-0.225339;-0.502262;0.764706;-0.357466;-0.882353;-0.855204;-0.274208;-0.0606335;-0.312217;-0.147511;-0.404525;0.18552;0.380995;-0.685068;-0.708597;-0.688688;0.493213;1;-0.283258;0.0841629;-1;0.040724;-0.321267;-0.095417;0.0518407;-0.382419;-0.412472;-0.517656;-0.247183;-0.126972;-0.0743802;0.513148;0.322314;-0.00676183;+1;0;+1;+1;-1

86.7;0.0117647;-0.346606;-0.140272;-0.321267;-0.178281;-0.366516;-0.147511;-0.0859729;-0.466063;-0.321267;0.0226244;-0.683258;-0.665158;-0.20181;0.20905;0.078733;-0.0316742;-0.221719;-0.20362;0.131222;-0.375566;-0.502262;0.156561;0.413575;-0.467873;-0.274208;0.19457;0.509502;-0.283258;-0.447964;-0.447964;-0.230769;-0.0045249;-0.0588235;-0.59095;0.149321;-0.683258;-0.102262;0.576471;-0.352036;0.619909;0.274208;-0.122172;0.294118;-0.140272;-0.321267;0.306787;-0.225339;-0.502262;0.764706;-0.357466;-0.882353;-0.855204;-0.274208;-0.0606335;-0.312217;-0.147511;-0.404525;0.18552;0.380995;-0.685068;-0.708597;-0.688688;0.493213;1;-0.283258;0.0841629;-1;0.040724;-0.0969196;-0.095417;0.0518407;-0.382419;-0.412472;-0.517656;-0.247183;-0.126972;-0.0743802;0.513148;0.322314;+1;0;+1;+1;-1

88;0.0950226;0.0117647;-0.346606;-0.140272;-0.321267;-0.178281;-0.366516;-0.147511;-0.0859729;-0.466063;-0.321267;0.0226244;-0.683258;-0.665158;-0.20181;0.20905;0.078733;-0.0316742;-0.221719;-0.20362;0.131222;-0.375566;-0.502262;0.156561;0.413575;-0.467873;-0.274208;0.19457;0.509502;-0.283258;-0.447964;-0.447964;-0.230769;-0.0045249;-0.0588235;-0.59095;0.149321;-0.683258;-0.102262;0.576471;-0.352036;0.619909;0.274208;-0.122172;0.294118;-0.140272;-0.321267;0.306787;-0.225339;-0.502262;0.764706;-0.357466;-0.882353;-0.855204;-0.274208;-0.0606335;-0.312217;-0.147511;-0.404525;0.18552;0.380995;-0.685068;-0.708597;-0.688688;0.493213;1;-0.283258;0.0841629;-1;0.203606;-0.0969196;-0.095417;0.0518407;-0.382419;-0.412472;-0.517656;-0.247183;-0.126972;-0.0743802;0.513148;+1;0;+1;+1;-1

89;0.040724;0.0950226;0.0117647;-0.346606;-0.140272;-0.321267;-0.178281;-0.366516;-0.147511;-0.0859729;-0.466063;-0.321267;0.0226244;-0.683258;-0.665158;-0.20181;0.20905;0.078733;-0.0316742;-0.221719;-0.20362;0.131222;-0.375566;-0.502262;0.156561;0.413575;-0.467873;-0.274208;0.19457;0.509502;-0.283258;-0.447964;-0.447964;-0.230769;-0.0045249;-0.0588235;-0.59095;0.149321;-0.683258;-0.102262;0.576471;-0.352036;0.619909;0.274208;-0.122172;0.294118;-0.140272;-0.321267;0.306787;-0.225339;-0.502262;0.764706;-0.357466;-0.882353;-0.855204;-0.274208;-0.0606335;-0.312217;-0.147511;-0.404525;0.18552;0.380995;-0.685068;-0.708597;-0.688688;0.493213;1;-0.283258;0.0841629;-0.660406;0.203606;-0.0969196;-0.095417;0.0518407;-0.382419;-0.412472;-0.517656;-0.247183;-0.126972;-0.0743802;-1;0;-1;+1;-1

88.5;-0.230769;0.040724;0.0950226;0.0117647;-0.346606;-0.140272;-0.321267;-0.178281;-0.366516;-0.147511;-0.0859729;-0.466063;-0.321267;0.0226244;-0.683258;-0.665158;-0.20181;0.20905;0.078733;-0.0316742;-0.221719;-0.20362;0.131222;-0.375566;-0.502262;0.156561;0.413575;-0.467873;-0.274208;0.19457;0.509502;-0.283258;-0.447964;-0.447964;-0.230769;-0.0045249;-0.0588235;-0.59095;0.149321;-0.683258;-0.102262;0.576471;-0.352036;0.619909;0.274208;-0.122172;0.294118;-0.140272;-0.321267;0.306787;-0.225339;-0.502262;0.764706;-0.357466;-0.882353;-0.855204;-0.274208;-0.0606335;-0.312217;-0.147511;-0.404525;0.18552;0.380995;-0.685068;-0.708597;-0.688688;0.493213;1;-0.283258;0.239669;-0.660406;0.203606;-0.0969196;-0.095417;0.0518407;-0.382419;-0.412472;-0.517656;-0.247183;-0.126972;-1;0;-1;+1;-1

88.35;-0.167421;-0.230769;0.040724;0.0950226;0.0117647;-0.346606;-0.140272;-0.321267;-0.178281;-0.366516;-0.147511;-0.0859729;-0.466063;-0.321267;0.0226244;-0.683258;-0.665158;-0.20181;0.20905;0.078733;-0.0316742;-0.221719;-0.20362;0.131222;-0.375566;-0.502262;0.156561;0.413575;-0.467873;-0.274208;0.19457;0.509502;-0.283258;-0.447964;-0.447964;-0.230769;-0.0045249;-0.0588235;-0.59095;0.149321;-0.683258;-0.102262;0.576471;-0.352036;0.619909;0.274208;-0.122172;0.294118;-0.140272;-0.321267;0.306787;-0.225339;-0.502262;0.764706;-0.357466;-0.882353;-0.855204;-0.274208;-0.0606335;-0.312217;-0.147511;-0.404525;0.18552;0.380995;-0.685068;-0.708597;-0.688688;0.493213;1;-0.0653644;0.239669;-0.660406;0.203606;-0.0969196;-0.095417;0.0518407;-0.382419;-0.412472;-0.517656;-0.247183;+1;0;+1;+1;-1

88.5;-0.113122;-0.167421;-0.230769;0.040724;0.0950226;0.0117647;-0.346606;-0.140272;-0.321267;-0.178281;-0.366516;-0.147511;-0.0859729;-0.466063;-0.321267;0.0226244;-0.683258;-0.665158;-0.20181;0.20905;0.078733;-0.0316742;-0.221719;-0.20362;0.131222;-0.375566;-0.502262;0.156561;0.413575;-0.467873;-0.274208;0.19457;0.509502;-0.283258;-0.447964;-0.447964;-0.230769;-0.0045249;-0.0588235;-0.59095;0.149321;-0.683258;-0.102262;0.576471;-0.352036;0.619909;0.274208;-0.122172;0.294118;-0.140272;-0.321267;0.306787;-0.225339;-0.502262;0.764706;-0.357466;-0.882353;-0.855204;-0.274208;-0.0606335;-0.312217;-0.147511;-0.404525;0.18552;0.380995;-0.685068;-0.708597;-0.688688;0.493213;1;-0.0653644;0.239669;-0.660406;0.203606;-0.0969196;-0.095417;0.0518407;-0.382419;-0.412472;-0.517656;+1;0;+1;+1;-1

91.5;0.402715;-0.113122;-0.167421;-0.230769;0.040724;0.0950226;0.0117647;-0.346606;-0.140272;-0.321267;-0.178281;-0.366516;-0.147511;-0.0859729;-0.466063;-0.321267;0.0226244;-0.683258;-0.665158;-0.20181;0.20905;0.078733;-0.0316742;-0.221719;-0.20362;0.131222;-0.375566;-0.502262;0.156561;0.413575;-0.467873;-0.274208;0.19457;0.509502;-0.283258;-0.447964;-0.447964;-0.230769;-0.0045249;-0.0588235;-0.59095;0.149321;-0.683258;-0.102262;0.576471;-0.352036;0.619909;0.274208;-0.122172;0.294118;-0.140272;-0.321267;0.306787;-0.225339;-0.502262;0.764706;-0.357466;-0.882353;-0.855204;-0.274208;-0.0606335;-0.312217;-0.147511;-0.404525;0.18552;0.380995;-0.685068;-0.708597;-0.688688;0.579264;1;-0.0653644;0.239669;-0.660406;0.203606;-0.0969196;-0.095417;0.0518407;-0.382419;-0.412472;+1;0;+1;+1;-1

94.7;0.438914;0.402715;-0.113122;-0.167421;-0.230769;0.040724;0.0950226;0.0117647;-0.346606;-0.140272;-0.321267;-0.178281;-0.366516;-0.147511;-0.0859729;-0.466063;-0.321267;0.0226244;-0.683258;-0.665158;-0.20181;0.20905;0.078733;-0.0316742;-0.221719;-0.20362;0.131222;-0.375566;-0.502262;0.156561;0.413575;-0.467873;-0.274208;0.19457;0.509502;-0.283258;-0.447964;-0.447964;-0.230769;-0.0045249;-0.0588235;-0.59095;0.149321;-0.683258;-0.102262;0.576471;-0.352036;0.619909;0.274208;-0.122172;0.294118;-0.140272;-0.321267;0.306787;-0.225339;-0.502262;0.764706;-0.357466;-0.882353;-0.855204;-0.274208;-0.0606335;-0.312217;-0.147511;-0.404525;0.18552;0.380995;-0.685068;-0.708597;-0.401953;0.579264;1;-0.0653644;0.239669;-0.660406;0.203606;-0.0969196;-0.095417;0.0518407;-0.382419;-1;0;-1;+1;-1

93.15;-0.420814;0.438914;0.402715;-0.113122;-0.167421;-0.230769;0.040724;0.0950226;0.0117647;-0.346606;-0.140272;-0.321267;-0.178281;-0.366516;-0.147511;-0.0859729;-0.466063;-0.321267;0.0226244;-0.683258;-0.665158;-0.20181;0.20905;0.078733;-0.0316742;-0.221719;-0.20362;0.131222;-0.375566;-0.502262;0.156561;0.413575;-0.467873;-0.274208;0.19457;0.509502;-0.283258;-0.447964;-0.447964;-0.230769;-0.0045249;-0.0588235;-0.59095;0.149321;-0.683258;-0.102262;0.576471;-0.352036;0.619909;0.274208;-0.122172;0.294118;-0.140272;-0.321267;0.306787;-0.225339;-0.502262;0.764706;-0.357466;-0.882353;-0.855204;-0.274208;-0.0606335;-0.312217;-0.147511;-0.404525;0.18552;0.380995;-0.685068;-0.418482;-0.401953;0.579264;1;-0.0653644;0.239669;-0.660406;0.203606;-0.0969196;-0.095417;0.0518407;-1;0;-1;+1;-1

93;-0.167421;-0.420814;0.438914;0.402715;-0.113122;-0.167421;-0.230769;0.040724;0.0950226;0.0117647;-0.346606;-0.140272;-0.321267;-0.178281;-0.366516;-0.147511;-0.0859729;-0.466063;-0.321267;0.0226244;-0.683258;-0.665158;-0.20181;0.20905;0.078733;-0.0316742;-0.221719;-0.20362;0.131222;-0.375566;-0.502262;0.156561;0.413575;-0.467873;-0.274208;0.19457;0.509502;-0.283258;-0.447964;-0.447964;-0.230769;-0.0045249;-0.0588235;-0.59095;0.149321;-0.683258;-0.102262;0.576471;-0.352036;0.619909;0.274208;-0.122172;0.294118;-0.140272;-0.321267;0.306787;-0.225339;-0.502262;0.764706;-0.357466;-0.882353;-0.855204;-0.274208;-0.0606335;-0.312217;-0.147511;-0.404525;0.18552;0.380995;-0.398948;-0.418482;-0.401953;0.579264;1;-0.0653644;0.239669;-0.660406;0.203606;-0.0969196;-0.095417;-1;0;-1;+1;-1

91;-0.502262;-0.167421;-0.420814;0.438914;0.402715;-0.113122;-0.167421;-0.230769;0.040724;0.0950226;0.0117647;-0.346606;-0.140272;-0.321267;-0.178281;-0.366516;-0.147511;-0.0859729;-0.466063;-0.321267;0.0226244;-0.683258;-0.665158;-0.20181;0.20905;0.078733;-0.0316742;-0.221719;-0.20362;0.131222;-0.375566;-0.502262;0.156561;0.413575;-0.467873;-0.274208;0.19457;0.509502;-0.283258;-0.447964;-0.447964;-0.230769;-0.0045249;-0.0588235;-0.59095;0.149321;-0.683258;-0.102262;0.576471;-0.352036;0.619909;0.274208;-0.122172;0.294118;-0.140272;-0.321267;0.306787;-0.225339;-0.502262;0.764706;-0.357466;-0.882353;-0.855204;-0.274208;-0.0606335;-0.312217;-0.147511;-0.404525;0.18552;0.486101;-0.398948;-0.418482;-0.401953;0.579264;1;-0.0653644;0.239669;-0.660406;0.203606;-0.0969196;-1;0;-1;+1;-1

90.7;-0.19457;-0.502262;-0.167421;-0.420814;0.438914;0.402715;-0.113122;-0.167421;-0.230769;0.040724;0.0950226;0.0117647;-0.346606;-0.140272;-0.321267;-0.178281;-0.366516;-0.147511;-0.0859729;-0.466063;-0.321267;0.0226244;-0.683258;-0.665158;-0.20181;0.20905;0.078733;-0.0316742;-0.221719;-0.20362;0.131222;-0.375566;-0.502262;0.156561;0.413575;-0.467873;-0.274208;0.19457;0.509502;-0.283258;-0.447964;-0.447964;-0.230769;-0.0045249;-0.0588235;-0.59095;0.149321;-0.683258;-0.102262;0.576471;-0.352036;0.619909;0.274208;-0.122172;0.294118;-0.140272;-0.321267;0.306787;-0.225339;-0.502262;0.764706;-0.357466;-0.882353;-0.855204;-0.274208;-0.0606335;-0.312217;-0.147511;-0.404525;0.323817;0.486101;-0.398948;-0.418482;-0.401953;0.579264;1;-0.0653644;0.239669;-0.660406;0.203606;-1;0;-1;+1;-1

89.3;-0.393665;-0.19457;-0.502262;-0.167421;-0.420814;0.438914;0.402715;-0.113122;-0.167421;-0.230769;0.040724;0.0950226;0.0117647;-0.346606;-0.140272;-0.321267;-0.178281;-0.366516;-0.147511;-0.0859729;-0.466063;-0.321267;0.0226244;-0.683258;-0.665158;-0.20181;0.20905;0.078733;-0.0316742;-0.221719;-0.20362;0.131222;-0.375566;-0.502262;0.156561;0.413575;-0.467873;-0.274208;0.19457;0.509502;-0.283258;-0.447964;-0.447964;-0.230769;-0.0045249;-0.0588235;-0.59095;0.149321;-0.683258;-0.102262;0.576471;-0.352036;0.619909;0.274208;-0.122172;0.294118;-0.140272;-0.321267;0.306787;-0.225339;-0.502262;0.764706;-0.357466;-0.882353;-0.855204;-0.274208;-0.0606335;-0.312217;-0.147511;-0.166041;0.323817;0.486101;-0.398948;-0.418482;-0.401953;0.579264;1;-0.0653644;0.239669;-0.660406;-1;0;-1;+1;-1

88;-0.375566;-0.393665;-0.19457;-0.502262;-0.167421;-0.420814;0.438914;0.402715;-0.113122;-0.167421;-0.230769;0.040724;0.0950226;0.0117647;-0.346606;-0.140272;-0.321267;-0.178281;-0.366516;-0.147511;-0.0859729;-0.466063;-0.321267;0.0226244;-0.683258;-0.665158;-0.20181;0.20905;0.078733;-0.0316742;-0.221719;-0.20362;0.131222;-0.375566;-0.502262;0.156561;0.413575;-0.467873;-0.274208;0.19457;0.509502;-0.283258;-0.447964;-0.447964;-0.230769;-0.0045249;-0.0588235;-0.59095;0.149321;-0.683258;-0.102262;0.576471;-0.352036;0.619909;0.274208;-0.122172;0.294118;-0.140272;-0.321267;0.306787;-0.225339;-0.502262;0.764706;-0.357466;-0.882353;-0.855204;-0.274208;-0.0606335;-0.312217;0.0473328;-0.166041;0.323817;0.486101;-0.398948;-0.418482;-0.401953;0.579264;1;-0.0653644;0.239669;-1;0;-1;+1;-1

87.05;-0.312217;-0.375566;-0.393665;-0.19457;-0.502262;-0.167421;-0.420814;0.438914;0.402715;-0.113122;-0.167421;-0.230769;0.040724;0.0950226;0.0117647;-0.346606;-0.140272;-0.321267;-0.178281;-0.366516;-0.147511;-0.0859729;-0.466063;-0.321267;0.0226244;-0.683258;-0.665158;-0.20181;0.20905;0.078733;-0.0316742;-0.221719;-0.20362;0.131222;-0.375566;-0.502262;0.156561;0.413575;-0.467873;-0.274208;0.19457;0.509502;-0.283258;-0.447964;-0.447964;-0.230769;-0.0045249;-0.0588235;-0.59095;0.149321;-0.683258;-0.102262;0.576471;-0.352036;0.619909;0.274208;-0.122172;0.294118;-0.140272;-0.321267;0.306787;-0.225339;-0.502262;0.764706;-0.357466;-0.882353;-0.855204;-0.274208;-0.0606335;-0.0894065;0.0473328;-0.166041;0.323817;0.486101;-0.398948;-0.418482;-0.401953;0.579264;1;-0.0653644;+1;0;-1;+1;-1

87.75;-0.0135747;-0.312217;-0.375566;-0.393665;-0.19457;-0.502262;-0.167421;-0.420814;0.438914;0.402715;-0.113122;-0.167421;-0.230769;0.040724;0.0950226;0.0117647;-0.346606;-0.140272;-0.321267;-0.178281;-0.366516;-0.147511;-0.0859729;-0.466063;-0.321267;0.0226244;-0.683258;-0.665158;-0.20181;0.20905;0.078733;-0.0316742;-0.221719;-0.20362;0.131222;-0.375566;-0.502262;0.156561;0.413575;-0.467873;-0.274208;0.19457;0.509502;-0.283258;-0.447964;-0.447964;-0.230769;-0.0045249;-0.0588235;-0.59095;0.149321;-0.683258;-0.102262;0.576471;-0.352036;0.619909;0.274208;-0.122172;0.294118;-0.140272;-0.321267;0.306787;-0.225339;-0.502262;0.764706;-0.357466;-0.882353;-0.855204;-0.274208;0.119459;-0.0894065;0.0473328;-0.166041;0.323817;0.486101;-0.398948;-0.418482;-0.401953;0.579264;1;+1;0;+1;+1;-1

88.9;0.0678733;-0.0135747;-0.312217;-0.375566;-0.393665;-0.19457;-0.502262;-0.167421;-0.420814;0.438914;0.402715;-0.113122;-0.167421;-0.230769;0.040724;0.0950226;0.0117647;-0.346606;-0.140272;-0.321267;-0.178281;-0.366516;-0.147511;-0.0859729;-0.466063;-0.321267;0.0226244;-0.683258;-0.665158;-0.20181;0.20905;0.078733;-0.0316742;-0.221719;-0.20362;0.131222;-0.375566;-0.502262;0.156561;0.413575;-0.467873;-0.274208;0.19457;0.509502;-0.283258;-0.447964;-0.447964;-0.230769;-0.0045249;-0.0588235;-0.59095;0.149321;-0.683258;-0.102262;0.576471;-0.352036;0.619909;0.274208;-0.122172;0.294118;-0.140272;-0.321267;0.306787;-0.225339;-0.502262;0.764706;-0.357466;-0.882353;-0.855204;-0.0578512;0.119459;-0.0894065;0.0473328;-0.166041;0.323817;0.486101;-0.398948;-0.418482;-0.401953;0.579264;-1;0;-1;+1;-1

87.9;-0.321267;0.0678733;-0.0135747;-0.312217;-0.375566;-0.393665;-0.19457;-0.502262;-0.167421;-0.420814;0.438914;0.402715;-0.113122;-0.167421;-0.230769;0.040724;0.0950226;0.0117647;-0.346606;-0.140272;-0.321267;-0.178281;-0.366516;-0.147511;-0.0859729;-0.466063;-0.321267;0.0226244;-0.683258;-0.665158;-0.20181;0.20905;0.078733;-0.0316742;-0.221719;-0.20362;0.131222;-0.375566;-0.502262;0.156561;0.413575;-0.467873;-0.274208;0.19457;0.509502;-0.283258;-0.447964;-0.447964;-0.230769;-0.0045249;-0.0588235;-0.59095;0.149321;-0.683258;-0.102262;0.576471;-0.352036;0.619909;0.274208;-0.122172;0.294118;-0.140272;-0.321267;0.306787;-0.225339;-0.502262;0.764706;-0.357466;-0.882353;-0.540195;-0.0578512;0.119459;-0.0894065;0.0473328;-0.166041;0.323817;0.486101;-0.398948;-0.418482;-0.401953;-1;0;-1;+1;-1

85.39;-0.59457;-0.321267;0.0678733;-0.0135747;-0.312217;-0.375566;-0.393665;-0.19457;-0.502262;-0.167421;-0.420814;0.438914;0.402715;-0.113122;-0.167421;-0.230769;0.040724;0.0950226;0.0117647;-0.346606;-0.140272;-0.321267;-0.178281;-0.366516;-0.147511;-0.0859729;-0.466063;-0.321267;0.0226244;-0.683258;-0.665158;-0.20181;0.20905;0.078733;-0.0316742;-0.221719;-0.20362;0.131222;-0.375566;-0.502262;0.156561;0.413575;-0.467873;-0.274208;0.19457;0.509502;-0.283258;-0.447964;-0.447964;-0.230769;-0.0045249;-0.0588235;-0.59095;0.149321;-0.683258;-0.102262;0.576471;-0.352036;0.619909;0.274208;-0.122172;0.294118;-0.140272;-0.321267;0.306787;-0.225339;-0.502262;0.764706;-0.357466;-0.562735;-0.540195;-0.0578512;0.119459;-0.0894065;0.0473328;-0.166041;0.323817;0.486101;-0.398948;-0.418482;-1;0;-1;+1;-1

83.2;-0.536652;-0.59457;-0.321267;0.0678733;-0.0135747;-0.312217;-0.375566;-0.393665;-0.19457;-0.502262;-0.167421;-0.420814;0.438914;0.402715;-0.113122;-0.167421;-0.230769;0.040724;0.0950226;0.0117647;-0.346606;-0.140272;-0.321267;-0.178281;-0.366516;-0.147511;-0.0859729;-0.466063;-0.321267;0.0226244;-0.683258;-0.665158;-0.20181;0.20905;0.078733;-0.0316742;-0.221719;-0.20362;0.131222;-0.375566;-0.502262;0.156561;0.413575;-0.467873;-0.274208;0.19457;0.509502;-0.283258;-0.447964;-0.447964;-0.230769;-0.0045249;-0.0588235;-0.59095;0.149321;-0.683258;-0.102262;0.576471;-0.352036;0.619909;0.274208;-0.122172;0.294118;-0.140272;-0.321267;0.306787;-0.225339;-0.502262;0.764706;-0.126972;-0.562735;-0.540195;-0.0578512;0.119459;-0.0894065;0.0473328;-0.166041;0.323817;0.486101;-0.398948;+1;0;+1;+1;-1

83.27;-0.127602;-0.536652;-0.59457;-0.321267;0.0678733;-0.0135747;-0.312217;-0.375566;-0.393665;-0.19457;-0.502262;-0.167421;-0.420814;0.438914;0.402715;-0.113122;-0.167421;-0.230769;0.040724;0.0950226;0.0117647;-0.346606;-0.140272;-0.321267;-0.178281;-0.366516;-0.147511;-0.0859729;-0.466063;-0.321267;0.0226244;-0.683258;-0.665158;-0.20181;0.20905;0.078733;-0.0316742;-0.221719;-0.20362;0.131222;-0.375566;-0.502262;0.156561;0.413575;-0.467873;-0.274208;0.19457;0.509502;-0.283258;-0.447964;-0.447964;-0.230769;-0.0045249;-0.0588235;-0.59095;0.149321;-0.683258;-0.102262;0.576471;-0.352036;0.619909;0.274208;-0.122172;0.294118;-0.140272;-0.321267;0.306787;-0.225339;-0.502262;0.804658;-0.126972;-0.562735;-0.540195;-0.0578512;0.119459;-0.0894065;0.0473328;-0.166041;0.323817;0.486101;+1;0;+1;+1;-1

85.5;0.263348;-0.127602;-0.536652;-0.59457;-0.321267;0.0678733;-0.0135747;-0.312217;-0.375566;-0.393665;-0.19457;-0.502262;-0.167421;-0.420814;0.438914;0.402715;-0.113122;-0.167421;-0.230769;0.040724;0.0950226;0.0117647;-0.346606;-0.140272;-0.321267;-0.178281;-0.366516;-0.147511;-0.0859729;-0.466063;-0.321267;0.0226244;-0.683258;-0.665158;-0.20181;0.20905;0.078733;-0.0316742;-0.221719;-0.20362;0.131222;-0.375566;-0.502262;0.156561;0.413575;-0.467873;-0.274208;0.19457;0.509502;-0.283258;-0.447964;-0.447964;-0.230769;-0.0045249;-0.0588235;-0.59095;0.149321;-0.683258;-0.102262;0.576471;-0.352036;0.619909;0.274208;-0.122172;0.294118;-0.140272;-0.321267;0.306787;-0.225339;-0.247183;0.804658;-0.126972;-0.562735;-0.540195;-0.0578512;0.119459;-0.0894065;0.0473328;-0.166041;0.323817;+1;0;+1;+1;-1

86.35;0.0135746;0.263348;-0.127602;-0.536652;-0.59457;-0.321267;0.0678733;-0.0135747;-0.312217;-0.375566;-0.393665;-0.19457;-0.502262;-0.167421;-0.420814;0.438914;0.402715;-0.113122;-0.167421;-0.230769;0.040724;0.0950226;0.0117647;-0.346606;-0.140272;-0.321267;-0.178281;-0.366516;-0.147511;-0.0859729;-0.466063;-0.321267;0.0226244;-0.683258;-0.665158;-0.20181;0.20905;0.078733;-0.0316742;-0.221719;-0.20362;0.131222;-0.375566;-0.502262;0.156561;0.413575;-0.467873;-0.274208;0.19457;0.509502;-0.283258;-0.447964;-0.447964;-0.230769;-0.0045249;-0.0588235;-0.59095;0.149321;-0.683258;-0.102262;0.576471;-0.352036;0.619909;0.274208;-0.122172;0.294118;-0.140272;-0.321267;0.306787;-0.0172802;-0.247183;0.804658;-0.126972;-0.562735;-0.540195;-0.0578512;0.119459;-0.0894065;0.0473328;-0.166041;-1;0;-1;+1;-1

85.1;-0.366516;0.0135746;0.263348;-0.127602;-0.536652;-0.59457;-0.321267;0.0678733;-0.0135747;-0.312217;-0.375566;-0.393665;-0.19457;-0.502262;-0.167421;-0.420814;0.438914;0.402715;-0.113122;-0.167421;-0.230769;0.040724;0.0950226;0.0117647;-0.346606;-0.140272;-0.321267;-0.178281;-0.366516;-0.147511;-0.0859729;-0.466063;-0.321267;0.0226244;-0.683258;-0.665158;-0.20181;0.20905;0.078733;-0.0316742;-0.221719;-0.20362;0.131222;-0.375566;-0.502262;0.156561;0.413575;-0.467873;-0.274208;0.19457;0.509502;-0.283258;-0.447964;-0.447964;-0.230769;-0.0045249;-0.0588235;-0.59095;0.149321;-0.683258;-0.102262;0.576471;-0.352036;0.619909;0.274208;-0.122172;0.294118;-0.140272;-0.321267;0.424493;-0.0172802;-0.247183;0.804658;-0.126972;-0.562735;-0.540195;-0.0578512;0.119459;-0.0894065;0.0473328;+1;0;+1;+1;-1

87.5;0.294118;-0.366516;0.0135746;0.263348;-0.127602;-0.536652;-0.59457;-0.321267;0.0678733;-0.0135747;-0.312217;-0.375566;-0.393665;-0.19457;-0.502262;-0.167421;-0.420814;0.438914;0.402715;-0.113122;-0.167421;-0.230769;0.040724;0.0950226;0.0117647;-0.346606;-0.140272;-0.321267;-0.178281;-0.366516;-0.147511;-0.0859729;-0.466063;-0.321267;0.0226244;-0.683258;-0.665158;-0.20181;0.20905;0.078733;-0.0316742;-0.221719;-0.20362;0.131222;-0.375566;-0.502262;0.156561;0.413575;-0.467873;-0.274208;0.19457;0.509502;-0.283258;-0.447964;-0.447964;-0.230769;-0.0045249;-0.0588235;-0.59095;0.149321;-0.683258;-0.102262;0.576471;-0.352036;0.619909;0.274208;-0.122172;0.294118;-0.140272;-0.0969196;0.424493;-0.0172802;-0.247183;0.804658;-0.126972;-0.562735;-0.540195;-0.0578512;0.119459;-0.0894065;-1;0;-1;+1;-1

85.3;-0.538462;0.294118;-0.366516;0.0135746;0.263348;-0.127602;-0.536652;-0.59457;-0.321267;0.0678733;-0.0135747;-0.312217;-0.375566;-0.393665;-0.19457;-0.502262;-0.167421;-0.420814;0.438914;0.402715;-0.113122;-0.167421;-0.230769;0.040724;0.0950226;0.0117647;-0.346606;-0.140272;-0.321267;-0.178281;-0.366516;-0.147511;-0.0859729;-0.466063;-0.321267;0.0226244;-0.683258;-0.665158;-0.20181;0.20905;0.078733;-0.0316742;-0.221719;-0.20362;0.131222;-0.375566;-0.502262;0.156561;0.413575;-0.467873;-0.274208;0.19457;0.509502;-0.283258;-0.447964;-0.447964;-0.230769;-0.0045249;-0.0588235;-0.59095;0.149321;-0.683258;-0.102262;0.576471;-0.352036;0.619909;0.274208;-0.122172;0.294118;0.0533434;-0.0969196;0.424493;-0.0172802;-0.247183;0.804658;-0.126972;-0.562735;-0.540195;-0.0578512;0.119459;-1;0;-1;+1;-1

