19.3;-0.290598;-1;0.0468085;0.012766;-0.114894;0.0212766;0.0723404;0.0723404;0.293617;-0.404255;0.114894;-0.285106;-0.293617;-0.455319;0.225532;-0.455319;-0.0588235;-0.149321;0.466063;-0.674208;-0.737557;-0.0859729;0.48913;-0.141304;-0.195652;-0.282609;0.76087;-0.195652;0.565217;0.23913;-0.195652;0.0760869;0.23913;-0.630435;0.456522;0.0217391;0.184783;1;-0.470588;0.264706;-0.22549;0.362745;0.352941;0.313726;-0.117647;-0.0196079;0.352941;0.362745;0.0196078;0.431373;-0.392157;-0.27451;-0.176471;-0.127451;-0.558824;0.0392157;-0.745098;0.215686;-0.372549;-0.176471;1;-0.0280374;-0.728972;-0.35514;0.0186916;-0.542056;-0.495327;0.345794;-0.214953;1;0.990698;1;-0.616071;-0.232143;-0.178571;0.553571;1;0.321429;-0.107143;0.366071;+1;0;+1;+1;-1

19.4;-0.034188;-0.285106;-1;0.0468085;0.012766;-0.114894;0.0212766;0.0723404;0.0723404;0.293617;-0.404255;0.114894;-0.285106;-0.293617;-0.455319;0.225532;-0.420814;-0.0588235;-0.149321;0.466063;-0.674208;-0.737557;0.0978261;0.48913;-0.141304;-0.195652;-0.282609;0.76087;-0.195652;0.565217;0.23913;-0.195652;0.0760869;0.23913;-0.630435;0.456522;0.0217391;0.0686274;1;-0.470588;0.264706;-0.22549;0.362745;0.352941;0.313726;-0.117647;-0.0196079;0.352941;0.362745;0.0196078;0.431373;-0.392157;-0.27451;-0.176471;-0.127451;-0.558824;0.0392157;-0.745098;0.215686;-0.372549;-0.214953;1;-0.0280374;-0.728972;-0.35514;0.0186916;-0.542056;-0.495327;0.345794;-0.218605;1;0.910714;1;-0.616071;-0.232143;-0.178571;0.553571;1;0.321429;-0.107143;-1;0;-1;-1;-1

19.14;-0.34188;-0.0297872;-0.285106;-1;0.0468085;0.012766;-0.114894;0.0212766;0.0723404;0.0723404;0.293617;-0.404255;0.114894;-0.285106;-0.293617;-0.455319;0.303167;-0.420814;-0.0588235;-0.149321;0.466063;-0.674208;-0.684783;0.0978261;0.48913;-0.141304;-0.195652;-0.282609;0.76087;-0.195652;0.565217;0.23913;-0.195652;0.0760869;0.23913;-0.630435;0.456522;-0.0784314;0.0686274;1;-0.470588;0.264706;-0.22549;0.362745;0.352941;0.313726;-0.117647;-0.0196079;0.352941;0.362745;0.0196078;0.431373;-0.392157;-0.27451;-0.176471;-0.127451;-0.558824;0.0392157;-0.745098;0.215686;-0.401869;-0.214953;1;-0.0280374;-0.728972;-0.35514;0.0186916;-0.542056;-0.495327;0.339535;-0.218605;0.919643;0.910714;1;-0.616071;-0.232143;-0.178571;0.553571;1;0.321429;+1;0;+1;-1;-1

19.2;-0.0683761;-0.33617;-0.0297872;-0.285106;-1;0.0468085;0.012766;-0.114894;0.0212766;0.0723404;0.0723404;0.293617;-0.404255;0.114894;-0.285106;-0.293617;-0.420814;0.303167;-0.420814;-0.0588235;-0.149321;0.466063;-0.608696;-0.684783;0.0978261;0.48913;-0.141304;-0.195652;-0.282609;0.76087;-0.195652;0.565217;0.23913;-0.195652;0.0760869;0.23913;-0.630435;0.313726;-0.0784314;0.0686274;1;-0.470588;0.264706;-0.22549;0.362745;0.352941;0.313726;-0.117647;-0.0196079;0.352941;0.362745;0.0196078;0.431373;-0.392157;-0.27451;-0.176471;-0.127451;-0.558824;0.0392157;-0.745098;0.158878;-0.401869;-0.214953;1;-0.0280374;-0.728972;-0.35514;0.0186916;-0.542056;-0.497674;0.339535;-0.25;0.919643;0.910714;1;-0.616071;-0.232143;-0.178571;0.553571;1;+1;0;+1;+1;-1

19.6;0.222222;-0.0638298;-0.33617;-0.0297872;-0.285106;-1;0.0468085;0.012766;-0.114894;0.0212766;0.0723404;0.0723404;0.293617;-0.404255;0.114894;-0.285106;-0.248869;-0.420814;0.303167;-0.420814;-0.0588235;-0.149321;0.76087;-0.608696;-0.684783;0.0978261;0.48913;-0.141304;-0.195652;-0.282609;0.76087;-0.195652;0.565217;0.23913;-0.195652;0.0760869;0.23913;-0.666667;0.313726;-0.0784314;0.0686274;1;-0.470588;0.264706;-0.22549;0.362745;0.352941;0.313726;-0.117647;-0.0196079;0.352941;0.362745;0.0196078;0.431373;-0.392157;-0.27451;-0.176471;-0.127451;-0.558824;0.0392157;-0.757009;0.158878;-0.401869;-0.214953;1;-0.0280374;-0.728972;-0.35514;0.0186916;-0.544186;-0.497674;0.285714;-0.25;0.919643;0.910714;1;-0.616071;-0.232143;-0.178571;0.553571;-1;0;-1;-1;-1

19.6;-0.119658;0.225532;-0.0638298;-0.33617;-0.0297872;-0.285106;-1;0.0468085;0.012766;-0.114894;0.0212766;0.0723404;0.0723404;0.293617;-0.404255;0.114894;-0.239819;-0.248869;-0.420814;0.303167;-0.420814;-0.0588235;0.0217391;0.76087;-0.608696;-0.684783;0.0978261;0.48913;-0.141304;-0.195652;-0.282609;0.76087;-0.195652;0.565217;0.23913;-0.195652;0.0760869;0.117647;-0.666667;0.313726;-0.0784314;0.0686274;1;-0.470588;0.264706;-0.22549;0.362745;0.352941;0.313726;-0.117647;-0.0196079;0.352941;0.362745;0.0196078;0.431373;-0.392157;-0.27451;-0.176471;-0.127451;-0.558824;-0.00934582;-0.757009;0.158878;-0.401869;-0.214953;1;-0.0280374;-0.728972;-0.35514;0.0139535;-0.544186;-0.517857;0.285714;-0.25;0.919643;0.910714;1;-0.616071;-0.232143;-0.178571;+1;0;+1;+1;-1

19.8;0.0512821;-0.114894;0.225532;-0.0638298;-0.33617;-0.0297872;-0.285106;-1;0.0468085;0.012766;-0.114894;0.0212766;0.0723404;0.0723404;0.293617;-0.404255;0.18552;-0.239819;-0.248869;-0.420814;0.303167;-0.420814;0.130435;0.0217391;0.76087;-0.608696;-0.684783;0.0978261;0.48913;-0.141304;-0.195652;-0.282609;0.76087;-0.195652;0.565217;0.23913;-0.195652;-0.0294118;0.117647;-0.666667;0.313726;-0.0784314;0.0686274;1;-0.470588;0.264706;-0.22549;0.362745;0.352941;0.313726;-0.117647;-0.0196079;0.352941;0.362745;0.0196078;0.431373;-0.392157;-0.27451;-0.176471;-0.127451;-0.579439;-0.00934582;-0.757009;0.158878;-0.401869;-0.214953;1;-0.0280374;-0.728972;-0.35814;0.0139535;-0.5625;-0.517857;0.285714;-0.25;0.919643;0.910714;1;-0.616071;-0.232143;+1;0;+1;+1;-1

19.91;-0.025641;0.0553192;-0.114894;0.225532;-0.0638298;-0.33617;-0.0297872;-0.285106;-1;0.0468085;0.012766;-0.114894;0.0212766;0.0723404;0.0723404;0.293617;-0.366516;0.18552;-0.239819;-0.248869;-0.420814;0.303167;-0.304348;0.130435;0.0217391;0.76087;-0.608696;-0.684783;0.0978261;0.48913;-0.141304;-0.195652;-0.282609;0.76087;-0.195652;0.565217;0.23913;-0.27451;-0.0294118;0.117647;-0.666667;0.313726;-0.0784314;0.0686274;1;-0.470588;0.264706;-0.22549;0.362745;0.352941;0.313726;-0.117647;-0.0196079;0.352941;0.362745;0.0196078;0.431373;-0.392157;-0.27451;-0.176471;-0.168224;-0.579439;-0.00934582;-0.757009;0.158878;-0.401869;-0.214953;1;-0.0280374;-0.730233;-0.35814;-0.0267858;-0.5625;-0.517857;0.285714;-0.25;0.919643;0.910714;1;-0.616071;-1;0;-1;-1;-1

19.2;-0.726496;-0.0212766;0.0553192;-0.114894;0.225532;-0.0638298;-0.33617;-0.0297872;-0.285106;-1;0.0468085;0.012766;-0.114894;0.0212766;0.0723404;0.0723404;0.375566;-0.366516;0.18552;-0.239819;-0.248869;-0.420814;0.565217;-0.304348;0.130435;0.0217391;0.76087;-0.608696;-0.684783;0.0978261;0.48913;-0.141304;-0.195652;-0.282609;0.76087;-0.195652;0.565217;0.117647;-0.27451;-0.0294118;0.117647;-0.666667;0.313726;-0.0784314;0.0686274;1;-0.470588;0.264706;-0.22549;0.362745;0.352941;0.313726;-0.117647;-0.0196079;0.352941;0.362745;0.0196078;0.431373;-0.392157;-0.27451;-0.214953;-0.168224;-0.579439;-0.00934582;-0.757009;0.158878;-0.401869;-0.214953;1;-0.0325582;-0.730233;-0.383929;-0.0267858;-0.5625;-0.517857;0.285714;-0.25;0.919643;0.910714;1;-1;0;-1;-1;-1

18.5;-0.717949;-0.719149;-0.0212766;0.0553192;-0.114894;0.225532;-0.0638298;-0.33617;-0.0297872;-0.285106;-1;0.0468085;0.012766;-0.114894;0.0212766;0.0723404;0.140271;0.375566;-0.366516;0.18552;-0.239819;-0.248869;-0.304348;0.565217;-0.304348;0.130435;0.0217391;0.76087;-0.608696;-0.684783;0.0978261;0.48913;-0.141304;-0.195652;-0.282609;0.76087;-0.195652;0.411765;0.117647;-0.27451;-0.0294118;0.117647;-0.666667;0.313726;-0.0784314;0.0686274;1;-0.470588;0.264706;-0.22549;0.362745;0.352941;0.313726;-0.117647;-0.0196079;0.352941;0.362745;0.0196078;0.431373;-0.392157;-0.308411;-0.214953;-0.168224;-0.579439;-0.00934582;-0.757009;0.158878;-0.401869;-0.214953;0.990698;-0.0325582;-0.741071;-0.383929;-0.0267858;-0.5625;-0.517857;0.285714;-0.25;0.919643;0.910714;+1;0;+1;+1;-1

19;0.307692;-0.710638;-0.719149;-0.0212766;0.0553192;-0.114894;0.225532;-0.0638298;-0.33617;-0.0297872;-0.285106;-1;0.0468085;0.012766;-0.114894;0.0212766;0.140271;0.140271;0.375566;-0.366516;0.18552;-0.239819;-0.0978261;-0.304348;0.565217;-0.304348;0.130435;0.0217391;0.76087;-0.608696;-0.684783;0.0978261;0.48913;-0.141304;-0.195652;-0.282609;0.76087;-0.27451;0.411765;0.117647;-0.27451;-0.0294118;0.117647;-0.666667;0.313726;-0.0784314;0.0686274;1;-0.470588;0.264706;-0.22549;0.362745;0.352941;0.313726;-0.117647;-0.0196079;0.352941;0.362745;0.0196078;0.431373;-0.420561;-0.308411;-0.214953;-0.168224;-0.579439;-0.00934582;-0.757009;0.158878;-0.401869;-0.218605;0.990698;-0.0714286;-0.741071;-0.383929;-0.0267858;-0.5625;-0.517857;0.285714;-0.25;0.919643;-1;0;-1;-1;-1

19;-0.119658;0.310638;-0.710638;-0.719149;-0.0212766;0.0553192;-0.114894;0.225532;-0.0638298;-0.33617;-0.0297872;-0.285106;-1;0.0468085;0.012766;-0.114894;0.0859729;0.140271;0.140271;0.375566;-0.366516;0.18552;-0.0869566;-0.0978261;-0.304348;0.565217;-0.304348;0.130435;0.0217391;0.76087;-0.608696;-0.684783;0.0978261;0.48913;-0.141304;-0.195652;-0.282609;0.588235;-0.27451;0.411765;0.117647;-0.27451;-0.0294118;0.117647;-0.666667;0.313726;-0.0784314;0.0686274;1;-0.470588;0.264706;-0.22549;0.362745;0.352941;0.313726;-0.117647;-0.0196079;0.352941;0.362745;0.0196078;0.364486;-0.420561;-0.308411;-0.214953;-0.168224;-0.579439;-0.00934582;-0.757009;0.158878;-0.404651;-0.218605;0.910714;-0.0714286;-0.741071;-0.383929;-0.0267858;-0.5625;-0.517857;0.285714;-0.25;-1;0;-1;-1;-1

18.71;-0.367521;-0.114894;0.310638;-0.710638;-0.719149;-0.0212766;0.0553192;-0.114894;0.225532;-0.0638298;-0.33617;-0.0297872;-0.285106;-1;0.0468085;0.012766;-0.0588235;0.0859729;0.140271;0.140271;0.375566;-0.366516;0.423913;-0.0869566;-0.0978261;-0.304348;0.565217;-0.304348;0.130435;0.0217391;0.76087;-0.608696;-0.684783;0.0978261;0.48913;-0.141304;-0.195652;-0.352941;0.588235;-0.27451;0.411765;0.117647;-0.27451;-0.0294118;0.117647;-0.666667;0.313726;-0.0784314;0.0686274;1;-0.470588;0.264706;-0.22549;0.362745;0.352941;0.313726;-0.117647;-0.0196079;0.352941;0.362745;-0.0280374;0.364486;-0.420561;-0.308411;-0.214953;-0.168224;-0.579439;-0.00934582;-0.757009;0.153488;-0.404651;-0.25;0.910714;-0.0714286;-0.741071;-0.383929;-0.0267858;-0.5625;-0.517857;0.285714;+1;0;+1;+1;-1

18.9;0.0427351;-0.361702;-0.114894;0.310638;-0.710638;-0.719149;-0.0212766;0.0553192;-0.114894;0.225532;-0.0638298;-0.33617;-0.0297872;-0.285106;-1;0.0468085;0.0769231;-0.0588235;0.0859729;0.140271;0.140271;0.375566;-0.23913;0.423913;-0.0869566;-0.0978261;-0.304348;0.565217;-0.304348;0.130435;0.0217391;0.76087;-0.608696;-0.684783;0.0978261;0.48913;-0.141304;-0.27451;-0.352941;0.588235;-0.27451;0.411765;0.117647;-0.27451;-0.0294118;0.117647;-0.666667;0.313726;-0.0784314;0.0686274;1;-0.470588;0.264706;-0.22549;0.362745;0.352941;0.313726;-0.117647;-0.0196079;0.352941;0.299065;-0.0280374;0.364486;-0.420561;-0.308411;-0.214953;-0.168224;-0.579439;-0.00934582;-0.75814;0.153488;-0.428571;-0.25;0.910714;-0.0714286;-0.741071;-0.383929;-0.0267858;-0.5625;-0.517857;+1;0;+1;+1;-1

19.15;0.0940171;0.0468085;-0.361702;-0.114894;0.310638;-0.710638;-0.719149;-0.0212766;0.0553192;-0.114894;0.225532;-0.0638298;-0.33617;-0.0297872;-0.285106;-1;0.113122;0.0769231;-0.0588235;0.0859729;0.140271;0.140271;0.652174;-0.23913;0.423913;-0.0869566;-0.0978261;-0.304348;0.565217;-0.304348;0.130435;0.0217391;0.76087;-0.608696;-0.684783;0.0978261;0.48913;-0.22549;-0.27451;-0.352941;0.588235;-0.27451;0.411765;0.117647;-0.27451;-0.0294118;0.117647;-0.666667;0.313726;-0.0784314;0.0686274;1;-0.470588;0.264706;-0.22549;0.362745;0.352941;0.313726;-0.117647;-0.0196079;0.28972;0.299065;-0.0280374;0.364486;-0.420561;-0.308411;-0.214953;-0.168224;-0.579439;-0.0139535;-0.75814;0.107143;-0.428571;-0.25;0.910714;-0.0714286;-0.741071;-0.383929;-0.0267858;-0.5625;-1;0;-1;-1;-1

18.6;-0.589744;0.0978724;0.0468085;-0.361702;-0.114894;0.310638;-0.710638;-0.719149;-0.0212766;0.0553192;-0.114894;0.225532;-0.0638298;-0.33617;-0.0297872;-0.285106;-1;0.113122;0.0769231;-0.0588235;0.0859729;0.140271;0.369565;0.652174;-0.23913;0.423913;-0.0869566;-0.0978261;-0.304348;0.565217;-0.304348;0.130435;0.0217391;0.76087;-0.608696;-0.684783;0.0978261;0.343137;-0.22549;-0.27451;-0.352941;0.588235;-0.27451;0.411765;0.117647;-0.27451;-0.0294118;0.117647;-0.666667;0.313726;-0.0784314;0.0686274;1;-0.470588;0.264706;-0.22549;0.362745;0.352941;0.313726;-0.117647;-0.0654206;0.28972;0.299065;-0.0280374;0.364486;-0.420561;-0.308411;-0.214953;-0.168224;-0.581395;-0.0139535;-0.767857;0.107143;-0.428571;-0.25;0.910714;-0.0714286;-0.741071;-0.383929;-0.0267858;+1;0;+1;+1;-1

18.75;0.00854703;-0.582979;0.0978724;0.0468085;-0.361702;-0.114894;0.310638;-0.710638;-0.719149;-0.0212766;0.0553192;-0.114894;0.225532;-0.0638298;-0.33617;-0.0297872;-0.239819;-1;0.113122;0.0769231;-0.0588235;0.0859729;0.369565;0.369565;0.652174;-0.23913;0.423913;-0.0869566;-0.0978261;-0.304348;0.565217;-0.304348;0.130435;0.0217391;0.76087;-0.608696;-0.684783;-0.00980394;0.343137;-0.22549;-0.27451;-0.352941;0.588235;-0.27451;0.411765;0.117647;-0.27451;-0.0294118;0.117647;-0.666667;0.313726;-0.0784314;0.0686274;1;-0.470588;0.264706;-0.22549;0.362745;0.352941;0.313726;-0.158879;-0.0654206;0.28972;0.299065;-0.0280374;0.364486;-0.420561;-0.308411;-0.214953;-0.172093;-0.581395;-0.0535715;-0.767857;0.107143;-0.428571;-0.25;0.910714;-0.0714286;-0.741071;-0.383929;+1;0;+1;+1;-1

19.06;0.145299;0.012766;-0.582979;0.0978724;0.0468085;-0.361702;-0.114894;0.310638;-0.710638;-0.719149;-0.0212766;0.0553192;-0.114894;0.225532;-0.0638298;-0.33617;0.0316742;-0.239819;-1;0.113122;0.0769231;-0.0588235;0.304348;0.369565;0.369565;0.652174;-0.23913;0.423913;-0.0869566;-0.0978261;-0.304348;0.565217;-0.304348;0.130435;0.0217391;0.76087;-0.608696;-0.715686;-0.00980394;0.343137;-0.22549;-0.27451;-0.352941;0.588235;-0.27451;0.411765;0.117647;-0.27451;-0.0294118;0.117647;-0.666667;0.313726;-0.0784314;0.0686274;1;-0.470588;0.264706;-0.22549;0.362745;0.352941;0.252336;-0.158879;-0.0654206;0.28972;0.299065;-0.0280374;0.364486;-0.420561;-0.308411;-0.218605;-0.172093;-0.598214;-0.0535715;-0.767857;0.107143;-0.428571;-0.25;0.910714;-0.0714286;-0.741071;+1;0;+1;-1;-1

19.4;0.17094;0.148936;0.012766;-0.582979;0.0978724;0.0468085;-0.361702;-0.114894;0.310638;-0.710638;-0.719149;-0.0212766;0.0553192;-0.114894;0.225532;-0.0638298;-0.294118;0.0316742;-0.239819;-1;0.113122;0.0769231;0.130435;0.304348;0.369565;0.369565;0.652174;-0.23913;0.423913;-0.0869566;-0.0978261;-0.304348;0.565217;-0.304348;0.130435;0.0217391;0.76087;-0.647059;-0.715686;-0.00980394;0.343137;-0.22549;-0.27451;-0.352941;0.588235;-0.27451;0.411765;0.117647;-0.27451;-0.0294118;0.117647;-0.666667;0.313726;-0.0784314;0.0686274;1;-0.470588;0.264706;-0.22549;0.362745;0.28972;0.252336;-0.158879;-0.0654206;0.28972;0.299065;-0.0280374;0.364486;-0.420561;-0.311628;-0.218605;-0.205357;-0.598214;-0.0535715;-0.767857;0.107143;-0.428571;-0.25;0.910714;-0.0714286;-1;0;-1;-1;-1

19;-0.461538;0.174468;0.148936;0.012766;-0.582979;0.0978724;0.0468085;-0.361702;-0.114894;0.310638;-0.710638;-0.719149;-0.0212766;0.0553192;-0.114894;0.225532;-0.00452489;-0.294118;0.0316742;-0.239819;-1;0.113122;0.293478;0.130435;0.304348;0.369565;0.369565;0.652174;-0.23913;0.423913;-0.0869566;-0.0978261;-0.304348;0.565217;-0.304348;0.130435;0.0217391;0.588235;-0.647059;-0.715686;-0.00980394;0.343137;-0.22549;-0.27451;-0.352941;0.588235;-0.27451;0.411765;0.117647;-0.27451;-0.0294118;0.117647;-0.666667;0.313726;-0.0784314;0.0686274;1;-0.470588;0.264706;-0.22549;0.299065;0.28972;0.252336;-0.158879;-0.0654206;0.28972;0.299065;-0.0280374;0.364486;-0.423256;-0.311628;-0.25;-0.205357;-0.598214;-0.0535715;-0.767857;0.107143;-0.428571;-0.25;0.910714;+1;0;-1;+1;-1

19.4;0.222222;-0.455319;0.174468;0.148936;0.012766;-0.582979;0.0978724;0.0468085;-0.361702;-0.114894;0.310638;-0.710638;-0.719149;-0.0212766;0.0553192;-0.114894;0.303167;-0.00452489;-0.294118;0.0316742;-0.239819;-1;0.336957;0.293478;0.130435;0.304348;0.369565;0.369565;0.652174;-0.23913;0.423913;-0.0869566;-0.0978261;-0.304348;0.565217;-0.304348;0.130435;-0.0784314;0.588235;-0.647059;-0.715686;-0.00980394;0.343137;-0.22549;-0.27451;-0.352941;0.588235;-0.27451;0.411765;0.117647;-0.27451;-0.0294118;0.117647;-0.666667;0.313726;-0.0784314;0.0686274;1;-0.470588;0.264706;-0.261682;0.299065;0.28972;0.252336;-0.158879;-0.0654206;0.28972;0.299065;-0.0280374;0.35814;-0.423256;-0.339286;-0.25;-0.205357;-0.598214;-0.0535715;-0.767857;0.107143;-0.428571;-0.25;-1;0;-1;-1;-1

18.95;-0.504273;0.225532;-0.455319;0.174468;0.148936;0.012766;-0.582979;0.0978724;0.0468085;-0.361702;-0.114894;0.310638;-0.710638;-0.719149;-0.0212766;0.0553192;-0.0588235;0.303167;-0.00452489;-0.294118;0.0316742;-0.239819;-1;0.336957;0.293478;0.130435;0.304348;0.369565;0.369565;0.652174;-0.23913;0.423913;-0.0869566;-0.0978261;-0.304348;0.565217;-0.304348;0.0196078;-0.0784314;0.588235;-0.647059;-0.715686;-0.00980394;0.343137;-0.22549;-0.27451;-0.352941;0.588235;-0.27451;0.411765;0.117647;-0.27451;-0.0294118;0.117647;-0.666667;0.313726;-0.0784314;0.0686274;1;-0.470588;0.205607;-0.261682;0.299065;0.28972;0.252336;-0.158879;-0.0654206;0.28972;0.299065;-0.0325582;0.35814;-0.446429;-0.339286;-0.25;-0.205357;-0.598214;-0.0535715;-0.767857;0.107143;-0.428571;+1;0;+1;+1;-1

19.5;0.350427;-0.497872;0.225532;-0.455319;0.174468;0.148936;0.012766;-0.582979;0.0978724;0.0468085;-0.361702;-0.114894;0.310638;-0.710638;-0.719149;-0.0212766;0.122172;-0.0588235;0.303167;-0.00452489;-0.294118;0.0316742;-0.0869566;-1;0.336957;0.293478;0.130435;0.304348;0.369565;0.369565;0.652174;-0.23913;0.423913;-0.0869566;-0.0978261;-0.304348;0.565217;-0.372549;0.0196078;-0.0784314;0.588235;-0.647059;-0.715686;-0.00980394;0.343137;-0.22549;-0.27451;-0.352941;0.588235;-0.27451;0.411765;0.117647;-0.27451;-0.0294118;0.117647;-0.666667;0.313726;-0.0784314;0.0686274;1;-0.495327;0.205607;-0.261682;0.299065;0.28972;0.252336;-0.158879;-0.0654206;0.28972;0.293023;-0.0325582;0.303571;-0.446429;-0.339286;-0.25;-0.205357;-0.598214;-0.0535715;-0.767857;0.107143;+1;0;+1;+1;-1

19.66;0.017094;0.353192;-0.497872;0.225532;-0.455319;0.174468;0.148936;0.012766;-0.582979;0.0978724;0.0468085;-0.361702;-0.114894;0.310638;-0.710638;-0.719149;0.040724;0.122172;-0.0588235;0.303167;-0.00452489;-0.294118;0.23913;-0.0869566;-1;0.336957;0.293478;0.130435;0.304348;0.369565;0.369565;0.652174;-0.23913;0.423913;-0.0869566;-0.0978261;-0.304348;0.411765;-0.372549;0.0196078;-0.0784314;0.588235;-0.647059;-0.715686;-0.00980394;0.343137;-0.22549;-0.27451;-0.352941;0.588235;-0.27451;0.411765;0.117647;-0.27451;-0.0294118;0.117647;-0.666667;0.313726;-0.0784314;0.0686274;0.906542;-0.495327;0.205607;-0.261682;0.299065;0.28972;0.252336;-0.158879;-0.0654206;0.283721;0.293023;-0.0714286;0.303571;-0.446429;-0.339286;-0.25;-0.205357;-0.598214;-0.0535715;-0.767857;-1;0;-1;-1;-1

19.24;-0.478632;0.0212766;0.353192;-0.497872;0.225532;-0.455319;0.174468;0.148936;0.012766;-0.582979;0.0978724;0.0468085;-0.361702;-0.114894;0.310638;-0.710638;-0.701357;0.040724;0.122172;-0.0588235;0.303167;-0.00452489;-0.152174;0.23913;-0.0869566;-1;0.336957;0.293478;0.130435;0.304348;0.369565;0.369565;0.652174;-0.23913;0.423913;-0.0869566;-0.0978261;-0.372549;0.411765;-0.372549;0.0196078;-0.0784314;0.588235;-0.647059;-0.715686;-0.00980394;0.343137;-0.22549;-0.27451;-0.352941;0.588235;-0.27451;0.411765;0.117647;-0.27451;-0.0294118;0.117647;-0.666667;0.313726;-0.0784314;0.0186916;0.906542;-0.495327;0.205607;-0.261682;0.299065;0.28972;0.252336;-0.158879;-0.0697675;0.283721;0.241071;-0.0714286;0.303571;-0.446429;-0.339286;-0.25;-0.205357;-0.598214;-0.0535715;-1;0;-1;-1;-1

18.49;-0.760684;-0.47234;0.0212766;0.353192;-0.497872;0.225532;-0.455319;0.174468;0.148936;0.012766;-0.582979;0.0978724;0.0468085;-0.361702;-0.114894;0.310638;-0.692308;-0.701357;0.040724;0.122172;-0.0588235;0.303167;0.195652;-0.152174;0.23913;-0.0869566;-1;0.336957;0.293478;0.130435;0.304348;0.369565;0.369565;0.652174;-0.23913;0.423913;-0.0869566;-0.186275;-0.372549;0.411765;-0.372549;0.0196078;-0.0784314;0.588235;-0.647059;-0.715686;-0.00980394;0.343137;-0.22549;-0.27451;-0.352941;0.588235;-0.27451;0.411765;0.117647;-0.27451;-0.0294118;0.117647;-0.666667;0.313726;-0.121495;0.0186916;0.906542;-0.495327;0.205607;-0.261682;0.299065;0.28972;0.252336;-0.162791;-0.0697675;0.232143;0.241071;-0.0714286;0.303571;-0.446429;-0.339286;-0.25;-0.205357;-0.598214;+1;0;+1;+1;-1

18.75;0.102564;-0.753192;-0.47234;0.0212766;0.353192;-0.497872;0.225532;-0.455319;0.174468;0.148936;0.012766;-0.582979;0.0978724;0.0468085;-0.361702;-0.114894;0.393665;-0.692308;-0.701357;0.040724;0.122172;-0.0588235;0.565217;0.195652;-0.152174;0.23913;-0.0869566;-1;0.336957;0.293478;0.130435;0.304348;0.369565;0.369565;0.652174;-0.23913;0.423913;-0.176471;-0.186275;-0.372549;0.411765;-0.372549;0.0196078;-0.0784314;0.588235;-0.647059;-0.715686;-0.00980394;0.343137;-0.22549;-0.27451;-0.352941;0.588235;-0.27451;0.411765;0.117647;-0.27451;-0.0294118;0.117647;-0.666667;0.252336;-0.121495;0.0186916;0.906542;-0.495327;0.205607;-0.261682;0.299065;0.28972;0.246512;-0.162791;-0.107143;0.232143;0.241071;-0.0714286;0.303571;-0.446429;-0.339286;-0.25;-0.205357;+1;0;+1;-1;-1

19.21;0.273504;0.106383;-0.753192;-0.47234;0.0212766;0.353192;-0.497872;0.225532;-0.455319;0.174468;0.148936;0.012766;-0.582979;0.0978724;0.0468085;-0.361702;-0.0588235;0.393665;-0.692308;-0.701357;0.040724;0.122172;0.130435;0.565217;0.195652;-0.152174;0.23913;-0.0869566;-1;0.336957;0.293478;0.130435;0.304348;0.369565;0.369565;0.652174;-0.23913;0.284314;-0.176471;-0.186275;-0.372549;0.411765;-0.372549;0.0196078;-0.0784314;0.588235;-0.647059;-0.715686;-0.00980394;0.343137;-0.22549;-0.27451;-0.352941;0.588235;-0.27451;0.411765;0.117647;-0.27451;-0.0294118;0.117647;-0.682243;0.252336;-0.121495;0.0186916;0.906542;-0.495327;0.205607;-0.261682;0.299065;0.283721;0.246512;-0.196429;-0.107143;0.232143;0.241071;-0.0714286;0.303571;-0.446429;-0.339286;-0.25;+1;0;+1;+1;-1

19.41;0.0512821;0.276596;0.106383;-0.753192;-0.47234;0.0212766;0.353192;-0.497872;0.225532;-0.455319;0.174468;0.148936;0.012766;-0.582979;0.0978724;0.0468085;-0.321267;-0.0588235;0.393665;-0.692308;-0.701357;0.040724;0.347826;0.130435;0.565217;0.195652;-0.152174;0.23913;-0.0869566;-1;0.336957;0.293478;0.130435;0.304348;0.369565;0.369565;0.652174;-0.313726;0.284314;-0.176471;-0.186275;-0.372549;0.411765;-0.372549;0.0196078;-0.0784314;0.588235;-0.647059;-0.715686;-0.00980394;0.343137;-0.22549;-0.27451;-0.352941;0.588235;-0.27451;0.411765;0.117647;-0.27451;-0.0294118;0.0654205;-0.682243;0.252336;-0.121495;0.0186916;0.906542;-0.495327;0.205607;-0.261682;0.293023;0.283721;0.196429;-0.196429;-0.107143;0.232143;0.241071;-0.0714286;0.303571;-0.446429;-0.339286;+1;0;+1;+1;-1

19.5;-0.042735;0.0553192;0.276596;0.106383;-0.753192;-0.47234;0.0212766;0.353192;-0.497872;0.225532;-0.455319;0.174468;0.148936;0.012766;-0.582979;0.0978724;0.113122;-0.321267;-0.0588235;0.393665;-0.692308;-0.701357;0.25;0.347826;0.130435;0.565217;0.195652;-0.152174;0.23913;-0.0869566;-1;0.336957;0.293478;0.130435;0.304348;0.369565;0.369565;0.490196;-0.313726;0.284314;-0.176471;-0.186275;-0.372549;0.411765;-0.372549;0.0196078;-0.0784314;0.588235;-0.647059;-0.715686;-0.00980394;0.343137;-0.22549;-0.27451;-0.352941;0.588235;-0.27451;0.411765;0.117647;-0.27451;-0.0747664;0.0654205;-0.682243;0.252336;-0.121495;0.0186916;0.906542;-0.495327;0.205607;-0.265116;0.293023;0.232143;0.196429;-0.196429;-0.107143;0.232143;0.241071;-0.0714286;0.303571;-0.446429;-1;0;-1;-1;-1

18.96;-0.581197;-0.0382979;0.0553192;0.276596;0.106383;-0.753192;-0.47234;0.0212766;0.353192;-0.497872;0.225532;-0.455319;0.174468;0.148936;0.012766;-0.582979;0.167421;0.113122;-0.321267;-0.0588235;0.393665;-0.692308;-0.641304;0.25;0.347826;0.130435;0.565217;0.195652;-0.152174;0.23913;-0.0869566;-1;0.336957;0.293478;0.130435;0.304348;0.369565;0.235294;0.490196;-0.313726;0.284314;-0.176471;-0.186275;-0.372549;0.411765;-0.372549;0.0196078;-0.0784314;0.588235;-0.647059;-0.715686;-0.00980394;0.343137;-0.22549;-0.27451;-0.352941;0.588235;-0.27451;0.411765;0.117647;-0.308411;-0.0747664;0.0654205;-0.682243;0.252336;-0.121495;0.0186916;0.906542;-0.495327;0.2;-0.265116;0.241071;0.232143;0.196429;-0.196429;-0.107143;0.232143;0.241071;-0.0714286;0.303571;-1;0;-1;-1;-1

18.7;-0.34188;-0.574468;-0.0382979;0.0553192;0.276596;0.106383;-0.753192;-0.47234;0.0212766;0.353192;-0.497872;0.225532;-0.455319;0.174468;0.148936;0.012766;-0.556561;0.167421;0.113122;-0.321267;-0.0588235;0.393665;-0.630435;-0.641304;0.25;0.347826;0.130435;0.565217;0.195652;-0.152174;0.23913;-0.0869566;-1;0.336957;0.293478;0.130435;0.304348;0.235294;0.235294;0.490196;-0.313726;0.284314;-0.176471;-0.186275;-0.372549;0.411765;-0.372549;0.0196078;-0.0784314;0.588235;-0.647059;-0.715686;-0.00980394;0.343137;-0.22549;-0.27451;-0.352941;0.588235;-0.27451;0.411765;0.0654205;-0.308411;-0.0747664;0.0654205;-0.682243;0.252336;-0.121495;0.0186916;0.906542;-0.497674;0.2;-0.294643;0.241071;0.232143;0.196429;-0.196429;-0.107143;0.232143;0.241071;-0.0714286;+1;0;+1;-1;-1

19.5;0.564103;-0.33617;-0.574468;-0.0382979;0.0553192;0.276596;0.106383;-0.753192;-0.47234;0.0212766;0.353192;-0.497872;0.225532;-0.455319;0.174468;0.148936;0.0769231;-0.556561;0.167421;0.113122;-0.321267;-0.0588235;0.673913;-0.630435;-0.641304;0.25;0.347826;0.130435;0.565217;0.195652;-0.152174;0.23913;-0.0869566;-1;0.336957;0.293478;0.130435;0.176471;0.235294;0.235294;0.490196;-0.313726;0.284314;-0.176471;-0.186275;-0.372549;0.411765;-0.372549;0.0196078;-0.0784314;0.588235;-0.647059;-0.715686;-0.00980394;0.343137;-0.22549;-0.27451;-0.352941;0.588235;-0.27451;0.345794;0.0654205;-0.308411;-0.0747664;0.0654205;-0.682243;0.252336;-0.121495;0.0186916;0.897674;-0.497674;0.151786;-0.294643;0.241071;0.232143;0.196429;-0.196429;-0.107143;0.232143;0.241071;-1;0;+1;-1;-1

19.25;-0.333333;0.565957;-0.33617;-0.574468;-0.0382979;0.0553192;0.276596;0.106383;-0.753192;-0.47234;0.0212766;0.353192;-0.497872;0.225532;-0.455319;0.174468;0.221719;0.0769231;-0.556561;0.167421;0.113122;-0.321267;0.130435;0.673913;-0.630435;-0.641304;0.25;0.347826;0.130435;0.565217;0.195652;-0.152174;0.23913;-0.0869566;-1;0.336957;0.293478;0.0196078;0.176471;0.235294;0.235294;0.490196;-0.313726;0.284314;-0.176471;-0.186275;-0.372549;0.411765;-0.372549;0.0196078;-0.0784314;0.588235;-0.647059;-0.715686;-0.00980394;0.343137;-0.22549;-0.27451;-0.352941;0.588235;-0.308411;0.345794;0.0654205;-0.308411;-0.0747664;0.0654205;-0.682243;0.252336;-0.121495;0.0139535;0.897674;-0.517857;0.151786;-0.294643;0.241071;0.232143;0.196429;-0.196429;-0.107143;0.232143;-1;0;-1;-1;-1

19.17;-0.188034;-0.32766;0.565957;-0.33617;-0.574468;-0.0382979;0.0553192;0.276596;0.106383;-0.753192;-0.47234;0.0212766;0.353192;-0.497872;0.225532;-0.455319;0.248869;0.221719;0.0769231;-0.556561;0.167421;0.113122;-0.184783;0.130435;0.673913;-0.630435;-0.641304;0.25;0.347826;0.130435;0.565217;0.195652;-0.152174;0.23913;-0.0869566;-1;0.336957;0.166667;0.0196078;0.176471;0.235294;0.235294;0.490196;-0.313726;0.284314;-0.176471;-0.186275;-0.372549;0.411765;-0.372549;0.0196078;-0.0784314;0.588235;-0.647059;-0.715686;-0.00980394;0.343137;-0.22549;-0.27451;-0.352941;0.514019;-0.308411;0.345794;0.0654205;-0.308411;-0.0747664;0.0654205;-0.682243;0.252336;-0.125581;0.0139535;0.821429;-0.517857;0.151786;-0.294643;0.241071;0.232143;0.196429;-0.196429;-0.107143;+1;0;+1;+1;-1

19.5;0.162393;-0.182979;-0.32766;0.565957;-0.33617;-0.574468;-0.0382979;0.0553192;0.276596;0.106383;-0.753192;-0.47234;0.0212766;0.353192;-0.497872;0.225532;-0.420814;0.248869;0.221719;0.0769231;-0.556561;0.167421;0.336957;-0.184783;0.130435;0.673913;-0.630435;-0.641304;0.25;0.347826;0.130435;0.565217;0.195652;-0.152174;0.23913;-0.0869566;-1;0.205882;0.166667;0.0196078;0.176471;0.235294;0.235294;0.490196;-0.313726;0.284314;-0.176471;-0.186275;-0.372549;0.411765;-0.372549;0.0196078;-0.0784314;0.588235;-0.647059;-0.715686;-0.00980394;0.343137;-0.22549;-0.27451;-0.383178;0.514019;-0.308411;0.345794;0.0654205;-0.308411;-0.0747664;0.0654205;-0.682243;0.246512;-0.125581;-0.0267858;0.821429;-0.517857;0.151786;-0.294643;0.241071;0.232143;0.196429;-0.196429;-1;0;-1;-1;-1

19.3;-0.290598;0.165957;-0.182979;-0.32766;0.565957;-0.33617;-0.574468;-0.0382979;0.0553192;0.276596;0.106383;-0.753192;-0.47234;0.0212766;0.353192;-0.497872;0.303167;-0.420814;0.248869;0.221719;0.0769231;-0.556561;0.402174;0.336957;-0.184783;0.130435;0.673913;-0.630435;-0.641304;0.25;0.347826;0.130435;0.565217;0.195652;-0.152174;0.23913;-0.0869566;-1;0.205882;0.166667;0.0196078;0.176471;0.235294;0.235294;0.490196;-0.313726;0.284314;-0.176471;-0.186275;-0.372549;0.411765;-0.372549;0.0196078;-0.0784314;0.588235;-0.647059;-0.715686;-0.00980394;0.343137;-0.22549;-0.308411;-0.383178;0.514019;-0.308411;0.345794;0.0654205;-0.308411;-0.0747664;0.0654205;-0.683721;0.246512;-0.160714;-0.0267858;0.821429;-0.517857;0.151786;-0.294643;0.241071;0.232143;0.196429;-1;0;-1;-1;-1

19.3;-0.119658;-0.285106;0.165957;-0.182979;-0.32766;0.565957;-0.33617;-0.574468;-0.0382979;0.0553192;0.276596;0.106383;-0.753192;-0.47234;0.0212766;0.353192;-0.466063;0.303167;-0.420814;0.248869;0.221719;0.0769231;-0.467391;0.402174;0.336957;-0.184783;0.130435;0.673913;-0.630435;-0.641304;0.25;0.347826;0.130435;0.565217;0.195652;-0.152174;0.23913;-0.176471;-1;0.205882;0.166667;0.0196078;0.176471;0.235294;0.235294;0.490196;-0.313726;0.284314;-0.176471;-0.186275;-0.372549;0.411765;-0.372549;0.0196078;-0.0784314;0.588235;-0.647059;-0.715686;-0.00980394;0.343137;-0.261682;-0.308411;-0.383178;0.514019;-0.308411;0.345794;0.0654205;-0.308411;-0.0747664;0.0604651;-0.683721;0.196429;-0.160714;-0.0267858;0.821429;-0.517857;0.151786;-0.294643;0.241071;0.232143;+1;0;+1;+1;-1

19.7;0.222222;-0.114894;-0.285106;0.165957;-0.182979;-0.32766;0.565957;-0.33617;-0.574468;-0.0382979;0.0553192;0.276596;0.106383;-0.753192;-0.47234;0.0212766;0.438914;-0.466063;0.303167;-0.420814;0.248869;0.221719;0.293478;-0.467391;0.402174;0.336957;-0.184783;0.130435;0.673913;-0.630435;-0.641304;0.25;0.347826;0.130435;0.565217;0.195652;-0.152174;0.117647;-0.176471;-1;0.205882;0.166667;0.0196078;0.176471;0.235294;0.235294;0.490196;-0.313726;0.284314;-0.176471;-0.186275;-0.372549;0.411765;-0.372549;0.0196078;-0.0784314;0.588235;-0.647059;-0.715686;-0.00980394;0.280374;-0.261682;-0.308411;-0.383178;0.514019;-0.308411;0.345794;0.0654205;-0.308411;-0.0790698;0.0604651;-0.696429;0.196429;-0.160714;-0.0267858;0.821429;-0.517857;0.151786;-0.294643;0.241071;-1;0;-1;-1;-1

19;-0.717949;0.225532;-0.114894;-0.285106;0.165957;-0.182979;-0.32766;0.565957;-0.33617;-0.574468;-0.0382979;0.0553192;0.276596;0.106383;-0.753192;-0.47234;0.0859729;0.438914;-0.466063;0.303167;-0.420814;0.248869;0.467391;0.293478;-0.467391;0.402174;0.336957;-0.184783;0.130435;0.673913;-0.630435;-0.641304;0.25;0.347826;0.130435;0.565217;0.195652;-0.235294;0.117647;-0.176471;-1;0.205882;0.166667;0.0196078;0.176471;0.235294;0.235294;0.490196;-0.313726;0.284314;-0.176471;-0.186275;-0.372549;0.411765;-0.372549;0.0196078;-0.0784314;0.588235;-0.647059;-0.715686;-0.0560748;0.280374;-0.261682;-0.308411;-0.383178;0.514019;-0.308411;0.345794;0.0654205;-0.311628;-0.0790698;0.0178571;-0.696429;0.196429;-0.160714;-0.0267858;0.821429;-0.517857;0.151786;-0.294643;+1;0;-1;-1;-1

19.34;0.17094;-0.710638;0.225532;-0.114894;-0.285106;0.165957;-0.182979;-0.32766;0.565957;-0.33617;-0.574468;-0.0382979;0.0553192;0.276596;0.106383;-0.753192;-0.438914;0.0859729;0.438914;-0.466063;0.303167;-0.420814;0.5;0.467391;0.293478;-0.467391;0.402174;0.336957;-0.184783;0.130435;0.673913;-0.630435;-0.641304;0.25;0.347826;0.130435;0.565217;0.0784314;-0.235294;0.117647;-0.176471;-1;0.205882;0.166667;0.0196078;0.176471;0.235294;0.235294;0.490196;-0.313726;0.284314;-0.176471;-0.186275;-0.372549;0.411765;-0.372549;0.0196078;-0.0784314;0.588235;-0.647059;-0.728972;-0.0560748;0.280374;-0.261682;-0.308411;-0.383178;0.514019;-0.308411;0.345794;0.0604651;-0.311628;-0.116071;0.0178571;-0.696429;0.196429;-0.160714;-0.0267858;0.821429;-0.517857;0.151786;+1;0;+1;+1;-1

19.63;0.128205;0.174468;-0.710638;0.225532;-0.114894;-0.285106;0.165957;-0.182979;-0.32766;0.565957;-0.33617;-0.574468;-0.0382979;0.0553192;0.276596;0.106383;-0.737557;-0.438914;0.0859729;0.438914;-0.466063;0.303167;-0.304348;0.5;0.467391;0.293478;-0.467391;0.402174;0.336957;-0.184783;0.130435;0.673913;-0.630435;-0.641304;0.25;0.347826;0.130435;0.411765;0.0784314;-0.235294;0.117647;-0.176471;-1;0.205882;0.166667;0.0196078;0.176471;0.235294;0.235294;0.490196;-0.313726;0.284314;-0.176471;-0.186275;-0.372549;0.411765;-0.372549;0.0196078;-0.0784314;0.588235;-0.663551;-0.728972;-0.0560748;0.280374;-0.261682;-0.308411;-0.383178;0.514019;-0.308411;0.339535;0.0604651;-0.339286;-0.116071;0.0178571;-0.696429;0.196429;-0.160714;-0.0267858;0.821429;-0.517857;+1;0;-1;-1;-1

19.8;0.025641;0.131915;0.174468;-0.710638;0.225532;-0.114894;-0.285106;0.165957;-0.182979;-0.32766;0.565957;-0.33617;-0.574468;-0.0382979;0.0553192;0.276596;0.176471;-0.737557;-0.438914;0.0859729;0.438914;-0.466063;0.565217;-0.304348;0.5;0.467391;0.293478;-0.467391;0.402174;0.336957;-0.184783;0.130435;0.673913;-0.630435;-0.641304;0.25;0.347826;0.0196078;0.411765;0.0784314;-0.235294;0.117647;-0.176471;-1;0.205882;0.166667;0.0196078;0.176471;0.235294;0.235294;0.490196;-0.313726;0.284314;-0.176471;-0.186275;-0.372549;0.411765;-0.372549;0.0196078;-0.0784314;0.514019;-0.663551;-0.728972;-0.0560748;0.280374;-0.261682;-0.308411;-0.383178;0.514019;-0.311628;0.339535;0.0178571;-0.339286;-0.116071;0.0178571;-0.696429;0.196429;-0.160714;-0.0267858;0.821429;-1;0;-1;-1;-1

19.8;-0.119658;0.0297872;0.131915;0.174468;-0.710638;0.225532;-0.114894;-0.285106;0.165957;-0.182979;-0.32766;0.565957;-0.33617;-0.574468;-0.0382979;0.0553192;0.357466;0.176471;-0.737557;-0.438914;0.0859729;0.438914;-0.358696;0.565217;-0.304348;0.5;0.467391;0.293478;-0.467391;0.402174;0.336957;-0.184783;0.130435;0.673913;-0.630435;-0.641304;0.25;0.215686;0.0196078;0.411765;0.0784314;-0.235294;0.117647;-0.176471;-1;0.205882;0.166667;0.0196078;0.176471;0.235294;0.235294;0.490196;-0.313726;0.284314;-0.176471;-0.186275;-0.372549;0.411765;-0.372549;0.0196078;-0.121495;0.514019;-0.663551;-0.728972;-0.0560748;0.280374;-0.261682;-0.308411;-0.383178;0.506977;-0.311628;0.285714;0.0178571;-0.339286;-0.116071;0.0178571;-0.696429;0.196429;-0.160714;-0.0267858;+1;0;-1;-1;-1

20.08;0.119658;-0.114894;0.0297872;0.131915;0.174468;-0.710638;0.225532;-0.114894;-0.285106;0.165957;-0.182979;-0.32766;0.565957;-0.33617;-0.574468;-0.0382979;0.122172;0.357466;0.176471;-0.737557;-0.438914;0.0859729;0.728261;-0.358696;0.565217;-0.304348;0.5;0.467391;0.293478;-0.467391;0.402174;0.336957;-0.184783;0.130435;0.673913;-0.630435;-0.641304;0.127451;0.215686;0.0196078;0.411765;0.0784314;-0.235294;0.117647;-0.176471;-1;0.205882;0.166667;0.0196078;0.176471;0.235294;0.235294;0.490196;-0.313726;0.284314;-0.176471;-0.186275;-0.372549;0.411765;-0.372549;-0.0280374;-0.121495;0.514019;-0.663551;-0.728972;-0.0560748;0.280374;-0.261682;-0.308411;-0.386047;0.506977;-0.339286;0.285714;0.0178571;-0.339286;-0.116071;0.0178571;-0.696429;0.196429;-0.160714;-1;0;-1;-1;-1

19.71;-0.435897;0.123404;-0.114894;0.0297872;0.131915;0.174468;-0.710638;0.225532;-0.114894;-0.285106;0.165957;-0.182979;-0.32766;0.565957;-0.33617;-0.574468;0.0226244;0.122172;0.357466;0.176471;-0.737557;-0.438914;0.304348;0.728261;-0.358696;0.565217;-0.304348;0.5;0.467391;0.293478;-0.467391;0.402174;0.336957;-0.184783;0.130435;0.673913;-0.630435;-0.676471;0.127451;0.215686;0.0196078;0.411765;0.0784314;-0.235294;0.117647;-0.176471;-1;0.205882;0.166667;0.0196078;0.176471;0.235294;0.235294;0.490196;-0.313726;0.284314;-0.176471;-0.186275;-0.372549;0.411765;-0.401869;-0.0280374;-0.121495;0.514019;-0.663551;-0.728972;-0.0560748;0.280374;-0.261682;-0.311628;-0.386047;0.446429;-0.339286;0.285714;0.0178571;-0.339286;-0.116071;0.0178571;-0.696429;0.196429;+1;0;+1;+1;-1

19.88;0.025641;-0.429787;0.123404;-0.114894;0.0297872;0.131915;0.174468;-0.710638;0.225532;-0.114894;-0.285106;0.165957;-0.182979;-0.32766;0.565957;-0.33617;-0.547511;0.0226244;0.122172;0.357466;0.176471;-0.737557;-0.326087;0.304348;0.728261;-0.358696;0.565217;-0.304348;0.5;0.467391;0.293478;-0.467391;0.402174;0.336957;-0.184783;0.130435;0.673913;-0.666667;-0.676471;0.127451;0.215686;0.0196078;0.411765;0.0784314;-0.235294;0.117647;-0.176471;-1;0.205882;0.166667;0.0196078;0.176471;0.235294;0.235294;0.490196;-0.313726;0.284314;-0.176471;-0.186275;-0.372549;0.345794;-0.401869;-0.0280374;-0.121495;0.514019;-0.663551;-0.728972;-0.0560748;0.280374;-0.265116;-0.311628;-0.410714;0.446429;-0.339286;0.285714;0.0178571;-0.339286;-0.116071;0.0178571;-0.696429;-1;0;-1;-1;-1

19.69;-0.282051;0.0297872;-0.429787;0.123404;-0.114894;0.0297872;0.131915;0.174468;-0.710638;0.225532;-0.114894;-0.285106;0.165957;-0.182979;-0.32766;0.565957;-0.294118;-0.547511;0.0226244;0.122172;0.357466;0.176471;-0.684783;-0.326087;0.304348;0.728261;-0.358696;0.565217;-0.304348;0.5;0.467391;0.293478;-0.467391;0.402174;0.336957;-0.184783;0.130435;0.509804;-0.666667;-0.676471;0.127451;0.215686;0.0196078;0.411765;0.0784314;-0.235294;0.117647;-0.176471;-1;0.205882;0.166667;0.0196078;0.176471;0.235294;0.235294;0.490196;-0.313726;0.284314;-0.176471;-0.186275;-0.401869;0.345794;-0.401869;-0.0280374;-0.121495;0.514019;-0.663551;-0.728972;-0.0560748;0.274419;-0.265116;-0.339286;-0.410714;0.446429;-0.339286;0.285714;0.0178571;-0.339286;-0.116071;0.0178571;-1;0;-1;-1;-1

19.59;-0.205128;-0.276596;0.0297872;-0.429787;0.123404;-0.114894;0.0297872;0.131915;0.174468;-0.710638;0.225532;-0.114894;-0.285106;0.165957;-0.182979;-0.32766;0.665158;-0.294118;-0.547511;0.0226244;0.122172;0.357466;0.413043;-0.684783;-0.326087;0.304348;0.728261;-0.358696;0.565217;-0.304348;0.5;0.467391;0.293478;-0.467391;0.402174;0.336957;-0.184783;0.0196078;0.509804;-0.666667;-0.676471;0.127451;0.215686;0.0196078;0.411765;0.0784314;-0.235294;0.117647;-0.176471;-1;0.205882;0.166667;0.0196078;0.176471;0.235294;0.235294;0.490196;-0.313726;0.284314;-0.176471;-0.224299;-0.401869;0.345794;-0.401869;-0.0280374;-0.121495;0.514019;-0.663551;-0.728972;-0.0604651;0.274419;-0.294643;-0.339286;-0.410714;0.446429;-0.339286;0.285714;0.0178571;-0.339286;-0.116071;+1;0;+1;+1;-1

19.9;0.145299;-0.2;-0.276596;0.0297872;-0.429787;0.123404;-0.114894;0.0297872;0.131915;0.174468;-0.710638;0.225532;-0.114894;-0.285106;0.165957;-0.182979;-0.285068;0.665158;-0.294118;-0.547511;0.0226244;0.122172;0.630435;0.413043;-0.684783;-0.326087;0.304348;0.728261;-0.358696;0.565217;-0.304348;0.5;0.467391;0.293478;-0.467391;0.402174;0.336957;-0.264706;0.0196078;0.509804;-0.666667;-0.676471;0.127451;0.215686;0.0196078;0.411765;0.0784314;-0.235294;0.117647;-0.176471;-1;0.205882;0.166667;0.0196078;0.176471;0.235294;0.235294;0.490196;-0.313726;0.284314;-0.214953;-0.224299;-0.401869;0.345794;-0.401869;-0.0280374;-0.121495;0.514019;-0.663551;-0.730233;-0.0604651;0.223214;-0.294643;-0.339286;-0.410714;0.446429;-0.339286;0.285714;0.0178571;-0.339286;-1;0;-1;-1;-1

19.79;-0.213675;0.148936;-0.2;-0.276596;0.0297872;-0.429787;0.123404;-0.114894;0.0297872;0.131915;0.174468;-0.710638;0.225532;-0.114894;-0.285106;0.165957;-0.131222;-0.285068;0.665158;-0.294118;-0.547511;0.0226244;0.347826;0.630435;0.413043;-0.684783;-0.326087;0.304348;0.728261;-0.358696;0.565217;-0.304348;0.5;0.467391;0.293478;-0.467391;0.402174;0.205882;-0.264706;0.0196078;0.509804;-0.666667;-0.676471;0.127451;0.215686;0.0196078;0.411765;0.0784314;-0.235294;0.117647;-0.176471;-1;0.205882;0.166667;0.0196078;0.176471;0.235294;0.235294;0.490196;-0.313726;0.224299;-0.214953;-0.224299;-0.401869;0.345794;-0.401869;-0.0280374;-0.121495;0.514019;-0.665116;-0.730233;-0.0982143;0.223214;-0.294643;-0.339286;-0.410714;0.446429;-0.339286;0.285714;0.0178571;-1;0;-1;-1;-1

18.76;-1;-0.208511;0.148936;-0.2;-0.276596;0.0297872;-0.429787;0.123404;-0.114894;0.0297872;0.131915;0.174468;-0.710638;0.225532;-0.114894;-0.285106;0.239819;-0.131222;-0.285068;0.665158;-0.294118;-0.547511;0.228261;0.347826;0.630435;0.413043;-0.684783;-0.326087;0.304348;0.728261;-0.358696;0.565217;-0.304348;0.5;0.467391;0.293478;-0.467391;0.264706;0.205882;-0.264706;0.0196078;0.509804;-0.666667;-0.676471;0.127451;0.215686;0.0196078;0.411765;0.0784314;-0.235294;0.117647;-0.176471;-1;0.205882;0.166667;0.0196078;0.176471;0.235294;0.235294;0.490196;-0.345794;0.224299;-0.214953;-0.224299;-0.401869;0.345794;-0.401869;-0.0280374;-0.121495;0.506977;-0.665116;-0.741071;-0.0982143;0.223214;-0.294643;-0.339286;-0.410714;0.446429;-0.339286;0.285714;-1;0;-1;-1;-1

18.42;-0.410256;-0.991489;-0.208511;0.148936;-0.2;-0.276596;0.0297872;-0.429787;0.123404;-0.114894;0.0297872;0.131915;0.174468;-0.710638;0.225532;-0.114894;-0.239819;0.239819;-0.131222;-0.285068;0.665158;-0.294118;-0.456522;0.228261;0.347826;0.630435;0.413043;-0.684783;-0.326087;0.304348;0.728261;-0.358696;0.565217;-0.304348;0.5;0.467391;0.293478;-0.519608;0.264706;0.205882;-0.264706;0.0196078;0.509804;-0.666667;-0.676471;0.127451;0.215686;0.0196078;0.411765;0.0784314;-0.235294;0.117647;-0.176471;-1;0.205882;0.166667;0.0196078;0.176471;0.235294;0.235294;0.420561;-0.345794;0.224299;-0.214953;-0.224299;-0.401869;0.345794;-0.401869;-0.0280374;-0.125581;0.506977;-0.678571;-0.741071;-0.0982143;0.223214;-0.294643;-0.339286;-0.410714;0.446429;-0.339286;-1;0;-1;-1;-1

18.25;-0.264957;-0.404255;-0.991489;-0.208511;0.148936;-0.2;-0.276596;0.0297872;-0.429787;0.123404;-0.114894;0.0297872;0.131915;0.174468;-0.710638;0.225532;-0.0588235;-0.239819;0.239819;-0.131222;-0.285068;0.665158;-0.152174;-0.456522;0.228261;0.347826;0.630435;0.413043;-0.684783;-0.326087;0.304348;0.728261;-0.358696;0.565217;-0.304348;0.5;0.467391;0.166667;-0.519608;0.264706;0.205882;-0.264706;0.0196078;0.509804;-0.666667;-0.676471;0.127451;0.215686;0.0196078;0.411765;0.0784314;-0.235294;0.117647;-0.176471;-1;0.205882;0.166667;0.0196078;0.176471;0.235294;0.17757;0.420561;-0.345794;0.224299;-0.214953;-0.224299;-0.401869;0.345794;-0.401869;-0.0325582;-0.125581;0.446429;-0.678571;-0.741071;-0.0982143;0.223214;-0.294643;-0.339286;-0.410714;0.446429;-1;0;-1;-1;-1

18.2;-0.162393;-0.259574;-0.404255;-0.991489;-0.208511;0.148936;-0.2;-0.276596;0.0297872;-0.429787;0.123404;-0.114894;0.0297872;0.131915;0.174468;-0.710638;0.303167;-0.0588235;-0.239819;0.239819;-0.131222;-0.285068;1;-0.152174;-0.456522;0.228261;0.347826;0.630435;0.413043;-0.684783;-0.326087;0.304348;0.728261;-0.358696;0.565217;-0.304348;0.5;0.323529;0.166667;-0.519608;0.264706;0.205882;-0.264706;0.0196078;0.509804;-0.666667;-0.676471;0.127451;0.215686;0.0196078;0.411765;0.0784314;-0.235294;0.117647;-0.176471;-1;0.205882;0.166667;0.0196078;0.176471;0.17757;0.17757;0.420561;-0.345794;0.224299;-0.214953;-0.224299;-0.401869;0.345794;-0.404651;-0.0325582;-0.160714;0.446429;-0.678571;-0.741071;-0.0982143;0.223214;-0.294643;-0.339286;-0.410714;+1;0;+1;+1;-1

18.8;0.393162;-0.157447;-0.259574;-0.404255;-0.991489;-0.208511;0.148936;-0.2;-0.276596;0.0297872;-0.429787;0.123404;-0.114894;0.0297872;0.131915;0.174468;-0.692308;0.303167;-0.0588235;-0.239819;0.239819;-0.131222;-0.141304;1;-0.152174;-0.456522;0.228261;0.347826;0.630435;0.413043;-0.684783;-0.326087;0.304348;0.728261;-0.358696;0.565217;-0.304348;0.352941;0.323529;0.166667;-0.519608;0.264706;0.205882;-0.264706;0.0196078;0.509804;-0.666667;-0.676471;0.127451;0.215686;0.0196078;0.411765;0.0784314;-0.235294;0.117647;-0.176471;-1;0.205882;0.166667;0.0196078;0.121495;0.17757;0.17757;0.420561;-0.345794;0.224299;-0.214953;-0.224299;-0.401869;0.339535;-0.404651;-0.0714286;-0.160714;0.446429;-0.678571;-0.741071;-0.0982143;0.223214;-0.294643;-0.339286;-1;0;+1;-1;-1

18.61;-0.282051;0.395745;-0.157447;-0.259574;-0.404255;-0.991489;-0.208511;0.148936;-0.2;-0.276596;0.0297872;-0.429787;0.123404;-0.114894;0.0297872;0.131915;0.248869;-0.692308;0.303167;-0.0588235;-0.239819;0.239819;0.0434782;-0.141304;1;-0.152174;-0.456522;0.228261;0.347826;0.630435;0.413043;-0.684783;-0.326087;0.304348;0.728261;-0.358696;0.565217;-0.372549;0.352941;0.323529;0.166667;-0.519608;0.264706;0.205882;-0.264706;0.0196078;0.509804;-0.666667;-0.676471;0.127451;0.215686;0.0196078;0.411765;0.0784314;-0.235294;0.117647;-0.176471;-1;0.205882;0.166667;-0.0280374;0.121495;0.17757;0.17757;0.420561;-0.345794;0.224299;-0.214953;-0.224299;-0.404651;0.339535;-0.428571;-0.0714286;-0.160714;0.446429;-0.678571;-0.741071;-0.0982143;0.223214;-0.294643;-1;0;-1;-1;-1

18.6;-0.128205;-0.276596;0.395745;-0.157447;-0.259574;-0.404255;-0.991489;-0.208511;0.148936;-0.2;-0.276596;0.0297872;-0.429787;0.123404;-0.114894;0.0297872;0.20362;0.248869;-0.692308;0.303167;-0.0588235;-0.239819;0.48913;0.0434782;-0.141304;1;-0.152174;-0.456522;0.228261;0.347826;0.630435;0.413043;-0.684783;-0.326087;0.304348;0.728261;-0.358696;0.411765;-0.372549;0.352941;0.323529;0.166667;-0.519608;0.264706;0.205882;-0.264706;0.0196078;0.509804;-0.666667;-0.676471;0.127451;0.215686;0.0196078;0.411765;0.0784314;-0.235294;0.117647;-0.176471;-1;0.205882;0.11215;-0.0280374;0.121495;0.17757;0.17757;0.420561;-0.345794;0.224299;-0.214953;-0.227907;-0.404651;0.285714;-0.428571;-0.0714286;-0.160714;0.446429;-0.678571;-0.741071;-0.0982143;0.223214;+1;0;+1;+1;-1

19.15;0.350427;-0.123404;-0.276596;0.395745;-0.157447;-0.259574;-0.404255;-0.991489;-0.208511;0.148936;-0.2;-0.276596;0.0297872;-0.429787;0.123404;-0.114894;0.0950226;0.20362;0.248869;-0.692308;0.303167;-0.0588235;-0.0869566;0.48913;0.0434782;-0.141304;1;-0.152174;-0.456522;0.228261;0.347826;0.630435;0.413043;-0.684783;-0.326087;0.304348;0.728261;-0.421569;0.411765;-0.372549;0.352941;0.323529;0.166667;-0.519608;0.264706;0.205882;-0.264706;0.0196078;0.509804;-0.666667;-0.676471;0.127451;0.215686;0.0196078;0.411765;0.0784314;-0.235294;0.117647;-0.176471;-1;0.149533;0.11215;-0.0280374;0.121495;0.17757;0.17757;0.420561;-0.345794;0.224299;-0.218605;-0.227907;-0.428571;0.285714;-0.428571;-0.0714286;-0.160714;0.446429;-0.678571;-0.741071;-0.0982143;+1;0;+1;+1;-1

19.61;0.273504;0.353192;-0.123404;-0.276596;0.395745;-0.157447;-0.259574;-0.404255;-0.991489;-0.208511;0.148936;-0.2;-0.276596;0.0297872;-0.429787;0.123404;-0.0588235;0.0950226;0.20362;0.248869;-0.692308;0.303167;0.130435;-0.0869566;0.48913;0.0434782;-0.141304;1;-0.152174;-0.456522;0.228261;0.347826;0.630435;0.413043;-0.684783;-0.326087;0.304348;0.558824;-0.421569;0.411765;-0.372549;0.352941;0.323529;0.166667;-0.519608;0.264706;0.205882;-0.264706;0.0196078;0.509804;-0.666667;-0.676471;0.127451;0.215686;0.0196078;0.411765;0.0784314;-0.235294;0.117647;-0.176471;-1;0.149533;0.11215;-0.0280374;0.121495;0.17757;0.17757;0.420561;-0.345794;0.218605;-0.218605;-0.258929;-0.428571;0.285714;-0.428571;-0.0714286;-0.160714;0.446429;-0.678571;-0.741071;-1;0;-1;-1;-1

19.52;-0.196581;0.276596;0.353192;-0.123404;-0.276596;0.395745;-0.157447;-0.259574;-0.404255;-0.991489;-0.208511;0.148936;-0.2;-0.276596;0.0297872;-0.429787;0.19457;-0.0588235;0.0950226;0.20362;0.248869;-0.692308;0.565217;0.130435;-0.0869566;0.48913;0.0434782;-0.141304;1;-0.152174;-0.456522;0.228261;0.347826;0.630435;0.413043;-0.684783;-0.326087;0.176471;0.558824;-0.421569;0.411765;-0.372549;0.352941;0.323529;0.166667;-0.519608;0.264706;0.205882;-0.264706;0.0196078;0.509804;-0.666667;-0.676471;0.127451;0.215686;0.0196078;0.411765;0.0784314;-0.235294;0.117647;-0.214953;-1;0.149533;0.11215;-0.0280374;0.121495;0.17757;0.17757;0.420561;-0.348837;0.218605;-0.25;-0.258929;-0.428571;0.285714;-0.428571;-0.0714286;-0.160714;0.446429;-0.678571;-1;0;-1;-1;-1

19.3;-0.307692;-0.191489;0.276596;0.353192;-0.123404;-0.276596;0.395745;-0.157447;-0.259574;-0.404255;-0.991489;-0.208511;0.148936;-0.2;-0.276596;0.0297872;-0.393665;0.19457;-0.0588235;0.0950226;0.20362;0.248869;-0.630435;0.565217;0.130435;-0.0869566;0.48913;0.0434782;-0.141304;1;-0.152174;-0.456522;0.228261;0.347826;0.630435;0.413043;-0.684783;-0.392157;0.176471;0.558824;-0.421569;0.411765;-0.372549;0.352941;0.323529;0.166667;-0.519608;0.264706;0.205882;-0.264706;0.0196078;0.509804;-0.666667;-0.676471;0.127451;0.215686;0.0196078;0.411765;0.0784314;-0.235294;0.0654205;-0.214953;-1;0.149533;0.11215;-0.0280374;0.121495;0.17757;0.17757;0.413953;-0.348837;0.169643;-0.25;-0.258929;-0.428571;0.285714;-0.428571;-0.0714286;-0.160714;0.446429;-1;0;-1;-1;-1

18.85;-0.504273;-0.302128;-0.191489;0.276596;0.353192;-0.123404;-0.276596;0.395745;-0.157447;-0.259574;-0.404255;-0.991489;-0.208511;0.148936;-0.2;-0.276596;0.0950226;-0.393665;0.19457;-0.0588235;0.0950226;0.20362;0.5;-0.630435;0.565217;0.130435;-0.0869566;0.48913;0.0434782;-0.141304;1;-0.152174;-0.456522;0.228261;0.347826;0.630435;0.413043;-0.715686;-0.392157;0.176471;0.558824;-0.421569;0.411765;-0.372549;0.352941;0.323529;0.166667;-0.519608;0.264706;0.205882;-0.264706;0.0196078;0.509804;-0.666667;-0.676471;0.127451;0.215686;0.0196078;0.411765;0.0784314;-0.271028;0.0654205;-0.214953;-1;0.149533;0.11215;-0.0280374;0.121495;0.17757;0.172093;0.413953;-0.375;0.169643;-0.25;-0.258929;-0.428571;0.285714;-0.428571;-0.0714286;-0.160714;-1;0;-1;-1;-1

18.4;-0.504273;-0.497872;-0.302128;-0.191489;0.276596;0.353192;-0.123404;-0.276596;0.395745;-0.157447;-0.259574;-0.404255;-0.991489;-0.208511;0.148936;-0.2;-0.230769;0.0950226;-0.393665;0.19457;-0.0588235;0.0950226;0.445652;0.5;-0.630435;0.565217;0.130435;-0.0869566;0.48913;0.0434782;-0.141304;1;-0.152174;-0.456522;0.228261;0.347826;0.630435;0.27451;-0.715686;-0.392157;0.176471;0.558824;-0.421569;0.411765;-0.372549;0.352941;0.323529;0.166667;-0.519608;0.264706;0.205882;-0.264706;0.0196078;0.509804;-0.666667;-0.676471;0.127451;0.215686;0.0196078;0.411765;0.0280374;-0.271028;0.0654205;-0.214953;-1;0.149533;0.11215;-0.0280374;0.121495;0.172093;0.172093;0.357143;-0.375;0.169643;-0.25;-0.258929;-0.428571;0.285714;-0.428571;-0.0714286;+1;0;+1;+1;-1

18.65;0.0940171;-0.497872;-0.497872;-0.302128;-0.191489;0.276596;0.353192;-0.123404;-0.276596;0.395745;-0.157447;-0.259574;-0.404255;-0.991489;-0.208511;0.148936;-0.149321;-0.230769;0.0950226;-0.393665;0.19457;-0.0588235;0.315217;0.445652;0.5;-0.630435;0.565217;0.130435;-0.0869566;0.48913;0.0434782;-0.141304;1;-0.152174;-0.456522;0.228261;0.347826;0.470588;0.27451;-0.715686;-0.392157;0.176471;0.558824;-0.421569;0.411765;-0.372549;0.352941;0.323529;0.166667;-0.519608;0.264706;0.205882;-0.264706;0.0196078;0.509804;-0.666667;-0.676471;0.127451;0.215686;0.0196078;0.345794;0.0280374;-0.271028;0.0654205;-0.214953;-1;0.149533;0.11215;-0.0280374;0.116279;0.172093;0.125;0.357143;-0.375;0.169643;-0.25;-0.258929;-0.428571;0.285714;-0.428571;+1;0;+1;+1;-1

18.74;-0.042735;0.0978724;-0.497872;-0.497872;-0.302128;-0.191489;0.276596;0.353192;-0.123404;-0.276596;0.395745;-0.157447;-0.259574;-0.404255;-0.991489;-0.208511;0.221719;-0.149321;-0.230769;0.0950226;-0.393665;0.19457;0.130435;0.315217;0.445652;0.5;-0.630435;0.565217;0.130435;-0.0869566;0.48913;0.0434782;-0.141304;1;-0.152174;-0.456522;0.228261;0.215686;0.470588;0.27451;-0.715686;-0.392157;0.176471;0.558824;-0.421569;0.411765;-0.372549;0.352941;0.323529;0.166667;-0.519608;0.264706;0.205882;-0.264706;0.0196078;0.509804;-0.666667;-0.676471;0.127451;0.215686;-0.0280374;0.345794;0.0280374;-0.271028;0.0654205;-0.214953;-1;0.149533;0.11215;-0.0325582;0.116279;0.125;0.125;0.357143;-0.375;0.169643;-0.25;-0.258929;-0.428571;0.285714;-1;0;-1;-1;-1

18.7;-0.153846;-0.0382979;0.0978724;-0.497872;-0.497872;-0.302128;-0.191489;0.276596;0.353192;-0.123404;-0.276596;0.395745;-0.157447;-0.259574;-0.404255;-0.991489;-0.158371;0.221719;-0.149321;-0.230769;0.0950226;-0.393665;0.434783;0.130435;0.315217;0.445652;0.5;-0.630435;0.565217;0.130435;-0.0869566;0.48913;0.0434782;-0.141304;1;-0.152174;-0.456522;0.107843;0.215686;0.470588;0.27451;-0.715686;-0.392157;0.176471;0.558824;-0.421569;0.411765;-0.372549;0.352941;0.323529;0.166667;-0.519608;0.264706;0.205882;-0.264706;0.0196078;0.509804;-0.666667;-0.676471;0.127451;0.158878;-0.0280374;0.345794;0.0280374;-0.271028;0.0654205;-0.214953;-1;0.149533;0.106977;-0.0325582;0.0714285;0.125;0.125;0.357143;-0.375;0.169643;-0.25;-0.258929;-0.428571;-1;0;-1;+1;-1

18.5;-0.290598;-0.148936;-0.0382979;0.0978724;-0.497872;-0.497872;-0.302128;-0.191489;0.276596;0.353192;-0.123404;-0.276596;0.395745;-0.157447;-0.259574;-0.404255;-0.99095;-0.158371;0.221719;-0.149321;-0.230769;0.0950226;-0.271739;0.434783;0.130435;0.315217;0.445652;0.5;-0.630435;0.565217;0.130435;-0.0869566;0.48913;0.0434782;-0.141304;1;-0.152174;-0.509804;0.107843;0.215686;0.470588;0.27451;-0.715686;-0.392157;0.176471;0.558824;-0.421569;0.411765;-0.372549;0.352941;0.323529;0.166667;-0.519608;0.264706;0.205882;-0.264706;0.0196078;0.509804;-0.666667;-0.676471;0.0747663;0.158878;-0.0280374;0.345794;0.0280374;-0.271028;0.0654205;-0.214953;-1;0.144186;0.106977;-0.0714286;0.0714285;0.125;0.125;0.357143;-0.375;0.169643;-0.25;-0.258929;-1;0;+1;-1;-1

18.45;-0.162393;-0.285106;-0.148936;-0.0382979;0.0978724;-0.497872;-0.497872;-0.302128;-0.191489;0.276596;0.353192;-0.123404;-0.276596;0.395745;-0.157447;-0.259574;-0.366516;-0.99095;-0.158371;0.221719;-0.149321;-0.230769;0.315217;-0.271739;0.434783;0.130435;0.315217;0.445652;0.5;-0.630435;0.565217;0.130435;-0.0869566;0.48913;0.0434782;-0.141304;1;-0.235294;-0.509804;0.107843;0.215686;0.470588;0.27451;-0.715686;-0.392157;0.176471;0.558824;-0.421569;0.411765;-0.372549;0.352941;0.323529;0.166667;-0.519608;0.264706;0.205882;-0.264706;0.0196078;0.509804;-0.666667;-0.691589;0.0747663;0.158878;-0.0280374;0.345794;0.0280374;-0.271028;0.0654205;-0.214953;-1;0.144186;0.0625;-0.0714286;0.0714285;0.125;0.125;0.357143;-0.375;0.169643;-0.25;-1;0;-1;-1;-1

18.31;-0.239316;-0.157447;-0.285106;-0.148936;-0.0382979;0.0978724;-0.497872;-0.497872;-0.302128;-0.191489;0.276596;0.353192;-0.123404;-0.276596;0.395745;-0.157447;-0.21267;-0.366516;-0.99095;-0.158371;0.221719;-0.149321;-0.076087;0.315217;-0.271739;0.434783;0.130435;0.315217;0.445652;0.5;-0.630435;0.565217;0.130435;-0.0869566;0.48913;0.0434782;-0.141304;0.803922;-0.235294;-0.509804;0.107843;0.215686;0.470588;0.27451;-0.715686;-0.392157;0.176471;0.558824;-0.421569;0.411765;-0.372549;0.352941;0.323529;0.166667;-0.519608;0.264706;0.205882;-0.264706;0.0196078;0.509804;-0.682243;-0.691589;0.0747663;0.158878;-0.0280374;0.345794;0.0280374;-0.271028;0.0654205;-0.218605;-1;0.0982142;0.0625;-0.0714286;0.0714285;0.125;0.125;0.357143;-0.375;0.169643;-1;0;+1;+1;-1

18.3;-0.128205;-0.234043;-0.157447;-0.285106;-0.148936;-0.0382979;0.0978724;-0.497872;-0.497872;-0.302128;-0.191489;0.276596;0.353192;-0.123404;-0.276596;0.395745;-0.104072;-0.21267;-0.366516;-0.99095;-0.158371;0.221719;0.0217391;-0.076087;0.315217;-0.271739;0.434783;0.130435;0.315217;0.445652;0.5;-0.630435;0.565217;0.130435;-0.0869566;0.48913;0.0434782;-0.22549;0.803922;-0.235294;-0.509804;0.107843;0.215686;0.470588;0.27451;-0.715686;-0.392157;0.176471;0.558824;-0.421569;0.411765;-0.372549;0.352941;0.323529;0.166667;-0.519608;0.264706;0.205882;-0.264706;0.0196078;0.439252;-0.682243;-0.691589;0.0747663;0.158878;-0.0280374;0.345794;0.0280374;-0.271028;0.0604651;-0.218605;-1;0.0982142;0.0625;-0.0714286;0.0714285;0.125;0.125;0.357143;-0.375;+1;0;+1;+1;-1

18.34;-0.0854701;-0.123404;-0.234043;-0.157447;-0.285106;-0.148936;-0.0382979;0.0978724;-0.497872;-0.497872;-0.302128;-0.191489;0.276596;0.353192;-0.123404;-0.276596;0.484163;-0.104072;-0.21267;-0.366516;-0.99095;-0.158371;0.467391;0.0217391;-0.076087;0.315217;-0.271739;0.434783;0.130435;0.315217;0.445652;0.5;-0.630435;0.565217;0.130435;-0.0869566;0.48913;-0.0588235;-0.22549;0.803922;-0.235294;-0.509804;0.107843;0.215686;0.470588;0.27451;-0.715686;-0.392157;0.176471;0.558824;-0.421569;0.411765;-0.372549;0.352941;0.323529;0.166667;-0.519608;0.264706;0.205882;-0.264706;-0.0280374;0.439252;-0.682243;-0.691589;0.0747663;0.158878;-0.0280374;0.345794;0.0280374;-0.274419;0.0604651;-0.25;-1;0.0982142;0.0625;-0.0714286;0.0714285;0.125;0.125;0.357143;-1;0;-1;-1;-1

18.2;-0.239316;-0.0808511;-0.123404;-0.234043;-0.157447;-0.285106;-0.148936;-0.0382979;0.0978724;-0.497872;-0.497872;-0.302128;-0.191489;0.276596;0.353192;-0.123404;-0.230769;0.484163;-0.104072;-0.21267;-0.366516;-0.99095;0.0108695;0.467391;0.0217391;-0.076087;0.315217;-0.271739;0.434783;0.130435;0.315217;0.445652;0.5;-0.630435;0.565217;0.130435;-0.0869566;0.343137;-0.0588235;-0.22549;0.803922;-0.235294;-0.509804;0.107843;0.215686;0.470588;0.27451;-0.715686;-0.392157;0.176471;0.558824;-0.421569;0.411765;-0.372549;0.352941;0.323529;0.166667;-0.519608;0.264706;0.205882;-0.299065;-0.0280374;0.439252;-0.682243;-0.691589;0.0747663;0.158878;-0.0280374;0.345794;0.0232558;-0.274419;0.0178571;-0.25;-1;0.0982142;0.0625;-0.0714286;0.0714285;0.125;0.125;+1;0;-1;+1;-1

18.35;0.00854703;-0.234043;-0.0808511;-0.123404;-0.234043;-0.157447;-0.285106;-0.148936;-0.0382979;0.0978724;-0.497872;-0.497872;-0.302128;-0.191489;0.276596;0.353192;-0.0678733;-0.230769;0.484163;-0.104072;-0.21267;-0.366516;-0.98913;0.0108695;0.467391;0.0217391;-0.076087;0.315217;-0.271739;0.434783;0.130435;0.315217;0.445652;0.5;-0.630435;0.565217;0.130435;-0.176471;0.343137;-0.0588235;-0.22549;0.803922;-0.235294;-0.509804;0.107843;0.215686;0.470588;0.27451;-0.715686;-0.392157;0.176471;0.558824;-0.421569;0.411765;-0.372549;0.352941;0.323529;0.166667;-0.519608;0.264706;0.149533;-0.299065;-0.0280374;0.439252;-0.682243;-0.691589;0.0747663;0.158878;-0.0280374;0.339535;0.0232558;-0.303571;0.0178571;-0.25;-1;0.0982142;0.0625;-0.0714286;0.0714285;0.125;+1;0;+1;+1;-1

18.95;0.393162;0.012766;-0.234043;-0.0808511;-0.123404;-0.234043;-0.157447;-0.285106;-0.148936;-0.0382979;0.0978724;-0.497872;-0.497872;-0.302128;-0.191489;0.276596;0.438914;-0.0678733;-0.230769;0.484163;-0.104072;-0.21267;-0.23913;-0.98913;0.0108695;0.467391;0.0217391;-0.076087;0.315217;-0.271739;0.434783;0.130435;0.315217;0.445652;0.5;-0.630435;0.565217;0.0196078;-0.176471;0.343137;-0.0588235;-0.22549;0.803922;-0.235294;-0.509804;0.107843;0.215686;0.470588;0.27451;-0.715686;-0.392157;0.176471;0.558824;-0.421569;0.411765;-0.372549;0.352941;0.323529;0.166667;-0.519608;0.205607;0.149533;-0.299065;-0.0280374;0.439252;-0.682243;-0.691589;0.0747663;0.158878;-0.0325582;0.339535;-0.0178572;-0.303571;0.0178571;-0.25;-1;0.0982142;0.0625;-0.0714286;0.0714285;+1;0;+1;-1;-1

19.25;0.136752;0.395745;0.012766;-0.234043;-0.0808511;-0.123404;-0.234043;-0.157447;-0.285106;-0.148936;-0.0382979;0.0978724;-0.497872;-0.497872;-0.302128;-0.191489;0.357466;0.438914;-0.0678733;-0.230769;0.484163;-0.104072;-0.0543479;-0.23913;-0.98913;0.0108695;0.467391;0.0217391;-0.076087;0.315217;-0.271739;0.434783;0.130435;0.315217;0.445652;0.5;-0.630435;0.411765;0.0196078;-0.176471;0.343137;-0.0588235;-0.22549;0.803922;-0.235294;-0.509804;0.107843;0.215686;0.470588;0.27451;-0.715686;-0.392157;0.176471;0.558824;-0.421569;0.411765;-0.372549;0.352941;0.323529;0.166667;-0.542056;0.205607;0.149533;-0.299065;-0.0280374;0.439252;-0.682243;-0.691589;0.0747663;0.153488;-0.0325582;0.285714;-0.0178572;-0.303571;0.0178571;-0.25;-1;0.0982142;0.0625;-0.0714286;-1;0;-1;-1;-1

19.05;-0.290598;0.140426;0.395745;0.012766;-0.234043;-0.0808511;-0.123404;-0.234043;-0.157447;-0.285106;-0.148936;-0.0382979;0.0978724;-0.497872;-0.497872;-0.302128;-0.140271;0.357466;0.438914;-0.0678733;-0.230769;0.484163;0.0760869;-0.0543479;-0.23913;-0.98913;0.0108695;0.467391;0.0217391;-0.076087;0.315217;-0.271739;0.434783;0.130435;0.315217;0.445652;0.5;-0.666667;0.411765;0.0196078;-0.176471;0.343137;-0.0588235;-0.22549;0.803922;-0.235294;-0.509804;0.107843;0.215686;0.470588;0.27451;-0.715686;-0.392157;0.176471;0.558824;-0.421569;0.411765;-0.372549;0.352941;0.323529;0.11215;-0.542056;0.205607;0.149533;-0.299065;-0.0280374;0.439252;-0.682243;-0.691589;0.0697674;0.153488;-0.0714286;0.285714;-0.0178572;-0.303571;0.0178571;-0.25;-1;0.0982142;0.0625;+1;0;+1;+1;-1

19.15;-0.034188;-0.285106;0.140426;0.395745;0.012766;-0.234043;-0.0808511;-0.123404;-0.234043;-0.157447;-0.285106;-0.148936;-0.0382979;0.0978724;-0.497872;-0.497872;-0.257919;-0.140271;0.357466;0.438914;-0.0678733;-0.230769;0.782609;0.0760869;-0.0543479;-0.23913;-0.98913;0.0108695;0.467391;0.0217391;-0.076087;0.315217;-0.271739;0.434783;0.130435;0.315217;0.445652;0.352941;-0.666667;0.411765;0.0196078;-0.176471;0.343137;-0.0588235;-0.22549;0.803922;-0.235294;-0.509804;0.107843;0.215686;0.470588;0.27451;-0.715686;-0.392157;0.176471;0.558824;-0.421569;0.411765;-0.372549;0.352941;0.261682;0.11215;-0.542056;0.205607;0.149533;-0.299065;-0.0280374;0.439252;-0.682243;-0.693023;0.0697674;0.107143;-0.0714286;0.285714;-0.0178572;-0.303571;0.0178571;-0.25;-1;0.0982142;-1;0;-1;-1;-1

19.02;-0.230769;-0.0297872;-0.285106;0.140426;0.395745;0.012766;-0.234043;-0.0808511;-0.123404;-0.234043;-0.157447;-0.285106;-0.148936;-0.0382979;0.0978724;-0.497872;-0.466063;-0.257919;-0.140271;0.357466;0.438914;-0.0678733;-0.076087;0.782609;0.0760869;-0.0543479;-0.23913;-0.98913;0.0108695;0.467391;0.0217391;-0.076087;0.315217;-0.271739;0.434783;0.130435;0.315217;0.303922;0.352941;-0.666667;0.411765;0.0196078;-0.176471;0.343137;-0.0588235;-0.22549;0.803922;-0.235294;-0.509804;0.107843;0.215686;0.470588;0.27451;-0.715686;-0.392157;0.176471;0.558824;-0.421569;0.411765;-0.372549;0.28972;0.261682;0.11215;-0.542056;0.205607;0.149533;-0.299065;-0.0280374;0.439252;-0.683721;-0.693023;0.0267857;0.107143;-0.0714286;0.285714;-0.0178572;-0.303571;0.0178571;-0.25;-1;+1;0;-1;-1;-1

19.5;0.290598;-0.225532;-0.0297872;-0.285106;0.140426;0.395745;0.012766;-0.234043;-0.0808511;-0.123404;-0.234043;-0.157447;-0.285106;-0.148936;-0.0382979;0.0978724;-0.466063;-0.466063;-0.257919;-0.140271;0.357466;0.438914;0.119565;-0.076087;0.782609;0.0760869;-0.0543479;-0.23913;-0.98913;0.0108695;0.467391;0.0217391;-0.076087;0.315217;-0.271739;0.434783;0.130435;0.186274;0.303922;0.352941;-0.666667;0.411765;0.0196078;-0.176471;0.343137;-0.0588235;-0.22549;0.803922;-0.235294;-0.509804;0.107843;0.215686;0.470588;0.27451;-0.715686;-0.392157;0.176471;0.558824;-0.421569;0.411765;-0.401869;0.28972;0.261682;0.11215;-0.542056;0.205607;0.149533;-0.299065;-0.0280374;0.432558;-0.683721;-0.705357;0.0267857;0.107143;-0.0714286;0.285714;-0.0178572;-0.303571;0.0178571;-0.25;-1;0;-1;+1;-1

19.3;-0.290598;0.293617;-0.225532;-0.0297872;-0.285106;0.140426;0.395745;0.012766;-0.234043;-0.0808511;-0.123404;-0.234043;-0.157447;-0.285106;-0.148936;-0.0382979;0.167421;-0.466063;-0.466063;-0.257919;-0.140271;0.357466;0.728261;0.119565;-0.076087;0.782609;0.0760869;-0.0543479;-0.23913;-0.98913;0.0108695;0.467391;0.0217391;-0.076087;0.315217;-0.271739;0.434783;0.0196078;0.186274;0.303922;0.352941;-0.666667;0.411765;0.0196078;-0.176471;0.343137;-0.0588235;-0.22549;0.803922;-0.235294;-0.509804;0.107843;0.215686;0.470588;0.27451;-0.715686;-0.392157;0.176471;0.558824;-0.421569;0.345794;-0.401869;0.28972;0.261682;0.11215;-0.542056;0.205607;0.149533;-0.299065;-0.0325582;0.432558;-0.696429;-0.705357;0.0267857;0.107143;-0.0714286;0.285714;-0.0178572;-0.303571;0.0178571;-1;0;+1;-1;-1

19.05;-0.333333;-0.285106;0.293617;-0.225532;-0.0297872;-0.285106;0.140426;0.395745;0.012766;-0.234043;-0.0808511;-0.123404;-0.234043;-0.157447;-0.285106;-0.148936;0.0226244;0.167421;-0.466063;-0.466063;-0.257919;-0.140271;0.630435;0.728261;0.119565;-0.076087;0.782609;0.0760869;-0.0543479;-0.23913;-0.98913;0.0108695;0.467391;0.0217391;-0.076087;0.315217;-0.271739;0.294118;0.0196078;0.186274;0.303922;0.352941;-0.666667;0.411765;0.0196078;-0.176471;0.343137;-0.0588235;-0.22549;0.803922;-0.235294;-0.509804;0.107843;0.215686;0.470588;0.27451;-0.715686;-0.392157;0.176471;0.558824;-0.448598;0.345794;-0.401869;0.28972;0.261682;0.11215;-0.542056;0.205607;0.149533;-0.302326;-0.0325582;0.375;-0.696429;-0.705357;0.0267857;0.107143;-0.0714286;0.285714;-0.0178572;-0.303571;+1;0;+1;+1;-1

19.1;-0.0769231;-0.32766;-0.285106;0.293617;-0.225532;-0.0297872;-0.285106;0.140426;0.395745;0.012766;-0.234043;-0.0808511;-0.123404;-0.234043;-0.157447;-0.285106;-0.0950226;0.0226244;0.167421;-0.466063;-0.466063;-0.257919;0.0326087;0.630435;0.728261;0.119565;-0.076087;0.782609;0.0760869;-0.0543479;-0.23913;-0.98913;0.0108695;0.467391;0.0217391;-0.076087;0.315217;-0.343137;0.294118;0.0196078;0.186274;0.303922;0.352941;-0.666667;0.411765;0.0196078;-0.176471;0.343137;-0.0588235;-0.22549;0.803922;-0.235294;-0.509804;0.107843;0.215686;0.470588;0.27451;-0.715686;-0.392157;0.176471;0.485981;-0.448598;0.345794;-0.401869;0.28972;0.261682;0.11215;-0.542056;0.205607;0.144186;-0.302326;-0.0714286;0.375;-0.696429;-0.705357;0.0267857;0.107143;-0.0714286;0.285714;-0.0178572;+1;0;+1;+1;-1

19.44;0.17094;-0.0723404;-0.32766;-0.285106;0.293617;-0.225532;-0.0297872;-0.285106;0.140426;0.395745;0.012766;-0.234043;-0.0808511;-0.123404;-0.234043;-0.157447;-0.239819;-0.0950226;0.0226244;0.167421;-0.466063;-0.466063;-0.108696;0.0326087;0.630435;0.728261;0.119565;-0.076087;0.782609;0.0760869;-0.0543479;-0.23913;-0.98913;0.0108695;0.467391;0.0217391;-0.076087;0.186274;-0.343137;0.294118;0.0196078;0.186274;0.303922;0.352941;-0.666667;0.411765;0.0196078;-0.176471;0.343137;-0.0588235;-0.22549;0.803922;-0.235294;-0.509804;0.107843;0.215686;0.470588;0.27451;-0.715686;-0.392157;0.121495;0.485981;-0.448598;0.345794;-0.401869;0.28972;0.261682;0.11215;-0.542056;0.2;0.144186;-0.330357;-0.0714286;0.375;-0.696429;-0.705357;0.0267857;0.107143;-0.0714286;0.285714;-1;0;-1;-1;-1

19.44;-0.119658;0.174468;-0.0723404;-0.32766;-0.285106;0.293617;-0.225532;-0.0297872;-0.285106;0.140426;0.395745;0.012766;-0.234043;-0.0808511;-0.123404;-0.234043;-0.104072;-0.239819;-0.0950226;0.0226244;0.167421;-0.466063;-0.358696;-0.108696;0.0326087;0.630435;0.728261;0.119565;-0.076087;0.782609;0.0760869;-0.0543479;-0.23913;-0.98913;0.0108695;0.467391;0.0217391;-0.166667;0.186274;-0.343137;0.294118;0.0196078;0.186274;0.303922;0.352941;-0.666667;0.411765;0.0196078;-0.176471;0.343137;-0.0588235;-0.22549;0.803922;-0.235294;-0.509804;0.107843;0.215686;0.470588;0.27451;-0.715686;-0.420561;0.121495;0.485981;-0.448598;0.345794;-0.401869;0.28972;0.261682;0.11215;-0.544186;0.2;0.0982142;-0.330357;-0.0714286;0.375;-0.696429;-0.705357;0.0267857;0.107143;-0.0714286;+1;0;+1;+1;-1

20.61;0.880342;-0.114894;0.174468;-0.0723404;-0.32766;-0.285106;0.293617;-0.225532;-0.0297872;-0.285106;0.140426;0.395745;0.012766;-0.234043;-0.0808511;-0.123404;-0.18552;-0.104072;-0.239819;-0.0950226;0.0226244;0.167421;-0.358696;-0.358696;-0.108696;0.0326087;0.630435;0.728261;0.119565;-0.076087;0.782609;0.0760869;-0.0543479;-0.23913;-0.98913;0.0108695;0.467391;-0.0784314;-0.166667;0.186274;-0.343137;0.294118;0.0196078;0.186274;0.303922;0.352941;-0.666667;0.411765;0.0196078;-0.176471;0.343137;-0.0588235;-0.22549;0.803922;-0.235294;-0.509804;0.107843;0.215686;0.470588;0.27451;-0.728972;-0.420561;0.121495;0.485981;-0.448598;0.345794;-0.401869;0.28972;0.261682;0.106977;-0.544186;0.151786;0.0982142;-0.330357;-0.0714286;0.375;-0.696429;-0.705357;0.0267857;0.107143;+1;0;+1;+1;-1

20.99;0.205128;0.880851;-0.114894;0.174468;-0.0723404;-0.32766;-0.285106;0.293617;-0.225532;-0.0297872;-0.285106;0.140426;0.395745;0.012766;-0.234043;-0.0808511;-0.0678733;-0.18552;-0.104072;-0.239819;-0.0950226;0.0226244;0.402174;-0.358696;-0.358696;-0.108696;0.0326087;0.630435;0.728261;0.119565;-0.076087;0.782609;0.0760869;-0.0543479;-0.23913;-0.98913;0.0108695;0.323529;-0.0784314;-0.166667;0.186274;-0.343137;0.294118;0.0196078;0.186274;0.303922;0.352941;-0.666667;0.411765;0.0196078;-0.176471;0.343137;-0.0588235;-0.22549;0.803922;-0.235294;-0.509804;0.107843;0.215686;0.470588;0.214953;-0.728972;-0.420561;0.121495;0.485981;-0.448598;0.345794;-0.401869;0.28972;0.255814;0.106977;-0.5625;0.151786;0.0982142;-0.330357;-0.0714286;0.375;-0.696429;-0.705357;0.0267857;+1;0;+1;-1;-1

21.2;0.0598291;0.208511;0.880851;-0.114894;0.174468;-0.0723404;-0.32766;-0.285106;0.293617;-0.225532;-0.0297872;-0.285106;0.140426;0.395745;0.012766;-0.234043;-0.0226244;-0.0678733;-0.18552;-0.104072;-0.239819;-0.0950226;0.228261;0.402174;-0.358696;-0.358696;-0.108696;0.0326087;0.630435;0.728261;0.119565;-0.076087;0.782609;0.0760869;-0.0543479;-0.23913;-0.98913;-0.0882353;0.323529;-0.0784314;-0.166667;0.186274;-0.343137;0.294118;0.0196078;0.186274;0.303922;0.352941;-0.666667;0.411765;0.0196078;-0.176471;0.343137;-0.0588235;-0.22549;0.803922;-0.235294;-0.509804;0.107843;0.215686;0.401869;0.214953;-0.728972;-0.420561;0.121495;0.485981;-0.448598;0.345794;-0.401869;0.283721;0.255814;0.0625;-0.5625;0.151786;0.0982142;-0.330357;-0.0714286;0.375;-0.696429;-0.705357;+1;0;+1;+1;-1

21.85;0.435897;0.0638298;0.208511;0.880851;-0.114894;0.174468;-0.0723404;-0.32766;-0.285106;0.293617;-0.225532;-0.0297872;-0.285106;0.140426;0.395745;0.012766;-0.18552;-0.0226244;-0.0678733;-0.18552;-0.104072;-0.239819;0.0869565;0.228261;0.402174;-0.358696;-0.358696;-0.108696;0.0326087;0.630435;0.728261;0.119565;-0.076087;0.782609;0.0760869;-0.0543479;-0.23913;-0.990196;-0.0882353;0.323529;-0.0784314;-0.166667;0.186274;-0.343137;0.294118;0.0196078;0.186274;0.303922;0.352941;-0.666667;0.411765;0.0196078;-0.176471;0.343137;-0.0588235;-0.22549;0.803922;-0.235294;-0.509804;0.107843;0.158878;0.401869;0.214953;-0.728972;-0.420561;0.121495;0.485981;-0.448598;0.345794;-0.404651;0.283721;0.205357;0.0625;-0.5625;0.151786;0.0982142;-0.330357;-0.0714286;0.375;-0.696429;-1;0;-1;-1;-1

21.26;-0.623932;0.438298;0.0638298;0.208511;0.880851;-0.114894;0.174468;-0.0723404;-0.32766;-0.285106;0.293617;-0.225532;-0.0297872;-0.285106;0.140426;0.395745;0.0769231;-0.18552;-0.0226244;-0.0678733;-0.18552;-0.104072;-0.0869566;0.0869565;0.228261;0.402174;-0.358696;-0.358696;-0.108696;0.0326087;0.630435;0.728261;0.119565;-0.076087;0.782609;0.0760869;-0.0543479;-0.313726;-0.990196;-0.0882353;0.323529;-0.0784314;-0.166667;0.186274;-0.343137;0.294118;0.0196078;0.186274;0.303922;0.352941;-0.666667;0.411765;0.0196078;-0.176471;0.343137;-0.0588235;-0.22549;0.803922;-0.235294;-0.509804;0.0560747;0.158878;0.401869;0.214953;-0.728972;-0.420561;0.121495;0.485981;-0.448598;0.339535;-0.404651;0.232143;0.205357;0.0625;-0.5625;0.151786;0.0982142;-0.330357;-0.0714286;0.375;-1;0;-1;-1;-1

21.2;-0.17094;-0.617021;0.438298;0.0638298;0.208511;0.880851;-0.114894;0.174468;-0.0723404;-0.32766;-0.285106;0.293617;-0.225532;-0.0297872;-0.285106;0.140426;0.484163;0.0769231;-0.18552;-0.0226244;-0.0678733;-0.18552;0.0760869;-0.0869566;0.0869565;0.228261;0.402174;-0.358696;-0.358696;-0.108696;0.0326087;0.630435;0.728261;0.119565;-0.076087;0.782609;0.0760869;-0.147059;-0.313726;-0.990196;-0.0882353;0.323529;-0.0784314;-0.166667;0.186274;-0.343137;0.294118;0.0196078;0.186274;0.303922;0.352941;-0.666667;0.411765;0.0196078;-0.176471;0.343137;-0.0588235;-0.22549;0.803922;-0.235294;-0.53271;0.0560747;0.158878;0.401869;0.214953;-0.728972;-0.420561;0.121495;0.485981;-0.451163;0.339535;-0.428571;0.232143;0.205357;0.0625;-0.5625;0.151786;0.0982142;-0.330357;-0.0714286;+1;0;+1;+1;-1

22.51;1;-0.165957;-0.617021;0.438298;0.0638298;0.208511;0.880851;-0.114894;0.174468;-0.0723404;-0.32766;-0.285106;0.293617;-0.225532;-0.0297872;-0.285106;0.21267;0.484163;0.0769231;-0.18552;-0.0226244;-0.0678733;-0.0217392;0.0760869;-0.0869566;0.0869565;0.228261;0.402174;-0.358696;-0.358696;-0.108696;0.0326087;0.630435;0.728261;0.119565;-0.076087;0.782609;-0.0294118;-0.147059;-0.313726;-0.990196;-0.0882353;0.323529;-0.0784314;-0.166667;0.186274;-0.343137;0.294118;0.0196078;0.186274;0.303922;0.352941;-0.666667;0.411765;0.0196078;-0.176471;0.343137;-0.0588235;-0.22549;0.803922;-0.271028;-0.53271;0.0560747;0.158878;0.401869;0.214953;-0.728972;-0.420561;0.121495;0.47907;-0.451163;0.285714;-0.428571;0.232143;0.205357;0.0625;-0.5625;0.151786;0.0982142;-0.330357;-1;0;-1;-1;-1

22.45;-0.17094;1;-0.165957;-0.617021;0.438298;0.0638298;0.208511;0.880851;-0.114894;0.174468;-0.0723404;-0.32766;-0.285106;0.293617;-0.225532;-0.0297872;-0.239819;0.21267;0.484163;0.0769231;-0.18552;-0.0226244;0.119565;-0.0217392;0.0760869;-0.0869566;0.0869565;0.228261;0.402174;-0.358696;-0.358696;-0.108696;0.0326087;0.630435;0.728261;0.119565;-0.076087;0.607843;-0.0294118;-0.147059;-0.313726;-0.990196;-0.0882353;0.323529;-0.0784314;-0.166667;0.186274;-0.343137;0.294118;0.0196078;0.186274;0.303922;0.352941;-0.666667;0.411765;0.0196078;-0.176471;0.343137;-0.0588235;-0.22549;0.719626;-0.271028;-0.53271;0.0560747;0.158878;0.401869;0.214953;-0.728972;-0.420561;0.116279;0.47907;-0.473214;0.285714;-0.428571;0.232143;0.205357;0.0625;-0.5625;0.151786;0.0982142;-1;0;-1;-1;-1

22.17;-0.358974;-0.165957;1;-0.165957;-0.617021;0.438298;0.0638298;0.208511;0.880851;-0.114894;0.174468;-0.0723404;-0.32766;-0.285106;0.293617;-0.225532;0.0316742;-0.239819;0.21267;0.484163;0.0769231;-0.18552;0.173913;0.119565;-0.0217392;0.0760869;-0.0869566;0.0869565;0.228261;0.402174;-0.358696;-0.358696;-0.108696;0.0326087;0.630435;0.728261;0.119565;-0.166667;0.607843;-0.0294118;-0.147059;-0.313726;-0.990196;-0.0882353;0.323529;-0.0784314;-0.166667;0.186274;-0.343137;0.294118;0.0196078;0.186274;0.303922;0.352941;-0.666667;0.411765;0.0196078;-0.176471;0.343137;-0.0588235;-0.261682;0.719626;-0.271028;-0.53271;0.0560747;0.158878;0.401869;0.214953;-0.728972;-0.423256;0.116279;0.419643;-0.473214;0.285714;-0.428571;0.232143;0.205357;0.0625;-0.5625;0.151786;+1;0;+1;+1;-1

22.2;-0.0940171;-0.353191;-0.165957;1;-0.165957;-0.617021;0.438298;0.0638298;0.208511;0.880851;-0.114894;0.174468;-0.0723404;-0.32766;-0.285106;0.293617;-0.176471;0.0316742;-0.239819;0.21267;0.484163;0.0769231;-0.0217392;0.173913;0.119565;-0.0217392;0.0760869;-0.0869566;0.0869565;0.228261;0.402174;-0.358696;-0.358696;-0.108696;0.0326087;0.630435;0.728261;0.0098039;-0.166667;0.607843;-0.0294118;-0.147059;-0.313726;-0.990196;-0.0882353;0.323529;-0.0784314;-0.166667;0.186274;-0.343137;0.294118;0.0196078;0.186274;0.303922;0.352941;-0.666667;0.411765;0.0196078;-0.176471;0.343137;-0.102804;-0.261682;0.719626;-0.271028;-0.53271;0.0560747;0.158878;0.401869;0.214953;-0.730233;-0.423256;0.0714285;0.419643;-0.473214;0.285714;-0.428571;0.232143;0.205357;0.0625;-0.5625;-1;0;-1;-1;-1

22.05;-0.247863;-0.0893617;-0.353191;-0.165957;1;-0.165957;-0.617021;0.438298;0.0638298;0.208511;0.880851;-0.114894;0.174468;-0.0723404;-0.32766;-0.285106;0.375566;-0.176471;0.0316742;-0.239819;0.21267;0.484163;0.293478;-0.0217392;0.173913;0.119565;-0.0217392;0.0760869;-0.0869566;0.0869565;0.228261;0.402174;-0.358696;-0.358696;-0.108696;0.0326087;0.630435;0.558824;0.0098039;-0.166667;0.607843;-0.0294118;-0.147059;-0.313726;-0.990196;-0.0882353;0.323529;-0.0784314;-0.166667;0.186274;-0.343137;0.294118;0.0196078;0.186274;0.303922;0.352941;-0.666667;0.411765;0.0196078;-0.176471;0.280374;-0.102804;-0.261682;0.719626;-0.271028;-0.53271;0.0560747;0.158878;0.401869;0.209302;-0.730233;-0.446429;0.0714285;0.419643;-0.473214;0.285714;-0.428571;0.232143;0.205357;0.0625;-1;0;-1;-1;-1

21.9;-0.247863;-0.242553;-0.0893617;-0.353191;-0.165957;1;-0.165957;-0.617021;0.438298;0.0638298;0.208511;0.880851;-0.114894;0.174468;-0.0723404;-0.32766;-0.239819;0.375566;-0.176471;0.0316742;-0.239819;0.21267;0.782609;0.293478;-0.0217392;0.173913;0.119565;-0.0217392;0.0760869;-0.0869566;0.0869565;0.228261;0.402174;-0.358696;-0.358696;-0.108696;0.0326087;0.470588;0.558824;0.0098039;-0.166667;0.607843;-0.0294118;-0.147059;-0.313726;-0.990196;-0.0882353;0.323529;-0.0784314;-0.166667;0.186274;-0.343137;0.294118;0.0196078;0.186274;0.303922;0.352941;-0.666667;0.411765;0.0196078;-0.214953;0.280374;-0.102804;-0.261682;0.719626;-0.271028;-0.53271;0.0560747;0.158878;0.395349;0.209302;-0.741071;-0.446429;0.0714285;0.419643;-0.473214;0.285714;-0.428571;0.232143;0.205357;+1;0;+1;+1;-1

21.99;-0.042735;-0.242553;-0.242553;-0.0893617;-0.353191;-0.165957;1;-0.165957;-0.617021;0.438298;0.0638298;0.208511;0.880851;-0.114894;0.174468;-0.0723404;-0.285068;-0.239819;0.375566;-0.176471;0.0316742;-0.239819;0.456522;0.782609;0.293478;-0.0217392;0.173913;0.119565;-0.0217392;0.0760869;-0.0869566;0.0869565;0.228261;0.402174;-0.358696;-0.358696;-0.108696;-0.0686275;0.470588;0.558824;0.0098039;-0.166667;0.607843;-0.0294118;-0.147059;-0.313726;-0.990196;-0.0882353;0.323529;-0.0784314;-0.166667;0.186274;-0.343137;0.294118;0.0196078;0.186274;0.303922;0.352941;-0.666667;0.411765;-0.0280374;-0.214953;0.280374;-0.102804;-0.261682;0.719626;-0.271028;-0.53271;0.0560747;0.153488;0.395349;0.160714;-0.741071;-0.446429;0.0714285;0.419643;-0.473214;0.285714;-0.428571;0.232143;+1;0;+1;-1;-1

22.05;-0.0683761;-0.0382979;-0.242553;-0.242553;-0.0893617;-0.353191;-0.165957;1;-0.165957;-0.617021;0.438298;0.0638298;0.208511;0.880851;-0.114894;0.174468;-0.0135747;-0.285068;-0.239819;0.375566;-0.176471;0.0316742;-0.0869566;0.456522;0.782609;0.293478;-0.0217392;0.173913;0.119565;-0.0217392;0.0760869;-0.0869566;0.0869565;0.228261;0.402174;-0.358696;-0.358696;-0.196078;-0.0686275;0.470588;0.558824;0.0098039;-0.166667;0.607843;-0.0294118;-0.147059;-0.313726;-0.990196;-0.0882353;0.323529;-0.0784314;-0.166667;0.186274;-0.343137;0.294118;0.0196078;0.186274;0.303922;0.352941;-0.666667;0.345794;-0.0280374;-0.214953;0.280374;-0.102804;-0.261682;0.719626;-0.271028;-0.53271;0.0511628;0.153488;0.339286;0.160714;-0.741071;-0.446429;0.0714285;0.419643;-0.473214;0.285714;-0.428571;+1;0;+1;-1;-1

22.41;0.188034;-0.0638298;-0.0382979;-0.242553;-0.242553;-0.0893617;-0.353191;-0.165957;1;-0.165957;-0.617021;0.438298;0.0638298;0.208511;0.880851;-0.114894;0.248869;-0.0135747;-0.285068;-0.239819;0.375566;-0.176471;0.23913;-0.0869566;0.456522;0.782609;0.293478;-0.0217392;0.173913;0.119565;-0.0217392;0.0760869;-0.0869566;0.0869565;0.228261;0.402174;-0.358696;-0.421569;-0.196078;-0.0686275;0.470588;0.558824;0.0098039;-0.166667;0.607843;-0.0294118;-0.147059;-0.313726;-0.990196;-0.0882353;0.323529;-0.0784314;-0.166667;0.186274;-0.343137;0.294118;0.0196078;0.186274;0.303922;0.352941;-0.682243;0.345794;-0.0280374;-0.214953;0.280374;-0.102804;-0.261682;0.719626;-0.271028;-0.534884;0.0511628;0.107143;0.339286;0.160714;-0.741071;-0.446429;0.0714285;0.419643;-0.473214;0.285714;-1;0;-1;-1;-1

22.05;-0.42735;0.191489;-0.0638298;-0.0382979;-0.242553;-0.242553;-0.0893617;-0.353191;-0.165957;1;-0.165957;-0.617021;0.438298;0.0638298;0.208511;0.880851;-0.0588235;0.248869;-0.0135747;-0.285068;-0.239819;0.375566;-0.0108696;0.23913;-0.0869566;0.456522;0.782609;0.293478;-0.0217392;0.173913;0.119565;-0.0217392;0.0760869;-0.0869566;0.0869565;0.228261;0.402174;-0.421569;-0.421569;-0.196078;-0.0686275;0.470588;0.558824;0.0098039;-0.166667;0.607843;-0.0294118;-0.147059;-0.313726;-0.990196;-0.0882353;0.323529;-0.0784314;-0.166667;0.186274;-0.343137;0.294118;0.0196078;0.186274;0.303922;0.28972;-0.682243;0.345794;-0.0280374;-0.214953;0.280374;-0.102804;-0.261682;0.719626;-0.274419;-0.534884;0.00892854;0.107143;0.339286;0.160714;-0.741071;-0.446429;0.0714285;0.419643;-0.473214;-1;0;-1;-1;-1

21.91;-0.239316;-0.421277;0.191489;-0.0638298;-0.0382979;-0.242553;-0.242553;-0.0893617;-0.353191;-0.165957;1;-0.165957;-0.617021;0.438298;0.0638298;0.208511;1;-0.0588235;0.248869;-0.0135747;-0.285068;-0.239819;0.652174;-0.0108696;0.23913;-0.0869566;0.456522;0.782609;0.293478;-0.0217392;0.173913;0.119565;-0.0217392;0.0760869;-0.0869566;0.0869565;0.228261;0.264706;-0.421569;-0.421569;-0.196078;-0.0686275;0.470588;0.558824;0.0098039;-0.166667;0.607843;-0.0294118;-0.147059;-0.313726;-0.990196;-0.0882353;0.323529;-0.0784314;-0.166667;0.186274;-0.343137;0.294118;0.0196078;0.186274;0.242991;0.28972;-0.682243;0.345794;-0.0280374;-0.214953;0.280374;-0.102804;-0.261682;0.711628;-0.274419;-0.553571;0.00892854;0.107143;0.339286;0.160714;-0.741071;-0.446429;0.0714285;0.419643;+1;0;+1;-1;-1

22.05;1.2736e-008;-0.234043;-0.421277;0.191489;-0.0638298;-0.0382979;-0.242553;-0.242553;-0.0893617;-0.353191;-0.165957;1;-0.165957;-0.617021;0.438298;0.0638298;0.285068;1;-0.0588235;0.248869;-0.0135747;-0.285068;-0.0869566;0.652174;-0.0108696;0.23913;-0.0869566;0.456522;0.782609;0.293478;-0.0217392;0.173913;0.119565;-0.0217392;0.0760869;-0.0869566;0.0869565;0.107843;0.264706;-0.421569;-0.421569;-0.196078;-0.0686275;0.470588;0.558824;0.0098039;-0.166667;0.607843;-0.0294118;-0.147059;-0.313726;-0.990196;-0.0882353;0.323529;-0.0784314;-0.166667;0.186274;-0.343137;0.294118;0.0196078;0.130841;0.242991;0.28972;-0.682243;0.345794;-0.0280374;-0.214953;0.280374;-0.102804;-0.265116;0.711628;-0.303571;-0.553571;0.00892854;0.107143;0.339286;0.160714;-0.741071;-0.446429;0.0714285;-1;0;-1;+1;-1

22;-0.162393;0.00425533;-0.234043;-0.421277;0.191489;-0.0638298;-0.0382979;-0.242553;-0.242553;-0.0893617;-0.353191;-0.165957;1;-0.165957;-0.617021;0.438298;0.131222;0.285068;1;-0.0588235;0.248869;-0.0135747;-0.141304;-0.0869566;0.652174;-0.0108696;0.23913;-0.0869566;0.456522;0.782609;0.293478;-0.0217392;0.173913;0.119565;-0.0217392;0.0760869;-0.0869566;-0.0196079;0.107843;0.264706;-0.421569;-0.421569;-0.196078;-0.0686275;0.470588;0.558824;0.0098039;-0.166667;0.607843;-0.0294118;-0.147059;-0.313726;-0.990196;-0.0882353;0.323529;-0.0784314;-0.166667;0.186274;-0.343137;0.294118;-0.0280374;0.130841;0.242991;0.28972;-0.682243;0.345794;-0.0280374;-0.214953;0.280374;-0.106977;-0.265116;0.642857;-0.303571;-0.553571;0.00892854;0.107143;0.339286;0.160714;-0.741071;-0.446429;-1;0;-1;-1;-1

21.9;-0.205128;-0.157447;0.00425533;-0.234043;-0.421277;0.191489;-0.0638298;-0.0382979;-0.242553;-0.242553;-0.0893617;-0.353191;-0.165957;1;-0.165957;-0.617021;0.529412;0.131222;0.285068;1;-0.0588235;0.248869;0.184783;-0.141304;-0.0869566;0.652174;-0.0108696;0.23913;-0.0869566;0.456522;0.782609;0.293478;-0.0217392;0.173913;0.119565;-0.0217392;0.0760869;-0.176471;-0.0196079;0.107843;0.264706;-0.421569;-0.421569;-0.196078;-0.0686275;0.470588;0.558824;0.0098039;-0.166667;0.607843;-0.0294118;-0.147059;-0.313726;-0.990196;-0.0882353;0.323529;-0.0784314;-0.166667;0.186274;-0.343137;0.233645;-0.0280374;0.130841;0.242991;0.28972;-0.682243;0.345794;-0.0280374;-0.214953;0.274419;-0.106977;-0.294643;0.642857;-0.303571;-0.553571;0.00892854;0.107143;0.339286;0.160714;-0.741071;-1;0;+1;-1;-1

21.3;-0.632479;-0.2;-0.157447;0.00425533;-0.234043;-0.421277;0.191489;-0.0638298;-0.0382979;-0.242553;-0.242553;-0.0893617;-0.353191;-0.165957;1;-0.165957;-0.59276;0.529412;0.131222;0.285068;1;-0.0588235;0.5;0.184783;-0.141304;-0.0869566;0.652174;-0.0108696;0.23913;-0.0869566;0.456522;0.782609;0.293478;-0.0217392;0.173913;0.119565;-0.0217392;-0.0294118;-0.176471;-0.0196079;0.107843;0.264706;-0.421569;-0.421569;-0.196078;-0.0686275;0.470588;0.558824;0.0098039;-0.166667;0.607843;-0.0294118;-0.147059;-0.313726;-0.990196;-0.0882353;0.323529;-0.0784314;-0.166667;0.186274;-0.373832;0.233645;-0.0280374;0.130841;0.242991;0.28972;-0.682243;0.345794;-0.0280374;-0.218605;0.274419;-0.142857;-0.294643;0.642857;-0.303571;-0.553571;0.00892854;0.107143;0.339286;0.160714;-1;0;-1;-1;-1

21.3;-0.119658;-0.625532;-0.2;-0.157447;0.00425533;-0.234043;-0.421277;0.191489;-0.0638298;-0.0382979;-0.242553;-0.242553;-0.0893617;-0.353191;-0.165957;1;-0.113122;-0.59276;0.529412;0.131222;0.285068;1;0.130435;0.5;0.184783;-0.141304;-0.0869566;0.652174;-0.0108696;0.23913;-0.0869566;0.456522;0.782609;0.293478;-0.0217392;0.173913;0.119565;-0.117647;-0.0294118;-0.176471;-0.0196079;0.107843;0.264706;-0.421569;-0.421569;-0.196078;-0.0686275;0.470588;0.558824;0.0098039;-0.166667;0.607843;-0.0294118;-0.147059;-0.313726;-0.990196;-0.0882353;0.323529;-0.0784314;-0.166667;0.130841;-0.373832;0.233645;-0.0280374;0.130841;0.242991;0.28972;-0.682243;0.345794;-0.0325582;-0.218605;0.223214;-0.142857;-0.294643;0.642857;-0.303571;-0.553571;0.00892854;0.107143;0.339286;-1;0;-1;-1;-1

