23.77;0.637736;-0.283019;-0.154717;0.516981;-0.222642;-0.0264151;0.509434;0.260377;0.607547;-0.245283;-0.320755;0.222641;-0.215094;-0.215094;0.0716981;-0.0716981;-0.132076;0.0566037;0.215094;0.2;-0.018868;-0.283019;-0.426415;-0.366038;-0.358491;-0.396226;0.735849;-0.577359;0.0867924;0.358491;-0.00377361;0.343396;0.0566037;-0.14717;-0.343396;-0.139623;-0.0490566;-0.54717;-0.388679;0.124528;0.207547;0.283019;0.207547;0.132075;0.132075;-0.615094;0.766038;-0.207547;-0.267925;0.0792453;-0.30566;-0.260377;1;0.111111;0.518519;0.185185;-0.037037;-8.27842e-009;0.148148;0.185185;-0.444444;-0.0666667;-0.896296;0.444444;0.222222;-0.0296296;-0.0740741;0.733333;-0.185185;-0.185185;0.333333;-0.333333;-0.111111;0.555556;-0.407407;-0.111111;0.333333;0.266667;0.0546875;0.21875;-1;0;0;0;0

23.39;-0.30566;0.637736;-0.283019;-0.154717;0.516981;-0.222642;-0.0264151;0.509434;0.260377;0.607547;-0.245283;-0.320755;0.222641;-0.215094;-0.215094;0.0716981;-0.0716981;-0.132076;0.0566037;0.215094;0.2;-0.018868;-0.283019;-0.426415;-0.366038;-0.358491;-0.396226;0.735849;-0.577359;0.0867924;0.358491;-0.00377361;0.343396;0.0566037;-0.14717;-0.343396;-0.139623;-0.0490566;-0.54717;-0.388679;0.124528;0.207547;0.283019;0.207547;0.132075;0.132075;-0.615094;0.766038;-0.207547;-0.267925;0.0792453;-0.30566;-0.274074;1;0.111111;0.518519;0.185185;-0.037037;-8.27842e-009;0.148148;0.185185;-0.444444;-0.0666667;-0.896296;0.444444;0.222222;-0.0296296;-0.0740741;0.733333;-0.185185;-0.185185;0.333333;-0.333333;-0.111111;0.555556;-0.407407;-0.111111;0.333333;0.226562;0.0546875;-1;0;0;0;0

23.39;-0.018868;-0.30566;0.637736;-0.283019;-0.154717;0.516981;-0.222642;-0.0264151;0.509434;0.260377;0.607547;-0.245283;-0.320755;0.222641;-0.215094;-0.215094;0.0716981;-0.0716981;-0.132076;0.0566037;0.215094;0.2;-0.018868;-0.283019;-0.426415;-0.366038;-0.358491;-0.396226;0.735849;-0.577359;0.0867924;0.358491;-0.00377361;0.343396;0.0566037;-0.14717;-0.343396;-0.139623;-0.0490566;-0.54717;-0.388679;0.124528;0.207547;0.283019;0.207547;0.132075;0.132075;-0.615094;0.766038;-0.207547;-0.267925;0.0792453;-0.318519;-0.274074;1;0.111111;0.518519;0.185185;-0.037037;-8.27842e-009;0.148148;0.185185;-0.444444;-0.0666667;-0.896296;0.444444;0.222222;-0.0296296;-0.0740741;0.733333;-0.185185;-0.185185;0.333333;-0.333333;-0.111111;0.555556;-0.407407;-0.111111;0.296875;0.226562;-1;0;0;0;0

22.92;-0.373585;-0.018868;-0.30566;0.637736;-0.283019;-0.154717;0.516981;-0.222642;-0.0264151;0.509434;0.260377;0.607547;-0.245283;-0.320755;0.222641;-0.215094;-0.215094;0.0716981;-0.0716981;-0.132076;0.0566037;0.215094;0.2;-0.018868;-0.283019;-0.426415;-0.366038;-0.358491;-0.396226;0.735849;-0.577359;0.0867924;0.358491;-0.00377361;0.343396;0.0566037;-0.14717;-0.343396;-0.139623;-0.0490566;-0.54717;-0.388679;0.124528;0.207547;0.283019;0.207547;0.132075;0.132075;-0.615094;0.766038;-0.207547;-0.267925;0.0592592;-0.318519;-0.274074;1;0.111111;0.518519;0.185185;-0.037037;-8.27842e-009;0.148148;0.185185;-0.444444;-0.0666667;-0.896296;0.444444;0.222222;-0.0296296;-0.0740741;0.733333;-0.185185;-0.185185;0.333333;-0.333333;-0.111111;0.555556;-0.407407;-0.171875;0.296875;-1;0;0;0;0

22.67;-0.207547;-0.373585;-0.018868;-0.30566;0.637736;-0.283019;-0.154717;0.516981;-0.222642;-0.0264151;0.509434;0.260377;0.607547;-0.245283;-0.320755;0.222641;-0.215094;-0.215094;0.0716981;-0.0716981;-0.132076;0.0566037;0.215094;0.2;-0.018868;-0.283019;-0.426415;-0.366038;-0.358491;-0.396226;0.735849;-0.577359;0.0867924;0.358491;-0.00377361;0.343396;0.0566037;-0.14717;-0.343396;-0.139623;-0.0490566;-0.54717;-0.388679;0.124528;0.207547;0.283019;0.207547;0.132075;0.132075;-0.615094;0.766038;-0.207547;-0.281482;0.0592592;-0.318519;-0.274074;1;0.111111;0.518519;0.185185;-0.037037;-8.27842e-009;0.148148;0.185185;-0.444444;-0.0666667;-0.896296;0.444444;0.222222;-0.0296296;-0.0740741;0.733333;-0.185185;-0.185185;0.333333;-0.333333;-0.111111;0.555556;-0.484375;-0.171875;-1;0;0;0;0

22.6;-0.0716981;-0.207547;-0.373585;-0.018868;-0.30566;0.637736;-0.283019;-0.154717;0.516981;-0.222642;-0.0264151;0.509434;0.260377;0.607547;-0.245283;-0.320755;0.222641;-0.215094;-0.215094;0.0716981;-0.0716981;-0.132076;0.0566037;0.215094;0.2;-0.018868;-0.283019;-0.426415;-0.366038;-0.358491;-0.396226;0.735849;-0.577359;0.0867924;0.358491;-0.00377361;0.343396;0.0566037;-0.14717;-0.343396;-0.139623;-0.0490566;-0.54717;-0.388679;0.124528;0.207547;0.283019;0.207547;0.132075;0.132075;-0.615094;0.766038;-0.222222;-0.281482;0.0592592;-0.318519;-0.274074;1;0.111111;0.518519;0.185185;-0.037037;-8.27842e-009;0.148148;0.185185;-0.444444;-0.0666667;-0.896296;0.444444;0.222222;-0.0296296;-0.0740741;0.733333;-0.185185;-0.185185;0.333333;-0.333333;-0.111111;0.53125;-0.484375;-1;0;0;0;0

22.09;-0.403774;-0.0716981;-0.207547;-0.373585;-0.018868;-0.30566;0.637736;-0.283019;-0.154717;0.516981;-0.222642;-0.0264151;0.509434;0.260377;0.607547;-0.245283;-0.320755;0.222641;-0.215094;-0.215094;0.0716981;-0.0716981;-0.132076;0.0566037;0.215094;0.2;-0.018868;-0.283019;-0.426415;-0.366038;-0.358491;-0.396226;0.735849;-0.577359;0.0867924;0.358491;-0.00377361;0.343396;0.0566037;-0.14717;-0.343396;-0.139623;-0.0490566;-0.54717;-0.388679;0.124528;0.207547;0.283019;0.207547;0.132075;0.132075;-0.615094;0.733333;-0.222222;-0.281482;0.0592592;-0.318519;-0.274074;1;0.111111;0.518519;0.185185;-0.037037;-8.27842e-009;0.148148;0.185185;-0.444444;-0.0666667;-0.896296;0.444444;0.222222;-0.0296296;-0.0740741;0.733333;-0.185185;-0.185185;0.333333;-0.333333;-0.171875;0.53125;-1;0;0;0;0

21.3;-0.615094;-0.403774;-0.0716981;-0.207547;-0.373585;-0.018868;-0.30566;0.637736;-0.283019;-0.154717;0.516981;-0.222642;-0.0264151;0.509434;0.260377;0.607547;-0.245283;-0.320755;0.222641;-0.215094;-0.215094;0.0716981;-0.0716981;-0.132076;0.0566037;0.215094;0.2;-0.018868;-0.283019;-0.426415;-0.366038;-0.358491;-0.396226;0.735849;-0.577359;0.0867924;0.358491;-0.00377361;0.343396;0.0566037;-0.14717;-0.343396;-0.139623;-0.0490566;-0.54717;-0.388679;0.124528;0.207547;0.283019;0.207547;0.132075;0.132075;-0.622222;0.733333;-0.222222;-0.281482;0.0592592;-0.318519;-0.274074;1;0.111111;0.518519;0.185185;-0.037037;-8.27842e-009;0.148148;0.185185;-0.444444;-0.0666667;-0.896296;0.444444;0.222222;-0.0296296;-0.0740741;0.733333;-0.185185;-0.185185;0.333333;-0.40625;-0.171875;-1;0;0;0;0

21.08;-0.184906;-0.615094;-0.403774;-0.0716981;-0.207547;-0.373585;-0.018868;-0.30566;0.637736;-0.283019;-0.154717;0.516981;-0.222642;-0.0264151;0.509434;0.260377;0.607547;-0.245283;-0.320755;0.222641;-0.215094;-0.215094;0.0716981;-0.0716981;-0.132076;0.0566037;0.215094;0.2;-0.018868;-0.283019;-0.426415;-0.366038;-0.358491;-0.396226;0.735849;-0.577359;0.0867924;0.358491;-0.00377361;0.343396;0.0566037;-0.14717;-0.343396;-0.139623;-0.0490566;-0.54717;-0.388679;0.124528;0.207547;0.283019;0.207547;0.132075;0.111111;-0.622222;0.733333;-0.222222;-0.281482;0.0592592;-0.318519;-0.274074;1;0.111111;0.518519;0.185185;-0.037037;-8.27842e-009;0.148148;0.185185;-0.444444;-0.0666667;-0.896296;0.444444;0.222222;-0.0296296;-0.0740741;0.733333;-0.185185;-0.185185;0.296875;-0.40625;-1;0;0;0;0

20.59;-0.388679;-0.184906;-0.615094;-0.403774;-0.0716981;-0.207547;-0.373585;-0.018868;-0.30566;0.637736;-0.283019;-0.154717;0.516981;-0.222642;-0.0264151;0.509434;0.260377;0.607547;-0.245283;-0.320755;0.222641;-0.215094;-0.215094;0.0716981;-0.0716981;-0.132076;0.0566037;0.215094;0.2;-0.018868;-0.283019;-0.426415;-0.366038;-0.358491;-0.396226;0.735849;-0.577359;0.0867924;0.358491;-0.00377361;0.343396;0.0566037;-0.14717;-0.343396;-0.139623;-0.0490566;-0.54717;-0.388679;0.124528;0.207547;0.283019;0.207547;0.111111;0.111111;-0.622222;0.733333;-0.222222;-0.281482;0.0592592;-0.318519;-0.274074;1;0.111111;0.518519;0.185185;-0.037037;-8.27842e-009;0.148148;0.185185;-0.444444;-0.0666667;-0.896296;0.444444;0.222222;-0.0296296;-0.0740741;0.733333;-0.185185;-0.25;0.296875;+1;0;0;0;0

21.6;0.743396;-0.388679;-0.184906;-0.615094;-0.403774;-0.0716981;-0.207547;-0.373585;-0.018868;-0.30566;0.637736;-0.283019;-0.154717;0.516981;-0.222642;-0.0264151;0.509434;0.260377;0.607547;-0.245283;-0.320755;0.222641;-0.215094;-0.215094;0.0716981;-0.0716981;-0.132076;0.0566037;0.215094;0.2;-0.018868;-0.283019;-0.426415;-0.366038;-0.358491;-0.396226;0.735849;-0.577359;0.0867924;0.358491;-0.00377361;0.343396;0.0566037;-0.14717;-0.343396;-0.139623;-0.0490566;-0.54717;-0.388679;0.124528;0.207547;0.283019;0.185185;0.111111;0.111111;-0.622222;0.733333;-0.222222;-0.281482;0.0592592;-0.318519;-0.274074;1;0.111111;0.518519;0.185185;-0.037037;-8.27842e-009;0.148148;0.185185;-0.444444;-0.0666667;-0.896296;0.444444;0.222222;-0.0296296;-0.0740741;0.733333;-0.25;-0.25;-1;0;0;0;0

20.97;-0.49434;0.743396;-0.388679;-0.184906;-0.615094;-0.403774;-0.0716981;-0.207547;-0.373585;-0.018868;-0.30566;0.637736;-0.283019;-0.154717;0.516981;-0.222642;-0.0264151;0.509434;0.260377;0.607547;-0.245283;-0.320755;0.222641;-0.215094;-0.215094;0.0716981;-0.0716981;-0.132076;0.0566037;0.215094;0.2;-0.018868;-0.283019;-0.426415;-0.366038;-0.358491;-0.396226;0.735849;-0.577359;0.0867924;0.358491;-0.00377361;0.343396;0.0566037;-0.14717;-0.343396;-0.139623;-0.0490566;-0.54717;-0.388679;0.124528;0.207547;0.259259;0.185185;0.111111;0.111111;-0.622222;0.733333;-0.222222;-0.281482;0.0592592;-0.318519;-0.274074;1;0.111111;0.518519;0.185185;-0.037037;-8.27842e-009;0.148148;0.185185;-0.444444;-0.0666667;-0.896296;0.444444;0.222222;-0.0296296;-0.0740741;0.71875;-0.25;+1;0;0;0;0

21.6;0.456604;-0.49434;0.743396;-0.388679;-0.184906;-0.615094;-0.403774;-0.0716981;-0.207547;-0.373585;-0.018868;-0.30566;0.637736;-0.283019;-0.154717;0.516981;-0.222642;-0.0264151;0.509434;0.260377;0.607547;-0.245283;-0.320755;0.222641;-0.215094;-0.215094;0.0716981;-0.0716981;-0.132076;0.0566037;0.215094;0.2;-0.018868;-0.283019;-0.426415;-0.366038;-0.358491;-0.396226;0.735849;-0.577359;0.0867924;0.358491;-0.00377361;0.343396;0.0566037;-0.14717;-0.343396;-0.139623;-0.0490566;-0.54717;-0.388679;0.124528;0.185185;0.259259;0.185185;0.111111;0.111111;-0.622222;0.733333;-0.222222;-0.281482;0.0592592;-0.318519;-0.274074;1;0.111111;0.518519;0.185185;-0.037037;-8.27842e-009;0.148148;0.185185;-0.444444;-0.0666667;-0.896296;0.444444;0.222222;-0.0296296;-0.132812;0.71875;-1;0;0;0;0

21.2;-0.320755;0.456604;-0.49434;0.743396;-0.388679;-0.184906;-0.615094;-0.403774;-0.0716981;-0.207547;-0.373585;-0.018868;-0.30566;0.637736;-0.283019;-0.154717;0.516981;-0.222642;-0.0264151;0.509434;0.260377;0.607547;-0.245283;-0.320755;0.222641;-0.215094;-0.215094;0.0716981;-0.0716981;-0.132076;0.0566037;0.215094;0.2;-0.018868;-0.283019;-0.426415;-0.366038;-0.358491;-0.396226;0.735849;-0.577359;0.0867924;0.358491;-0.00377361;0.343396;0.0566037;-0.14717;-0.343396;-0.139623;-0.0490566;-0.54717;-0.388679;0.103704;0.185185;0.259259;0.185185;0.111111;0.111111;-0.622222;0.733333;-0.222222;-0.281482;0.0592592;-0.318519;-0.274074;1;0.111111;0.518519;0.185185;-0.037037;-8.27842e-009;0.148148;0.185185;-0.444444;-0.0666667;-0.896296;0.444444;0.222222;-0.0859375;-0.132812;-1;0;0;0;0

20.4;-0.622642;-0.320755;0.456604;-0.49434;0.743396;-0.388679;-0.184906;-0.615094;-0.403774;-0.0716981;-0.207547;-0.373585;-0.018868;-0.30566;0.637736;-0.283019;-0.154717;0.516981;-0.222642;-0.0264151;0.509434;0.260377;0.607547;-0.245283;-0.320755;0.222641;-0.215094;-0.215094;0.0716981;-0.0716981;-0.132076;0.0566037;0.215094;0.2;-0.018868;-0.283019;-0.426415;-0.366038;-0.358491;-0.396226;0.735849;-0.577359;0.0867924;0.358491;-0.00377361;0.343396;0.0566037;-0.14717;-0.343396;-0.139623;-0.0490566;-0.54717;-0.4;0.103704;0.185185;0.259259;0.185185;0.111111;0.111111;-0.622222;0.733333;-0.222222;-0.281482;0.0592592;-0.318519;-0.274074;1;0.111111;0.518519;0.185185;-0.037037;-8.27842e-009;0.148148;0.185185;-0.444444;-0.0666667;-0.896296;0.444444;0.179688;-0.0859375;-1;0;0;0;0

20;-0.320755;-0.622642;-0.320755;0.456604;-0.49434;0.743396;-0.388679;-0.184906;-0.615094;-0.403774;-0.0716981;-0.207547;-0.373585;-0.018868;-0.30566;0.637736;-0.283019;-0.154717;0.516981;-0.222642;-0.0264151;0.509434;0.260377;0.607547;-0.245283;-0.320755;0.222641;-0.215094;-0.215094;0.0716981;-0.0716981;-0.132076;0.0566037;0.215094;0.2;-0.018868;-0.283019;-0.426415;-0.366038;-0.358491;-0.396226;0.735849;-0.577359;0.0867924;0.358491;-0.00377361;0.343396;0.0566037;-0.14717;-0.343396;-0.139623;-0.0490566;-0.555556;-0.4;0.103704;0.185185;0.259259;0.185185;0.111111;0.111111;-0.622222;0.733333;-0.222222;-0.281482;0.0592592;-0.318519;-0.274074;1;0.111111;0.518519;0.185185;-0.037037;-8.27842e-009;0.148148;0.185185;-0.444444;-0.0666667;-0.896296;0.414062;0.179688;-1;0;0;0;0

19.35;-0.509434;-0.320755;-0.622642;-0.320755;0.456604;-0.49434;0.743396;-0.388679;-0.184906;-0.615094;-0.403774;-0.0716981;-0.207547;-0.373585;-0.018868;-0.30566;0.637736;-0.283019;-0.154717;0.516981;-0.222642;-0.0264151;0.509434;0.260377;0.607547;-0.245283;-0.320755;0.222641;-0.215094;-0.215094;0.0716981;-0.0716981;-0.132076;0.0566037;0.215094;0.2;-0.018868;-0.283019;-0.426415;-0.366038;-0.358491;-0.396226;0.735849;-0.577359;0.0867924;0.358491;-0.00377361;0.343396;0.0566037;-0.14717;-0.343396;-0.139623;-0.0666667;-0.555556;-0.4;0.103704;0.185185;0.259259;0.185185;0.111111;0.111111;-0.622222;0.733333;-0.222222;-0.281482;0.0592592;-0.318519;-0.274074;1;0.111111;0.518519;0.185185;-0.037037;-8.27842e-009;0.148148;0.185185;-0.444444;-0.0666667;-1;0.414062;+1;0;0;0;0

20.7;1;-0.509434;-0.320755;-0.622642;-0.320755;0.456604;-0.49434;0.743396;-0.388679;-0.184906;-0.615094;-0.403774;-0.0716981;-0.207547;-0.373585;-0.018868;-0.30566;0.637736;-0.283019;-0.154717;0.516981;-0.222642;-0.0264151;0.509434;0.260377;0.607547;-0.245283;-0.320755;0.222641;-0.215094;-0.215094;0.0716981;-0.0716981;-0.132076;0.0566037;0.215094;0.2;-0.018868;-0.283019;-0.426415;-0.366038;-0.358491;-0.396226;0.735849;-0.577359;0.0867924;0.358491;-0.00377361;0.343396;0.0566037;-0.14717;-0.343396;-0.155556;-0.0666667;-0.555556;-0.4;0.103704;0.185185;0.259259;0.185185;0.111111;0.111111;-0.622222;0.733333;-0.222222;-0.281482;0.0592592;-0.318519;-0.274074;1;0.111111;0.518519;0.185185;-0.037037;-8.27842e-009;0.148148;0.185185;-0.444444;-0.125;-1;+1;0;0;0;0

20.8;0.0566037;1;-0.509434;-0.320755;-0.622642;-0.320755;0.456604;-0.49434;0.743396;-0.388679;-0.184906;-0.615094;-0.403774;-0.0716981;-0.207547;-0.373585;-0.018868;-0.30566;0.637736;-0.283019;-0.154717;0.516981;-0.222642;-0.0264151;0.509434;0.260377;0.607547;-0.245283;-0.320755;0.222641;-0.215094;-0.215094;0.0716981;-0.0716981;-0.132076;0.0566037;0.215094;0.2;-0.018868;-0.283019;-0.426415;-0.366038;-0.358491;-0.396226;0.735849;-0.577359;0.0867924;0.358491;-0.00377361;0.343396;0.0566037;-0.14717;-0.355556;-0.155556;-0.0666667;-0.555556;-0.4;0.103704;0.185185;0.259259;0.185185;0.111111;0.111111;-0.622222;0.733333;-0.222222;-0.281482;0.0592592;-0.318519;-0.274074;1;0.111111;0.518519;0.185185;-0.037037;-8.27842e-009;0.148148;0.185185;-0.523438;-0.125;-1;0;0;0;0

20.4;-0.320755;0.0566037;1;-0.509434;-0.320755;-0.622642;-0.320755;0.456604;-0.49434;0.743396;-0.388679;-0.184906;-0.615094;-0.403774;-0.0716981;-0.207547;-0.373585;-0.018868;-0.30566;0.637736;-0.283019;-0.154717;0.516981;-0.222642;-0.0264151;0.509434;0.260377;0.607547;-0.245283;-0.320755;0.222641;-0.215094;-0.215094;0.0716981;-0.0716981;-0.132076;0.0566037;0.215094;0.2;-0.018868;-0.283019;-0.426415;-0.366038;-0.358491;-0.396226;0.735849;-0.577359;0.0867924;0.358491;-0.00377361;0.343396;0.0566037;-0.162963;-0.355556;-0.155556;-0.0666667;-0.555556;-0.4;0.103704;0.185185;0.259259;0.185185;0.111111;0.111111;-0.622222;0.733333;-0.222222;-0.281482;0.0592592;-0.318519;-0.274074;1;0.111111;0.518519;0.185185;-0.037037;-8.27842e-009;0.148148;0.140625;-0.523438;-1;0;0;0;0

19.3;-0.849057;-0.320755;0.0566037;1;-0.509434;-0.320755;-0.622642;-0.320755;0.456604;-0.49434;0.743396;-0.388679;-0.184906;-0.615094;-0.403774;-0.0716981;-0.207547;-0.373585;-0.018868;-0.30566;0.637736;-0.283019;-0.154717;0.516981;-0.222642;-0.0264151;0.509434;0.260377;0.607547;-0.245283;-0.320755;0.222641;-0.215094;-0.215094;0.0716981;-0.0716981;-0.132076;0.0566037;0.215094;0.2;-0.018868;-0.283019;-0.426415;-0.366038;-0.358491;-0.396226;0.735849;-0.577359;0.0867924;0.358491;-0.00377361;0.343396;0.037037;-0.162963;-0.355556;-0.155556;-0.0666667;-0.555556;-0.4;0.103704;0.185185;0.259259;0.185185;0.111111;0.111111;-0.622222;0.733333;-0.222222;-0.281482;0.0592592;-0.318519;-0.274074;1;0.111111;0.518519;0.185185;-0.037037;-8.27842e-009;0.101562;0.140625;-1;0;0;0;0

19;-0.245283;-0.849057;-0.320755;0.0566037;1;-0.509434;-0.320755;-0.622642;-0.320755;0.456604;-0.49434;0.743396;-0.388679;-0.184906;-0.615094;-0.403774;-0.0716981;-0.207547;-0.373585;-0.018868;-0.30566;0.637736;-0.283019;-0.154717;0.516981;-0.222642;-0.0264151;0.509434;0.260377;0.607547;-0.245283;-0.320755;0.222641;-0.215094;-0.215094;0.0716981;-0.0716981;-0.132076;0.0566037;0.215094;0.2;-0.018868;-0.283019;-0.426415;-0.366038;-0.358491;-0.396226;0.735849;-0.577359;0.0867924;0.358491;-0.00377361;0.318519;0.037037;-0.162963;-0.355556;-0.155556;-0.0666667;-0.555556;-0.4;0.103704;0.185185;0.259259;0.185185;0.111111;0.111111;-0.622222;0.733333;-0.222222;-0.281482;0.0592592;-0.318519;-0.274074;1;0.111111;0.518519;0.185185;-0.037037;-0.0546875;0.101562;+1;0;0;0;0

20;0.735849;-0.245283;-0.849057;-0.320755;0.0566037;1;-0.509434;-0.320755;-0.622642;-0.320755;0.456604;-0.49434;0.743396;-0.388679;-0.184906;-0.615094;-0.403774;-0.0716981;-0.207547;-0.373585;-0.018868;-0.30566;0.637736;-0.283019;-0.154717;0.516981;-0.222642;-0.0264151;0.509434;0.260377;0.607547;-0.245283;-0.320755;0.222641;-0.215094;-0.215094;0.0716981;-0.0716981;-0.132076;0.0566037;0.215094;0.2;-0.018868;-0.283019;-0.426415;-0.366038;-0.358491;-0.396226;0.735849;-0.577359;0.0867924;0.358491;-0.0222222;0.318519;0.037037;-0.162963;-0.355556;-0.155556;-0.0666667;-0.555556;-0.4;0.103704;0.185185;0.259259;0.185185;0.111111;0.111111;-0.622222;0.733333;-0.222222;-0.281482;0.0592592;-0.318519;-0.274074;1;0.111111;0.518519;0.185185;-0.09375;-0.0546875;+1;0;0;0;0

20.25;0.169811;0.735849;-0.245283;-0.849057;-0.320755;0.0566037;1;-0.509434;-0.320755;-0.622642;-0.320755;0.456604;-0.49434;0.743396;-0.388679;-0.184906;-0.615094;-0.403774;-0.0716981;-0.207547;-0.373585;-0.018868;-0.30566;0.637736;-0.283019;-0.154717;0.516981;-0.222642;-0.0264151;0.509434;0.260377;0.607547;-0.245283;-0.320755;0.222641;-0.215094;-0.215094;0.0716981;-0.0716981;-0.132076;0.0566037;0.215094;0.2;-0.018868;-0.283019;-0.426415;-0.366038;-0.358491;-0.396226;0.735849;-0.577359;0.0867924;0.333333;-0.0222222;0.318519;0.037037;-0.162963;-0.355556;-0.155556;-0.0666667;-0.555556;-0.4;0.103704;0.185185;0.259259;0.185185;0.111111;0.111111;-0.622222;0.733333;-0.222222;-0.281482;0.0592592;-0.318519;-0.274074;1;0.111111;0.518519;0.140625;-0.09375;-1;0;0;0;0

20;-0.207547;0.169811;0.735849;-0.245283;-0.849057;-0.320755;0.0566037;1;-0.509434;-0.320755;-0.622642;-0.320755;0.456604;-0.49434;0.743396;-0.388679;-0.184906;-0.615094;-0.403774;-0.0716981;-0.207547;-0.373585;-0.018868;-0.30566;0.637736;-0.283019;-0.154717;0.516981;-0.222642;-0.0264151;0.509434;0.260377;0.607547;-0.245283;-0.320755;0.222641;-0.215094;-0.215094;0.0716981;-0.0716981;-0.132076;0.0566037;0.215094;0.2;-0.018868;-0.283019;-0.426415;-0.366038;-0.358491;-0.396226;0.735849;-0.577359;0.0666667;0.333333;-0.0222222;0.318519;0.037037;-0.162963;-0.355556;-0.155556;-0.0666667;-0.555556;-0.4;0.103704;0.185185;0.259259;0.185185;0.111111;0.111111;-0.622222;0.733333;-0.222222;-0.281482;0.0592592;-0.318519;-0.274074;1;0.111111;0.492188;0.140625;-1;0;0;0;0

20;-0.018868;-0.207547;0.169811;0.735849;-0.245283;-0.849057;-0.320755;0.0566037;1;-0.509434;-0.320755;-0.622642;-0.320755;0.456604;-0.49434;0.743396;-0.388679;-0.184906;-0.615094;-0.403774;-0.0716981;-0.207547;-0.373585;-0.018868;-0.30566;0.637736;-0.283019;-0.154717;0.516981;-0.222642;-0.0264151;0.509434;0.260377;0.607547;-0.245283;-0.320755;0.222641;-0.215094;-0.215094;0.0716981;-0.0716981;-0.132076;0.0566037;0.215094;0.2;-0.018868;-0.283019;-0.426415;-0.366038;-0.358491;-0.396226;0.735849;-0.585185;0.0666667;0.333333;-0.0222222;0.318519;0.037037;-0.162963;-0.355556;-0.155556;-0.0666667;-0.555556;-0.4;0.103704;0.185185;0.259259;0.185185;0.111111;0.111111;-0.622222;0.733333;-0.222222;-0.281482;0.0592592;-0.318519;-0.274074;1;0.0625;0.492188;-1;0;0;0;0

19.62;-0.30566;-0.018868;-0.207547;0.169811;0.735849;-0.245283;-0.849057;-0.320755;0.0566037;1;-0.509434;-0.320755;-0.622642;-0.320755;0.456604;-0.49434;0.743396;-0.388679;-0.184906;-0.615094;-0.403774;-0.0716981;-0.207547;-0.373585;-0.018868;-0.30566;0.637736;-0.283019;-0.154717;0.516981;-0.222642;-0.0264151;0.509434;0.260377;0.607547;-0.245283;-0.320755;0.222641;-0.215094;-0.215094;0.0716981;-0.0716981;-0.132076;0.0566037;0.215094;0.2;-0.018868;-0.283019;-0.426415;-0.366038;-0.358491;-0.396226;0.703704;-0.585185;0.0666667;0.333333;-0.0222222;0.318519;0.037037;-0.162963;-0.355556;-0.155556;-0.0666667;-0.555556;-0.4;0.103704;0.185185;0.259259;0.185185;0.111111;0.111111;-0.622222;0.733333;-0.222222;-0.281482;0.0592592;-0.318519;-0.274074;1;0.0625;+1;0;0;0;0

19.7;0.0415094;-0.30566;-0.018868;-0.207547;0.169811;0.735849;-0.245283;-0.849057;-0.320755;0.0566037;1;-0.509434;-0.320755;-0.622642;-0.320755;0.456604;-0.49434;0.743396;-0.388679;-0.184906;-0.615094;-0.403774;-0.0716981;-0.207547;-0.373585;-0.018868;-0.30566;0.637736;-0.283019;-0.154717;0.516981;-0.222642;-0.0264151;0.509434;0.260377;0.607547;-0.245283;-0.320755;0.222641;-0.215094;-0.215094;0.0716981;-0.0716981;-0.132076;0.0566037;0.215094;0.2;-0.018868;-0.283019;-0.426415;-0.366038;-0.358491;-0.407407;0.703704;-0.585185;0.0666667;0.333333;-0.0222222;0.318519;0.037037;-0.162963;-0.355556;-0.155556;-0.0666667;-0.555556;-0.4;0.103704;0.185185;0.259259;0.185185;0.111111;0.111111;-0.622222;0.733333;-0.222222;-0.281482;0.0592592;-0.318519;-0.34375;1;-1;0;0;0;0

19.7;-0.018868;0.0415094;-0.30566;-0.018868;-0.207547;0.169811;0.735849;-0.245283;-0.849057;-0.320755;0.0566037;1;-0.509434;-0.320755;-0.622642;-0.320755;0.456604;-0.49434;0.743396;-0.388679;-0.184906;-0.615094;-0.403774;-0.0716981;-0.207547;-0.373585;-0.018868;-0.30566;0.637736;-0.283019;-0.154717;0.516981;-0.222642;-0.0264151;0.509434;0.260377;0.607547;-0.245283;-0.320755;0.222641;-0.215094;-0.215094;0.0716981;-0.0716981;-0.132076;0.0566037;0.215094;0.2;-0.018868;-0.283019;-0.426415;-0.366038;-0.37037;-0.407407;0.703704;-0.585185;0.0666667;0.333333;-0.0222222;0.318519;0.037037;-0.162963;-0.355556;-0.155556;-0.0666667;-0.555556;-0.4;0.103704;0.185185;0.259259;0.185185;0.111111;0.111111;-0.622222;0.733333;-0.222222;-0.281482;0.0592592;-0.390625;-0.34375;-1;0;0;0;0

18.4;-1;-0.018868;0.0415094;-0.30566;-0.018868;-0.207547;0.169811;0.735849;-0.245283;-0.849057;-0.320755;0.0566037;1;-0.509434;-0.320755;-0.622642;-0.320755;0.456604;-0.49434;0.743396;-0.388679;-0.184906;-0.615094;-0.403774;-0.0716981;-0.207547;-0.373585;-0.018868;-0.30566;0.637736;-0.283019;-0.154717;0.516981;-0.222642;-0.0264151;0.509434;0.260377;0.607547;-0.245283;-0.320755;0.222641;-0.215094;-0.215094;0.0716981;-0.0716981;-0.132076;0.0566037;0.215094;0.2;-0.018868;-0.283019;-0.426415;-0.377778;-0.37037;-0.407407;0.703704;-0.585185;0.0666667;0.333333;-0.0222222;0.318519;0.037037;-0.162963;-0.355556;-0.155556;-0.0666667;-0.555556;-0.4;0.103704;0.185185;0.259259;0.185185;0.111111;0.111111;-0.622222;0.733333;-0.222222;-0.281482;0.00781249;-0.390625;-1;0;0;0;0

17.9;-0.396226;-1;-0.018868;0.0415094;-0.30566;-0.018868;-0.207547;0.169811;0.735849;-0.245283;-0.849057;-0.320755;0.0566037;1;-0.509434;-0.320755;-0.622642;-0.320755;0.456604;-0.49434;0.743396;-0.388679;-0.184906;-0.615094;-0.403774;-0.0716981;-0.207547;-0.373585;-0.018868;-0.30566;0.637736;-0.283019;-0.154717;0.516981;-0.222642;-0.0264151;0.509434;0.260377;0.607547;-0.245283;-0.320755;0.222641;-0.215094;-0.215094;0.0716981;-0.0716981;-0.132076;0.0566037;0.215094;0.2;-0.018868;-0.283019;-0.437037;-0.377778;-0.37037;-0.407407;0.703704;-0.585185;0.0666667;0.333333;-0.0222222;0.318519;0.037037;-0.162963;-0.355556;-0.155556;-0.0666667;-0.555556;-0.4;0.103704;0.185185;0.259259;0.185185;0.111111;0.111111;-0.622222;0.733333;-0.222222;-0.351563;0.00781249;-1;0;0;0;0

17.7;-0.169811;-0.396226;-1;-0.018868;0.0415094;-0.30566;-0.018868;-0.207547;0.169811;0.735849;-0.245283;-0.849057;-0.320755;0.0566037;1;-0.509434;-0.320755;-0.622642;-0.320755;0.456604;-0.49434;0.743396;-0.388679;-0.184906;-0.615094;-0.403774;-0.0716981;-0.207547;-0.373585;-0.018868;-0.30566;0.637736;-0.283019;-0.154717;0.516981;-0.222642;-0.0264151;0.509434;0.260377;0.607547;-0.245283;-0.320755;0.222641;-0.215094;-0.215094;0.0716981;-0.0716981;-0.132076;0.0566037;0.215094;0.2;-0.018868;-0.296296;-0.437037;-0.377778;-0.37037;-0.407407;0.703704;-0.585185;0.0666667;0.333333;-0.0222222;0.318519;0.037037;-0.162963;-0.355556;-0.155556;-0.0666667;-0.555556;-0.4;0.103704;0.185185;0.259259;0.185185;0.111111;0.111111;-0.622222;0.733333;-0.289062;-0.351563;+1;0;0;0;0

18.9;0.886792;-0.169811;-0.396226;-1;-0.018868;0.0415094;-0.30566;-0.018868;-0.207547;0.169811;0.735849;-0.245283;-0.849057;-0.320755;0.0566037;1;-0.509434;-0.320755;-0.622642;-0.320755;0.456604;-0.49434;0.743396;-0.388679;-0.184906;-0.615094;-0.403774;-0.0716981;-0.207547;-0.373585;-0.018868;-0.30566;0.637736;-0.283019;-0.154717;0.516981;-0.222642;-0.0264151;0.509434;0.260377;0.607547;-0.245283;-0.320755;0.222641;-0.215094;-0.215094;0.0716981;-0.0716981;-0.132076;0.0566037;0.215094;0.2;-0.037037;-0.296296;-0.437037;-0.377778;-0.37037;-0.407407;0.703704;-0.585185;0.0666667;0.333333;-0.0222222;0.318519;0.037037;-0.162963;-0.355556;-0.155556;-0.0666667;-0.555556;-0.4;0.103704;0.185185;0.259259;0.185185;0.111111;0.111111;-0.622222;0.71875;-0.289062;+1;0;0;0;0

19.1;0.132075;0.886792;-0.169811;-0.396226;-1;-0.018868;0.0415094;-0.30566;-0.018868;-0.207547;0.169811;0.735849;-0.245283;-0.849057;-0.320755;0.0566037;1;-0.509434;-0.320755;-0.622642;-0.320755;0.456604;-0.49434;0.743396;-0.388679;-0.184906;-0.615094;-0.403774;-0.0716981;-0.207547;-0.373585;-0.018868;-0.30566;0.637736;-0.283019;-0.154717;0.516981;-0.222642;-0.0264151;0.509434;0.260377;0.607547;-0.245283;-0.320755;0.222641;-0.215094;-0.215094;0.0716981;-0.0716981;-0.132076;0.0566037;0.215094;0.177778;-0.037037;-0.296296;-0.437037;-0.377778;-0.37037;-0.407407;0.703704;-0.585185;0.0666667;0.333333;-0.0222222;0.318519;0.037037;-0.162963;-0.355556;-0.155556;-0.0666667;-0.555556;-0.4;0.103704;0.185185;0.259259;0.185185;0.111111;0.111111;-0.710938;0.71875;+1;0;0;0;0

19.38;0.192453;0.132075;0.886792;-0.169811;-0.396226;-1;-0.018868;0.0415094;-0.30566;-0.018868;-0.207547;0.169811;0.735849;-0.245283;-0.849057;-0.320755;0.0566037;1;-0.509434;-0.320755;-0.622642;-0.320755;0.456604;-0.49434;0.743396;-0.388679;-0.184906;-0.615094;-0.403774;-0.0716981;-0.207547;-0.373585;-0.018868;-0.30566;0.637736;-0.283019;-0.154717;0.516981;-0.222642;-0.0264151;0.509434;0.260377;0.607547;-0.245283;-0.320755;0.222641;-0.215094;-0.215094;0.0716981;-0.0716981;-0.132076;0.0566037;0.192593;0.177778;-0.037037;-0.296296;-0.437037;-0.377778;-0.37037;-0.407407;0.703704;-0.585185;0.0666667;0.333333;-0.0222222;0.318519;0.037037;-0.162963;-0.355556;-0.155556;-0.0666667;-0.555556;-0.4;0.103704;0.185185;0.259259;0.185185;0.111111;0.0625;-0.710938;-1;0;0;0;0

19;-0.30566;0.192453;0.132075;0.886792;-0.169811;-0.396226;-1;-0.018868;0.0415094;-0.30566;-0.018868;-0.207547;0.169811;0.735849;-0.245283;-0.849057;-0.320755;0.0566037;1;-0.509434;-0.320755;-0.622642;-0.320755;0.456604;-0.49434;0.743396;-0.388679;-0.184906;-0.615094;-0.403774;-0.0716981;-0.207547;-0.373585;-0.018868;-0.30566;0.637736;-0.283019;-0.154717;0.516981;-0.222642;-0.0264151;0.509434;0.260377;0.607547;-0.245283;-0.320755;0.222641;-0.215094;-0.215094;0.0716981;-0.0716981;-0.132076;0.037037;0.192593;0.177778;-0.037037;-0.296296;-0.437037;-0.377778;-0.37037;-0.407407;0.703704;-0.585185;0.0666667;0.333333;-0.0222222;0.318519;0.037037;-0.162963;-0.355556;-0.155556;-0.0666667;-0.555556;-0.4;0.103704;0.185185;0.259259;0.185185;0.0625;0.0625;-1;0;0;0;0

18.9;-0.0943397;-0.30566;0.192453;0.132075;0.886792;-0.169811;-0.396226;-1;-0.018868;0.0415094;-0.30566;-0.018868;-0.207547;0.169811;0.735849;-0.245283;-0.849057;-0.320755;0.0566037;1;-0.509434;-0.320755;-0.622642;-0.320755;0.456604;-0.49434;0.743396;-0.388679;-0.184906;-0.615094;-0.403774;-0.0716981;-0.207547;-0.373585;-0.018868;-0.30566;0.637736;-0.283019;-0.154717;0.516981;-0.222642;-0.0264151;0.509434;0.260377;0.607547;-0.245283;-0.320755;0.222641;-0.215094;-0.215094;0.0716981;-0.0716981;-0.148148;0.037037;0.192593;0.177778;-0.037037;-0.296296;-0.437037;-0.377778;-0.37037;-0.407407;0.703704;-0.585185;0.0666667;0.333333;-0.0222222;0.318519;0.037037;-0.162963;-0.355556;-0.155556;-0.0666667;-0.555556;-0.4;0.103704;0.185185;0.259259;0.140625;0.0625;+1;0;0;0;0

19.1;0.132075;-0.0943397;-0.30566;0.192453;0.132075;0.886792;-0.169811;-0.396226;-1;-0.018868;0.0415094;-0.30566;-0.018868;-0.207547;0.169811;0.735849;-0.245283;-0.849057;-0.320755;0.0566037;1;-0.509434;-0.320755;-0.622642;-0.320755;0.456604;-0.49434;0.743396;-0.388679;-0.184906;-0.615094;-0.403774;-0.0716981;-0.207547;-0.373585;-0.018868;-0.30566;0.637736;-0.283019;-0.154717;0.516981;-0.222642;-0.0264151;0.509434;0.260377;0.607547;-0.245283;-0.320755;0.222641;-0.215094;-0.215094;0.0716981;-0.0888889;-0.148148;0.037037;0.192593;0.177778;-0.037037;-0.296296;-0.437037;-0.377778;-0.37037;-0.407407;0.703704;-0.585185;0.0666667;0.333333;-0.0222222;0.318519;0.037037;-0.162963;-0.355556;-0.155556;-0.0666667;-0.555556;-0.4;0.103704;0.185185;0.21875;0.140625;+1;0;0;0;0

20.09;0.728302;0.132075;-0.0943397;-0.30566;0.192453;0.132075;0.886792;-0.169811;-0.396226;-1;-0.018868;0.0415094;-0.30566;-0.018868;-0.207547;0.169811;0.735849;-0.245283;-0.849057;-0.320755;0.0566037;1;-0.509434;-0.320755;-0.622642;-0.320755;0.456604;-0.49434;0.743396;-0.388679;-0.184906;-0.615094;-0.403774;-0.0716981;-0.207547;-0.373585;-0.018868;-0.30566;0.637736;-0.283019;-0.154717;0.516981;-0.222642;-0.0264151;0.509434;0.260377;0.607547;-0.245283;-0.320755;0.222641;-0.215094;-0.215094;0.0518518;-0.0888889;-0.148148;0.037037;0.192593;0.177778;-0.037037;-0.296296;-0.437037;-0.377778;-0.37037;-0.407407;0.703704;-0.585185;0.0666667;0.333333;-0.0222222;0.318519;0.037037;-0.162963;-0.355556;-0.155556;-0.0666667;-0.555556;-0.4;0.103704;0.140625;0.21875;-1;0;0;0;0

19.9;-0.162264;0.728302;0.132075;-0.0943397;-0.30566;0.192453;0.132075;0.886792;-0.169811;-0.396226;-1;-0.018868;0.0415094;-0.30566;-0.018868;-0.207547;0.169811;0.735849;-0.245283;-0.849057;-0.320755;0.0566037;1;-0.509434;-0.320755;-0.622642;-0.320755;0.456604;-0.49434;0.743396;-0.388679;-0.184906;-0.615094;-0.403774;-0.0716981;-0.207547;-0.373585;-0.018868;-0.30566;0.637736;-0.283019;-0.154717;0.516981;-0.222642;-0.0264151;0.509434;0.260377;0.607547;-0.245283;-0.320755;0.222641;-0.215094;-0.22963;0.0518518;-0.0888889;-0.148148;0.037037;0.192593;0.177778;-0.037037;-0.296296;-0.437037;-0.377778;-0.37037;-0.407407;0.703704;-0.585185;0.0666667;0.333333;-0.0222222;0.318519;0.037037;-0.162963;-0.355556;-0.155556;-0.0666667;-0.555556;-0.4;0.0546875;0.140625;+1;0;0;0;0

20.1;0.132075;-0.162264;0.728302;0.132075;-0.0943397;-0.30566;0.192453;0.132075;0.886792;-0.169811;-0.396226;-1;-0.018868;0.0415094;-0.30566;-0.018868;-0.207547;0.169811;0.735849;-0.245283;-0.849057;-0.320755;0.0566037;1;-0.509434;-0.320755;-0.622642;-0.320755;0.456604;-0.49434;0.743396;-0.388679;-0.184906;-0.615094;-0.403774;-0.0716981;-0.207547;-0.373585;-0.018868;-0.30566;0.637736;-0.283019;-0.154717;0.516981;-0.222642;-0.0264151;0.509434;0.260377;0.607547;-0.245283;-0.320755;0.222641;-0.22963;-0.22963;0.0518518;-0.0888889;-0.148148;0.037037;0.192593;0.177778;-0.037037;-0.296296;-0.437037;-0.377778;-0.37037;-0.407407;0.703704;-0.585185;0.0666667;0.333333;-0.0222222;0.318519;0.037037;-0.162963;-0.355556;-0.155556;-0.0666667;-0.555556;-0.476563;0.0546875;+1;0;0;0;0

20.8;0.509434;0.132075;-0.162264;0.728302;0.132075;-0.0943397;-0.30566;0.192453;0.132075;0.886792;-0.169811;-0.396226;-1;-0.018868;0.0415094;-0.30566;-0.018868;-0.207547;0.169811;0.735849;-0.245283;-0.849057;-0.320755;0.0566037;1;-0.509434;-0.320755;-0.622642;-0.320755;0.456604;-0.49434;0.743396;-0.388679;-0.184906;-0.615094;-0.403774;-0.0716981;-0.207547;-0.373585;-0.018868;-0.30566;0.637736;-0.283019;-0.154717;0.516981;-0.222642;-0.0264151;0.509434;0.260377;0.607547;-0.245283;-0.320755;0.2;-0.22963;-0.22963;0.0518518;-0.0888889;-0.148148;0.037037;0.192593;0.177778;-0.037037;-0.296296;-0.437037;-0.377778;-0.37037;-0.407407;0.703704;-0.585185;0.0666667;0.333333;-0.0222222;0.318519;0.037037;-0.162963;-0.355556;-0.155556;-0.0666667;-0.640625;-0.476563;-1;0;0;0;0

20.4;-0.320755;0.509434;0.132075;-0.162264;0.728302;0.132075;-0.0943397;-0.30566;0.192453;0.132075;0.886792;-0.169811;-0.396226;-1;-0.018868;0.0415094;-0.30566;-0.018868;-0.207547;0.169811;0.735849;-0.245283;-0.849057;-0.320755;0.0566037;1;-0.509434;-0.320755;-0.622642;-0.320755;0.456604;-0.49434;0.743396;-0.388679;-0.184906;-0.615094;-0.403774;-0.0716981;-0.207547;-0.373585;-0.018868;-0.30566;0.637736;-0.283019;-0.154717;0.516981;-0.222642;-0.0264151;0.509434;0.260377;0.607547;-0.245283;-0.333333;0.2;-0.22963;-0.22963;0.0518518;-0.0888889;-0.148148;0.037037;0.192593;0.177778;-0.037037;-0.296296;-0.437037;-0.377778;-0.37037;-0.407407;0.703704;-0.585185;0.0666667;0.333333;-0.0222222;0.318519;0.037037;-0.162963;-0.355556;-0.155556;-0.125;-0.640625;+1;0;0;0;0

21.3;0.660377;-0.320755;0.509434;0.132075;-0.162264;0.728302;0.132075;-0.0943397;-0.30566;0.192453;0.132075;0.886792;-0.169811;-0.396226;-1;-0.018868;0.0415094;-0.30566;-0.018868;-0.207547;0.169811;0.735849;-0.245283;-0.849057;-0.320755;0.0566037;1;-0.509434;-0.320755;-0.622642;-0.320755;0.456604;-0.49434;0.743396;-0.388679;-0.184906;-0.615094;-0.403774;-0.0716981;-0.207547;-0.373585;-0.018868;-0.30566;0.637736;-0.283019;-0.154717;0.516981;-0.222642;-0.0264151;0.509434;0.260377;0.607547;-0.259259;-0.333333;0.2;-0.22963;-0.22963;0.0518518;-0.0888889;-0.148148;0.037037;0.192593;0.177778;-0.037037;-0.296296;-0.437037;-0.377778;-0.37037;-0.407407;0.703704;-0.585185;0.0666667;0.333333;-0.0222222;0.318519;0.037037;-0.162963;-0.355556;-0.21875;-0.125;-1;0;0;0;0

21.2;-0.0943397;0.660377;-0.320755;0.509434;0.132075;-0.162264;0.728302;0.132075;-0.0943397;-0.30566;0.192453;0.132075;0.886792;-0.169811;-0.396226;-1;-0.018868;0.0415094;-0.30566;-0.018868;-0.207547;0.169811;0.735849;-0.245283;-0.849057;-0.320755;0.0566037;1;-0.509434;-0.320755;-0.622642;-0.320755;0.456604;-0.49434;0.743396;-0.388679;-0.184906;-0.615094;-0.403774;-0.0716981;-0.207547;-0.373585;-0.018868;-0.30566;0.637736;-0.283019;-0.154717;0.516981;-0.222642;-0.0264151;0.509434;0.260377;0.577778;-0.259259;-0.333333;0.2;-0.22963;-0.22963;0.0518518;-0.0888889;-0.148148;0.037037;0.192593;0.177778;-0.037037;-0.296296;-0.437037;-0.377778;-0.37037;-0.407407;0.703704;-0.585185;0.0666667;0.333333;-0.0222222;0.318519;0.037037;-0.162963;-0.429688;-0.21875;-1;0;0;0;0

20.4;-0.622642;-0.0943397;0.660377;-0.320755;0.509434;0.132075;-0.162264;0.728302;0.132075;-0.0943397;-0.30566;0.192453;0.132075;0.886792;-0.169811;-0.396226;-1;-0.018868;0.0415094;-0.30566;-0.018868;-0.207547;0.169811;0.735849;-0.245283;-0.849057;-0.320755;0.0566037;1;-0.509434;-0.320755;-0.622642;-0.320755;0.456604;-0.49434;0.743396;-0.388679;-0.184906;-0.615094;-0.403774;-0.0716981;-0.207547;-0.373585;-0.018868;-0.30566;0.637736;-0.283019;-0.154717;0.516981;-0.222642;-0.0264151;0.509434;0.237037;0.577778;-0.259259;-0.333333;0.2;-0.22963;-0.22963;0.0518518;-0.0888889;-0.148148;0.037037;0.192593;0.177778;-0.037037;-0.296296;-0.437037;-0.377778;-0.37037;-0.407407;0.703704;-0.585185;0.0666667;0.333333;-0.0222222;0.318519;0.037037;-0.226563;-0.429688;+1;0;0;0;0

21.1;0.509434;-0.622642;-0.0943397;0.660377;-0.320755;0.509434;0.132075;-0.162264;0.728302;0.132075;-0.0943397;-0.30566;0.192453;0.132075;0.886792;-0.169811;-0.396226;-1;-0.018868;0.0415094;-0.30566;-0.018868;-0.207547;0.169811;0.735849;-0.245283;-0.849057;-0.320755;0.0566037;1;-0.509434;-0.320755;-0.622642;-0.320755;0.456604;-0.49434;0.743396;-0.388679;-0.184906;-0.615094;-0.403774;-0.0716981;-0.207547;-0.373585;-0.018868;-0.30566;0.637736;-0.283019;-0.154717;0.516981;-0.222642;-0.0264151;0.481481;0.237037;0.577778;-0.259259;-0.333333;0.2;-0.22963;-0.22963;0.0518518;-0.0888889;-0.148148;0.037037;0.192593;0.177778;-0.037037;-0.296296;-0.437037;-0.377778;-0.37037;-0.407407;0.703704;-0.585185;0.0666667;0.333333;-0.0222222;0.318519;-0.015625;-0.226563;-1;0;0;0;0

20.45;-0.509434;0.509434;-0.622642;-0.0943397;0.660377;-0.320755;0.509434;0.132075;-0.162264;0.728302;0.132075;-0.0943397;-0.30566;0.192453;0.132075;0.886792;-0.169811;-0.396226;-1;-0.018868;0.0415094;-0.30566;-0.018868;-0.207547;0.169811;0.735849;-0.245283;-0.849057;-0.320755;0.0566037;1;-0.509434;-0.320755;-0.622642;-0.320755;0.456604;-0.49434;0.743396;-0.388679;-0.184906;-0.615094;-0.403774;-0.0716981;-0.207547;-0.373585;-0.018868;-0.30566;0.637736;-0.283019;-0.154717;0.516981;-0.222642;-0.0444445;0.481481;0.237037;0.577778;-0.259259;-0.333333;0.2;-0.22963;-0.22963;0.0518518;-0.0888889;-0.148148;0.037037;0.192593;0.177778;-0.037037;-0.296296;-0.437037;-0.377778;-0.37037;-0.407407;0.703704;-0.585185;0.0666667;0.333333;-0.0222222;0.28125;-0.015625;+1;0;0;0;0

20.5;0.0188679;-0.509434;0.509434;-0.622642;-0.0943397;0.660377;-0.320755;0.509434;0.132075;-0.162264;0.728302;0.132075;-0.0943397;-0.30566;0.192453;0.132075;0.886792;-0.169811;-0.396226;-1;-0.018868;0.0415094;-0.30566;-0.018868;-0.207547;0.169811;0.735849;-0.245283;-0.849057;-0.320755;0.0566037;1;-0.509434;-0.320755;-0.622642;-0.320755;0.456604;-0.49434;0.743396;-0.388679;-0.184906;-0.615094;-0.403774;-0.0716981;-0.207547;-0.373585;-0.018868;-0.30566;0.637736;-0.283019;-0.154717;0.516981;-0.237037;-0.0444445;0.481481;0.237037;0.577778;-0.259259;-0.333333;0.2;-0.22963;-0.22963;0.0518518;-0.0888889;-0.148148;0.037037;0.192593;0.177778;-0.037037;-0.296296;-0.437037;-0.377778;-0.37037;-0.407407;0.703704;-0.585185;0.0666667;0.333333;-0.078125;0.28125;+1;0;0;0;0

20.75;0.169811;0.0188679;-0.509434;0.509434;-0.622642;-0.0943397;0.660377;-0.320755;0.509434;0.132075;-0.162264;0.728302;0.132075;-0.0943397;-0.30566;0.192453;0.132075;0.886792;-0.169811;-0.396226;-1;-0.018868;0.0415094;-0.30566;-0.018868;-0.207547;0.169811;0.735849;-0.245283;-0.849057;-0.320755;0.0566037;1;-0.509434;-0.320755;-0.622642;-0.320755;0.456604;-0.49434;0.743396;-0.388679;-0.184906;-0.615094;-0.403774;-0.0716981;-0.207547;-0.373585;-0.018868;-0.30566;0.637736;-0.283019;-0.154717;0.488889;-0.237037;-0.0444445;0.481481;0.237037;0.577778;-0.259259;-0.333333;0.2;-0.22963;-0.22963;0.0518518;-0.0888889;-0.148148;0.037037;0.192593;0.177778;-0.037037;-0.296296;-0.437037;-0.377778;-0.37037;-0.407407;0.703704;-0.585185;0.0666667;0.296875;-0.078125;-1;0;0;0;0

20.6;-0.132076;0.169811;0.0188679;-0.509434;0.509434;-0.622642;-0.0943397;0.660377;-0.320755;0.509434;0.132075;-0.162264;0.728302;0.132075;-0.0943397;-0.30566;0.192453;0.132075;0.886792;-0.169811;-0.396226;-1;-0.018868;0.0415094;-0.30566;-0.018868;-0.207547;0.169811;0.735849;-0.245283;-0.849057;-0.320755;0.0566037;1;-0.509434;-0.320755;-0.622642;-0.320755;0.456604;-0.49434;0.743396;-0.388679;-0.184906;-0.615094;-0.403774;-0.0716981;-0.207547;-0.373585;-0.018868;-0.30566;0.637736;-0.283019;-0.17037;0.488889;-0.237037;-0.0444445;0.481481;0.237037;0.577778;-0.259259;-0.333333;0.2;-0.22963;-0.22963;0.0518518;-0.0888889;-0.148148;0.037037;0.192593;0.177778;-0.037037;-0.296296;-0.437037;-0.377778;-0.37037;-0.407407;0.703704;-0.585185;0.015625;0.296875;-1;0;0;0;0

19.9;-0.54717;-0.132076;0.169811;0.0188679;-0.509434;0.509434;-0.622642;-0.0943397;0.660377;-0.320755;0.509434;0.132075;-0.162264;0.728302;0.132075;-0.0943397;-0.30566;0.192453;0.132075;0.886792;-0.169811;-0.396226;-1;-0.018868;0.0415094;-0.30566;-0.018868;-0.207547;0.169811;0.735849;-0.245283;-0.849057;-0.320755;0.0566037;1;-0.509434;-0.320755;-0.622642;-0.320755;0.456604;-0.49434;0.743396;-0.388679;-0.184906;-0.615094;-0.403774;-0.0716981;-0.207547;-0.373585;-0.018868;-0.30566;0.637736;-0.296296;-0.17037;0.488889;-0.237037;-0.0444445;0.481481;0.237037;0.577778;-0.259259;-0.333333;0.2;-0.22963;-0.22963;0.0518518;-0.0888889;-0.148148;0.037037;0.192593;0.177778;-0.037037;-0.296296;-0.437037;-0.377778;-0.37037;-0.407407;0.703704;-0.671875;0.015625;+1;0;0;0;0

20.3;0.283019;-0.54717;-0.132076;0.169811;0.0188679;-0.509434;0.509434;-0.622642;-0.0943397;0.660377;-0.320755;0.509434;0.132075;-0.162264;0.728302;0.132075;-0.0943397;-0.30566;0.192453;0.132075;0.886792;-0.169811;-0.396226;-1;-0.018868;0.0415094;-0.30566;-0.018868;-0.207547;0.169811;0.735849;-0.245283;-0.849057;-0.320755;0.0566037;1;-0.509434;-0.320755;-0.622642;-0.320755;0.456604;-0.49434;0.743396;-0.388679;-0.184906;-0.615094;-0.403774;-0.0716981;-0.207547;-0.373585;-0.018868;-0.30566;0.607407;-0.296296;-0.17037;0.488889;-0.237037;-0.0444445;0.481481;0.237037;0.577778;-0.259259;-0.333333;0.2;-0.22963;-0.22963;0.0518518;-0.0888889;-0.148148;0.037037;0.192593;0.177778;-0.037037;-0.296296;-0.437037;-0.377778;-0.37037;-0.407407;0.6875;-0.671875;-1;0;0;0;0

20.25;-0.0566038;0.283019;-0.54717;-0.132076;0.169811;0.0188679;-0.509434;0.509434;-0.622642;-0.0943397;0.660377;-0.320755;0.509434;0.132075;-0.162264;0.728302;0.132075;-0.0943397;-0.30566;0.192453;0.132075;0.886792;-0.169811;-0.396226;-1;-0.018868;0.0415094;-0.30566;-0.018868;-0.207547;0.169811;0.735849;-0.245283;-0.849057;-0.320755;0.0566037;1;-0.509434;-0.320755;-0.622642;-0.320755;0.456604;-0.49434;0.743396;-0.388679;-0.184906;-0.615094;-0.403774;-0.0716981;-0.207547;-0.373585;-0.018868;-0.318519;0.607407;-0.296296;-0.17037;0.488889;-0.237037;-0.0444445;0.481481;0.237037;0.577778;-0.259259;-0.333333;0.2;-0.22963;-0.22963;0.0518518;-0.0888889;-0.148148;0.037037;0.192593;0.177778;-0.037037;-0.296296;-0.437037;-0.377778;-0.37037;-0.484375;0.6875;+1;0;0;0;0

20.94;0.501887;-0.0566038;0.283019;-0.54717;-0.132076;0.169811;0.0188679;-0.509434;0.509434;-0.622642;-0.0943397;0.660377;-0.320755;0.509434;0.132075;-0.162264;0.728302;0.132075;-0.0943397;-0.30566;0.192453;0.132075;0.886792;-0.169811;-0.396226;-1;-0.018868;0.0415094;-0.30566;-0.018868;-0.207547;0.169811;0.735849;-0.245283;-0.849057;-0.320755;0.0566037;1;-0.509434;-0.320755;-0.622642;-0.320755;0.456604;-0.49434;0.743396;-0.388679;-0.184906;-0.615094;-0.403774;-0.0716981;-0.207547;-0.373585;-0.037037;-0.318519;0.607407;-0.296296;-0.17037;0.488889;-0.237037;-0.0444445;0.481481;0.237037;0.577778;-0.259259;-0.333333;0.2;-0.22963;-0.22963;0.0518518;-0.0888889;-0.148148;0.037037;0.192593;0.177778;-0.037037;-0.296296;-0.437037;-0.377778;-0.445312;-0.484375;+1;0;0;0;0

21.7;0.554717;0.501887;-0.0566038;0.283019;-0.54717;-0.132076;0.169811;0.0188679;-0.509434;0.509434;-0.622642;-0.0943397;0.660377;-0.320755;0.509434;0.132075;-0.162264;0.728302;0.132075;-0.0943397;-0.30566;0.192453;0.132075;0.886792;-0.169811;-0.396226;-1;-0.018868;0.0415094;-0.30566;-0.018868;-0.207547;0.169811;0.735849;-0.245283;-0.849057;-0.320755;0.0566037;1;-0.509434;-0.320755;-0.622642;-0.320755;0.456604;-0.49434;0.743396;-0.388679;-0.184906;-0.615094;-0.403774;-0.0716981;-0.207547;-0.385185;-0.037037;-0.318519;0.607407;-0.296296;-0.17037;0.488889;-0.237037;-0.0444445;0.481481;0.237037;0.577778;-0.259259;-0.333333;0.2;-0.22963;-0.22963;0.0518518;-0.0888889;-0.148148;0.037037;0.192593;0.177778;-0.037037;-0.296296;-0.437037;-0.453125;-0.445312;-1;0;0;0;0

21.2;-0.396226;0.554717;0.501887;-0.0566038;0.283019;-0.54717;-0.132076;0.169811;0.0188679;-0.509434;0.509434;-0.622642;-0.0943397;0.660377;-0.320755;0.509434;0.132075;-0.162264;0.728302;0.132075;-0.0943397;-0.30566;0.192453;0.132075;0.886792;-0.169811;-0.396226;-1;-0.018868;0.0415094;-0.30566;-0.018868;-0.207547;0.169811;0.735849;-0.245283;-0.849057;-0.320755;0.0566037;1;-0.509434;-0.320755;-0.622642;-0.320755;0.456604;-0.49434;0.743396;-0.388679;-0.184906;-0.615094;-0.403774;-0.0716981;-0.222222;-0.385185;-0.037037;-0.318519;0.607407;-0.296296;-0.17037;0.488889;-0.237037;-0.0444445;0.481481;0.237037;0.577778;-0.259259;-0.333333;0.2;-0.22963;-0.22963;0.0518518;-0.0888889;-0.148148;0.037037;0.192593;0.177778;-0.037037;-0.296296;-0.515625;-0.453125;+1;0;0;0;0

21.87;0.486792;-0.396226;0.554717;0.501887;-0.0566038;0.283019;-0.54717;-0.132076;0.169811;0.0188679;-0.509434;0.509434;-0.622642;-0.0943397;0.660377;-0.320755;0.509434;0.132075;-0.162264;0.728302;0.132075;-0.0943397;-0.30566;0.192453;0.132075;0.886792;-0.169811;-0.396226;-1;-0.018868;0.0415094;-0.30566;-0.018868;-0.207547;0.169811;0.735849;-0.245283;-0.849057;-0.320755;0.0566037;1;-0.509434;-0.320755;-0.622642;-0.320755;0.456604;-0.49434;0.743396;-0.388679;-0.184906;-0.615094;-0.403774;-0.0888889;-0.222222;-0.385185;-0.037037;-0.318519;0.607407;-0.296296;-0.17037;0.488889;-0.237037;-0.0444445;0.481481;0.237037;0.577778;-0.259259;-0.333333;0.2;-0.22963;-0.22963;0.0518518;-0.0888889;-0.148148;0.037037;0.192593;0.177778;-0.037037;-0.367188;-0.515625;+1;0;0;0;0

22;0.0792453;0.486792;-0.396226;0.554717;0.501887;-0.0566038;0.283019;-0.54717;-0.132076;0.169811;0.0188679;-0.509434;0.509434;-0.622642;-0.0943397;0.660377;-0.320755;0.509434;0.132075;-0.162264;0.728302;0.132075;-0.0943397;-0.30566;0.192453;0.132075;0.886792;-0.169811;-0.396226;-1;-0.018868;0.0415094;-0.30566;-0.018868;-0.207547;0.169811;0.735849;-0.245283;-0.849057;-0.320755;0.0566037;1;-0.509434;-0.320755;-0.622642;-0.320755;0.456604;-0.49434;0.743396;-0.388679;-0.184906;-0.615094;-0.414815;-0.0888889;-0.222222;-0.385185;-0.037037;-0.318519;0.607407;-0.296296;-0.17037;0.488889;-0.237037;-0.0444445;0.481481;0.237037;0.577778;-0.259259;-0.333333;0.2;-0.22963;-0.22963;0.0518518;-0.0888889;-0.148148;0.037037;0.192593;0.177778;-0.09375;-0.367188;+1;0;0;0;0

22.2;0.132075;0.0792453;0.486792;-0.396226;0.554717;0.501887;-0.0566038;0.283019;-0.54717;-0.132076;0.169811;0.0188679;-0.509434;0.509434;-0.622642;-0.0943397;0.660377;-0.320755;0.509434;0.132075;-0.162264;0.728302;0.132075;-0.0943397;-0.30566;0.192453;0.132075;0.886792;-0.169811;-0.396226;-1;-0.018868;0.0415094;-0.30566;-0.018868;-0.207547;0.169811;0.735849;-0.245283;-0.849057;-0.320755;0.0566037;1;-0.509434;-0.320755;-0.622642;-0.320755;0.456604;-0.49434;0.743396;-0.388679;-0.184906;-0.622222;-0.414815;-0.0888889;-0.222222;-0.385185;-0.037037;-0.318519;0.607407;-0.296296;-0.17037;0.488889;-0.237037;-0.0444445;0.481481;0.237037;0.577778;-0.259259;-0.333333;0.2;-0.22963;-0.22963;0.0518518;-0.0888889;-0.148148;0.037037;0.192593;0.132812;-0.09375;-1;0;0;0;0

21.83;-0.298113;0.132075;0.0792453;0.486792;-0.396226;0.554717;0.501887;-0.0566038;0.283019;-0.54717;-0.132076;0.169811;0.0188679;-0.509434;0.509434;-0.622642;-0.0943397;0.660377;-0.320755;0.509434;0.132075;-0.162264;0.728302;0.132075;-0.0943397;-0.30566;0.192453;0.132075;0.886792;-0.169811;-0.396226;-1;-0.018868;0.0415094;-0.30566;-0.018868;-0.207547;0.169811;0.735849;-0.245283;-0.849057;-0.320755;0.0566037;1;-0.509434;-0.320755;-0.622642;-0.320755;0.456604;-0.49434;0.743396;-0.388679;-0.2;-0.622222;-0.414815;-0.0888889;-0.222222;-0.385185;-0.037037;-0.318519;0.607407;-0.296296;-0.17037;0.488889;-0.237037;-0.0444445;0.481481;0.237037;0.577778;-0.259259;-0.333333;0.2;-0.22963;-0.22963;0.0518518;-0.0888889;-0.148148;0.037037;0.148438;0.132812;+1;0;0;0;0

22.09;0.177358;-0.298113;0.132075;0.0792453;0.486792;-0.396226;0.554717;0.501887;-0.0566038;0.283019;-0.54717;-0.132076;0.169811;0.0188679;-0.509434;0.509434;-0.622642;-0.0943397;0.660377;-0.320755;0.509434;0.132075;-0.162264;0.728302;0.132075;-0.0943397;-0.30566;0.192453;0.132075;0.886792;-0.169811;-0.396226;-1;-0.018868;0.0415094;-0.30566;-0.018868;-0.207547;0.169811;0.735849;-0.245283;-0.849057;-0.320755;0.0566037;1;-0.509434;-0.320755;-0.622642;-0.320755;0.456604;-0.49434;0.743396;-0.4;-0.2;-0.622222;-0.414815;-0.0888889;-0.222222;-0.385185;-0.037037;-0.318519;0.607407;-0.296296;-0.17037;0.488889;-0.237037;-0.0444445;0.481481;0.237037;0.577778;-0.259259;-0.333333;0.2;-0.22963;-0.22963;0.0518518;-0.0888889;-0.148148;-0.015625;0.148438;-1;0;0;0;0

21.94;-0.132076;0.177358;-0.298113;0.132075;0.0792453;0.486792;-0.396226;0.554717;0.501887;-0.0566038;0.283019;-0.54717;-0.132076;0.169811;0.0188679;-0.509434;0.509434;-0.622642;-0.0943397;0.660377;-0.320755;0.509434;0.132075;-0.162264;0.728302;0.132075;-0.0943397;-0.30566;0.192453;0.132075;0.886792;-0.169811;-0.396226;-1;-0.018868;0.0415094;-0.30566;-0.018868;-0.207547;0.169811;0.735849;-0.245283;-0.849057;-0.320755;0.0566037;1;-0.509434;-0.320755;-0.622642;-0.320755;0.456604;-0.49434;0.711111;-0.4;-0.2;-0.622222;-0.414815;-0.0888889;-0.222222;-0.385185;-0.037037;-0.318519;0.607407;-0.296296;-0.17037;0.488889;-0.237037;-0.0444445;0.481481;0.237037;0.577778;-0.259259;-0.333333;0.2;-0.22963;-0.22963;0.0518518;-0.0888889;-0.210938;-0.015625;+1;0;0;0;0

21.95;-0.0113208;-0.132076;0.177358;-0.298113;0.132075;0.0792453;0.486792;-0.396226;0.554717;0.501887;-0.0566038;0.283019;-0.54717;-0.132076;0.169811;0.0188679;-0.509434;0.509434;-0.622642;-0.0943397;0.660377;-0.320755;0.509434;0.132075;-0.162264;0.728302;0.132075;-0.0943397;-0.30566;0.192453;0.132075;0.886792;-0.169811;-0.396226;-1;-0.018868;0.0415094;-0.30566;-0.018868;-0.207547;0.169811;0.735849;-0.245283;-0.849057;-0.320755;0.0566037;1;-0.509434;-0.320755;-0.622642;-0.320755;0.456604;-0.503704;0.711111;-0.4;-0.2;-0.622222;-0.414815;-0.0888889;-0.222222;-0.385185;-0.037037;-0.318519;0.607407;-0.296296;-0.17037;0.488889;-0.237037;-0.0444445;0.481481;0.237037;0.577778;-0.259259;-0.333333;0.2;-0.22963;-0.22963;0.0518518;-0.148438;-0.210938;+1;0;0;0;0

22.2;0.169811;-0.0113208;-0.132076;0.177358;-0.298113;0.132075;0.0792453;0.486792;-0.396226;0.554717;0.501887;-0.0566038;0.283019;-0.54717;-0.132076;0.169811;0.0188679;-0.509434;0.509434;-0.622642;-0.0943397;0.660377;-0.320755;0.509434;0.132075;-0.162264;0.728302;0.132075;-0.0943397;-0.30566;0.192453;0.132075;0.886792;-0.169811;-0.396226;-1;-0.018868;0.0415094;-0.30566;-0.018868;-0.207547;0.169811;0.735849;-0.245283;-0.849057;-0.320755;0.0566037;1;-0.509434;-0.320755;-0.622642;-0.320755;0.42963;-0.503704;0.711111;-0.4;-0.2;-0.622222;-0.414815;-0.0888889;-0.222222;-0.385185;-0.037037;-0.318519;0.607407;-0.296296;-0.17037;0.488889;-0.237037;-0.0444445;0.481481;0.237037;0.577778;-0.259259;-0.333333;0.2;-0.22963;-0.22963;-5.82077e-009;-0.148438;-1;0;0;0;0

22.1;-0.0943397;0.169811;-0.0113208;-0.132076;0.177358;-0.298113;0.132075;0.0792453;0.486792;-0.396226;0.554717;0.501887;-0.0566038;0.283019;-0.54717;-0.132076;0.169811;0.0188679;-0.509434;0.509434;-0.622642;-0.0943397;0.660377;-0.320755;0.509434;0.132075;-0.162264;0.728302;0.132075;-0.0943397;-0.30566;0.192453;0.132075;0.886792;-0.169811;-0.396226;-1;-0.018868;0.0415094;-0.30566;-0.018868;-0.207547;0.169811;0.735849;-0.245283;-0.849057;-0.320755;0.0566037;1;-0.509434;-0.320755;-0.622642;-0.333333;0.42963;-0.503704;0.711111;-0.4;-0.2;-0.622222;-0.414815;-0.0888889;-0.222222;-0.385185;-0.037037;-0.318519;0.607407;-0.296296;-0.17037;0.488889;-0.237037;-0.0444445;0.481481;0.237037;0.577778;-0.259259;-0.333333;0.2;-0.22963;-0.296875;-5.82077e-009;+1;0;0;0;0

22.6;0.358491;-0.0943397;0.169811;-0.0113208;-0.132076;0.177358;-0.298113;0.132075;0.0792453;0.486792;-0.396226;0.554717;0.501887;-0.0566038;0.283019;-0.54717;-0.132076;0.169811;0.0188679;-0.509434;0.509434;-0.622642;-0.0943397;0.660377;-0.320755;0.509434;0.132075;-0.162264;0.728302;0.132075;-0.0943397;-0.30566;0.192453;0.132075;0.886792;-0.169811;-0.396226;-1;-0.018868;0.0415094;-0.30566;-0.018868;-0.207547;0.169811;0.735849;-0.245283;-0.849057;-0.320755;0.0566037;1;-0.509434;-0.320755;-0.62963;-0.333333;0.42963;-0.503704;0.711111;-0.4;-0.2;-0.622222;-0.414815;-0.0888889;-0.222222;-0.385185;-0.037037;-0.318519;0.607407;-0.296296;-0.17037;0.488889;-0.237037;-0.0444445;0.481481;0.237037;0.577778;-0.259259;-0.333333;0.2;-0.296875;-0.296875;+1;0;0;0;0

22.7;0.0566037;0.358491;-0.0943397;0.169811;-0.0113208;-0.132076;0.177358;-0.298113;0.132075;0.0792453;0.486792;-0.396226;0.554717;0.501887;-0.0566038;0.283019;-0.54717;-0.132076;0.169811;0.0188679;-0.509434;0.509434;-0.622642;-0.0943397;0.660377;-0.320755;0.509434;0.132075;-0.162264;0.728302;0.132075;-0.0943397;-0.30566;0.192453;0.132075;0.886792;-0.169811;-0.396226;-1;-0.018868;0.0415094;-0.30566;-0.018868;-0.207547;0.169811;0.735849;-0.245283;-0.849057;-0.320755;0.0566037;1;-0.509434;-0.333333;-0.62963;-0.333333;0.42963;-0.503704;0.711111;-0.4;-0.2;-0.622222;-0.414815;-0.0888889;-0.222222;-0.385185;-0.037037;-0.318519;0.607407;-0.296296;-0.17037;0.488889;-0.237037;-0.0444445;0.481481;0.237037;0.577778;-0.259259;-0.333333;0.15625;-0.296875;+1;0;0;0;0

23;0.207547;0.0566037;0.358491;-0.0943397;0.169811;-0.0113208;-0.132076;0.177358;-0.298113;0.132075;0.0792453;0.486792;-0.396226;0.554717;0.501887;-0.0566038;0.283019;-0.54717;-0.132076;0.169811;0.0188679;-0.509434;0.509434;-0.622642;-0.0943397;0.660377;-0.320755;0.509434;0.132075;-0.162264;0.728302;0.132075;-0.0943397;-0.30566;0.192453;0.132075;0.886792;-0.169811;-0.396226;-1;-0.018868;0.0415094;-0.30566;-0.018868;-0.207547;0.169811;0.735849;-0.245283;-0.849057;-0.320755;0.0566037;1;-0.518519;-0.333333;-0.62963;-0.333333;0.42963;-0.503704;0.711111;-0.4;-0.2;-0.622222;-0.414815;-0.0888889;-0.222222;-0.385185;-0.037037;-0.318519;0.607407;-0.296296;-0.17037;0.488889;-0.237037;-0.0444445;0.481481;0.237037;0.577778;-0.259259;-0.40625;0.15625;-1;0;0;0;0

22.6;-0.320755;0.207547;0.0566037;0.358491;-0.0943397;0.169811;-0.0113208;-0.132076;0.177358;-0.298113;0.132075;0.0792453;0.486792;-0.396226;0.554717;0.501887;-0.0566038;0.283019;-0.54717;-0.132076;0.169811;0.0188679;-0.509434;0.509434;-0.622642;-0.0943397;0.660377;-0.320755;0.509434;0.132075;-0.162264;0.728302;0.132075;-0.0943397;-0.30566;0.192453;0.132075;0.886792;-0.169811;-0.396226;-1;-0.018868;0.0415094;-0.30566;-0.018868;-0.207547;0.169811;0.735849;-0.245283;-0.849057;-0.320755;0.0566037;0.962963;-0.518519;-0.333333;-0.62963;-0.333333;0.42963;-0.503704;0.711111;-0.4;-0.2;-0.622222;-0.414815;-0.0888889;-0.222222;-0.385185;-0.037037;-0.318519;0.607407;-0.296296;-0.17037;0.488889;-0.237037;-0.0444445;0.481481;0.237037;0.577778;-0.328125;-0.40625;-1;0;0;0;0

21.81;-0.615094;-0.320755;0.207547;0.0566037;0.358491;-0.0943397;0.169811;-0.0113208;-0.132076;0.177358;-0.298113;0.132075;0.0792453;0.486792;-0.396226;0.554717;0.501887;-0.0566038;0.283019;-0.54717;-0.132076;0.169811;0.0188679;-0.509434;0.509434;-0.622642;-0.0943397;0.660377;-0.320755;0.509434;0.132075;-0.162264;0.728302;0.132075;-0.0943397;-0.30566;0.192453;0.132075;0.886792;-0.169811;-0.396226;-1;-0.018868;0.0415094;-0.30566;-0.018868;-0.207547;0.169811;0.735849;-0.245283;-0.849057;-0.320755;0.037037;0.962963;-0.518519;-0.333333;-0.62963;-0.333333;0.42963;-0.503704;0.711111;-0.4;-0.2;-0.622222;-0.414815;-0.0888889;-0.222222;-0.385185;-0.037037;-0.318519;0.607407;-0.296296;-0.17037;0.488889;-0.237037;-0.0444445;0.481481;0.237037;0.554688;-0.328125;+1;0;0;0;0

22.85;0.766038;-0.615094;-0.320755;0.207547;0.0566037;0.358491;-0.0943397;0.169811;-0.0113208;-0.132076;0.177358;-0.298113;0.132075;0.0792453;0.486792;-0.396226;0.554717;0.501887;-0.0566038;0.283019;-0.54717;-0.132076;0.169811;0.0188679;-0.509434;0.509434;-0.622642;-0.0943397;0.660377;-0.320755;0.509434;0.132075;-0.162264;0.728302;0.132075;-0.0943397;-0.30566;0.192453;0.132075;0.886792;-0.169811;-0.396226;-1;-0.018868;0.0415094;-0.30566;-0.018868;-0.207547;0.169811;0.735849;-0.245283;-0.849057;-0.333333;0.037037;0.962963;-0.518519;-0.333333;-0.62963;-0.333333;0.42963;-0.503704;0.711111;-0.4;-0.2;-0.622222;-0.414815;-0.0888889;-0.222222;-0.385185;-0.037037;-0.318519;0.607407;-0.296296;-0.17037;0.488889;-0.237037;-0.0444445;0.481481;0.195312;0.554688;-1;0;0;0;0

22.15;-0.54717;0.766038;-0.615094;-0.320755;0.207547;0.0566037;0.358491;-0.0943397;0.169811;-0.0113208;-0.132076;0.177358;-0.298113;0.132075;0.0792453;0.486792;-0.396226;0.554717;0.501887;-0.0566038;0.283019;-0.54717;-0.132076;0.169811;0.0188679;-0.509434;0.509434;-0.622642;-0.0943397;0.660377;-0.320755;0.509434;0.132075;-0.162264;0.728302;0.132075;-0.0943397;-0.30566;0.192453;0.132075;0.886792;-0.169811;-0.396226;-1;-0.018868;0.0415094;-0.30566;-0.018868;-0.207547;0.169811;0.735849;-0.245283;-0.851852;-0.333333;0.037037;0.962963;-0.518519;-0.333333;-0.62963;-0.333333;0.42963;-0.503704;0.711111;-0.4;-0.2;-0.622222;-0.414815;-0.0888889;-0.222222;-0.385185;-0.037037;-0.318519;0.607407;-0.296296;-0.17037;0.488889;-0.237037;-0.0444445;0.453125;0.195312;-1;0;0;0;0

21.8;-0.283019;-0.54717;0.766038;-0.615094;-0.320755;0.207547;0.0566037;0.358491;-0.0943397;0.169811;-0.0113208;-0.132076;0.177358;-0.298113;0.132075;0.0792453;0.486792;-0.396226;0.554717;0.501887;-0.0566038;0.283019;-0.54717;-0.132076;0.169811;0.0188679;-0.509434;0.509434;-0.622642;-0.0943397;0.660377;-0.320755;0.509434;0.132075;-0.162264;0.728302;0.132075;-0.0943397;-0.30566;0.192453;0.132075;0.886792;-0.169811;-0.396226;-1;-0.018868;0.0415094;-0.30566;-0.018868;-0.207547;0.169811;0.735849;-0.259259;-0.851852;-0.333333;0.037037;0.962963;-0.518519;-0.333333;-0.62963;-0.333333;0.42963;-0.503704;0.711111;-0.4;-0.2;-0.622222;-0.414815;-0.0888889;-0.222222;-0.385185;-0.037037;-0.318519;0.607407;-0.296296;-0.17037;0.488889;-0.237037;-0.101563;0.453125;+1;0;0;0;0

22.4;0.433962;-0.283019;-0.54717;0.766038;-0.615094;-0.320755;0.207547;0.0566037;0.358491;-0.0943397;0.169811;-0.0113208;-0.132076;0.177358;-0.298113;0.132075;0.0792453;0.486792;-0.396226;0.554717;0.501887;-0.0566038;0.283019;-0.54717;-0.132076;0.169811;0.0188679;-0.509434;0.509434;-0.622642;-0.0943397;0.660377;-0.320755;0.509434;0.132075;-0.162264;0.728302;0.132075;-0.0943397;-0.30566;0.192453;0.132075;0.886792;-0.169811;-0.396226;-1;-0.018868;0.0415094;-0.30566;-0.018868;-0.207547;0.169811;0.703704;-0.259259;-0.851852;-0.333333;0.037037;0.962963;-0.518519;-0.333333;-0.62963;-0.333333;0.42963;-0.503704;0.711111;-0.4;-0.2;-0.622222;-0.414815;-0.0888889;-0.222222;-0.385185;-0.037037;-0.318519;0.607407;-0.296296;-0.17037;0.488889;-0.304688;-0.101563;+1;0;0;0;0

22.85;0.320755;0.433962;-0.283019;-0.54717;0.766038;-0.615094;-0.320755;0.207547;0.0566037;0.358491;-0.0943397;0.169811;-0.0113208;-0.132076;0.177358;-0.298113;0.132075;0.0792453;0.486792;-0.396226;0.554717;0.501887;-0.0566038;0.283019;-0.54717;-0.132076;0.169811;0.0188679;-0.509434;0.509434;-0.622642;-0.0943397;0.660377;-0.320755;0.509434;0.132075;-0.162264;0.728302;0.132075;-0.0943397;-0.30566;0.192453;0.132075;0.886792;-0.169811;-0.396226;-1;-0.018868;0.0415094;-0.30566;-0.018868;-0.207547;0.148148;0.703704;-0.259259;-0.851852;-0.333333;0.037037;0.962963;-0.518519;-0.333333;-0.62963;-0.333333;0.42963;-0.503704;0.711111;-0.4;-0.2;-0.622222;-0.414815;-0.0888889;-0.222222;-0.385185;-0.037037;-0.318519;0.607407;-0.296296;-0.17037;0.460938;-0.304688;-1;0;0;0;0

22.6;-0.207547;0.320755;0.433962;-0.283019;-0.54717;0.766038;-0.615094;-0.320755;0.207547;0.0566037;0.358491;-0.0943397;0.169811;-0.0113208;-0.132076;0.177358;-0.298113;0.132075;0.0792453;0.486792;-0.396226;0.554717;0.501887;-0.0566038;0.283019;-0.54717;-0.132076;0.169811;0.0188679;-0.509434;0.509434;-0.622642;-0.0943397;0.660377;-0.320755;0.509434;0.132075;-0.162264;0.728302;0.132075;-0.0943397;-0.30566;0.192453;0.132075;0.886792;-0.169811;-0.396226;-1;-0.018868;0.0415094;-0.30566;-0.018868;-0.222222;0.148148;0.703704;-0.259259;-0.851852;-0.333333;0.037037;0.962963;-0.518519;-0.333333;-0.62963;-0.333333;0.42963;-0.503704;0.711111;-0.4;-0.2;-0.622222;-0.414815;-0.0888889;-0.222222;-0.385185;-0.037037;-0.318519;0.607407;-0.296296;-0.234375;0.460938;-1;0;0;0;0

22.5;-0.0943397;-0.207547;0.320755;0.433962;-0.283019;-0.54717;0.766038;-0.615094;-0.320755;0.207547;0.0566037;0.358491;-0.0943397;0.169811;-0.0113208;-0.132076;0.177358;-0.298113;0.132075;0.0792453;0.486792;-0.396226;0.554717;0.501887;-0.0566038;0.283019;-0.54717;-0.132076;0.169811;0.0188679;-0.509434;0.509434;-0.622642;-0.0943397;0.660377;-0.320755;0.509434;0.132075;-0.162264;0.728302;0.132075;-0.0943397;-0.30566;0.192453;0.132075;0.886792;-0.169811;-0.396226;-1;-0.018868;0.0415094;-0.30566;-0.037037;-0.222222;0.148148;0.703704;-0.259259;-0.851852;-0.333333;0.037037;0.962963;-0.518519;-0.333333;-0.62963;-0.333333;0.42963;-0.503704;0.711111;-0.4;-0.2;-0.622222;-0.414815;-0.0888889;-0.222222;-0.385185;-0.037037;-0.318519;0.607407;-0.367188;-0.234375;+1;0;0;0;0

22.6;0.0566037;-0.0943397;-0.207547;0.320755;0.433962;-0.283019;-0.54717;0.766038;-0.615094;-0.320755;0.207547;0.0566037;0.358491;-0.0943397;0.169811;-0.0113208;-0.132076;0.177358;-0.298113;0.132075;0.0792453;0.486792;-0.396226;0.554717;0.501887;-0.0566038;0.283019;-0.54717;-0.132076;0.169811;0.0188679;-0.509434;0.509434;-0.622642;-0.0943397;0.660377;-0.320755;0.509434;0.132075;-0.162264;0.728302;0.132075;-0.0943397;-0.30566;0.192453;0.132075;0.886792;-0.169811;-0.396226;-1;-0.018868;0.0415094;-0.318519;-0.037037;-0.222222;0.148148;0.703704;-0.259259;-0.851852;-0.333333;0.037037;0.962963;-0.518519;-0.333333;-0.62963;-0.333333;0.42963;-0.503704;0.711111;-0.4;-0.2;-0.622222;-0.414815;-0.0888889;-0.222222;-0.385185;-0.037037;-0.318519;0.585938;-0.367188;-1;0;0;0;0

22.1;-0.396226;0.0566037;-0.0943397;-0.207547;0.320755;0.433962;-0.283019;-0.54717;0.766038;-0.615094;-0.320755;0.207547;0.0566037;0.358491;-0.0943397;0.169811;-0.0113208;-0.132076;0.177358;-0.298113;0.132075;0.0792453;0.486792;-0.396226;0.554717;0.501887;-0.0566038;0.283019;-0.54717;-0.132076;0.169811;0.0188679;-0.509434;0.509434;-0.622642;-0.0943397;0.660377;-0.320755;0.509434;0.132075;-0.162264;0.728302;0.132075;-0.0943397;-0.30566;0.192453;0.132075;0.886792;-0.169811;-0.396226;-1;-0.018868;0.0222222;-0.318519;-0.037037;-0.222222;0.148148;0.703704;-0.259259;-0.851852;-0.333333;0.037037;0.962963;-0.518519;-0.333333;-0.62963;-0.333333;0.42963;-0.503704;0.711111;-0.4;-0.2;-0.622222;-0.414815;-0.0888889;-0.222222;-0.385185;-0.037037;-0.390625;0.585938;-1;0;0;0;0

21.4;-0.54717;-0.396226;0.0566037;-0.0943397;-0.207547;0.320755;0.433962;-0.283019;-0.54717;0.766038;-0.615094;-0.320755;0.207547;0.0566037;0.358491;-0.0943397;0.169811;-0.0113208;-0.132076;0.177358;-0.298113;0.132075;0.0792453;0.486792;-0.396226;0.554717;0.501887;-0.0566038;0.283019;-0.54717;-0.132076;0.169811;0.0188679;-0.509434;0.509434;-0.622642;-0.0943397;0.660377;-0.320755;0.509434;0.132075;-0.162264;0.728302;0.132075;-0.0943397;-0.30566;0.192453;0.132075;0.886792;-0.169811;-0.396226;-1;-0.037037;0.0222222;-0.318519;-0.037037;-0.222222;0.148148;0.703704;-0.259259;-0.851852;-0.333333;0.037037;0.962963;-0.518519;-0.333333;-0.62963;-0.333333;0.42963;-0.503704;0.711111;-0.4;-0.2;-0.622222;-0.414815;-0.0888889;-0.222222;-0.385185;-0.09375;-0.390625;-1;0;0;0;0

21.3;-0.0943397;-0.54717;-0.396226;0.0566037;-0.0943397;-0.207547;0.320755;0.433962;-0.283019;-0.54717;0.766038;-0.615094;-0.320755;0.207547;0.0566037;0.358491;-0.0943397;0.169811;-0.0113208;-0.132076;0.177358;-0.298113;0.132075;0.0792453;0.486792;-0.396226;0.554717;0.501887;-0.0566038;0.283019;-0.54717;-0.132076;0.169811;0.0188679;-0.509434;0.509434;-0.622642;-0.0943397;0.660377;-0.320755;0.509434;0.132075;-0.162264;0.728302;0.132075;-0.0943397;-0.30566;0.192453;0.132075;0.886792;-0.169811;-0.396226;-1;-0.037037;0.0222222;-0.318519;-0.037037;-0.222222;0.148148;0.703704;-0.259259;-0.851852;-0.333333;0.037037;0.962963;-0.518519;-0.333333;-0.62963;-0.333333;0.42963;-0.503704;0.711111;-0.4;-0.2;-0.622222;-0.414815;-0.0888889;-0.222222;-0.460938;-0.09375;+1;0;0;0;0

21.4;0.0566037;-0.0943397;-0.54717;-0.396226;0.0566037;-0.0943397;-0.207547;0.320755;0.433962;-0.283019;-0.54717;0.766038;-0.615094;-0.320755;0.207547;0.0566037;0.358491;-0.0943397;0.169811;-0.0113208;-0.132076;0.177358;-0.298113;0.132075;0.0792453;0.486792;-0.396226;0.554717;0.501887;-0.0566038;0.283019;-0.54717;-0.132076;0.169811;0.0188679;-0.509434;0.509434;-0.622642;-0.0943397;0.660377;-0.320755;0.509434;0.132075;-0.162264;0.728302;0.132075;-0.0943397;-0.30566;0.192453;0.132075;0.886792;-0.169811;-0.407407;-1;-0.037037;0.0222222;-0.318519;-0.037037;-0.222222;0.148148;0.703704;-0.259259;-0.851852;-0.333333;0.037037;0.962963;-0.518519;-0.333333;-0.62963;-0.333333;0.42963;-0.503704;0.711111;-0.4;-0.2;-0.622222;-0.414815;-0.0888889;-0.289062;-0.460938;+1;0;0;0;0

22.29;0.65283;0.0566037;-0.0943397;-0.54717;-0.396226;0.0566037;-0.0943397;-0.207547;0.320755;0.433962;-0.283019;-0.54717;0.766038;-0.615094;-0.320755;0.207547;0.0566037;0.358491;-0.0943397;0.169811;-0.0113208;-0.132076;0.177358;-0.298113;0.132075;0.0792453;0.486792;-0.396226;0.554717;0.501887;-0.0566038;0.283019;-0.54717;-0.132076;0.169811;0.0188679;-0.509434;0.509434;-0.622642;-0.0943397;0.660377;-0.320755;0.509434;0.132075;-0.162264;0.728302;0.132075;-0.0943397;-0.30566;0.192453;0.132075;0.886792;-0.185185;-0.407407;-1;-0.037037;0.0222222;-0.318519;-0.037037;-0.222222;0.148148;0.703704;-0.259259;-0.851852;-0.333333;0.037037;0.962963;-0.518519;-0.333333;-0.62963;-0.333333;0.42963;-0.503704;0.711111;-0.4;-0.2;-0.622222;-0.414815;-0.148438;-0.289062;-1;0;0;0;0

22.24;-0.0566038;0.65283;0.0566037;-0.0943397;-0.54717;-0.396226;0.0566037;-0.0943397;-0.207547;0.320755;0.433962;-0.283019;-0.54717;0.766038;-0.615094;-0.320755;0.207547;0.0566037;0.358491;-0.0943397;0.169811;-0.0113208;-0.132076;0.177358;-0.298113;0.132075;0.0792453;0.486792;-0.396226;0.554717;0.501887;-0.0566038;0.283019;-0.54717;-0.132076;0.169811;0.0188679;-0.509434;0.509434;-0.622642;-0.0943397;0.660377;-0.320755;0.509434;0.132075;-0.162264;0.728302;0.132075;-0.0943397;-0.30566;0.192453;0.132075;0.851852;-0.185185;-0.407407;-1;-0.037037;0.0222222;-0.318519;-0.037037;-0.222222;0.148148;0.703704;-0.259259;-0.851852;-0.333333;0.037037;0.962963;-0.518519;-0.333333;-0.62963;-0.333333;0.42963;-0.503704;0.711111;-0.4;-0.2;-0.622222;-0.492188;-0.148438;+1;0;0;0;0

22.7;0.328302;-0.0566038;0.65283;0.0566037;-0.0943397;-0.54717;-0.396226;0.0566037;-0.0943397;-0.207547;0.320755;0.433962;-0.283019;-0.54717;0.766038;-0.615094;-0.320755;0.207547;0.0566037;0.358491;-0.0943397;0.169811;-0.0113208;-0.132076;0.177358;-0.298113;0.132075;0.0792453;0.486792;-0.396226;0.554717;0.501887;-0.0566038;0.283019;-0.54717;-0.132076;0.169811;0.0188679;-0.509434;0.509434;-0.622642;-0.0943397;0.660377;-0.320755;0.509434;0.132075;-0.162264;0.728302;0.132075;-0.0943397;-0.30566;0.192453;0.111111;0.851852;-0.185185;-0.407407;-1;-0.037037;0.0222222;-0.318519;-0.037037;-0.222222;0.148148;0.703704;-0.259259;-0.851852;-0.333333;0.037037;0.962963;-0.518519;-0.333333;-0.62963;-0.333333;0.42963;-0.503704;0.711111;-0.4;-0.2;-0.710938;-0.492188;+1;0;0;0;0

23.05;0.245283;0.328302;-0.0566038;0.65283;0.0566037;-0.0943397;-0.54717;-0.396226;0.0566037;-0.0943397;-0.207547;0.320755;0.433962;-0.283019;-0.54717;0.766038;-0.615094;-0.320755;0.207547;0.0566037;0.358491;-0.0943397;0.169811;-0.0113208;-0.132076;0.177358;-0.298113;0.132075;0.0792453;0.486792;-0.396226;0.554717;0.501887;-0.0566038;0.283019;-0.54717;-0.132076;0.169811;0.0188679;-0.509434;0.509434;-0.622642;-0.0943397;0.660377;-0.320755;0.509434;0.132075;-0.162264;0.728302;0.132075;-0.0943397;-0.30566;0.17037;0.111111;0.851852;-0.185185;-0.407407;-1;-0.037037;0.0222222;-0.318519;-0.037037;-0.222222;0.148148;0.703704;-0.259259;-0.851852;-0.333333;0.037037;0.962963;-0.518519;-0.333333;-0.62963;-0.333333;0.42963;-0.503704;0.711111;-0.4;-0.265625;-0.710938;+1;0;0;0;0

23.55;0.358491;0.245283;0.328302;-0.0566038;0.65283;0.0566037;-0.0943397;-0.54717;-0.396226;0.0566037;-0.0943397;-0.207547;0.320755;0.433962;-0.283019;-0.54717;0.766038;-0.615094;-0.320755;0.207547;0.0566037;0.358491;-0.0943397;0.169811;-0.0113208;-0.132076;0.177358;-0.298113;0.132075;0.0792453;0.486792;-0.396226;0.554717;0.501887;-0.0566038;0.283019;-0.54717;-0.132076;0.169811;0.0188679;-0.509434;0.509434;-0.622642;-0.0943397;0.660377;-0.320755;0.509434;0.132075;-0.162264;0.728302;0.132075;-0.0943397;-0.318519;0.17037;0.111111;0.851852;-0.185185;-0.407407;-1;-0.037037;0.0222222;-0.318519;-0.037037;-0.222222;0.148148;0.703704;-0.259259;-0.851852;-0.333333;0.037037;0.962963;-0.518519;-0.333333;-0.62963;-0.333333;0.42963;-0.503704;0.711111;-0.476563;-0.265625;+1;0;0;0;0

24.35;0.584906;0.358491;0.245283;0.328302;-0.0566038;0.65283;0.0566037;-0.0943397;-0.54717;-0.396226;0.0566037;-0.0943397;-0.207547;0.320755;0.433962;-0.283019;-0.54717;0.766038;-0.615094;-0.320755;0.207547;0.0566037;0.358491;-0.0943397;0.169811;-0.0113208;-0.132076;0.177358;-0.298113;0.132075;0.0792453;0.486792;-0.396226;0.554717;0.501887;-0.0566038;0.283019;-0.54717;-0.132076;0.169811;0.0188679;-0.509434;0.509434;-0.622642;-0.0943397;0.660377;-0.320755;0.509434;0.132075;-0.162264;0.728302;0.132075;-0.111111;-0.318519;0.17037;0.111111;0.851852;-0.185185;-0.407407;-1;-0.037037;0.0222222;-0.318519;-0.037037;-0.222222;0.148148;0.703704;-0.259259;-0.851852;-0.333333;0.037037;0.962963;-0.518519;-0.333333;-0.62963;-0.333333;0.42963;-0.503704;0.695312;-0.476563;+1;0;0;0;0

24.51;0.101887;0.584906;0.358491;0.245283;0.328302;-0.0566038;0.65283;0.0566037;-0.0943397;-0.54717;-0.396226;0.0566037;-0.0943397;-0.207547;0.320755;0.433962;-0.283019;-0.54717;0.766038;-0.615094;-0.320755;0.207547;0.0566037;0.358491;-0.0943397;0.169811;-0.0113208;-0.132076;0.177358;-0.298113;0.132075;0.0792453;0.486792;-0.396226;0.554717;0.501887;-0.0566038;0.283019;-0.54717;-0.132076;0.169811;0.0188679;-0.509434;0.509434;-0.622642;-0.0943397;0.660377;-0.320755;0.509434;0.132075;-0.162264;0.728302;0.111111;-0.111111;-0.318519;0.17037;0.111111;0.851852;-0.185185;-0.407407;-1;-0.037037;0.0222222;-0.318519;-0.037037;-0.222222;0.148148;0.703704;-0.259259;-0.851852;-0.333333;0.037037;0.962963;-0.518519;-0.333333;-0.62963;-0.333333;0.42963;-0.585938;0.695312;-1;0;0;0;0

24.5;-0.0264151;0.101887;0.584906;0.358491;0.245283;0.328302;-0.0566038;0.65283;0.0566037;-0.0943397;-0.54717;-0.396226;0.0566037;-0.0943397;-0.207547;0.320755;0.433962;-0.283019;-0.54717;0.766038;-0.615094;-0.320755;0.207547;0.0566037;0.358491;-0.0943397;0.169811;-0.0113208;-0.132076;0.177358;-0.298113;0.132075;0.0792453;0.486792;-0.396226;0.554717;0.501887;-0.0566038;0.283019;-0.54717;-0.132076;0.169811;0.0188679;-0.509434;0.509434;-0.622642;-0.0943397;0.660377;-0.320755;0.509434;0.132075;-0.162264;0.696296;0.111111;-0.111111;-0.318519;0.17037;0.111111;0.851852;-0.185185;-0.407407;-1;-0.037037;0.0222222;-0.318519;-0.037037;-0.222222;0.148148;0.703704;-0.259259;-0.851852;-0.333333;0.037037;0.962963;-0.518519;-0.333333;-0.62963;-0.333333;0.398438;-0.585938;-1;0;0;0;0

24.11;-0.313208;-0.0264151;0.101887;0.584906;0.358491;0.245283;0.328302;-0.0566038;0.65283;0.0566037;-0.0943397;-0.54717;-0.396226;0.0566037;-0.0943397;-0.207547;0.320755;0.433962;-0.283019;-0.54717;0.766038;-0.615094;-0.320755;0.207547;0.0566037;0.358491;-0.0943397;0.169811;-0.0113208;-0.132076;0.177358;-0.298113;0.132075;0.0792453;0.486792;-0.396226;0.554717;0.501887;-0.0566038;0.283019;-0.54717;-0.132076;0.169811;0.0188679;-0.509434;0.509434;-0.622642;-0.0943397;0.660377;-0.320755;0.509434;0.132075;-0.177778;0.696296;0.111111;-0.111111;-0.318519;0.17037;0.111111;0.851852;-0.185185;-0.407407;-1;-0.037037;0.0222222;-0.318519;-0.037037;-0.222222;0.148148;0.703704;-0.259259;-0.851852;-0.333333;0.037037;0.962963;-0.518519;-0.333333;-0.62963;-0.40625;0.398438;+1;0;0;0;0

24.2;0.0490566;-0.313208;-0.0264151;0.101887;0.584906;0.358491;0.245283;0.328302;-0.0566038;0.65283;0.0566037;-0.0943397;-0.54717;-0.396226;0.0566037;-0.0943397;-0.207547;0.320755;0.433962;-0.283019;-0.54717;0.766038;-0.615094;-0.320755;0.207547;0.0566037;0.358491;-0.0943397;0.169811;-0.0113208;-0.132076;0.177358;-0.298113;0.132075;0.0792453;0.486792;-0.396226;0.554717;0.501887;-0.0566038;0.283019;-0.54717;-0.132076;0.169811;0.0188679;-0.509434;0.509434;-0.622642;-0.0943397;0.660377;-0.320755;0.509434;0.111111;-0.177778;0.696296;0.111111;-0.111111;-0.318519;0.17037;0.111111;0.851852;-0.185185;-0.407407;-1;-0.037037;0.0222222;-0.318519;-0.037037;-0.222222;0.148148;0.703704;-0.259259;-0.851852;-0.333333;0.037037;0.962963;-0.518519;-0.333333;-0.71875;-0.40625;-1;0;0;0;0

23.7;-0.396226;0.0490566;-0.313208;-0.0264151;0.101887;0.584906;0.358491;0.245283;0.328302;-0.0566038;0.65283;0.0566037;-0.0943397;-0.54717;-0.396226;0.0566037;-0.0943397;-0.207547;0.320755;0.433962;-0.283019;-0.54717;0.766038;-0.615094;-0.320755;0.207547;0.0566037;0.358491;-0.0943397;0.169811;-0.0113208;-0.132076;0.177358;-0.298113;0.132075;0.0792453;0.486792;-0.396226;0.554717;0.501887;-0.0566038;0.283019;-0.54717;-0.132076;0.169811;0.0188679;-0.509434;0.509434;-0.622642;-0.0943397;0.660377;-0.320755;0.481481;0.111111;-0.177778;0.696296;0.111111;-0.111111;-0.318519;0.17037;0.111111;0.851852;-0.185185;-0.407407;-1;-0.037037;0.0222222;-0.318519;-0.037037;-0.222222;0.148148;0.703704;-0.259259;-0.851852;-0.333333;0.037037;0.962963;-0.518519;-0.40625;-0.71875;+1;0;0;0;0

23.87;0.109434;-0.396226;0.0490566;-0.313208;-0.0264151;0.101887;0.584906;0.358491;0.245283;0.328302;-0.0566038;0.65283;0.0566037;-0.0943397;-0.54717;-0.396226;0.0566037;-0.0943397;-0.207547;0.320755;0.433962;-0.283019;-0.54717;0.766038;-0.615094;-0.320755;0.207547;0.0566037;0.358491;-0.0943397;0.169811;-0.0113208;-0.132076;0.177358;-0.298113;0.132075;0.0792453;0.486792;-0.396226;0.554717;0.501887;-0.0566038;0.283019;-0.54717;-0.132076;0.169811;0.0188679;-0.509434;0.509434;-0.622642;-0.0943397;0.660377;-0.333333;0.481481;0.111111;-0.177778;0.696296;0.111111;-0.111111;-0.318519;0.17037;0.111111;0.851852;-0.185185;-0.407407;-1;-0.037037;0.0222222;-0.318519;-0.037037;-0.222222;0.148148;0.703704;-0.259259;-0.851852;-0.333333;0.037037;0.962963;-0.601562;-0.40625;-1;0;0;0;0

23.45;-0.335849;0.109434;-0.396226;0.0490566;-0.313208;-0.0264151;0.101887;0.584906;0.358491;0.245283;0.328302;-0.0566038;0.65283;0.0566037;-0.0943397;-0.54717;-0.396226;0.0566037;-0.0943397;-0.207547;0.320755;0.433962;-0.283019;-0.54717;0.766038;-0.615094;-0.320755;0.207547;0.0566037;0.358491;-0.0943397;0.169811;-0.0113208;-0.132076;0.177358;-0.298113;0.132075;0.0792453;0.486792;-0.396226;0.554717;0.501887;-0.0566038;0.283019;-0.54717;-0.132076;0.169811;0.0188679;-0.509434;0.509434;-0.622642;-0.0943397;0.62963;-0.333333;0.481481;0.111111;-0.177778;0.696296;0.111111;-0.111111;-0.318519;0.17037;0.111111;0.851852;-0.185185;-0.407407;-1;-0.037037;0.0222222;-0.318519;-0.037037;-0.222222;0.148148;0.703704;-0.259259;-0.851852;-0.333333;0.037037;0.960938;-0.601562;+1;0;0;0;0

23.6;0.0943396;-0.335849;0.109434;-0.396226;0.0490566;-0.313208;-0.0264151;0.101887;0.584906;0.358491;0.245283;0.328302;-0.0566038;0.65283;0.0566037;-0.0943397;-0.54717;-0.396226;0.0566037;-0.0943397;-0.207547;0.320755;0.433962;-0.283019;-0.54717;0.766038;-0.615094;-0.320755;0.207547;0.0566037;0.358491;-0.0943397;0.169811;-0.0113208;-0.132076;0.177358;-0.298113;0.132075;0.0792453;0.486792;-0.396226;0.554717;0.501887;-0.0566038;0.283019;-0.54717;-0.132076;0.169811;0.0188679;-0.509434;0.509434;-0.622642;-0.111111;0.62963;-0.333333;0.481481;0.111111;-0.177778;0.696296;0.111111;-0.111111;-0.318519;0.17037;0.111111;0.851852;-0.185185;-0.407407;-1;-0.037037;0.0222222;-0.318519;-0.037037;-0.222222;0.148148;0.703704;-0.259259;-0.851852;-0.333333;-0.015625;0.960938;+1;0;0;0;0

24.15;0.396226;0.0943396;-0.335849;0.109434;-0.396226;0.0490566;-0.313208;-0.0264151;0.101887;0.584906;0.358491;0.245283;0.328302;-0.0566038;0.65283;0.0566037;-0.0943397;-0.54717;-0.396226;0.0566037;-0.0943397;-0.207547;0.320755;0.433962;-0.283019;-0.54717;0.766038;-0.615094;-0.320755;0.207547;0.0566037;0.358491;-0.0943397;0.169811;-0.0113208;-0.132076;0.177358;-0.298113;0.132075;0.0792453;0.486792;-0.396226;0.554717;0.501887;-0.0566038;0.283019;-0.54717;-0.132076;0.169811;0.0188679;-0.509434;0.509434;-0.62963;-0.111111;0.62963;-0.333333;0.481481;0.111111;-0.177778;0.696296;0.111111;-0.111111;-0.318519;0.17037;0.111111;0.851852;-0.185185;-0.407407;-1;-0.037037;0.0222222;-0.318519;-0.037037;-0.222222;0.148148;0.703704;-0.259259;-0.851852;-0.40625;-0.015625;-1;0;0;0;0

23.8;-0.283019;0.396226;0.0943396;-0.335849;0.109434;-0.396226;0.0490566;-0.313208;-0.0264151;0.101887;0.584906;0.358491;0.245283;0.328302;-0.0566038;0.65283;0.0566037;-0.0943397;-0.54717;-0.396226;0.0566037;-0.0943397;-0.207547;0.320755;0.433962;-0.283019;-0.54717;0.766038;-0.615094;-0.320755;0.207547;0.0566037;0.358491;-0.0943397;0.169811;-0.0113208;-0.132076;0.177358;-0.298113;0.132075;0.0792453;0.486792;-0.396226;0.554717;0.501887;-0.0566038;0.283019;-0.54717;-0.132076;0.169811;0.0188679;-0.509434;0.481481;-0.62963;-0.111111;0.62963;-0.333333;0.481481;0.111111;-0.177778;0.696296;0.111111;-0.111111;-0.318519;0.17037;0.111111;0.851852;-0.185185;-0.407407;-1;-0.037037;0.0222222;-0.318519;-0.037037;-0.222222;0.148148;0.703704;-0.259259;-0.953125;-0.40625;-1;0;0;0;0

23.3;-0.396226;-0.283019;0.396226;0.0943396;-0.335849;0.109434;-0.396226;0.0490566;-0.313208;-0.0264151;0.101887;0.584906;0.358491;0.245283;0.328302;-0.0566038;0.65283;0.0566037;-0.0943397;-0.54717;-0.396226;0.0566037;-0.0943397;-0.207547;0.320755;0.433962;-0.283019;-0.54717;0.766038;-0.615094;-0.320755;0.207547;0.0566037;0.358491;-0.0943397;0.169811;-0.0113208;-0.132076;0.177358;-0.298113;0.132075;0.0792453;0.486792;-0.396226;0.554717;0.501887;-0.0566038;0.283019;-0.54717;-0.132076;0.169811;0.0188679;-0.518519;0.481481;-0.62963;-0.111111;0.62963;-0.333333;0.481481;0.111111;-0.177778;0.696296;0.111111;-0.111111;-0.318519;0.17037;0.111111;0.851852;-0.185185;-0.407407;-1;-0.037037;0.0222222;-0.318519;-0.037037;-0.222222;0.148148;0.703704;-0.328125;-0.953125;-1;0;0;0;0

22.35;-0.735849;-0.396226;-0.283019;0.396226;0.0943396;-0.335849;0.109434;-0.396226;0.0490566;-0.313208;-0.0264151;0.101887;0.584906;0.358491;0.245283;0.328302;-0.0566038;0.65283;0.0566037;-0.0943397;-0.54717;-0.396226;0.0566037;-0.0943397;-0.207547;0.320755;0.433962;-0.283019;-0.54717;0.766038;-0.615094;-0.320755;0.207547;0.0566037;0.358491;-0.0943397;0.169811;-0.0113208;-0.132076;0.177358;-0.298113;0.132075;0.0792453;0.486792;-0.396226;0.554717;0.501887;-0.0566038;0.283019;-0.54717;-0.132076;0.169811;-8.27842e-009;-0.518519;0.481481;-0.62963;-0.111111;0.62963;-0.333333;0.481481;0.111111;-0.177778;0.696296;0.111111;-0.111111;-0.318519;0.17037;0.111111;0.851852;-0.185185;-0.407407;-1;-0.037037;0.0222222;-0.318519;-0.037037;-0.222222;0.148148;0.6875;-0.328125;-1;0;0;0;0

22.2;-0.132076;-0.735849;-0.396226;-0.283019;0.396226;0.0943396;-0.335849;0.109434;-0.396226;0.0490566;-0.313208;-0.0264151;0.101887;0.584906;0.358491;0.245283;0.328302;-0.0566038;0.65283;0.0566037;-0.0943397;-0.54717;-0.396226;0.0566037;-0.0943397;-0.207547;0.320755;0.433962;-0.283019;-0.54717;0.766038;-0.615094;-0.320755;0.207547;0.0566037;0.358491;-0.0943397;0.169811;-0.0113208;-0.132076;0.177358;-0.298113;0.132075;0.0792453;0.486792;-0.396226;0.554717;0.501887;-0.0566038;0.283019;-0.54717;-0.132076;0.148148;-8.27842e-009;-0.518519;0.481481;-0.62963;-0.111111;0.62963;-0.333333;0.481481;0.111111;-0.177778;0.696296;0.111111;-0.111111;-0.318519;0.17037;0.111111;0.851852;-0.185185;-0.407407;-1;-0.037037;0.0222222;-0.318519;-0.037037;-0.222222;0.101562;0.6875;+1;0;0;0;0

22.75;0.396226;-0.132076;-0.735849;-0.396226;-0.283019;0.396226;0.0943396;-0.335849;0.109434;-0.396226;0.0490566;-0.313208;-0.0264151;0.101887;0.584906;0.358491;0.245283;0.328302;-0.0566038;0.65283;0.0566037;-0.0943397;-0.54717;-0.396226;0.0566037;-0.0943397;-0.207547;0.320755;0.433962;-0.283019;-0.54717;0.766038;-0.615094;-0.320755;0.207547;0.0566037;0.358491;-0.0943397;0.169811;-0.0113208;-0.132076;0.177358;-0.298113;0.132075;0.0792453;0.486792;-0.396226;0.554717;0.501887;-0.0566038;0.283019;-0.54717;-0.148148;0.148148;-8.27842e-009;-0.518519;0.481481;-0.62963;-0.111111;0.62963;-0.333333;0.481481;0.111111;-0.177778;0.696296;0.111111;-0.111111;-0.318519;0.17037;0.111111;0.851852;-0.185185;-0.407407;-1;-0.037037;0.0222222;-0.318519;-0.037037;-0.289062;0.101562;+1;0;0;0;0

23.7;0.698113;0.396226;-0.132076;-0.735849;-0.396226;-0.283019;0.396226;0.0943396;-0.335849;0.109434;-0.396226;0.0490566;-0.313208;-0.0264151;0.101887;0.584906;0.358491;0.245283;0.328302;-0.0566038;0.65283;0.0566037;-0.0943397;-0.54717;-0.396226;0.0566037;-0.0943397;-0.207547;0.320755;0.433962;-0.283019;-0.54717;0.766038;-0.615094;-0.320755;0.207547;0.0566037;0.358491;-0.0943397;0.169811;-0.0113208;-0.132076;0.177358;-0.298113;0.132075;0.0792453;0.486792;-0.396226;0.554717;0.501887;-0.0566038;0.283019;-0.555556;-0.148148;0.148148;-8.27842e-009;-0.518519;0.481481;-0.62963;-0.111111;0.62963;-0.333333;0.481481;0.111111;-0.177778;0.696296;0.111111;-0.111111;-0.318519;0.17037;0.111111;0.851852;-0.185185;-0.407407;-1;-0.037037;0.0222222;-0.318519;-0.09375;-0.289062;+1;0;0;0;0

23.9;0.132075;0.698113;0.396226;-0.132076;-0.735849;-0.396226;-0.283019;0.396226;0.0943396;-0.335849;0.109434;-0.396226;0.0490566;-0.313208;-0.0264151;0.101887;0.584906;0.358491;0.245283;0.328302;-0.0566038;0.65283;0.0566037;-0.0943397;-0.54717;-0.396226;0.0566037;-0.0943397;-0.207547;0.320755;0.433962;-0.283019;-0.54717;0.766038;-0.615094;-0.320755;0.207547;0.0566037;0.358491;-0.0943397;0.169811;-0.0113208;-0.132076;0.177358;-0.298113;0.132075;0.0792453;0.486792;-0.396226;0.554717;0.501887;-0.0566038;0.259259;-0.555556;-0.148148;0.148148;-8.27842e-009;-0.518519;0.481481;-0.62963;-0.111111;0.62963;-0.333333;0.481481;0.111111;-0.177778;0.696296;0.111111;-0.111111;-0.318519;0.17037;0.111111;0.851852;-0.185185;-0.407407;-1;-0.037037;0.0222222;-0.390625;-0.09375;+1;0;0;0;0

24.3;0.283019;0.132075;0.698113;0.396226;-0.132076;-0.735849;-0.396226;-0.283019;0.396226;0.0943396;-0.335849;0.109434;-0.396226;0.0490566;-0.313208;-0.0264151;0.101887;0.584906;0.358491;0.245283;0.328302;-0.0566038;0.65283;0.0566037;-0.0943397;-0.54717;-0.396226;0.0566037;-0.0943397;-0.207547;0.320755;0.433962;-0.283019;-0.54717;0.766038;-0.615094;-0.320755;0.207547;0.0566037;0.358491;-0.0943397;0.169811;-0.0113208;-0.132076;0.177358;-0.298113;0.132075;0.0792453;0.486792;-0.396226;0.554717;0.501887;-0.0740741;0.259259;-0.555556;-0.148148;0.148148;-8.27842e-009;-0.518519;0.481481;-0.62963;-0.111111;0.62963;-0.333333;0.481481;0.111111;-0.177778;0.696296;0.111111;-0.111111;-0.318519;0.17037;0.111111;0.851852;-0.185185;-0.407407;-1;-0.037037;-0.03125;-0.390625;+1;0;0;0;0

24.5;0.132075;0.283019;0.132075;0.698113;0.396226;-0.132076;-0.735849;-0.396226;-0.283019;0.396226;0.0943396;-0.335849;0.109434;-0.396226;0.0490566;-0.313208;-0.0264151;0.101887;0.584906;0.358491;0.245283;0.328302;-0.0566038;0.65283;0.0566037;-0.0943397;-0.54717;-0.396226;0.0566037;-0.0943397;-0.207547;0.320755;0.433962;-0.283019;-0.54717;0.766038;-0.615094;-0.320755;0.207547;0.0566037;0.358491;-0.0943397;0.169811;-0.0113208;-0.132076;0.177358;-0.298113;0.132075;0.0792453;0.486792;-0.396226;0.554717;0.474074;-0.0740741;0.259259;-0.555556;-0.148148;0.148148;-8.27842e-009;-0.518519;0.481481;-0.62963;-0.111111;0.62963;-0.333333;0.481481;0.111111;-0.177778;0.696296;0.111111;-0.111111;-0.318519;0.17037;0.111111;0.851852;-0.185185;-0.407407;-1;-0.09375;-0.03125;-1;0;0;0;0

