68.49;0.482759;-0.0320197;-0.5;0.214286;-0.130542;-0.302956;-0.315271;0.103448;0.0566502;-0.0221675;-0.29064;-0.389163;-0.401478;-0.660099;-0.440887;-0.248768;-0.00985222;0.103448;0.472906;-0.541872;-0.258621;-0.231527;-0.524631;-0.660099;-0.0689655;-0.5;0.485222;-0.603448;-0.224138;-0.118227;-0.192118;-0.0246305;0.157635;0.460591;0.214286;-0.672414;-0.549261;-0.475369;-0.807882;-0.091133;-0.428571;0.362069;-0.251232;-0.37931;-0.401478;-0.497537;0.137931;-0.450739;0.682266;0.103448;-0.389163;-0.300493;0.255208;0.388021;0.0989583;-0.546875;0.101562;-0.705729;-0.546875;0.229167;+1;0;0;0;0

69;-0.0541872;0.482759;-0.0320197;-0.5;0.214286;-0.130542;-0.302956;-0.315271;0.103448;0.0566502;-0.0221675;-0.29064;-0.389163;-0.401478;-0.660099;-0.440887;-0.248768;-0.00985222;0.103448;0.472906;-0.541872;-0.258621;-0.231527;-0.524631;-0.660099;-0.0689655;-0.5;0.485222;-0.603448;-0.224138;-0.118227;-0.192118;-0.0246305;0.157635;0.460591;0.214286;-0.672414;-0.549261;-0.475369;-0.807882;-0.091133;-0.428571;0.362069;-0.251232;-0.37931;-0.401478;-0.497537;0.137931;-0.450739;0.682266;0.103448;-0.389163;-0.260417;0.255208;0.388021;0.0989583;-0.546875;0.101562;-0.705729;-0.546875;+1;0;0;0;0

69.94;0.0517241;-0.0541872;0.482759;-0.0320197;-0.5;0.214286;-0.130542;-0.302956;-0.315271;0.103448;0.0566502;-0.0221675;-0.29064;-0.389163;-0.401478;-0.660099;-0.440887;-0.248768;-0.00985222;0.103448;0.472906;-0.541872;-0.258621;-0.231527;-0.524631;-0.660099;-0.0689655;-0.5;0.485222;-0.603448;-0.224138;-0.118227;-0.192118;-0.0246305;0.157635;0.460591;0.214286;-0.672414;-0.549261;-0.475369;-0.807882;-0.091133;-0.428571;0.362069;-0.251232;-0.37931;-0.401478;-0.497537;0.137931;-0.450739;0.682266;0.103448;-0.354167;-0.260417;0.255208;0.388021;0.0989583;-0.546875;0.101562;-0.705729;+1;0;0;0;0

71.88;0.29803;0.0517241;-0.0541872;0.482759;-0.0320197;-0.5;0.214286;-0.130542;-0.302956;-0.315271;0.103448;0.0566502;-0.0221675;-0.29064;-0.389163;-0.401478;-0.660099;-0.440887;-0.248768;-0.00985222;0.103448;0.472906;-0.541872;-0.258621;-0.231527;-0.524631;-0.660099;-0.0689655;-0.5;0.485222;-0.603448;-0.224138;-0.118227;-0.192118;-0.0246305;0.157635;0.460591;0.214286;-0.672414;-0.549261;-0.475369;-0.807882;-0.091133;-0.428571;0.362069;-0.251232;-0.37931;-0.401478;-0.497537;0.137931;-0.450739;0.682266;0.166667;-0.354167;-0.260417;0.255208;0.388021;0.0989583;-0.546875;0.101562;+1;0;0;0;0

73.66;0.258621;0.29803;0.0517241;-0.0541872;0.482759;-0.0320197;-0.5;0.214286;-0.130542;-0.302956;-0.315271;0.103448;0.0566502;-0.0221675;-0.29064;-0.389163;-0.401478;-0.660099;-0.440887;-0.248768;-0.00985222;0.103448;0.472906;-0.541872;-0.258621;-0.231527;-0.524631;-0.660099;-0.0689655;-0.5;0.485222;-0.603448;-0.224138;-0.118227;-0.192118;-0.0246305;0.157635;0.460591;0.214286;-0.672414;-0.549261;-0.475369;-0.807882;-0.091133;-0.428571;0.362069;-0.251232;-0.37931;-0.401478;-0.497537;0.137931;-0.450739;0.778646;0.166667;-0.354167;-0.260417;0.255208;0.388021;0.0989583;-0.546875;+1;0;0;0;0

73.85;-0.133005;0.258621;0.29803;0.0517241;-0.0541872;0.482759;-0.0320197;-0.5;0.214286;-0.130542;-0.302956;-0.315271;0.103448;0.0566502;-0.0221675;-0.29064;-0.389163;-0.401478;-0.660099;-0.440887;-0.248768;-0.00985222;0.103448;0.472906;-0.541872;-0.258621;-0.231527;-0.524631;-0.660099;-0.0689655;-0.5;0.485222;-0.603448;-0.224138;-0.118227;-0.192118;-0.0246305;0.157635;0.460591;0.214286;-0.672414;-0.549261;-0.475369;-0.807882;-0.091133;-0.428571;0.362069;-0.251232;-0.37931;-0.401478;-0.497537;0.137931;-0.419271;0.778646;0.166667;-0.354167;-0.260417;0.255208;0.388021;0.0989583;-1;0;0;0;0

72;-0.635468;-0.133005;0.258621;0.29803;0.0517241;-0.0541872;0.482759;-0.0320197;-0.5;0.214286;-0.130542;-0.302956;-0.315271;0.103448;0.0566502;-0.0221675;-0.29064;-0.389163;-0.401478;-0.660099;-0.440887;-0.248768;-0.00985222;0.103448;0.472906;-0.541872;-0.258621;-0.231527;-0.524631;-0.660099;-0.0689655;-0.5;0.485222;-0.603448;-0.224138;-0.118227;-0.192118;-0.0246305;0.157635;0.460591;0.214286;-0.672414;-0.549261;-0.475369;-0.807882;-0.091133;-0.428571;0.362069;-0.251232;-0.37931;-0.401478;-0.497537;0.203125;-0.419271;0.778646;0.166667;-0.354167;-0.260417;0.255208;0.388021;-1;0;0;0;0

69.8;-0.721675;-0.635468;-0.133005;0.258621;0.29803;0.0517241;-0.0541872;0.482759;-0.0320197;-0.5;0.214286;-0.130542;-0.302956;-0.315271;0.103448;0.0566502;-0.0221675;-0.29064;-0.389163;-0.401478;-0.660099;-0.440887;-0.248768;-0.00985222;0.103448;0.472906;-0.541872;-0.258621;-0.231527;-0.524631;-0.660099;-0.0689655;-0.5;0.485222;-0.603448;-0.224138;-0.118227;-0.192118;-0.0246305;0.157635;0.460591;0.214286;-0.672414;-0.549261;-0.475369;-0.807882;-0.091133;-0.428571;0.362069;-0.251232;-0.37931;-0.401478;-0.46875;0.203125;-0.419271;0.778646;0.166667;-0.354167;-0.260417;0.255208;+1;0;0;0;0

70.34;-0.046798;-0.721675;-0.635468;-0.133005;0.258621;0.29803;0.0517241;-0.0541872;0.482759;-0.0320197;-0.5;0.214286;-0.130542;-0.302956;-0.315271;0.103448;0.0566502;-0.0221675;-0.29064;-0.389163;-0.401478;-0.660099;-0.440887;-0.248768;-0.00985222;0.103448;0.472906;-0.541872;-0.258621;-0.231527;-0.524631;-0.660099;-0.0689655;-0.5;0.485222;-0.603448;-0.224138;-0.118227;-0.192118;-0.0246305;0.157635;0.460591;0.214286;-0.672414;-0.549261;-0.475369;-0.807882;-0.091133;-0.428571;0.362069;-0.251232;-0.37931;-0.367188;-0.46875;0.203125;-0.419271;0.778646;0.166667;-0.354167;-0.260417;-1;0;0;0;0

67.01;-1;-0.046798;-0.721675;-0.635468;-0.133005;0.258621;0.29803;0.0517241;-0.0541872;0.482759;-0.0320197;-0.5;0.214286;-0.130542;-0.302956;-0.315271;0.103448;0.0566502;-0.0221675;-0.29064;-0.389163;-0.401478;-0.660099;-0.440887;-0.248768;-0.00985222;0.103448;0.472906;-0.541872;-0.258621;-0.231527;-0.524631;-0.660099;-0.0689655;-0.5;0.485222;-0.603448;-0.224138;-0.118227;-0.192118;-0.0246305;0.157635;0.460591;0.214286;-0.672414;-0.549261;-0.475369;-0.807882;-0.091133;-0.428571;0.362069;-0.251232;-0.34375;-0.367188;-0.46875;0.203125;-0.419271;0.778646;0.166667;-0.354167;+1;0;0;0;0

67.7;-0.00985222;-1;-0.046798;-0.721675;-0.635468;-0.133005;0.258621;0.29803;0.0517241;-0.0541872;0.482759;-0.0320197;-0.5;0.214286;-0.130542;-0.302956;-0.315271;0.103448;0.0566502;-0.0221675;-0.29064;-0.389163;-0.401478;-0.660099;-0.440887;-0.248768;-0.00985222;0.103448;0.472906;-0.541872;-0.258621;-0.231527;-0.524631;-0.660099;-0.0689655;-0.5;0.485222;-0.603448;-0.224138;-0.118227;-0.192118;-0.0246305;0.157635;0.460591;0.214286;-0.672414;-0.549261;-0.475369;-0.807882;-0.091133;-0.428571;0.362069;-0.208333;-0.34375;-0.367188;-0.46875;0.203125;-0.419271;0.778646;0.166667;-1;0;0;0;0

66.51;-0.472906;-0.00985222;-1;-0.046798;-0.721675;-0.635468;-0.133005;0.258621;0.29803;0.0517241;-0.0541872;0.482759;-0.0320197;-0.5;0.214286;-0.130542;-0.302956;-0.315271;0.103448;0.0566502;-0.0221675;-0.29064;-0.389163;-0.401478;-0.660099;-0.440887;-0.248768;-0.00985222;0.103448;0.472906;-0.541872;-0.258621;-0.231527;-0.524631;-0.660099;-0.0689655;-0.5;0.485222;-0.603448;-0.224138;-0.118227;-0.192118;-0.0246305;0.157635;0.460591;0.214286;-0.672414;-0.549261;-0.475369;-0.807882;-0.091133;-0.428571;0.440104;-0.208333;-0.34375;-0.367188;-0.46875;0.203125;-0.419271;0.778646;-1;0;0;0;0

65.3;-0.477833;-0.472906;-0.00985222;-1;-0.046798;-0.721675;-0.635468;-0.133005;0.258621;0.29803;0.0517241;-0.0541872;0.482759;-0.0320197;-0.5;0.214286;-0.130542;-0.302956;-0.315271;0.103448;0.0566502;-0.0221675;-0.29064;-0.389163;-0.401478;-0.660099;-0.440887;-0.248768;-0.00985222;0.103448;0.472906;-0.541872;-0.258621;-0.231527;-0.524631;-0.660099;-0.0689655;-0.5;0.485222;-0.603448;-0.224138;-0.118227;-0.192118;-0.0246305;0.157635;0.460591;0.214286;-0.672414;-0.549261;-0.475369;-0.807882;-0.091133;-0.395833;0.440104;-0.208333;-0.34375;-0.367188;-0.46875;0.203125;-0.419271;-1;0;0;0;0

64.05;-0.487685;-0.477833;-0.472906;-0.00985222;-1;-0.046798;-0.721675;-0.635468;-0.133005;0.258621;0.29803;0.0517241;-0.0541872;0.482759;-0.0320197;-0.5;0.214286;-0.130542;-0.302956;-0.315271;0.103448;0.0566502;-0.0221675;-0.29064;-0.389163;-0.401478;-0.660099;-0.440887;-0.248768;-0.00985222;0.103448;0.472906;-0.541872;-0.258621;-0.231527;-0.524631;-0.660099;-0.0689655;-0.5;0.485222;-0.603448;-0.224138;-0.118227;-0.192118;-0.0246305;0.157635;0.460591;0.214286;-0.672414;-0.549261;-0.475369;-0.807882;-0.0390625;-0.395833;0.440104;-0.208333;-0.34375;-0.367188;-0.46875;0.203125;-1;0;0;0;0

61;-0.931035;-0.487685;-0.477833;-0.472906;-0.00985222;-1;-0.046798;-0.721675;-0.635468;-0.133005;0.258621;0.29803;0.0517241;-0.0541872;0.482759;-0.0320197;-0.5;0.214286;-0.130542;-0.302956;-0.315271;0.103448;0.0566502;-0.0221675;-0.29064;-0.389163;-0.401478;-0.660099;-0.440887;-0.248768;-0.00985222;0.103448;0.472906;-0.541872;-0.258621;-0.231527;-0.524631;-0.660099;-0.0689655;-0.5;0.485222;-0.603448;-0.224138;-0.118227;-0.192118;-0.0246305;0.157635;0.460591;0.214286;-0.672414;-0.549261;-0.475369;-0.796875;-0.0390625;-0.395833;0.440104;-0.208333;-0.34375;-0.367188;-0.46875;-1;0;0;0;0

60.41;-0.325123;-0.931035;-0.487685;-0.477833;-0.472906;-0.00985222;-1;-0.046798;-0.721675;-0.635468;-0.133005;0.258621;0.29803;0.0517241;-0.0541872;0.482759;-0.0320197;-0.5;0.214286;-0.130542;-0.302956;-0.315271;0.103448;0.0566502;-0.0221675;-0.29064;-0.389163;-0.401478;-0.660099;-0.440887;-0.248768;-0.00985222;0.103448;0.472906;-0.541872;-0.258621;-0.231527;-0.524631;-0.660099;-0.0689655;-0.5;0.485222;-0.603448;-0.224138;-0.118227;-0.192118;-0.0246305;0.157635;0.460591;0.214286;-0.672414;-0.549261;-0.445313;-0.796875;-0.0390625;-0.395833;0.440104;-0.208333;-0.34375;-0.367188;-1;0;0;0;0

59.7;-0.35468;-0.325123;-0.931035;-0.487685;-0.477833;-0.472906;-0.00985222;-1;-0.046798;-0.721675;-0.635468;-0.133005;0.258621;0.29803;0.0517241;-0.0541872;0.482759;-0.0320197;-0.5;0.214286;-0.130542;-0.302956;-0.315271;0.103448;0.0566502;-0.0221675;-0.29064;-0.389163;-0.401478;-0.660099;-0.440887;-0.248768;-0.00985222;0.103448;0.472906;-0.541872;-0.258621;-0.231527;-0.524631;-0.660099;-0.0689655;-0.5;0.485222;-0.603448;-0.224138;-0.118227;-0.192118;-0.0246305;0.157635;0.460591;0.214286;-0.672414;-0.523438;-0.445313;-0.796875;-0.0390625;-0.395833;0.440104;-0.208333;-0.34375;+1;0;0;0;0

62.8;0.583744;-0.35468;-0.325123;-0.931035;-0.487685;-0.477833;-0.472906;-0.00985222;-1;-0.046798;-0.721675;-0.635468;-0.133005;0.258621;0.29803;0.0517241;-0.0541872;0.482759;-0.0320197;-0.5;0.214286;-0.130542;-0.302956;-0.315271;0.103448;0.0566502;-0.0221675;-0.29064;-0.389163;-0.401478;-0.660099;-0.440887;-0.248768;-0.00985222;0.103448;0.472906;-0.541872;-0.258621;-0.231527;-0.524631;-0.660099;-0.0689655;-0.5;0.485222;-0.603448;-0.224138;-0.118227;-0.192118;-0.0246305;0.157635;0.460591;0.214286;-0.653646;-0.523438;-0.445313;-0.796875;-0.0390625;-0.395833;0.440104;-0.208333;+1;0;0;0;0

65.4;0.460591;0.583744;-0.35468;-0.325123;-0.931035;-0.487685;-0.477833;-0.472906;-0.00985222;-1;-0.046798;-0.721675;-0.635468;-0.133005;0.258621;0.29803;0.0517241;-0.0541872;0.482759;-0.0320197;-0.5;0.214286;-0.130542;-0.302956;-0.315271;0.103448;0.0566502;-0.0221675;-0.29064;-0.389163;-0.401478;-0.660099;-0.440887;-0.248768;-0.00985222;0.103448;0.472906;-0.541872;-0.258621;-0.231527;-0.524631;-0.660099;-0.0689655;-0.5;0.485222;-0.603448;-0.224138;-0.118227;-0.192118;-0.0246305;0.157635;0.460591;0.283854;-0.653646;-0.523438;-0.445313;-0.796875;-0.0390625;-0.395833;0.440104;-1;0;0;0;0

64.45;-0.413793;0.460591;0.583744;-0.35468;-0.325123;-0.931035;-0.487685;-0.477833;-0.472906;-0.00985222;-1;-0.046798;-0.721675;-0.635468;-0.133005;0.258621;0.29803;0.0517241;-0.0541872;0.482759;-0.0320197;-0.5;0.214286;-0.130542;-0.302956;-0.315271;0.103448;0.0566502;-0.0221675;-0.29064;-0.389163;-0.401478;-0.660099;-0.440887;-0.248768;-0.00985222;0.103448;0.472906;-0.541872;-0.258621;-0.231527;-0.524631;-0.660099;-0.0689655;-0.5;0.485222;-0.603448;-0.224138;-0.118227;-0.192118;-0.0246305;0.157635;0.544271;0.283854;-0.653646;-0.523438;-0.445313;-0.796875;-0.0390625;-0.395833;-1;0;0;0;0

61.4;-0.931035;-0.413793;0.460591;0.583744;-0.35468;-0.325123;-0.931035;-0.487685;-0.477833;-0.472906;-0.00985222;-1;-0.046798;-0.721675;-0.635468;-0.133005;0.258621;0.29803;0.0517241;-0.0541872;0.482759;-0.0320197;-0.5;0.214286;-0.130542;-0.302956;-0.315271;0.103448;0.0566502;-0.0221675;-0.29064;-0.389163;-0.401478;-0.660099;-0.440887;-0.248768;-0.00985222;0.103448;0.472906;-0.541872;-0.258621;-0.231527;-0.524631;-0.660099;-0.0689655;-0.5;0.485222;-0.603448;-0.224138;-0.118227;-0.192118;-0.0246305;0.223958;0.544271;0.283854;-0.653646;-0.523438;-0.445313;-0.796875;-0.0390625;-1;0;0;0;0

60.5;-0.401478;-0.931035;-0.413793;0.460591;0.583744;-0.35468;-0.325123;-0.931035;-0.487685;-0.477833;-0.472906;-0.00985222;-1;-0.046798;-0.721675;-0.635468;-0.133005;0.258621;0.29803;0.0517241;-0.0541872;0.482759;-0.0320197;-0.5;0.214286;-0.130542;-0.302956;-0.315271;0.103448;0.0566502;-0.0221675;-0.29064;-0.389163;-0.401478;-0.660099;-0.440887;-0.248768;-0.00985222;0.103448;0.472906;-0.541872;-0.258621;-0.231527;-0.524631;-0.660099;-0.0689655;-0.5;0.485222;-0.603448;-0.224138;-0.118227;-0.192118;0.03125;0.223958;0.544271;0.283854;-0.653646;-0.523438;-0.445313;-0.796875;+1;0;0;0;0

63.9;0.657636;-0.401478;-0.931035;-0.413793;0.460591;0.583744;-0.35468;-0.325123;-0.931035;-0.487685;-0.477833;-0.472906;-0.00985222;-1;-0.046798;-0.721675;-0.635468;-0.133005;0.258621;0.29803;0.0517241;-0.0541872;0.482759;-0.0320197;-0.5;0.214286;-0.130542;-0.302956;-0.315271;0.103448;0.0566502;-0.0221675;-0.29064;-0.389163;-0.401478;-0.660099;-0.440887;-0.248768;-0.00985222;0.103448;0.472906;-0.541872;-0.258621;-0.231527;-0.524631;-0.660099;-0.0689655;-0.5;0.485222;-0.603448;-0.224138;-0.118227;-0.145833;0.03125;0.223958;0.544271;0.283854;-0.653646;-0.523438;-0.445313;+1;0;0;0;0

64.4;-0.0566503;0.657636;-0.401478;-0.931035;-0.413793;0.460591;0.583744;-0.35468;-0.325123;-0.931035;-0.487685;-0.477833;-0.472906;-0.00985222;-1;-0.046798;-0.721675;-0.635468;-0.133005;0.258621;0.29803;0.0517241;-0.0541872;0.482759;-0.0320197;-0.5;0.214286;-0.130542;-0.302956;-0.315271;0.103448;0.0566502;-0.0221675;-0.29064;-0.389163;-0.401478;-0.660099;-0.440887;-0.248768;-0.00985222;0.103448;0.472906;-0.541872;-0.258621;-0.231527;-0.524631;-0.660099;-0.0689655;-0.5;0.485222;-0.603448;-0.224138;-0.0677083;-0.145833;0.03125;0.223958;0.544271;0.283854;-0.653646;-0.523438;-1;0;0;0;0

62.4;-0.672414;-0.0566503;0.657636;-0.401478;-0.931035;-0.413793;0.460591;0.583744;-0.35468;-0.325123;-0.931035;-0.487685;-0.477833;-0.472906;-0.00985222;-1;-0.046798;-0.721675;-0.635468;-0.133005;0.258621;0.29803;0.0517241;-0.0541872;0.482759;-0.0320197;-0.5;0.214286;-0.130542;-0.302956;-0.315271;0.103448;0.0566502;-0.0221675;-0.29064;-0.389163;-0.401478;-0.660099;-0.440887;-0.248768;-0.00985222;0.103448;0.472906;-0.541872;-0.258621;-0.231527;-0.524631;-0.660099;-0.0689655;-0.5;0.485222;-0.603448;-0.179688;-0.0677083;-0.145833;0.03125;0.223958;0.544271;0.283854;-0.653646;-1;0;0;0;0

60.8;-0.573892;-0.672414;-0.0566503;0.657636;-0.401478;-0.931035;-0.413793;0.460591;0.583744;-0.35468;-0.325123;-0.931035;-0.487685;-0.477833;-0.472906;-0.00985222;-1;-0.046798;-0.721675;-0.635468;-0.133005;0.258621;0.29803;0.0517241;-0.0541872;0.482759;-0.0320197;-0.5;0.214286;-0.130542;-0.302956;-0.315271;0.103448;0.0566502;-0.0221675;-0.29064;-0.389163;-0.401478;-0.660099;-0.440887;-0.248768;-0.00985222;0.103448;0.472906;-0.541872;-0.258621;-0.231527;-0.524631;-0.660099;-0.0689655;-0.5;0.485222;-0.580729;-0.179688;-0.0677083;-0.145833;0.03125;0.223958;0.544271;0.283854;-1;0;0;0;0

57.94;-0.884236;-0.573892;-0.672414;-0.0566503;0.657636;-0.401478;-0.931035;-0.413793;0.460591;0.583744;-0.35468;-0.325123;-0.931035;-0.487685;-0.477833;-0.472906;-0.00985222;-1;-0.046798;-0.721675;-0.635468;-0.133005;0.258621;0.29803;0.0517241;-0.0541872;0.482759;-0.0320197;-0.5;0.214286;-0.130542;-0.302956;-0.315271;0.103448;0.0566502;-0.0221675;-0.29064;-0.389163;-0.401478;-0.660099;-0.440887;-0.248768;-0.00985222;0.103448;0.472906;-0.541872;-0.258621;-0.231527;-0.524631;-0.660099;-0.0689655;-0.5;0.570312;-0.580729;-0.179688;-0.0677083;-0.145833;0.03125;0.223958;0.544271;-1;0;0;0;0

56.8;-0.460591;-0.884236;-0.573892;-0.672414;-0.0566503;0.657636;-0.401478;-0.931035;-0.413793;0.460591;0.583744;-0.35468;-0.325123;-0.931035;-0.487685;-0.477833;-0.472906;-0.00985222;-1;-0.046798;-0.721675;-0.635468;-0.133005;0.258621;0.29803;0.0517241;-0.0541872;0.482759;-0.0320197;-0.5;0.214286;-0.130542;-0.302956;-0.315271;0.103448;0.0566502;-0.0221675;-0.29064;-0.389163;-0.401478;-0.660099;-0.440887;-0.248768;-0.00985222;0.103448;0.472906;-0.541872;-0.258621;-0.231527;-0.524631;-0.660099;-0.0689655;-0.471354;0.570312;-0.580729;-0.179688;-0.0677083;-0.145833;0.03125;0.223958;+1;0;0;0;0

57.1;-0.105911;-0.460591;-0.884236;-0.573892;-0.672414;-0.0566503;0.657636;-0.401478;-0.931035;-0.413793;0.460591;0.583744;-0.35468;-0.325123;-0.931035;-0.487685;-0.477833;-0.472906;-0.00985222;-1;-0.046798;-0.721675;-0.635468;-0.133005;0.258621;0.29803;0.0517241;-0.0541872;0.482759;-0.0320197;-0.5;0.214286;-0.130542;-0.302956;-0.315271;0.103448;0.0566502;-0.0221675;-0.29064;-0.389163;-0.401478;-0.660099;-0.440887;-0.248768;-0.00985222;0.103448;0.472906;-0.541872;-0.258621;-0.231527;-0.524631;-0.660099;-0.015625;-0.471354;0.570312;-0.580729;-0.179688;-0.0677083;-0.145833;0.03125;-1;0;0;0;0

54.6;-0.795566;-0.105911;-0.460591;-0.884236;-0.573892;-0.672414;-0.0566503;0.657636;-0.401478;-0.931035;-0.413793;0.460591;0.583744;-0.35468;-0.325123;-0.931035;-0.487685;-0.477833;-0.472906;-0.00985222;-1;-0.046798;-0.721675;-0.635468;-0.133005;0.258621;0.29803;0.0517241;-0.0541872;0.482759;-0.0320197;-0.5;0.214286;-0.130542;-0.302956;-0.315271;0.103448;0.0566502;-0.0221675;-0.29064;-0.389163;-0.401478;-0.660099;-0.440887;-0.248768;-0.00985222;0.103448;0.472906;-0.541872;-0.258621;-0.231527;-0.524631;-0.640625;-0.015625;-0.471354;0.570312;-0.580729;-0.179688;-0.0677083;-0.145833;-1;0;0;0;0

52.64;-0.662562;-0.795566;-0.105911;-0.460591;-0.884236;-0.573892;-0.672414;-0.0566503;0.657636;-0.401478;-0.931035;-0.413793;0.460591;0.583744;-0.35468;-0.325123;-0.931035;-0.487685;-0.477833;-0.472906;-0.00985222;-1;-0.046798;-0.721675;-0.635468;-0.133005;0.258621;0.29803;0.0517241;-0.0541872;0.482759;-0.0320197;-0.5;0.214286;-0.130542;-0.302956;-0.315271;0.103448;0.0566502;-0.0221675;-0.29064;-0.389163;-0.401478;-0.660099;-0.440887;-0.248768;-0.00985222;0.103448;0.472906;-0.541872;-0.258621;-0.231527;-0.497396;-0.640625;-0.015625;-0.471354;0.570312;-0.580729;-0.179688;-0.0677083;+1;0;0;0;0

52.65;-0.17734;-0.662562;-0.795566;-0.105911;-0.460591;-0.884236;-0.573892;-0.672414;-0.0566503;0.657636;-0.401478;-0.931035;-0.413793;0.460591;0.583744;-0.35468;-0.325123;-0.931035;-0.487685;-0.477833;-0.472906;-0.00985222;-1;-0.046798;-0.721675;-0.635468;-0.133005;0.258621;0.29803;0.0517241;-0.0541872;0.482759;-0.0320197;-0.5;0.214286;-0.130542;-0.302956;-0.315271;0.103448;0.0566502;-0.0221675;-0.29064;-0.389163;-0.401478;-0.660099;-0.440887;-0.248768;-0.00985222;0.103448;0.472906;-0.541872;-0.258621;-0.1875;-0.497396;-0.640625;-0.015625;-0.471354;0.570312;-0.580729;-0.179688;+1;0;0;0;0

57;0.891626;-0.17734;-0.662562;-0.795566;-0.105911;-0.460591;-0.884236;-0.573892;-0.672414;-0.0566503;0.657636;-0.401478;-0.931035;-0.413793;0.460591;0.583744;-0.35468;-0.325123;-0.931035;-0.487685;-0.477833;-0.472906;-0.00985222;-1;-0.046798;-0.721675;-0.635468;-0.133005;0.258621;0.29803;0.0517241;-0.0541872;0.482759;-0.0320197;-0.5;0.214286;-0.130542;-0.302956;-0.315271;0.103448;0.0566502;-0.0221675;-0.29064;-0.389163;-0.401478;-0.660099;-0.440887;-0.248768;-0.00985222;0.103448;0.472906;-0.541872;-0.216146;-0.1875;-0.497396;-0.640625;-0.015625;-0.471354;0.570312;-0.580729;-1;0;0;0;0

56.8;-0.229064;0.891626;-0.17734;-0.662562;-0.795566;-0.105911;-0.460591;-0.884236;-0.573892;-0.672414;-0.0566503;0.657636;-0.401478;-0.931035;-0.413793;0.460591;0.583744;-0.35468;-0.325123;-0.931035;-0.487685;-0.477833;-0.472906;-0.00985222;-1;-0.046798;-0.721675;-0.635468;-0.133005;0.258621;0.29803;0.0517241;-0.0541872;0.482759;-0.0320197;-0.5;0.214286;-0.130542;-0.302956;-0.315271;0.103448;0.0566502;-0.0221675;-0.29064;-0.389163;-0.401478;-0.660099;-0.440887;-0.248768;-0.00985222;0.103448;0.472906;-0.515625;-0.216146;-0.1875;-0.497396;-0.640625;-0.015625;-0.471354;0.570312;+1;0;0;0;0

58;0.115764;-0.229064;0.891626;-0.17734;-0.662562;-0.795566;-0.105911;-0.460591;-0.884236;-0.573892;-0.672414;-0.0566503;0.657636;-0.401478;-0.931035;-0.413793;0.460591;0.583744;-0.35468;-0.325123;-0.931035;-0.487685;-0.477833;-0.472906;-0.00985222;-1;-0.046798;-0.721675;-0.635468;-0.133005;0.258621;0.29803;0.0517241;-0.0541872;0.482759;-0.0320197;-0.5;0.214286;-0.130542;-0.302956;-0.315271;0.103448;0.0566502;-0.0221675;-0.29064;-0.389163;-0.401478;-0.660099;-0.440887;-0.248768;-0.00985222;0.103448;0.557292;-0.515625;-0.216146;-0.1875;-0.497396;-0.640625;-0.015625;-0.471354;+1;0;0;0;0

60.3;0.386699;0.115764;-0.229064;0.891626;-0.17734;-0.662562;-0.795566;-0.105911;-0.460591;-0.884236;-0.573892;-0.672414;-0.0566503;0.657636;-0.401478;-0.931035;-0.413793;0.460591;0.583744;-0.35468;-0.325123;-0.931035;-0.487685;-0.477833;-0.472906;-0.00985222;-1;-0.046798;-0.721675;-0.635468;-0.133005;0.258621;0.29803;0.0517241;-0.0541872;0.482759;-0.0320197;-0.5;0.214286;-0.130542;-0.302956;-0.315271;0.103448;0.0566502;-0.0221675;-0.29064;-0.389163;-0.401478;-0.660099;-0.440887;-0.248768;-0.00985222;0.166667;0.557292;-0.515625;-0.216146;-0.1875;-0.497396;-0.640625;-0.015625;-1;0;0;0;0

59.01;-0.497537;0.386699;0.115764;-0.229064;0.891626;-0.17734;-0.662562;-0.795566;-0.105911;-0.460591;-0.884236;-0.573892;-0.672414;-0.0566503;0.657636;-0.401478;-0.931035;-0.413793;0.460591;0.583744;-0.35468;-0.325123;-0.931035;-0.487685;-0.477833;-0.472906;-0.00985222;-1;-0.046798;-0.721675;-0.635468;-0.133005;0.258621;0.29803;0.0517241;-0.0541872;0.482759;-0.0320197;-0.5;0.214286;-0.130542;-0.302956;-0.315271;0.103448;0.0566502;-0.0221675;-0.29064;-0.389163;-0.401478;-0.660099;-0.440887;-0.248768;0.046875;0.166667;0.557292;-0.515625;-0.216146;-0.1875;-0.497396;-0.640625;+1;0;0;0;0

60.1;0.08867;-0.497537;0.386699;0.115764;-0.229064;0.891626;-0.17734;-0.662562;-0.795566;-0.105911;-0.460591;-0.884236;-0.573892;-0.672414;-0.0566503;0.657636;-0.401478;-0.931035;-0.413793;0.460591;0.583744;-0.35468;-0.325123;-0.931035;-0.487685;-0.477833;-0.472906;-0.00985222;-1;-0.046798;-0.721675;-0.635468;-0.133005;0.258621;0.29803;0.0517241;-0.0541872;0.482759;-0.0320197;-0.5;0.214286;-0.130542;-0.302956;-0.315271;0.103448;0.0566502;-0.0221675;-0.29064;-0.389163;-0.401478;-0.660099;-0.440887;-0.205729;0.046875;0.166667;0.557292;-0.515625;-0.216146;-0.1875;-0.497396;-1;0;0;0;0

60.01;-0.20197;0.08867;-0.497537;0.386699;0.115764;-0.229064;0.891626;-0.17734;-0.662562;-0.795566;-0.105911;-0.460591;-0.884236;-0.573892;-0.672414;-0.0566503;0.657636;-0.401478;-0.931035;-0.413793;0.460591;0.583744;-0.35468;-0.325123;-0.931035;-0.487685;-0.477833;-0.472906;-0.00985222;-1;-0.046798;-0.721675;-0.635468;-0.133005;0.258621;0.29803;0.0517241;-0.0541872;0.482759;-0.0320197;-0.5;0.214286;-0.130542;-0.302956;-0.315271;0.103448;0.0566502;-0.0221675;-0.29064;-0.389163;-0.401478;-0.660099;-0.408854;-0.205729;0.046875;0.166667;0.557292;-0.515625;-0.216146;-0.1875;-1;0;0;0;0

58.25;-0.613301;-0.20197;0.08867;-0.497537;0.386699;0.115764;-0.229064;0.891626;-0.17734;-0.662562;-0.795566;-0.105911;-0.460591;-0.884236;-0.573892;-0.672414;-0.0566503;0.657636;-0.401478;-0.931035;-0.413793;0.460591;0.583744;-0.35468;-0.325123;-0.931035;-0.487685;-0.477833;-0.472906;-0.00985222;-1;-0.046798;-0.721675;-0.635468;-0.133005;0.258621;0.29803;0.0517241;-0.0541872;0.482759;-0.0320197;-0.5;0.214286;-0.130542;-0.302956;-0.315271;0.103448;0.0566502;-0.0221675;-0.29064;-0.389163;-0.401478;-0.640625;-0.408854;-0.205729;0.046875;0.166667;0.557292;-0.515625;-0.216146;-1;0;0;0;0

58.1;-0.216749;-0.613301;-0.20197;0.08867;-0.497537;0.386699;0.115764;-0.229064;0.891626;-0.17734;-0.662562;-0.795566;-0.105911;-0.460591;-0.884236;-0.573892;-0.672414;-0.0566503;0.657636;-0.401478;-0.931035;-0.413793;0.460591;0.583744;-0.35468;-0.325123;-0.931035;-0.487685;-0.477833;-0.472906;-0.00985222;-1;-0.046798;-0.721675;-0.635468;-0.133005;0.258621;0.29803;0.0517241;-0.0541872;0.482759;-0.0320197;-0.5;0.214286;-0.130542;-0.302956;-0.315271;0.103448;0.0566502;-0.0221675;-0.29064;-0.389163;-0.367188;-0.640625;-0.408854;-0.205729;0.046875;0.166667;0.557292;-0.515625;+1;0;0;0;0

61.8;0.731527;-0.216749;-0.613301;-0.20197;0.08867;-0.497537;0.386699;0.115764;-0.229064;0.891626;-0.17734;-0.662562;-0.795566;-0.105911;-0.460591;-0.884236;-0.573892;-0.672414;-0.0566503;0.657636;-0.401478;-0.931035;-0.413793;0.460591;0.583744;-0.35468;-0.325123;-0.931035;-0.487685;-0.477833;-0.472906;-0.00985222;-1;-0.046798;-0.721675;-0.635468;-0.133005;0.258621;0.29803;0.0517241;-0.0541872;0.482759;-0.0320197;-0.5;0.214286;-0.130542;-0.302956;-0.315271;0.103448;0.0566502;-0.0221675;-0.29064;-0.354167;-0.367188;-0.640625;-0.408854;-0.205729;0.046875;0.166667;0.557292;+1;0;0;0;0

63.1;0.140394;0.731527;-0.216749;-0.613301;-0.20197;0.08867;-0.497537;0.386699;0.115764;-0.229064;0.891626;-0.17734;-0.662562;-0.795566;-0.105911;-0.460591;-0.884236;-0.573892;-0.672414;-0.0566503;0.657636;-0.401478;-0.931035;-0.413793;0.460591;0.583744;-0.35468;-0.325123;-0.931035;-0.487685;-0.477833;-0.472906;-0.00985222;-1;-0.046798;-0.721675;-0.635468;-0.133005;0.258621;0.29803;0.0517241;-0.0541872;0.482759;-0.0320197;-0.5;0.214286;-0.130542;-0.302956;-0.315271;0.103448;0.0566502;-0.0221675;-0.25;-0.354167;-0.367188;-0.640625;-0.408854;-0.205729;0.046875;0.166667;+1;0;0;0;0

65.7;0.460591;0.140394;0.731527;-0.216749;-0.613301;-0.20197;0.08867;-0.497537;0.386699;0.115764;-0.229064;0.891626;-0.17734;-0.662562;-0.795566;-0.105911;-0.460591;-0.884236;-0.573892;-0.672414;-0.0566503;0.657636;-0.401478;-0.931035;-0.413793;0.460591;0.583744;-0.35468;-0.325123;-0.931035;-0.487685;-0.477833;-0.472906;-0.00985222;-1;-0.046798;-0.721675;-0.635468;-0.133005;0.258621;0.29803;0.0517241;-0.0541872;0.482759;-0.0320197;-0.5;0.214286;-0.130542;-0.302956;-0.315271;0.103448;0.0566502;0.0338542;-0.25;-0.354167;-0.367188;-0.640625;-0.408854;-0.205729;0.046875;-1;0;0;0;0

65.2;-0.302956;0.460591;0.140394;0.731527;-0.216749;-0.613301;-0.20197;0.08867;-0.497537;0.386699;0.115764;-0.229064;0.891626;-0.17734;-0.662562;-0.795566;-0.105911;-0.460591;-0.884236;-0.573892;-0.672414;-0.0566503;0.657636;-0.401478;-0.931035;-0.413793;0.460591;0.583744;-0.35468;-0.325123;-0.931035;-0.487685;-0.477833;-0.472906;-0.00985222;-1;-0.046798;-0.721675;-0.635468;-0.133005;0.258621;0.29803;0.0517241;-0.0541872;0.482759;-0.0320197;-0.5;0.214286;-0.130542;-0.302956;-0.315271;0.103448;0.117188;0.0338542;-0.25;-0.354167;-0.367188;-0.640625;-0.408854;-0.205729;-1;0;0;0;0

63.6;-0.573892;-0.302956;0.460591;0.140394;0.731527;-0.216749;-0.613301;-0.20197;0.08867;-0.497537;0.386699;0.115764;-0.229064;0.891626;-0.17734;-0.662562;-0.795566;-0.105911;-0.460591;-0.884236;-0.573892;-0.672414;-0.0566503;0.657636;-0.401478;-0.931035;-0.413793;0.460591;0.583744;-0.35468;-0.325123;-0.931035;-0.487685;-0.477833;-0.472906;-0.00985222;-1;-0.046798;-0.721675;-0.635468;-0.133005;0.258621;0.29803;0.0517241;-0.0541872;0.482759;-0.0320197;-0.5;0.214286;-0.130542;-0.302956;-0.315271;0.166667;0.117188;0.0338542;-0.25;-0.354167;-0.367188;-0.640625;-0.408854;-1;0;0;0;0

63.6;-0.179803;-0.573892;-0.302956;0.460591;0.140394;0.731527;-0.216749;-0.613301;-0.20197;0.08867;-0.497537;0.386699;0.115764;-0.229064;0.891626;-0.17734;-0.662562;-0.795566;-0.105911;-0.460591;-0.884236;-0.573892;-0.672414;-0.0566503;0.657636;-0.401478;-0.931035;-0.413793;0.460591;0.583744;-0.35468;-0.325123;-0.931035;-0.487685;-0.477833;-0.472906;-0.00985222;-1;-0.046798;-0.721675;-0.635468;-0.133005;0.258621;0.29803;0.0517241;-0.0541872;0.482759;-0.0320197;-0.5;0.214286;-0.130542;-0.302956;-0.276042;0.166667;0.117188;0.0338542;-0.25;-0.354167;-0.367188;-0.640625;-1;0;0;0;0

62.97;-0.334975;-0.179803;-0.573892;-0.302956;0.460591;0.140394;0.731527;-0.216749;-0.613301;-0.20197;0.08867;-0.497537;0.386699;0.115764;-0.229064;0.891626;-0.17734;-0.662562;-0.795566;-0.105911;-0.460591;-0.884236;-0.573892;-0.672414;-0.0566503;0.657636;-0.401478;-0.931035;-0.413793;0.460591;0.583744;-0.35468;-0.325123;-0.931035;-0.487685;-0.477833;-0.472906;-0.00985222;-1;-0.046798;-0.721675;-0.635468;-0.133005;0.258621;0.29803;0.0517241;-0.0541872;0.482759;-0.0320197;-0.5;0.214286;-0.130542;-0.263021;-0.276042;0.166667;0.117188;0.0338542;-0.25;-0.354167;-0.367188;-1;0;0;0;0

62.61;-0.268473;-0.334975;-0.179803;-0.573892;-0.302956;0.460591;0.140394;0.731527;-0.216749;-0.613301;-0.20197;0.08867;-0.497537;0.386699;0.115764;-0.229064;0.891626;-0.17734;-0.662562;-0.795566;-0.105911;-0.460591;-0.884236;-0.573892;-0.672414;-0.0566503;0.657636;-0.401478;-0.931035;-0.413793;0.460591;0.583744;-0.35468;-0.325123;-0.931035;-0.487685;-0.477833;-0.472906;-0.00985222;-1;-0.046798;-0.721675;-0.635468;-0.133005;0.258621;0.29803;0.0517241;-0.0541872;0.482759;-0.0320197;-0.5;0.214286;-0.0807292;-0.263021;-0.276042;0.166667;0.117188;0.0338542;-0.25;-0.354167;+1;0;0;0;0

64;0.162562;-0.268473;-0.334975;-0.179803;-0.573892;-0.302956;0.460591;0.140394;0.731527;-0.216749;-0.613301;-0.20197;0.08867;-0.497537;0.386699;0.115764;-0.229064;0.891626;-0.17734;-0.662562;-0.795566;-0.105911;-0.460591;-0.884236;-0.573892;-0.672414;-0.0566503;0.657636;-0.401478;-0.931035;-0.413793;0.460591;0.583744;-0.35468;-0.325123;-0.931035;-0.487685;-0.477833;-0.472906;-0.00985222;-1;-0.046798;-0.721675;-0.635468;-0.133005;0.258621;0.29803;0.0517241;-0.0541872;0.482759;-0.0320197;-0.5;0.283854;-0.0807292;-0.263021;-0.276042;0.166667;0.117188;0.0338542;-0.25;-1;0;0;0;0

62.2;-0.623153;0.162562;-0.268473;-0.334975;-0.179803;-0.573892;-0.302956;0.460591;0.140394;0.731527;-0.216749;-0.613301;-0.20197;0.08867;-0.497537;0.386699;0.115764;-0.229064;0.891626;-0.17734;-0.662562;-0.795566;-0.105911;-0.460591;-0.884236;-0.573892;-0.672414;-0.0566503;0.657636;-0.401478;-0.931035;-0.413793;0.460591;0.583744;-0.35468;-0.325123;-0.931035;-0.487685;-0.477833;-0.472906;-0.00985222;-1;-0.046798;-0.721675;-0.635468;-0.133005;0.258621;0.29803;0.0517241;-0.0541872;0.482759;-0.0320197;-0.471354;0.283854;-0.0807292;-0.263021;-0.276042;0.166667;0.117188;0.0338542;-1;0;0;0;0

60.6;-0.573892;-0.623153;0.162562;-0.268473;-0.334975;-0.179803;-0.573892;-0.302956;0.460591;0.140394;0.731527;-0.216749;-0.613301;-0.20197;0.08867;-0.497537;0.386699;0.115764;-0.229064;0.891626;-0.17734;-0.662562;-0.795566;-0.105911;-0.460591;-0.884236;-0.573892;-0.672414;-0.0566503;0.657636;-0.401478;-0.931035;-0.413793;0.460591;0.583744;-0.35468;-0.325123;-0.931035;-0.487685;-0.477833;-0.472906;-0.00985222;-1;-0.046798;-0.721675;-0.635468;-0.133005;0.258621;0.29803;0.0517241;-0.0541872;0.482759;0.0234375;-0.471354;0.283854;-0.0807292;-0.263021;-0.276042;0.166667;0.117188;-1;0;0;0;0

59.55;-0.438424;-0.573892;-0.623153;0.162562;-0.268473;-0.334975;-0.179803;-0.573892;-0.302956;0.460591;0.140394;0.731527;-0.216749;-0.613301;-0.20197;0.08867;-0.497537;0.386699;0.115764;-0.229064;0.891626;-0.17734;-0.662562;-0.795566;-0.105911;-0.460591;-0.884236;-0.573892;-0.672414;-0.0566503;0.657636;-0.401478;-0.931035;-0.413793;0.460591;0.583744;-0.35468;-0.325123;-0.931035;-0.487685;-0.477833;-0.472906;-0.00985222;-1;-0.046798;-0.721675;-0.635468;-0.133005;0.258621;0.29803;0.0517241;-0.0541872;0.567708;0.0234375;-0.471354;0.283854;-0.0807292;-0.263021;-0.276042;0.166667;-1;0;0;0;0

58.15;-0.524631;-0.438424;-0.573892;-0.623153;0.162562;-0.268473;-0.334975;-0.179803;-0.573892;-0.302956;0.460591;0.140394;0.731527;-0.216749;-0.613301;-0.20197;0.08867;-0.497537;0.386699;0.115764;-0.229064;0.891626;-0.17734;-0.662562;-0.795566;-0.105911;-0.460591;-0.884236;-0.573892;-0.672414;-0.0566503;0.657636;-0.401478;-0.931035;-0.413793;0.460591;0.583744;-0.35468;-0.325123;-0.931035;-0.487685;-0.477833;-0.472906;-0.00985222;-1;-0.046798;-0.721675;-0.635468;-0.133005;0.258621;0.29803;0.0517241;0;0.567708;0.0234375;-0.471354;0.283854;-0.0807292;-0.263021;-0.276042;+1;0;0;0;0

58.2;-0.167488;-0.524631;-0.438424;-0.573892;-0.623153;0.162562;-0.268473;-0.334975;-0.179803;-0.573892;-0.302956;0.460591;0.140394;0.731527;-0.216749;-0.613301;-0.20197;0.08867;-0.497537;0.386699;0.115764;-0.229064;0.891626;-0.17734;-0.662562;-0.795566;-0.105911;-0.460591;-0.884236;-0.573892;-0.672414;-0.0566503;0.657636;-0.401478;-0.931035;-0.413793;0.460591;0.583744;-0.35468;-0.325123;-0.931035;-0.487685;-0.477833;-0.472906;-0.00985222;-1;-0.046798;-0.721675;-0.635468;-0.133005;0.258621;0.29803;0.111979;0;0.567708;0.0234375;-0.471354;0.283854;-0.0807292;-0.263021;+1;0;0;0;0

62.99;1;-0.167488;-0.524631;-0.438424;-0.573892;-0.623153;0.162562;-0.268473;-0.334975;-0.179803;-0.573892;-0.302956;0.460591;0.140394;0.731527;-0.216749;-0.613301;-0.20197;0.08867;-0.497537;0.386699;0.115764;-0.229064;0.891626;-0.17734;-0.662562;-0.795566;-0.105911;-0.460591;-0.884236;-0.573892;-0.672414;-0.0566503;0.657636;-0.401478;-0.931035;-0.413793;0.460591;0.583744;-0.35468;-0.325123;-0.931035;-0.487685;-0.477833;-0.472906;-0.00985222;-1;-0.046798;-0.721675;-0.635468;-0.133005;0.258621;0.372396;0.111979;0;0.567708;0.0234375;-0.471354;0.283854;-0.0807292;-1;0;0;0;0

62.66;-0.261084;1;-0.167488;-0.524631;-0.438424;-0.573892;-0.623153;0.162562;-0.268473;-0.334975;-0.179803;-0.573892;-0.302956;0.460591;0.140394;0.731527;-0.216749;-0.613301;-0.20197;0.08867;-0.497537;0.386699;0.115764;-0.229064;0.891626;-0.17734;-0.662562;-0.795566;-0.105911;-0.460591;-0.884236;-0.573892;-0.672414;-0.0566503;0.657636;-0.401478;-0.931035;-0.413793;0.460591;0.583744;-0.35468;-0.325123;-0.931035;-0.487685;-0.477833;-0.472906;-0.00985222;-1;-0.046798;-0.721675;-0.635468;-0.133005;0.330729;0.372396;0.111979;0;0.567708;0.0234375;-0.471354;0.283854;-1;0;0;0;0

62.49;-0.221675;-0.261084;1;-0.167488;-0.524631;-0.438424;-0.573892;-0.623153;0.162562;-0.268473;-0.334975;-0.179803;-0.573892;-0.302956;0.460591;0.140394;0.731527;-0.216749;-0.613301;-0.20197;0.08867;-0.497537;0.386699;0.115764;-0.229064;0.891626;-0.17734;-0.662562;-0.795566;-0.105911;-0.460591;-0.884236;-0.573892;-0.672414;-0.0566503;0.657636;-0.401478;-0.931035;-0.413793;0.460591;0.583744;-0.35468;-0.325123;-0.931035;-0.487685;-0.477833;-0.472906;-0.00985222;-1;-0.046798;-0.721675;-0.635468;-0.0833333;0.330729;0.372396;0.111979;0;0.567708;0.0234375;-0.471354;+1;0;0;0;0

65;0.438424;-0.221675;-0.261084;1;-0.167488;-0.524631;-0.438424;-0.573892;-0.623153;0.162562;-0.268473;-0.334975;-0.179803;-0.573892;-0.302956;0.460591;0.140394;0.731527;-0.216749;-0.613301;-0.20197;0.08867;-0.497537;0.386699;0.115764;-0.229064;0.891626;-0.17734;-0.662562;-0.795566;-0.105911;-0.460591;-0.884236;-0.573892;-0.672414;-0.0566503;0.657636;-0.401478;-0.931035;-0.413793;0.460591;0.583744;-0.35468;-0.325123;-0.931035;-0.487685;-0.477833;-0.472906;-0.00985222;-1;-0.046798;-0.721675;-0.614583;-0.0833333;0.330729;0.372396;0.111979;0;0.567708;0.0234375;+1;0;0;0;0

66.05;0.0788177;0.438424;-0.221675;-0.261084;1;-0.167488;-0.524631;-0.438424;-0.573892;-0.623153;0.162562;-0.268473;-0.334975;-0.179803;-0.573892;-0.302956;0.460591;0.140394;0.731527;-0.216749;-0.613301;-0.20197;0.08867;-0.497537;0.386699;0.115764;-0.229064;0.891626;-0.17734;-0.662562;-0.795566;-0.105911;-0.460591;-0.884236;-0.573892;-0.672414;-0.0566503;0.657636;-0.401478;-0.931035;-0.413793;0.460591;0.583744;-0.35468;-0.325123;-0.931035;-0.487685;-0.477833;-0.472906;-0.00985222;-1;-0.046798;-0.705729;-0.614583;-0.0833333;0.330729;0.372396;0.111979;0;0.567708;-1;0;0;0;0

66;-0.192118;0.0788177;0.438424;-0.221675;-0.261084;1;-0.167488;-0.524631;-0.438424;-0.573892;-0.623153;0.162562;-0.268473;-0.334975;-0.179803;-0.573892;-0.302956;0.460591;0.140394;0.731527;-0.216749;-0.613301;-0.20197;0.08867;-0.497537;0.386699;0.115764;-0.229064;0.891626;-0.17734;-0.662562;-0.795566;-0.105911;-0.460591;-0.884236;-0.573892;-0.672414;-0.0566503;0.657636;-0.401478;-0.931035;-0.413793;0.460591;0.583744;-0.35468;-0.325123;-0.931035;-0.487685;-0.477833;-0.472906;-0.00985222;-1;0.00781251;-0.705729;-0.614583;-0.0833333;0.330729;0.372396;0.111979;0;-1;0;0;0;0

65.7;-0.253695;-0.192118;0.0788177;0.438424;-0.221675;-0.261084;1;-0.167488;-0.524631;-0.438424;-0.573892;-0.623153;0.162562;-0.268473;-0.334975;-0.179803;-0.573892;-0.302956;0.460591;0.140394;0.731527;-0.216749;-0.613301;-0.20197;0.08867;-0.497537;0.386699;0.115764;-0.229064;0.891626;-0.17734;-0.662562;-0.795566;-0.105911;-0.460591;-0.884236;-0.573892;-0.672414;-0.0566503;0.657636;-0.401478;-0.931035;-0.413793;0.460591;0.583744;-0.35468;-0.325123;-0.931035;-0.487685;-0.477833;-0.472906;-0.00985222;-1;0.00781251;-0.705729;-0.614583;-0.0833333;0.330729;0.372396;0.111979;+1;0;0;0;0

66.5;0.0172414;-0.253695;-0.192118;0.0788177;0.438424;-0.221675;-0.261084;1;-0.167488;-0.524631;-0.438424;-0.573892;-0.623153;0.162562;-0.268473;-0.334975;-0.179803;-0.573892;-0.302956;0.460591;0.140394;0.731527;-0.216749;-0.613301;-0.20197;0.08867;-0.497537;0.386699;0.115764;-0.229064;0.891626;-0.17734;-0.662562;-0.795566;-0.105911;-0.460591;-0.884236;-0.573892;-0.672414;-0.0566503;0.657636;-0.401478;-0.931035;-0.413793;0.460591;0.583744;-0.35468;-0.325123;-0.931035;-0.487685;-0.477833;-0.472906;0.046875;-1;0.00781251;-0.705729;-0.614583;-0.0833333;0.330729;0.372396;+1;0;0;0;0

66.55;-0.167488;0.0172414;-0.253695;-0.192118;0.0788177;0.438424;-0.221675;-0.261084;1;-0.167488;-0.524631;-0.438424;-0.573892;-0.623153;0.162562;-0.268473;-0.334975;-0.179803;-0.573892;-0.302956;0.460591;0.140394;0.731527;-0.216749;-0.613301;-0.20197;0.08867;-0.497537;0.386699;0.115764;-0.229064;0.891626;-0.17734;-0.662562;-0.795566;-0.105911;-0.460591;-0.884236;-0.573892;-0.672414;-0.0566503;0.657636;-0.401478;-0.931035;-0.413793;0.460591;0.583744;-0.35468;-0.325123;-0.931035;-0.487685;-0.477833;-0.442708;0.046875;-1;0.00781251;-0.705729;-0.614583;-0.0833333;0.330729;-1;0;0;0;0

64.5;-0.684729;-0.167488;0.0172414;-0.253695;-0.192118;0.0788177;0.438424;-0.221675;-0.261084;1;-0.167488;-0.524631;-0.438424;-0.573892;-0.623153;0.162562;-0.268473;-0.334975;-0.179803;-0.573892;-0.302956;0.460591;0.140394;0.731527;-0.216749;-0.613301;-0.20197;0.08867;-0.497537;0.386699;0.115764;-0.229064;0.891626;-0.17734;-0.662562;-0.795566;-0.105911;-0.460591;-0.884236;-0.573892;-0.672414;-0.0566503;0.657636;-0.401478;-0.931035;-0.413793;0.460591;0.583744;-0.35468;-0.325123;-0.931035;-0.487685;-0.447917;-0.442708;0.046875;-1;0.00781251;-0.705729;-0.614583;-0.0833333;-1;0;0;0;0

64.41;-0.20197;-0.684729;-0.167488;0.0172414;-0.253695;-0.192118;0.0788177;0.438424;-0.221675;-0.261084;1;-0.167488;-0.524631;-0.438424;-0.573892;-0.623153;0.162562;-0.268473;-0.334975;-0.179803;-0.573892;-0.302956;0.460591;0.140394;0.731527;-0.216749;-0.613301;-0.20197;0.08867;-0.497537;0.386699;0.115764;-0.229064;0.891626;-0.17734;-0.662562;-0.795566;-0.105911;-0.460591;-0.884236;-0.573892;-0.672414;-0.0566503;0.657636;-0.401478;-0.931035;-0.413793;0.460591;0.583744;-0.35468;-0.325123;-0.931035;-0.458333;-0.447917;-0.442708;0.046875;-1;0.00781251;-0.705729;-0.614583;-1;0;0;0;0

63.5;-0.403941;-0.20197;-0.684729;-0.167488;0.0172414;-0.253695;-0.192118;0.0788177;0.438424;-0.221675;-0.261084;1;-0.167488;-0.524631;-0.438424;-0.573892;-0.623153;0.162562;-0.268473;-0.334975;-0.179803;-0.573892;-0.302956;0.460591;0.140394;0.731527;-0.216749;-0.613301;-0.20197;0.08867;-0.497537;0.386699;0.115764;-0.229064;0.891626;-0.17734;-0.662562;-0.795566;-0.105911;-0.460591;-0.884236;-0.573892;-0.672414;-0.0566503;0.657636;-0.401478;-0.931035;-0.413793;0.460591;0.583744;-0.35468;-0.325123;-0.927083;-0.458333;-0.447917;-0.442708;0.046875;-1;0.00781251;-0.705729;+1;0;0;0;0

65.41;0.29064;-0.403941;-0.20197;-0.684729;-0.167488;0.0172414;-0.253695;-0.192118;0.0788177;0.438424;-0.221675;-0.261084;1;-0.167488;-0.524631;-0.438424;-0.573892;-0.623153;0.162562;-0.268473;-0.334975;-0.179803;-0.573892;-0.302956;0.460591;0.140394;0.731527;-0.216749;-0.613301;-0.20197;0.08867;-0.497537;0.386699;0.115764;-0.229064;0.891626;-0.17734;-0.662562;-0.795566;-0.105911;-0.460591;-0.884236;-0.573892;-0.672414;-0.0566503;0.657636;-0.401478;-0.931035;-0.413793;0.460591;0.583744;-0.35468;-0.286458;-0.927083;-0.458333;-0.447917;-0.442708;0.046875;-1;0.00781251;-1;0;0;0;0

64.9;-0.305419;0.29064;-0.403941;-0.20197;-0.684729;-0.167488;0.0172414;-0.253695;-0.192118;0.0788177;0.438424;-0.221675;-0.261084;1;-0.167488;-0.524631;-0.438424;-0.573892;-0.623153;0.162562;-0.268473;-0.334975;-0.179803;-0.573892;-0.302956;0.460591;0.140394;0.731527;-0.216749;-0.613301;-0.20197;0.08867;-0.497537;0.386699;0.115764;-0.229064;0.891626;-0.17734;-0.662562;-0.795566;-0.105911;-0.460591;-0.884236;-0.573892;-0.672414;-0.0566503;0.657636;-0.401478;-0.931035;-0.413793;0.460591;0.583744;-0.317708;-0.286458;-0.927083;-0.458333;-0.447917;-0.442708;0.046875;-1;-1;0;0;0;0

63.73;-0.46798;-0.305419;0.29064;-0.403941;-0.20197;-0.684729;-0.167488;0.0172414;-0.253695;-0.192118;0.0788177;0.438424;-0.221675;-0.261084;1;-0.167488;-0.524631;-0.438424;-0.573892;-0.623153;0.162562;-0.268473;-0.334975;-0.179803;-0.573892;-0.302956;0.460591;0.140394;0.731527;-0.216749;-0.613301;-0.20197;0.08867;-0.497537;0.386699;0.115764;-0.229064;0.891626;-0.17734;-0.662562;-0.795566;-0.105911;-0.460591;-0.884236;-0.573892;-0.672414;-0.0566503;0.657636;-0.401478;-0.931035;-0.413793;0.460591;0.674479;-0.317708;-0.286458;-0.927083;-0.458333;-0.447917;-0.442708;0.046875;+1;0;0;0;0

63.75;-0.174877;-0.46798;-0.305419;0.29064;-0.403941;-0.20197;-0.684729;-0.167488;0.0172414;-0.253695;-0.192118;0.0788177;0.438424;-0.221675;-0.261084;1;-0.167488;-0.524631;-0.438424;-0.573892;-0.623153;0.162562;-0.268473;-0.334975;-0.179803;-0.573892;-0.302956;0.460591;0.140394;0.731527;-0.216749;-0.613301;-0.20197;0.08867;-0.497537;0.386699;0.115764;-0.229064;0.891626;-0.17734;-0.662562;-0.795566;-0.105911;-0.460591;-0.884236;-0.573892;-0.672414;-0.0566503;0.657636;-0.401478;-0.931035;-0.413793;0.544271;0.674479;-0.317708;-0.286458;-0.927083;-0.458333;-0.447917;-0.442708;+1;0;0;0;0

64.5;0.0049261;-0.174877;-0.46798;-0.305419;0.29064;-0.403941;-0.20197;-0.684729;-0.167488;0.0172414;-0.253695;-0.192118;0.0788177;0.438424;-0.221675;-0.261084;1;-0.167488;-0.524631;-0.438424;-0.573892;-0.623153;0.162562;-0.268473;-0.334975;-0.179803;-0.573892;-0.302956;0.460591;0.140394;0.731527;-0.216749;-0.613301;-0.20197;0.08867;-0.497537;0.386699;0.115764;-0.229064;0.891626;-0.17734;-0.662562;-0.795566;-0.105911;-0.460591;-0.884236;-0.573892;-0.672414;-0.0566503;0.657636;-0.401478;-0.931035;-0.380208;0.544271;0.674479;-0.317708;-0.286458;-0.927083;-0.458333;-0.447917;-1;0;0;0;0

63.1;-0.524631;0.0049261;-0.174877;-0.46798;-0.305419;0.29064;-0.403941;-0.20197;-0.684729;-0.167488;0.0172414;-0.253695;-0.192118;0.0788177;0.438424;-0.221675;-0.261084;1;-0.167488;-0.524631;-0.438424;-0.573892;-0.623153;0.162562;-0.268473;-0.334975;-0.179803;-0.573892;-0.302956;0.460591;0.140394;0.731527;-0.216749;-0.613301;-0.20197;0.08867;-0.497537;0.386699;0.115764;-0.229064;0.891626;-0.17734;-0.662562;-0.795566;-0.105911;-0.460591;-0.884236;-0.573892;-0.672414;-0.0566503;0.657636;-0.401478;-0.927083;-0.380208;0.544271;0.674479;-0.317708;-0.286458;-0.927083;-0.458333;-1;0;0;0;0

62.01;-0.448276;-0.524631;0.0049261;-0.174877;-0.46798;-0.305419;0.29064;-0.403941;-0.20197;-0.684729;-0.167488;0.0172414;-0.253695;-0.192118;0.0788177;0.438424;-0.221675;-0.261084;1;-0.167488;-0.524631;-0.438424;-0.573892;-0.623153;0.162562;-0.268473;-0.334975;-0.179803;-0.573892;-0.302956;0.460591;0.140394;0.731527;-0.216749;-0.613301;-0.20197;0.08867;-0.497537;0.386699;0.115764;-0.229064;0.891626;-0.17734;-0.662562;-0.795566;-0.105911;-0.460591;-0.884236;-0.573892;-0.672414;-0.0566503;0.657636;-0.367188;-0.927083;-0.380208;0.544271;0.674479;-0.317708;-0.286458;-0.927083;+1;0;0;0;0

64.94;0.541872;-0.448276;-0.524631;0.0049261;-0.174877;-0.46798;-0.305419;0.29064;-0.403941;-0.20197;-0.684729;-0.167488;0.0172414;-0.253695;-0.192118;0.0788177;0.438424;-0.221675;-0.261084;1;-0.167488;-0.524631;-0.438424;-0.573892;-0.623153;0.162562;-0.268473;-0.334975;-0.179803;-0.573892;-0.302956;0.460591;0.140394;0.731527;-0.216749;-0.613301;-0.20197;0.08867;-0.497537;0.386699;0.115764;-0.229064;0.891626;-0.17734;-0.662562;-0.795566;-0.105911;-0.460591;-0.884236;-0.573892;-0.672414;-0.0566503;0.752604;-0.367188;-0.927083;-0.380208;0.544271;0.674479;-0.317708;-0.286458;+1;0;0;0;0

66;0.0812808;0.541872;-0.448276;-0.524631;0.0049261;-0.174877;-0.46798;-0.305419;0.29064;-0.403941;-0.20197;-0.684729;-0.167488;0.0172414;-0.253695;-0.192118;0.0788177;0.438424;-0.221675;-0.261084;1;-0.167488;-0.524631;-0.438424;-0.573892;-0.623153;0.162562;-0.268473;-0.334975;-0.179803;-0.573892;-0.302956;0.460591;0.140394;0.731527;-0.216749;-0.613301;-0.20197;0.08867;-0.497537;0.386699;0.115764;-0.229064;0.891626;-0.17734;-0.662562;-0.795566;-0.105911;-0.460591;-0.884236;-0.573892;-0.672414;-0.00260416;0.752604;-0.367188;-0.927083;-0.380208;0.544271;0.674479;-0.317708;+1;0;0;0;0

66.39;-0.0837439;0.0812808;0.541872;-0.448276;-0.524631;0.0049261;-0.174877;-0.46798;-0.305419;0.29064;-0.403941;-0.20197;-0.684729;-0.167488;0.0172414;-0.253695;-0.192118;0.0788177;0.438424;-0.221675;-0.261084;1;-0.167488;-0.524631;-0.438424;-0.573892;-0.623153;0.162562;-0.268473;-0.334975;-0.179803;-0.573892;-0.302956;0.460591;0.140394;0.731527;-0.216749;-0.613301;-0.20197;0.08867;-0.497537;0.386699;0.115764;-0.229064;0.891626;-0.17734;-0.662562;-0.795566;-0.105911;-0.460591;-0.884236;-0.573892;-0.653646;-0.00260416;0.752604;-0.367188;-0.927083;-0.380208;0.544271;0.674479;-1;0;0;0;0

65.8;-0.325123;-0.0837439;0.0812808;0.541872;-0.448276;-0.524631;0.0049261;-0.174877;-0.46798;-0.305419;0.29064;-0.403941;-0.20197;-0.684729;-0.167488;0.0172414;-0.253695;-0.192118;0.0788177;0.438424;-0.221675;-0.261084;1;-0.167488;-0.524631;-0.438424;-0.573892;-0.623153;0.162562;-0.268473;-0.334975;-0.179803;-0.573892;-0.302956;0.460591;0.140394;0.731527;-0.216749;-0.613301;-0.20197;0.08867;-0.497537;0.386699;0.115764;-0.229064;0.891626;-0.17734;-0.662562;-0.795566;-0.105911;-0.460591;-0.884236;-0.549479;-0.653646;-0.00260416;0.752604;-0.367188;-0.927083;-0.380208;0.544271;-1;0;0;0;0

64;-0.623153;-0.325123;-0.0837439;0.0812808;0.541872;-0.448276;-0.524631;0.0049261;-0.174877;-0.46798;-0.305419;0.29064;-0.403941;-0.20197;-0.684729;-0.167488;0.0172414;-0.253695;-0.192118;0.0788177;0.438424;-0.221675;-0.261084;1;-0.167488;-0.524631;-0.438424;-0.573892;-0.623153;0.162562;-0.268473;-0.334975;-0.179803;-0.573892;-0.302956;0.460591;0.140394;0.731527;-0.216749;-0.613301;-0.20197;0.08867;-0.497537;0.386699;0.115764;-0.229064;0.891626;-0.17734;-0.662562;-0.795566;-0.105911;-0.460591;-0.877604;-0.549479;-0.653646;-0.00260416;0.752604;-0.367188;-0.927083;-0.380208;+1;0;0;0;0

64.2;-0.130542;-0.623153;-0.325123;-0.0837439;0.0812808;0.541872;-0.448276;-0.524631;0.0049261;-0.174877;-0.46798;-0.305419;0.29064;-0.403941;-0.20197;-0.684729;-0.167488;0.0172414;-0.253695;-0.192118;0.0788177;0.438424;-0.221675;-0.261084;1;-0.167488;-0.524631;-0.438424;-0.573892;-0.623153;0.162562;-0.268473;-0.334975;-0.179803;-0.573892;-0.302956;0.460591;0.140394;0.731527;-0.216749;-0.613301;-0.20197;0.08867;-0.497537;0.386699;0.115764;-0.229064;0.891626;-0.17734;-0.662562;-0.795566;-0.105911;-0.429688;-0.877604;-0.549479;-0.653646;-0.00260416;0.752604;-0.367188;-0.927083;-1;0;0;0;0

63;-0.475369;-0.130542;-0.623153;-0.325123;-0.0837439;0.0812808;0.541872;-0.448276;-0.524631;0.0049261;-0.174877;-0.46798;-0.305419;0.29064;-0.403941;-0.20197;-0.684729;-0.167488;0.0172414;-0.253695;-0.192118;0.0788177;0.438424;-0.221675;-0.261084;1;-0.167488;-0.524631;-0.438424;-0.573892;-0.623153;0.162562;-0.268473;-0.334975;-0.179803;-0.573892;-0.302956;0.460591;0.140394;0.731527;-0.216749;-0.613301;-0.20197;0.08867;-0.497537;0.386699;0.115764;-0.229064;0.891626;-0.17734;-0.662562;-0.795566;-0.0546875;-0.429688;-0.877604;-0.549479;-0.653646;-0.00260416;0.752604;-0.367188;-1;0;0;0;0

62.9;-0.204434;-0.475369;-0.130542;-0.623153;-0.325123;-0.0837439;0.0812808;0.541872;-0.448276;-0.524631;0.0049261;-0.174877;-0.46798;-0.305419;0.29064;-0.403941;-0.20197;-0.684729;-0.167488;0.0172414;-0.253695;-0.192118;0.0788177;0.438424;-0.221675;-0.261084;1;-0.167488;-0.524631;-0.438424;-0.573892;-0.623153;0.162562;-0.268473;-0.334975;-0.179803;-0.573892;-0.302956;0.460591;0.140394;0.731527;-0.216749;-0.613301;-0.20197;0.08867;-0.497537;0.386699;0.115764;-0.229064;0.891626;-0.17734;-0.662562;-0.783854;-0.0546875;-0.429688;-0.877604;-0.549479;-0.653646;-0.00260416;0.752604;-1;0;0;0;0

61.7;-0.475369;-0.204434;-0.475369;-0.130542;-0.623153;-0.325123;-0.0837439;0.0812808;0.541872;-0.448276;-0.524631;0.0049261;-0.174877;-0.46798;-0.305419;0.29064;-0.403941;-0.20197;-0.684729;-0.167488;0.0172414;-0.253695;-0.192118;0.0788177;0.438424;-0.221675;-0.261084;1;-0.167488;-0.524631;-0.438424;-0.573892;-0.623153;0.162562;-0.268473;-0.334975;-0.179803;-0.573892;-0.302956;0.460591;0.140394;0.731527;-0.216749;-0.613301;-0.20197;0.08867;-0.497537;0.386699;0.115764;-0.229064;0.891626;-0.17734;-0.643229;-0.783854;-0.0546875;-0.429688;-0.877604;-0.549479;-0.653646;-0.00260416;+1;0;0;0;0

64.24;0.445813;-0.475369;-0.204434;-0.475369;-0.130542;-0.623153;-0.325123;-0.0837439;0.0812808;0.541872;-0.448276;-0.524631;0.0049261;-0.174877;-0.46798;-0.305419;0.29064;-0.403941;-0.20197;-0.684729;-0.167488;0.0172414;-0.253695;-0.192118;0.0788177;0.438424;-0.221675;-0.261084;1;-0.167488;-0.524631;-0.438424;-0.573892;-0.623153;0.162562;-0.268473;-0.334975;-0.179803;-0.573892;-0.302956;0.460591;0.140394;0.731527;-0.216749;-0.613301;-0.20197;0.08867;-0.497537;0.386699;0.115764;-0.229064;0.891626;-0.130208;-0.643229;-0.783854;-0.0546875;-0.429688;-0.877604;-0.549479;-0.653646;-1;0;0;0;0

64;-0.238916;0.445813;-0.475369;-0.204434;-0.475369;-0.130542;-0.623153;-0.325123;-0.0837439;0.0812808;0.541872;-0.448276;-0.524631;0.0049261;-0.174877;-0.46798;-0.305419;0.29064;-0.403941;-0.20197;-0.684729;-0.167488;0.0172414;-0.253695;-0.192118;0.0788177;0.438424;-0.221675;-0.261084;1;-0.167488;-0.524631;-0.438424;-0.573892;-0.623153;0.162562;-0.268473;-0.334975;-0.179803;-0.573892;-0.302956;0.460591;0.140394;0.731527;-0.216749;-0.613301;-0.20197;0.08867;-0.497537;0.386699;0.115764;-0.229064;1;-0.130208;-0.643229;-0.783854;-0.0546875;-0.429688;-0.877604;-0.549479;+1;0;0;0;0

64.4;-0.0812808;-0.238916;0.445813;-0.475369;-0.204434;-0.475369;-0.130542;-0.623153;-0.325123;-0.0837439;0.0812808;0.541872;-0.448276;-0.524631;0.0049261;-0.174877;-0.46798;-0.305419;0.29064;-0.403941;-0.20197;-0.684729;-0.167488;0.0172414;-0.253695;-0.192118;0.0788177;0.438424;-0.221675;-0.261084;1;-0.167488;-0.524631;-0.438424;-0.573892;-0.623153;0.162562;-0.268473;-0.334975;-0.179803;-0.573892;-0.302956;0.460591;0.140394;0.731527;-0.216749;-0.613301;-0.20197;0.08867;-0.497537;0.386699;0.115764;-0.184896;1;-0.130208;-0.643229;-0.783854;-0.0546875;-0.429688;-0.877604;+1;0;0;0;0

64.51;-0.152709;-0.0812808;-0.238916;0.445813;-0.475369;-0.204434;-0.475369;-0.130542;-0.623153;-0.325123;-0.0837439;0.0812808;0.541872;-0.448276;-0.524631;0.0049261;-0.174877;-0.46798;-0.305419;0.29064;-0.403941;-0.20197;-0.684729;-0.167488;0.0172414;-0.253695;-0.192118;0.0788177;0.438424;-0.221675;-0.261084;1;-0.167488;-0.524631;-0.438424;-0.573892;-0.623153;0.162562;-0.268473;-0.334975;-0.179803;-0.573892;-0.302956;0.460591;0.140394;0.731527;-0.216749;-0.613301;-0.20197;0.08867;-0.497537;0.386699;0.179688;-0.184896;1;-0.130208;-0.643229;-0.783854;-0.0546875;-0.429688;+1;0;0;0;0

66.8;0.384236;-0.152709;-0.0812808;-0.238916;0.445813;-0.475369;-0.204434;-0.475369;-0.130542;-0.623153;-0.325123;-0.0837439;0.0812808;0.541872;-0.448276;-0.524631;0.0049261;-0.174877;-0.46798;-0.305419;0.29064;-0.403941;-0.20197;-0.684729;-0.167488;0.0172414;-0.253695;-0.192118;0.0788177;0.438424;-0.221675;-0.261084;1;-0.167488;-0.524631;-0.438424;-0.573892;-0.623153;0.162562;-0.268473;-0.334975;-0.179803;-0.573892;-0.302956;0.460591;0.140394;0.731527;-0.216749;-0.613301;-0.20197;0.08867;-0.497537;0.466146;0.179688;-0.184896;1;-0.130208;-0.643229;-0.783854;-0.0546875;-1;0;0;0;0

66.76;-0.189655;0.384236;-0.152709;-0.0812808;-0.238916;0.445813;-0.475369;-0.204434;-0.475369;-0.130542;-0.623153;-0.325123;-0.0837439;0.0812808;0.541872;-0.448276;-0.524631;0.0049261;-0.174877;-0.46798;-0.305419;0.29064;-0.403941;-0.20197;-0.684729;-0.167488;0.0172414;-0.253695;-0.192118;0.0788177;0.438424;-0.221675;-0.261084;1;-0.167488;-0.524631;-0.438424;-0.573892;-0.623153;0.162562;-0.268473;-0.334975;-0.179803;-0.573892;-0.302956;0.460591;0.140394;0.731527;-0.216749;-0.613301;-0.20197;0.08867;-0.46875;0.466146;0.179688;-0.184896;1;-0.130208;-0.643229;-0.783854;-1;0;0;0;0

65.8;-0.416256;-0.189655;0.384236;-0.152709;-0.0812808;-0.238916;0.445813;-0.475369;-0.204434;-0.475369;-0.130542;-0.623153;-0.325123;-0.0837439;0.0812808;0.541872;-0.448276;-0.524631;0.0049261;-0.174877;-0.46798;-0.305419;0.29064;-0.403941;-0.20197;-0.684729;-0.167488;0.0172414;-0.253695;-0.192118;0.0788177;0.438424;-0.221675;-0.261084;1;-0.167488;-0.524631;-0.438424;-0.573892;-0.623153;0.162562;-0.268473;-0.334975;-0.179803;-0.573892;-0.302956;0.460591;0.140394;0.731527;-0.216749;-0.613301;-0.20197;0.151042;-0.46875;0.466146;0.179688;-0.184896;1;-0.130208;-0.643229;-1;0;0;0;0

64.31;-0.546798;-0.416256;-0.189655;0.384236;-0.152709;-0.0812808;-0.238916;0.445813;-0.475369;-0.204434;-0.475369;-0.130542;-0.623153;-0.325123;-0.0837439;0.0812808;0.541872;-0.448276;-0.524631;0.0049261;-0.174877;-0.46798;-0.305419;0.29064;-0.403941;-0.20197;-0.684729;-0.167488;0.0172414;-0.253695;-0.192118;0.0788177;0.438424;-0.221675;-0.261084;1;-0.167488;-0.524631;-0.438424;-0.573892;-0.623153;0.162562;-0.268473;-0.334975;-0.179803;-0.573892;-0.302956;0.460591;0.140394;0.731527;-0.216749;-0.613301;-0.15625;0.151042;-0.46875;0.466146;0.179688;-0.184896;1;-0.130208;-1;0;0;0;0

64.2;-0.206897;-0.546798;-0.416256;-0.189655;0.384236;-0.152709;-0.0812808;-0.238916;0.445813;-0.475369;-0.204434;-0.475369;-0.130542;-0.623153;-0.325123;-0.0837439;0.0812808;0.541872;-0.448276;-0.524631;0.0049261;-0.174877;-0.46798;-0.305419;0.29064;-0.403941;-0.20197;-0.684729;-0.167488;0.0172414;-0.253695;-0.192118;0.0788177;0.438424;-0.221675;-0.261084;1;-0.167488;-0.524631;-0.438424;-0.573892;-0.623153;0.162562;-0.268473;-0.334975;-0.179803;-0.573892;-0.302956;0.460591;0.140394;0.731527;-0.216749;-0.591146;-0.15625;0.151042;-0.46875;0.466146;0.179688;-0.184896;1;-1;0;0;0;0

63.22;-0.421182;-0.206897;-0.546798;-0.416256;-0.189655;0.384236;-0.152709;-0.0812808;-0.238916;0.445813;-0.475369;-0.204434;-0.475369;-0.130542;-0.623153;-0.325123;-0.0837439;0.0812808;0.541872;-0.448276;-0.524631;0.0049261;-0.174877;-0.46798;-0.305419;0.29064;-0.403941;-0.20197;-0.684729;-0.167488;0.0172414;-0.253695;-0.192118;0.0788177;0.438424;-0.221675;-0.261084;1;-0.167488;-0.524631;-0.438424;-0.573892;-0.623153;0.162562;-0.268473;-0.334975;-0.179803;-0.573892;-0.302956;0.460591;0.140394;0.731527;-0.171875;-0.591146;-0.15625;0.151042;-0.46875;0.466146;0.179688;-0.184896;+1;0;0;0;0

65.99;0.502463;-0.421182;-0.206897;-0.546798;-0.416256;-0.189655;0.384236;-0.152709;-0.0812808;-0.238916;0.445813;-0.475369;-0.204434;-0.475369;-0.130542;-0.623153;-0.325123;-0.0837439;0.0812808;0.541872;-0.448276;-0.524631;0.0049261;-0.174877;-0.46798;-0.305419;0.29064;-0.403941;-0.20197;-0.684729;-0.167488;0.0172414;-0.253695;-0.192118;0.0788177;0.438424;-0.221675;-0.261084;1;-0.167488;-0.524631;-0.438424;-0.573892;-0.623153;0.162562;-0.268473;-0.334975;-0.179803;-0.573892;-0.302956;0.460591;0.140394;0.830729;-0.171875;-0.591146;-0.15625;0.151042;-0.46875;0.466146;0.179688;+1;0;0;0;0

67.1;0.0935961;0.502463;-0.421182;-0.206897;-0.546798;-0.416256;-0.189655;0.384236;-0.152709;-0.0812808;-0.238916;0.445813;-0.475369;-0.204434;-0.475369;-0.130542;-0.623153;-0.325123;-0.0837439;0.0812808;0.541872;-0.448276;-0.524631;0.0049261;-0.174877;-0.46798;-0.305419;0.29064;-0.403941;-0.20197;-0.684729;-0.167488;0.0172414;-0.253695;-0.192118;0.0788177;0.438424;-0.221675;-0.261084;1;-0.167488;-0.524631;-0.438424;-0.573892;-0.623153;0.162562;-0.268473;-0.334975;-0.179803;-0.573892;-0.302956;0.460591;0.205729;0.830729;-0.171875;-0.591146;-0.15625;0.151042;-0.46875;0.466146;-1;0;0;0;0

66.2;-0.401478;0.0935961;0.502463;-0.421182;-0.206897;-0.546798;-0.416256;-0.189655;0.384236;-0.152709;-0.0812808;-0.238916;0.445813;-0.475369;-0.204434;-0.475369;-0.130542;-0.623153;-0.325123;-0.0837439;0.0812808;0.541872;-0.448276;-0.524631;0.0049261;-0.174877;-0.46798;-0.305419;0.29064;-0.403941;-0.20197;-0.684729;-0.167488;0.0172414;-0.253695;-0.192118;0.0788177;0.438424;-0.221675;-0.261084;1;-0.167488;-0.524631;-0.438424;-0.573892;-0.623153;0.162562;-0.268473;-0.334975;-0.179803;-0.573892;-0.302956;0.544271;0.205729;0.830729;-0.171875;-0.591146;-0.15625;0.151042;-0.46875;+1;0;0;0;0

66.89;-0.00985222;-0.401478;0.0935961;0.502463;-0.421182;-0.206897;-0.546798;-0.416256;-0.189655;0.384236;-0.152709;-0.0812808;-0.238916;0.445813;-0.475369;-0.204434;-0.475369;-0.130542;-0.623153;-0.325123;-0.0837439;0.0812808;0.541872;-0.448276;-0.524631;0.0049261;-0.174877;-0.46798;-0.305419;0.29064;-0.403941;-0.20197;-0.684729;-0.167488;0.0172414;-0.253695;-0.192118;0.0788177;0.438424;-0.221675;-0.261084;1;-0.167488;-0.524631;-0.438424;-0.573892;-0.623153;0.162562;-0.268473;-0.334975;-0.179803;-0.573892;-0.263021;0.544271;0.205729;0.830729;-0.171875;-0.591146;-0.15625;0.151042;+1;0;0;0;0

67.11;-0.125616;-0.00985222;-0.401478;0.0935961;0.502463;-0.421182;-0.206897;-0.546798;-0.416256;-0.189655;0.384236;-0.152709;-0.0812808;-0.238916;0.445813;-0.475369;-0.204434;-0.475369;-0.130542;-0.623153;-0.325123;-0.0837439;0.0812808;0.541872;-0.448276;-0.524631;0.0049261;-0.174877;-0.46798;-0.305419;0.29064;-0.403941;-0.20197;-0.684729;-0.167488;0.0172414;-0.253695;-0.192118;0.0788177;0.438424;-0.221675;-0.261084;1;-0.167488;-0.524631;-0.438424;-0.573892;-0.623153;0.162562;-0.268473;-0.334975;-0.179803;-0.549479;-0.263021;0.544271;0.205729;0.830729;-0.171875;-0.591146;-0.15625;-1;0;0;0;0

66.48;-0.334975;-0.125616;-0.00985222;-0.401478;0.0935961;0.502463;-0.421182;-0.206897;-0.546798;-0.416256;-0.189655;0.384236;-0.152709;-0.0812808;-0.238916;0.445813;-0.475369;-0.204434;-0.475369;-0.130542;-0.623153;-0.325123;-0.0837439;0.0812808;0.541872;-0.448276;-0.524631;0.0049261;-0.174877;-0.46798;-0.305419;0.29064;-0.403941;-0.20197;-0.684729;-0.167488;0.0172414;-0.253695;-0.192118;0.0788177;0.438424;-0.221675;-0.261084;1;-0.167488;-0.524631;-0.438424;-0.573892;-0.623153;0.162562;-0.268473;-0.334975;-0.132812;-0.549479;-0.263021;0.544271;0.205729;0.830729;-0.171875;-0.591146;-1;0;0;0;0

66;-0.29803;-0.334975;-0.125616;-0.00985222;-0.401478;0.0935961;0.502463;-0.421182;-0.206897;-0.546798;-0.416256;-0.189655;0.384236;-0.152709;-0.0812808;-0.238916;0.445813;-0.475369;-0.204434;-0.475369;-0.130542;-0.623153;-0.325123;-0.0837439;0.0812808;0.541872;-0.448276;-0.524631;0.0049261;-0.174877;-0.46798;-0.305419;0.29064;-0.403941;-0.20197;-0.684729;-0.167488;0.0172414;-0.253695;-0.192118;0.0788177;0.438424;-0.221675;-0.261084;1;-0.167488;-0.524631;-0.438424;-0.573892;-0.623153;0.162562;-0.268473;-0.296875;-0.132812;-0.549479;-0.263021;0.544271;0.205729;0.830729;-0.171875;-1;0;0;0;0

64;-0.672414;-0.29803;-0.334975;-0.125616;-0.00985222;-0.401478;0.0935961;0.502463;-0.421182;-0.206897;-0.546798;-0.416256;-0.189655;0.384236;-0.152709;-0.0812808;-0.238916;0.445813;-0.475369;-0.204434;-0.475369;-0.130542;-0.623153;-0.325123;-0.0837439;0.0812808;0.541872;-0.448276;-0.524631;0.0049261;-0.174877;-0.46798;-0.305419;0.29064;-0.403941;-0.20197;-0.684729;-0.167488;0.0172414;-0.253695;-0.192118;0.0788177;0.438424;-0.221675;-0.261084;1;-0.167488;-0.524631;-0.438424;-0.573892;-0.623153;0.162562;-0.226562;-0.296875;-0.132812;-0.549479;-0.263021;0.544271;0.205729;0.830729;-1;0;0;0;0

63.2;-0.376847;-0.672414;-0.29803;-0.334975;-0.125616;-0.00985222;-0.401478;0.0935961;0.502463;-0.421182;-0.206897;-0.546798;-0.416256;-0.189655;0.384236;-0.152709;-0.0812808;-0.238916;0.445813;-0.475369;-0.204434;-0.475369;-0.130542;-0.623153;-0.325123;-0.0837439;0.0812808;0.541872;-0.448276;-0.524631;0.0049261;-0.174877;-0.46798;-0.305419;0.29064;-0.403941;-0.20197;-0.684729;-0.167488;0.0172414;-0.253695;-0.192118;0.0788177;0.438424;-0.221675;-0.261084;1;-0.167488;-0.524631;-0.438424;-0.573892;-0.623153;0.229167;-0.226562;-0.296875;-0.132812;-0.549479;-0.263021;0.544271;0.205729;+1;0;0;0;0

63.5;-0.105911;-0.376847;-0.672414;-0.29803;-0.334975;-0.125616;-0.00985222;-0.401478;0.0935961;0.502463;-0.421182;-0.206897;-0.546798;-0.416256;-0.189655;0.384236;-0.152709;-0.0812808;-0.238916;0.445813;-0.475369;-0.204434;-0.475369;-0.130542;-0.623153;-0.325123;-0.0837439;0.0812808;0.541872;-0.448276;-0.524631;0.0049261;-0.174877;-0.46798;-0.305419;0.29064;-0.403941;-0.20197;-0.684729;-0.167488;0.0172414;-0.253695;-0.192118;0.0788177;0.438424;-0.221675;-0.261084;1;-0.167488;-0.524631;-0.438424;-0.573892;-0.601562;0.229167;-0.226562;-0.296875;-0.132812;-0.549479;-0.263021;0.544271;+1;0;0;0;0

64.12;-0.0270936;-0.105911;-0.376847;-0.672414;-0.29803;-0.334975;-0.125616;-0.00985222;-0.401478;0.0935961;0.502463;-0.421182;-0.206897;-0.546798;-0.416256;-0.189655;0.384236;-0.152709;-0.0812808;-0.238916;0.445813;-0.475369;-0.204434;-0.475369;-0.130542;-0.623153;-0.325123;-0.0837439;0.0812808;0.541872;-0.448276;-0.524631;0.0049261;-0.174877;-0.46798;-0.305419;0.29064;-0.403941;-0.20197;-0.684729;-0.167488;0.0172414;-0.253695;-0.192118;0.0788177;0.438424;-0.221675;-0.261084;1;-0.167488;-0.524631;-0.438424;-0.549479;-0.601562;0.229167;-0.226562;-0.296875;-0.132812;-0.549479;-0.263021;+1;0;0;0;0

64.29;-0.137931;-0.0270936;-0.105911;-0.376847;-0.672414;-0.29803;-0.334975;-0.125616;-0.00985222;-0.401478;0.0935961;0.502463;-0.421182;-0.206897;-0.546798;-0.416256;-0.189655;0.384236;-0.152709;-0.0812808;-0.238916;0.445813;-0.475369;-0.204434;-0.475369;-0.130542;-0.623153;-0.325123;-0.0837439;0.0812808;0.541872;-0.448276;-0.524631;0.0049261;-0.174877;-0.46798;-0.305419;0.29064;-0.403941;-0.20197;-0.684729;-0.167488;0.0172414;-0.253695;-0.192118;0.0788177;0.438424;-0.221675;-0.261084;1;-0.167488;-0.524631;-0.40625;-0.549479;-0.601562;0.229167;-0.226562;-0.296875;-0.132812;-0.549479;+1;0;0;0;0

65.2;0.044335;-0.137931;-0.0270936;-0.105911;-0.376847;-0.672414;-0.29803;-0.334975;-0.125616;-0.00985222;-0.401478;0.0935961;0.502463;-0.421182;-0.206897;-0.546798;-0.416256;-0.189655;0.384236;-0.152709;-0.0812808;-0.238916;0.445813;-0.475369;-0.204434;-0.475369;-0.130542;-0.623153;-0.325123;-0.0837439;0.0812808;0.541872;-0.448276;-0.524631;0.0049261;-0.174877;-0.46798;-0.305419;0.29064;-0.403941;-0.20197;-0.684729;-0.167488;0.0172414;-0.253695;-0.192118;0.0788177;0.438424;-0.221675;-0.261084;1;-0.167488;-0.497396;-0.40625;-0.549479;-0.601562;0.229167;-0.226562;-0.296875;-0.132812;-1;0;0;0;0

65.1;-0.204434;0.044335;-0.137931;-0.0270936;-0.105911;-0.376847;-0.672414;-0.29803;-0.334975;-0.125616;-0.00985222;-0.401478;0.0935961;0.502463;-0.421182;-0.206897;-0.546798;-0.416256;-0.189655;0.384236;-0.152709;-0.0812808;-0.238916;0.445813;-0.475369;-0.204434;-0.475369;-0.130542;-0.623153;-0.325123;-0.0837439;0.0812808;0.541872;-0.448276;-0.524631;0.0049261;-0.174877;-0.46798;-0.305419;0.29064;-0.403941;-0.20197;-0.684729;-0.167488;0.0172414;-0.253695;-0.192118;0.0788177;0.438424;-0.221675;-0.261084;1;-0.119792;-0.497396;-0.40625;-0.549479;-0.601562;0.229167;-0.226562;-0.296875;-1;0;0;0;0

