-0.056633;-0.0387711;0.0487594;0.0571872;-0.656731;-0.344086;0.09319;0.0501792;-0.508961;-0.340502;-0.11828;-0.100358;-0.537634;-0.354839;-0.0681004;+1;0;0;0;0

0.00853379;-0.0270666;0.110351;0.0479137;-0.342283;-0.114695;-0.344086;0.09319;0.0501792;-0.508961;-0.340502;-0.11828;-0.100358;-0.537634;-0.354839;-1;0;0;0;0

-0.309542;-0.309437;-0.20787;-0.244204;-0.592471;-1;-0.114695;-0.344086;0.09319;0.0501792;-0.508961;-0.340502;-0.11828;-0.100358;-0.537634;+1;0;0;0;0

-0.270752;-0.316752;-0.213003;-0.239567;-0.182736;-0.175627;-1;-0.114695;-0.344086;0.09319;0.0501792;-0.508961;-0.340502;-0.11828;-0.100358;-1;0;0;0;0

-0.363848;-0.315289;-0.289992;-0.205564;-0.698554;-0.480287;-0.175627;-1;-0.114695;-0.344086;0.09319;0.0501792;-0.508961;-0.340502;-0.11828;+1;0;0;0;0

-0.286268;-0.372348;-0.26604;-0.2983;-0.757041;-0.0860215;-0.480287;-0.175627;-1;-0.114695;-0.344086;0.09319;0.0501792;-0.508961;-0.340502;-1;0;0;0;0

-0.376261;-0.388442;-0.288281;-0.282844;-0.801117;-0.473118;-0.0860215;-0.480287;-0.175627;-1;-0.114695;-0.344086;0.09319;0.0501792;-0.508961;-1;0;0;0;0

-0.439876;-0.422092;-0.343028;-0.352396;-0.534313;-0.412186;-0.473118;-0.0860215;-0.480287;-0.175627;-1;-0.114695;-0.344086;0.09319;0.0501792;-1;0;0;0;0

-0.612102;-0.534748;-0.527802;-0.476043;-0.419452;-0.663082;-0.412186;-0.473118;-0.0860215;-0.480287;-0.175627;-1;-0.114695;-0.344086;0.09319;+1;0;0;0;0

-0.526765;-0.542063;-0.546621;-0.574961;-0.44832;-0.0681004;-0.663082;-0.412186;-0.473118;-0.0860215;-0.480287;-0.175627;-1;-0.114695;-0.344086;-1;0;0;0;0

-0.58107;-0.600585;-0.573995;-0.506955;-0.350779;-0.390681;-0.0681004;-0.663082;-0.412186;-0.473118;-0.0860215;-0.480287;-0.175627;-1;-0.114695;+1;0;0;0;0

-0.519007;-0.575713;-0.495295;-0.506955;-0.0323413;-0.121864;-0.390681;-0.0681004;-0.663082;-0.412186;-0.473118;-0.0860215;-0.480287;-0.175627;-1;-1;0;0;0;0

-0.58107;-0.564009;-0.526091;-0.48068;-0.614392;-0.408602;-0.121864;-0.390681;-0.0681004;-0.663082;-0.412186;-0.473118;-0.0860215;-0.480287;-0.175627;-1;0;0;0;0

-0.610551;-0.607901;-0.520958;-0.540958;-0.592283;-0.333333;-0.408602;-0.121864;-0.390681;-0.0681004;-0.663082;-0.412186;-0.473118;-0.0860215;-0.480287;-1;0;0;0;0

-0.657098;-0.659108;-0.618477;-0.568779;-0.82102;-0.37276;-0.333333;-0.408602;-0.121864;-0.390681;-0.0681004;-0.663082;-0.412186;-0.473118;-0.0860215;-1;0;0;0;0

-0.671063;-0.666423;-0.62361;-0.584235;-0.642274;-0.297491;-0.37276;-0.333333;-0.408602;-0.121864;-0.390681;-0.0681004;-0.663082;-0.412186;-0.473118;-1;0;0;0;0

-0.677269;-0.73226;-0.633875;-0.669243;-0.966814;-0.27957;-0.297491;-0.37276;-0.333333;-0.408602;-0.121864;-0.390681;-0.0681004;-0.663082;-0.412186;-1;0;0;0;0

-0.683475;-0.695684;-0.661249;-0.700154;-0.68926;-0.27957;-0.27957;-0.297491;-0.37276;-0.333333;-0.408602;-0.121864;-0.390681;-0.0681004;-0.663082;+1;0;0;0;0

-0.677269;-0.644477;-0.60308;-0.639876;-0.629694;-0.250896;-0.27957;-0.27957;-0.297491;-0.37276;-0.333333;-0.408602;-0.121864;-0.390681;-0.0681004;+1;0;0;0;0

-0.65865;-0.670812;-0.589393;-0.593508;-0.745588;-0.222222;-0.250896;-0.27957;-0.27957;-0.297491;-0.37276;-0.333333;-0.408602;-0.121864;-0.390681;+1;0;0;0;0

-0.529868;-0.542063;-0.591104;-0.584235;0.182642;0.0322581;-0.222222;-0.250896;-0.27957;-0.27957;-0.297491;-0.37276;-0.333333;-0.408602;-0.121864;-1;0;0;0;0

-0.53142;-0.52158;-0.488452;-0.437403;-0.634059;-0.268817;0.0322581;-0.222222;-0.250896;-0.27957;-0.27957;-0.297491;-0.37276;-0.333333;-0.408602;-1;0;0;0;0

-0.612102;-0.569861;-0.539778;-0.530139;-0.618241;-0.451613;-0.268817;0.0322581;-0.222222;-0.250896;-0.27957;-0.27957;-0.297491;-0.37276;-0.333333;-1;0;0;0;0

-0.653995;-0.659108;-0.639008;-0.578053;-0.677901;-0.362007;-0.451613;-0.268817;0.0322581;-0.222222;-0.250896;-0.27957;-0.27957;-0.297491;-0.37276;+1;0;0;0;0

-0.641582;-0.691295;-0.606501;-0.627512;-0.718363;-0.236559;-0.362007;-0.451613;-0.268817;0.0322581;-0.222222;-0.250896;-0.27957;-0.27957;-0.297491;-1;0;0;0;0

-0.65865;-0.647403;-0.608212;-0.595054;-0.69832;-0.30466;-0.236559;-0.362007;-0.451613;-0.268817;0.0322581;-0.222222;-0.250896;-0.27957;-0.27957;-1;0;0;0;0

-0.65865;-0.694221;-0.621899;-0.642968;-0.662317;-0.265233;-0.30466;-0.236559;-0.362007;-0.451613;-0.268817;0.0322581;-0.222222;-0.250896;-0.27957;-1;0;0;0;0

-0.68813;-0.701536;-0.647562;-0.636785;-0.638425;-0.333333;-0.265233;-0.30466;-0.236559;-0.362007;-0.451613;-0.268817;0.0322581;-0.222222;-0.250896;+1;0;0;0;0

-0.643134;-0.702999;-0.632164;-0.646059;-0.64157;-0.16129;-0.333333;-0.265233;-0.30466;-0.236559;-0.362007;-0.451613;-0.268817;0.0322581;-0.222222;+1;0;0;0;0

-0.550039;-0.588881;-0.538067;-0.590417;-0.449352;-0.0501792;-0.16129;-0.333333;-0.265233;-0.30466;-0.236559;-0.362007;-0.451613;-0.268817;0.0322581;-1;0;0;0;0

-0.621412;-0.651792;-0.608212;-0.561051;-0.702497;-0.430108;-0.0501792;-0.16129;-0.333333;-0.265233;-0.30466;-0.236559;-0.362007;-0.451613;-0.268817;-1;0;0;0;0

-0.691233;-0.681054;-0.625321;-0.604328;-0.583412;-0.426523;-0.430108;-0.0501792;-0.16129;-0.333333;-0.265233;-0.30466;-0.236559;-0.362007;-0.451613;+1;0;0;0;0

-0.593483;-0.640088;-0.676647;-0.683153;0.153258;-0.0394265;-0.426523;-0.430108;-0.0501792;-0.16129;-0.333333;-0.265233;-0.30466;-0.236559;-0.362007;+1;0;0;0;0

-0.553142;-0.59327;-0.575706;-0.537867;-0.590593;-0.172043;-0.0394265;-0.426523;-0.430108;-0.0501792;-0.16129;-0.333333;-0.265233;-0.30466;-0.236559;+1;0;0;0;0

-0.425911;-0.479152;-0.508982;-0.506955;0.00577356;0.0286738;-0.172043;-0.0394265;-0.426523;-0.430108;-0.0501792;-0.16129;-0.333333;-0.265233;-0.30466;-1;0;0;0;0

-0.441427;-0.391368;-0.351583;-0.437403;-0.347493;-0.301075;0.0286738;-0.172043;-0.0394265;-0.426523;-0.430108;-0.0501792;-0.16129;-0.333333;-0.265233;+1;0;0;0;0

-0.425911;-0.446964;-0.377246;-0.412674;-0.608102;-0.229391;-0.301075;0.0286738;-0.172043;-0.0394265;-0.426523;-0.430108;-0.0501792;-0.16129;-0.333333;-1;0;0;0;0

-0.557797;-0.458669;-0.50556;-0.387944;-0.380445;-0.569892;-0.229391;-0.301075;0.0286738;-0.172043;-0.0394265;-0.426523;-0.430108;-0.0501792;-0.16129;+1;0;0;0;0

-0.519007;-0.561083;-0.514115;-0.561051;-0.737561;-0.175627;-0.569892;-0.229391;-0.301075;0.0286738;-0.172043;-0.0394265;-0.426523;-0.430108;-0.0501792;-1;0;0;0;0

-0.534523;-0.550841;-0.437126;-0.499227;-0.873686;-0.301075;-0.175627;-0.569892;-0.229391;-0.301075;0.0286738;-0.172043;-0.0394265;-0.426523;-0.430108;+1;0;0;0;0

-0.469356;-0.505487;-0.421728;-0.468315;-0.703905;-0.114695;-0.301075;-0.175627;-0.569892;-0.229391;-0.301075;0.0286738;-0.172043;-0.0394265;-0.426523;-1;0;0;0;0

-0.503491;-0.505487;-0.471343;-0.46677;-0.74432;-0.344086;-0.114695;-0.301075;-0.175627;-0.569892;-0.229391;-0.301075;0.0286738;-0.172043;-0.0394265;+1;0;0;0;0

-0.48332;-0.490856;-0.387511;-0.438949;-0.821113;-0.218638;-0.344086;-0.114695;-0.301075;-0.175627;-0.569892;-0.229391;-0.301075;0.0286738;-0.172043;+1;0;0;0;0

-0.481769;-0.552304;-0.454234;-0.483771;-0.875751;-0.261649;-0.218638;-0.344086;-0.114695;-0.301075;-0.175627;-0.569892;-0.229391;-0.301075;0.0286738;+1;0;0;0;0

-0.466253;-0.524506;-0.420017;-0.432767;-1;-0.229391;-0.261649;-0.218638;-0.344086;-0.114695;-0.301075;-0.175627;-0.569892;-0.229391;-0.301075;+1;0;0;0;0

-0.441427;-0.505487;-0.420017;-0.483771;-0.781731;-0.207885;-0.229391;-0.261649;-0.218638;-0.344086;-0.114695;-0.301075;-0.175627;-0.569892;-0.229391;-1;0;0;0;0

-0.450737;-0.505487;-0.423439;-0.452859;-0.753098;-0.286738;-0.207885;-0.229391;-0.261649;-0.218638;-0.344086;-0.114695;-0.301075;-0.175627;-0.569892;-1;0;0;0;0

-0.491078;-0.512802;-0.428571;-0.437403;-0.760233;-0.358423;-0.286738;-0.207885;-0.229391;-0.261649;-0.218638;-0.344086;-0.114695;-0.301075;-0.175627;-1;0;0;0;0

-0.519007;-0.555231;-0.471343;-0.496136;-0.956487;-0.329749;-0.358423;-0.286738;-0.207885;-0.229391;-0.261649;-0.218638;-0.344086;-0.114695;-0.301075;+1;0;0;0;0

-0.495733;-0.512802;-0.479898;-0.452859;-0.737279;-0.21147;-0.329749;-0.358423;-0.286738;-0.207885;-0.229391;-0.261649;-0.218638;-0.344086;-0.114695;-1;0;0;0;0

-0.534523;-0.5406;-0.479898;-0.48068;-0.599136;-0.354839;-0.21147;-0.329749;-0.358423;-0.286738;-0.207885;-0.229391;-0.261649;-0.218638;-0.344086;+1;0;0;0;0

-0.487975;-0.520117;-0.44568;-0.449768;-0.576371;-0.157706;-0.354839;-0.21147;-0.329749;-0.358423;-0.286738;-0.207885;-0.229391;-0.261649;-0.218638;+1;0;0;0;0

-0.441427;-0.485004;-0.435415;-0.513138;-0.763706;-0.157706;-0.157706;-0.354839;-0.21147;-0.329749;-0.358423;-0.286738;-0.207885;-0.229391;-0.261649;-1;0;0;0;0

-0.469356;-0.477688;-0.36527;-0.414219;-0.91335;-0.329749;-0.157706;-0.157706;-0.354839;-0.21147;-0.329749;-0.358423;-0.286738;-0.207885;-0.229391;+1;0;0;0;0

-0.433669;-0.470373;-0.370402;-0.375579;-0.850404;-0.182796;-0.329749;-0.157706;-0.157706;-0.354839;-0.21147;-0.329749;-0.358423;-0.286738;-0.207885;-1;0;0;0;0

-0.456943;-0.490856;-0.402909;-0.409583;-0.789946;-0.318996;-0.182796;-0.329749;-0.157706;-0.157706;-0.354839;-0.21147;-0.329749;-0.358423;-0.286738;-1;0;0;0;0

-0.472459;-0.512802;-0.394354;-0.476043;-0.825807;-0.301075;-0.318996;-0.182796;-0.329749;-0.157706;-0.157706;-0.354839;-0.21147;-0.329749;-0.358423;-1;0;0;0;0

-0.495733;-0.520117;-0.408041;-0.438949;-0.55797;-0.318996;-0.301075;-0.318996;-0.182796;-0.329749;-0.157706;-0.157706;-0.354839;-0.21147;-0.329749;-1;0;0;0;0

-0.520559;-0.549378;-0.454234;-0.48068;-0.796517;-0.322581;-0.318996;-0.301075;-0.318996;-0.182796;-0.329749;-0.157706;-0.157706;-0.354839;-0.21147;+1;0;0;0;0

-0.5128;-0.549378;-0.44568;-0.489954;-0.848479;-0.247312;-0.322581;-0.318996;-0.301075;-0.318996;-0.182796;-0.329749;-0.157706;-0.157706;-0.354839;-1;0;0;0;0

-0.525213;-0.57864;-0.467921;-0.496136;-0.840922;-0.293907;-0.247312;-0.322581;-0.318996;-0.301075;-0.318996;-0.182796;-0.329749;-0.157706;-0.157706;+1;0;0;0;0

-0.503491;-0.572787;-0.469632;-0.536321;-0.789758;-0.215054;-0.293907;-0.247312;-0.322581;-0.318996;-0.301075;-0.318996;-0.182796;-0.329749;-0.157706;+1;0;0;0;0

-0.472459;-0.517191;-0.401198;-0.46677;-0.763331;-0.193548;-0.215054;-0.293907;-0.247312;-0.322581;-0.318996;-0.301075;-0.318996;-0.182796;-0.329749;+1;0;0;0;0

-0.456943;-0.517191;-0.402909;-0.463679;-0.689589;-0.229391;-0.193548;-0.215054;-0.293907;-0.247312;-0.322581;-0.318996;-0.301075;-0.318996;-0.182796;-1;0;0;0;0

-0.46315;-0.505487;-0.387511;-0.452859;-0.74648;-0.27957;-0.229391;-0.193548;-0.215054;-0.293907;-0.247312;-0.322581;-0.318996;-0.301075;-0.318996;+1;0;0;0;0

-0.425911;-0.483541;-0.355004;-0.437403;-0.586838;-0.179211;-0.27957;-0.229391;-0.193548;-0.215054;-0.293907;-0.247312;-0.322581;-0.318996;-0.301075;+1;0;0;0;0

-0.379364;-0.458669;-0.384089;-0.406491;-0.462495;-0.157706;-0.179211;-0.27957;-0.229391;-0.193548;-0.215054;-0.293907;-0.247312;-0.322581;-0.318996;+1;0;0;0;0

-0.270752;-0.359181;-0.278016;-0.343122;-0.379694;-0.0143369;-0.157706;-0.179211;-0.27957;-0.229391;-0.193548;-0.215054;-0.293907;-0.247312;-0.322581;-1;0;0;0;0

-0.379364;-0.334309;-0.295124;-0.251932;-0.383027;-0.516129;-0.0143369;-0.157706;-0.179211;-0.27957;-0.229391;-0.193548;-0.215054;-0.293907;-0.247312;-1;0;0;0;0

-0.438324;-0.463058;-0.382378;-0.363215;-0.619508;-0.401434;-0.516129;-0.0143369;-0.157706;-0.179211;-0.27957;-0.229391;-0.193548;-0.215054;-0.293907;-1;0;0;0;0

-0.52211;-0.520117;-0.443969;-0.421947;-0.478455;-0.458781;-0.401434;-0.516129;-0.0143369;-0.157706;-0.179211;-0.27957;-0.229391;-0.193548;-0.215054;+1;0;0;0;0

-0.506594;-0.569861;-0.488452;-0.503864;-0.309144;-0.229391;-0.458781;-0.401434;-0.516129;-0.0143369;-0.157706;-0.179211;-0.27957;-0.229391;-0.193548;-1;0;0;0;0

-0.58107;-0.580103;-0.538067;-0.488408;-0.212918;-0.437276;-0.229391;-0.458781;-0.401434;-0.516129;-0.0143369;-0.157706;-0.179211;-0.27957;-0.229391;-1;0;0;0;0

-0.640031;-0.647403;-0.599658;-0.574961;-0.61932;-0.401434;-0.437276;-0.229391;-0.458781;-0.401434;-0.516129;-0.0143369;-0.157706;-0.179211;-0.27957;-1;0;0;0;0

-0.705198;-0.758596;-0.673225;-0.695518;-0.593457;-0.415771;-0.401434;-0.437276;-0.229391;-0.458781;-0.401434;-0.516129;-0.0143369;-0.157706;-0.179211;+1;0;0;0;0

-0.643134;-0.68398;-0.60308;-0.655332;-0.65537;-0.121864;-0.415771;-0.401434;-0.437276;-0.229391;-0.458781;-0.401434;-0.516129;-0.0143369;-0.157706;-1;0;0;0;0

-0.72692;-0.735187;-0.657827;-0.686244;-0.469161;-0.458781;-0.121864;-0.415771;-0.401434;-0.437276;-0.229391;-0.458781;-0.401434;-0.516129;-0.0143369;+1;0;0;0;0

-0.708301;-0.724945;-0.659538;-0.678516;-0.254788;-0.222222;-0.458781;-0.121864;-0.415771;-0.401434;-0.437276;-0.229391;-0.458781;-0.401434;-0.516129;+1;0;0;0;0

-0.702095;-0.730798;-0.642429;-0.658423;-0.735073;-0.250896;-0.222222;-0.458781;-0.121864;-0.415771;-0.401434;-0.437276;-0.229391;-0.458781;-0.401434;+1;0;0;0;0

-0.667959;-0.694221;-0.633875;-0.653787;-0.700667;-0.18638;-0.250896;-0.222222;-0.458781;-0.121864;-0.415771;-0.401434;-0.437276;-0.229391;-0.458781;-1;0;0;0;0

-0.683475;-0.695684;-0.625321;-0.622875;-0.856553;-0.301075;-0.18638;-0.250896;-0.222222;-0.458781;-0.121864;-0.415771;-0.401434;-0.437276;-0.229391;+1;0;0;0;0

-0.664856;-0.710315;-0.609923;-0.66306;-0.849887;-0.222222;-0.301075;-0.18638;-0.250896;-0.222222;-0.458781;-0.121864;-0.415771;-0.401434;-0.437276;+1;0;0;0;0

-0.58107;-0.62692;-0.608212;-0.638331;-0.362139;-0.0716846;-0.222222;-0.301075;-0.18638;-0.250896;-0.222222;-0.458781;-0.121864;-0.415771;-0.401434;-1;0;0;0;0

-0.59969;-0.61229;-0.568862;-0.544049;-0.614345;-0.308244;-0.0716846;-0.222222;-0.301075;-0.18638;-0.250896;-0.222222;-0.458781;-0.121864;-0.415771;-1;0;0;0;0

-0.61986;-0.66496;-0.620188;-0.591963;-0.573554;-0.311828;-0.308244;-0.0716846;-0.222222;-0.301075;-0.18638;-0.250896;-0.222222;-0.458781;-0.121864;-1;0;0;0;0

-0.627618;-0.675201;-0.596236;-0.599691;-0.751502;-0.283154;-0.311828;-0.308244;-0.0716846;-0.222222;-0.301075;-0.18638;-0.250896;-0.222222;-0.458781;-1;0;0;0;0

-0.666408;-0.695684;-0.606501;-0.638331;-0.855004;-0.354839;-0.283154;-0.311828;-0.308244;-0.0716846;-0.222222;-0.301075;-0.18638;-0.250896;-0.222222;+1;0;0;0;0

-0.643134;-0.702999;-0.608212;-0.659969;-0.73329;-0.21147;-0.354839;-0.283154;-0.311828;-0.308244;-0.0716846;-0.222222;-0.301075;-0.18638;-0.250896;+1;0;0;0;0

-0.627618;-0.68398;-0.589393;-0.652241;-0.781309;-0.229391;-0.21147;-0.354839;-0.283154;-0.311828;-0.308244;-0.0716846;-0.222222;-0.301075;-0.18638;+1;0;0;0;0

-0.612102;-0.66496;-0.548332;-0.574961;-0.734557;-0.229391;-0.229391;-0.21147;-0.354839;-0.283154;-0.311828;-0.308244;-0.0716846;-0.222222;-0.301075;+1;0;0;0;0

-0.59038;-0.637162;-0.538067;-0.590417;-0.825713;-0.215054;-0.229391;-0.229391;-0.21147;-0.354839;-0.283154;-0.311828;-0.308244;-0.0716846;-0.222222;+1;0;0;0;0

-0.542281;-0.584492;-0.532934;-0.598145;-0.685411;-0.154122;-0.215054;-0.229391;-0.229391;-0.21147;-0.354839;-0.283154;-0.311828;-0.308244;-0.0716846;-1;0;0;0;0

-0.550039;-0.591807;-0.50385;-0.51932;-0.707097;-0.283154;-0.154122;-0.215054;-0.229391;-0.229391;-0.21147;-0.354839;-0.283154;-0.311828;-0.308244;+1;0;0;0;0

-0.519007;-0.585955;-0.500428;-0.57187;-0.828201;-0.193548;-0.283154;-0.154122;-0.215054;-0.229391;-0.229391;-0.21147;-0.354839;-0.283154;-0.311828;-1;0;0;0;0

-0.550039;-0.580103;-0.48503;-0.499227;-0.839795;-0.336918;-0.193548;-0.283154;-0.154122;-0.215054;-0.229391;-0.229391;-0.21147;-0.354839;-0.283154;+1;0;0;0;0

-0.515904;-0.585955;-0.481608;-0.514683;-0.690293;-0.18638;-0.336918;-0.193548;-0.283154;-0.154122;-0.215054;-0.229391;-0.229391;-0.21147;-0.354839;+1;0;0;0;0

-0.494181;-0.549378;-0.467921;-0.530139;-0.725169;-0.215054;-0.18638;-0.336918;-0.193548;-0.283154;-0.154122;-0.215054;-0.229391;-0.229391;-0.21147;-1;0;0;0;0

-0.536074;-0.549378;-0.497006;-0.459042;-0.532294;-0.362007;-0.215054;-0.18638;-0.336918;-0.193548;-0.283154;-0.154122;-0.215054;-0.229391;-0.229391;-1;0;0;0;0

-0.559348;-0.594733;-0.48503;-0.528594;-0.49432;-0.318996;-0.362007;-0.215054;-0.18638;-0.336918;-0.193548;-0.283154;-0.154122;-0.215054;-0.229391;+1;0;0;0;0

-0.542281;-0.594733;-0.483319;-0.530139;-0.696677;-0.225806;-0.318996;-0.362007;-0.215054;-0.18638;-0.336918;-0.193548;-0.283154;-0.154122;-0.215054;-1;0;0;0;0

-0.565554;-0.602048;-0.526091;-0.508501;-0.538631;-0.318996;-0.225806;-0.318996;-0.362007;-0.215054;-0.18638;-0.336918;-0.193548;-0.283154;-0.154122;-1;0;0;0;0

-0.618309;-0.609364;-0.56373;-0.534776;-0.847681;-0.387097;-0.318996;-0.225806;-0.318996;-0.362007;-0.215054;-0.18638;-0.336918;-0.193548;-0.283154;-1;0;0;0;0

-0.644686;-0.695684;-0.58426;-0.638331;-0.574305;-0.326165;-0.387097;-0.318996;-0.225806;-0.318996;-0.362007;-0.215054;-0.18638;-0.336918;-0.193548;+1;0;0;0;0

-0.643134;-0.701536;-0.575706;-0.622875;-0.914523;-0.261649;-0.326165;-0.387097;-0.318996;-0.225806;-0.318996;-0.362007;-0.215054;-0.18638;-0.336918;-1;0;0;0;0

-0.65865;-0.707388;-0.608212;-0.621329;-0.773047;-0.301075;-0.261649;-0.326165;-0.387097;-0.318996;-0.225806;-0.318996;-0.362007;-0.215054;-0.18638;+1;0;0;0;0

-0.596586;-0.666423;-0.625321;-0.652241;-0.359275;-0.121864;-0.301075;-0.261649;-0.326165;-0.387097;-0.318996;-0.225806;-0.318996;-0.362007;-0.215054;-1;0;0;0;0

-0.680372;-0.669349;-0.604791;-0.590417;-0.607867;-0.458781;-0.121864;-0.301075;-0.261649;-0.326165;-0.387097;-0.318996;-0.225806;-0.318996;-0.362007;+1;0;0;0;0

-0.627618;-0.688369;-0.652695;-0.692427;-0.606881;-0.143369;-0.458781;-0.121864;-0.301075;-0.261649;-0.326165;-0.387097;-0.318996;-0.225806;-0.318996;+1;0;0;0;0

-0.557797;-0.623994;-0.58426;-0.598145;-0.589514;-0.103943;-0.143369;-0.458781;-0.121864;-0.301075;-0.261649;-0.326165;-0.387097;-0.318996;-0.225806;-1;0;0;0;0

-0.557797;-0.588881;-0.497006;-0.537867;-0.688415;-0.265233;-0.103943;-0.143369;-0.458781;-0.121864;-0.301075;-0.261649;-0.326165;-0.387097;-0.318996;-1;0;0;0;0

-0.557797;-0.607901;-0.529512;-0.544049;-0.7592;-0.265233;-0.265233;-0.103943;-0.143369;-0.458781;-0.121864;-0.301075;-0.261649;-0.326165;-0.387097;-1;0;0;0;0

-0.562451;-0.603511;-0.517536;-0.510046;-0.767368;-0.275986;-0.265233;-0.265233;-0.103943;-0.143369;-0.458781;-0.121864;-0.301075;-0.261649;-0.326165;+1;0;0;0;0

-0.557797;-0.625457;-0.490163;-0.540958;-0.862655;-0.25448;-0.275986;-0.265233;-0.265233;-0.103943;-0.143369;-0.458781;-0.121864;-0.301075;-0.261649;-1;0;0;0;0

-0.570209;-0.623994;-0.527802;-0.559505;-0.623075;-0.293907;-0.25448;-0.275986;-0.265233;-0.265233;-0.103943;-0.143369;-0.458781;-0.121864;-0.301075;+1;0;0;0;0

-0.526765;-0.590344;-0.481608;-0.542504;-0.480145;-0.164875;-0.293907;-0.25448;-0.275986;-0.265233;-0.265233;-0.103943;-0.143369;-0.458781;-0.121864;+1;0;0;0;0

-0.5128;-0.580103;-0.449102;-0.49459;-0.821911;-0.232975;-0.164875;-0.293907;-0.25448;-0.275986;-0.265233;-0.265233;-0.103943;-0.143369;-0.458781;-1;0;0;0;0

-0.550039;-0.599122;-0.514115;-0.559505;-0.751878;-0.351254;-0.232975;-0.164875;-0.293907;-0.25448;-0.275986;-0.265233;-0.265233;-0.103943;-0.143369;+1;0;0;0;0

-0.542281;-0.600585;-0.476476;-0.550232;-0.861294;-0.247312;-0.351254;-0.232975;-0.164875;-0.293907;-0.25448;-0.275986;-0.265233;-0.265233;-0.103943;-1;0;0;0;0

-0.635376;-0.651792;-0.591104;-0.568779;-0.423207;-0.480287;-0.247312;-0.351254;-0.232975;-0.164875;-0.293907;-0.25448;-0.275986;-0.265233;-0.265233;-1;0;0;0;0

-0.683475;-0.637162;-0.601369;-0.646059;-0.555483;-0.376344;-0.480287;-0.247312;-0.351254;-0.232975;-0.164875;-0.293907;-0.25448;-0.275986;-0.265233;+1;0;0;0;0

-0.671063;-0.695684;-0.587682;-0.607419;-0.811725;-0.236559;-0.376344;-0.480287;-0.247312;-0.351254;-0.232975;-0.164875;-0.293907;-0.25448;-0.275986;-1;0;0;0;0

-0.720714;-0.653255;-0.649273;-0.562597;-0.561397;-0.379928;-0.236559;-0.376344;-0.480287;-0.247312;-0.351254;-0.232975;-0.164875;-0.293907;-0.25448;-1;0;0;0;0

-0.773468;-0.768837;-0.76219;-0.692427;-0.574024;-0.387097;-0.379928;-0.236559;-0.376344;-0.480287;-0.247312;-0.351254;-0.232975;-0.164875;-0.293907;-1;0;0;0;0

-0.844841;-0.805413;-0.787853;-0.724884;-0.570738;-0.430108;-0.387097;-0.379928;-0.236559;-0.376344;-0.480287;-0.247312;-0.351254;-0.232975;-0.164875;-1;0;0;0;0

-0.96121;-0.852231;-0.943542;-0.795981;-0.576887;-0.53405;-0.430108;-0.387097;-0.379928;-0.236559;-0.376344;-0.480287;-0.247312;-0.351254;-0.232975;+1;0;0;0;0

-0.906905;-0.912217;-0.94012;-0.874807;-0.614579;-0.139785;-0.53405;-0.430108;-0.387097;-0.379928;-0.236559;-0.376344;-0.480287;-0.247312;-0.351254;-1;0;0;0;0

-0.968968;-0.918069;-0.976048;-0.854714;-0.593081;-0.408602;-0.139785;-0.53405;-0.430108;-0.387097;-0.379928;-0.236559;-0.376344;-0.480287;-0.247312;-1;0;0;0;0

-1;-1;-1;-1;-0.525347;-0.336918;-0.408602;-0.139785;-0.53405;-0.430108;-0.387097;-0.379928;-0.236559;-0.376344;-0.480287;+1;0;0;0;0

-0.827773;-0.834675;-0.916168;-0.94745;-0.44555;0.132616;-0.336918;-0.408602;-0.139785;-0.53405;-0.430108;-0.387097;-0.379928;-0.236559;-0.376344;+1;0;0;0;0

-0.798293;-0.830285;-0.799829;-0.806801;-0.458693;-0.197133;0.132616;-0.336918;-0.408602;-0.139785;-0.53405;-0.430108;-0.387097;-0.379928;-0.236559;+1;0;0;0;0

-0.770364;-0.817118;-0.80154;-0.749613;-0.651192;-0.200717;-0.197133;0.132616;-0.336918;-0.408602;-0.139785;-0.53405;-0.430108;-0.387097;-0.379928;+1;0;0;0;0

-0.647789;-0.682516;-0.693756;-0.723338;-0.334256;0.0179212;-0.200717;-0.197133;0.132616;-0.336918;-0.408602;-0.139785;-0.53405;-0.430108;-0.387097;+1;0;0;0;0

-0.62917;-0.681054;-0.616767;-0.622875;-0.667856;-0.222222;0.0179212;-0.200717;-0.197133;0.132616;-0.336918;-0.408602;-0.139785;-0.53405;-0.430108;+1;0;0;0;0

-0.627618;-0.659108;-0.60308;-0.608964;-0.702216;-0.261649;-0.222222;0.0179212;-0.200717;-0.197133;0.132616;-0.336918;-0.408602;-0.139785;-0.53405;-1;0;0;0;0

-0.69744;-0.666423;-0.645851;-0.636785;-0.780276;-0.426523;-0.261649;-0.222222;0.0179212;-0.200717;-0.197133;0.132616;-0.336918;-0.408602;-0.139785;+1;0;0;0;0

-0.681924;-0.673738;-0.654405;-0.675425;-0.753802;-0.229391;-0.426523;-0.261649;-0.222222;0.0179212;-0.200717;-0.197133;0.132616;-0.336918;-0.408602;+1;0;0;0;0

-0.641582;-0.667886;-0.585971;-0.625966;-0.81135;-0.172043;-0.229391;-0.426523;-0.261649;-0.222222;0.0179212;-0.200717;-0.197133;0.132616;-0.336918;+1;0;0;0;0

-0.618309;-0.675201;-0.596236;-0.615147;-0.807454;-0.21147;-0.172043;-0.229391;-0.426523;-0.261649;-0.222222;0.0179212;-0.200717;-0.197133;0.132616;-1;0;0;0;0

-0.61986;-0.659108;-0.555175;-0.581144;-0.889504;-0.268817;-0.21147;-0.172043;-0.229391;-0.426523;-0.261649;-0.222222;0.0179212;-0.200717;-0.197133;-1;0;0;0;0

-0.636928;-0.702999;-0.599658;-0.615147;-0.795203;-0.30466;-0.268817;-0.21147;-0.172043;-0.229391;-0.426523;-0.261649;-0.222222;0.0179212;-0.200717;+1;0;0;0;0

-0.635376;-0.666423;-0.572284;-0.584235;-0.899596;-0.261649;-0.30466;-0.268817;-0.21147;-0.172043;-0.229391;-0.426523;-0.261649;-0.222222;0.0179212;+1;0;0;0;0

-0.582622;-0.653255;-0.558597;-0.612056;-0.792903;-0.143369;-0.261649;-0.30466;-0.268817;-0.21147;-0.172043;-0.229391;-0.426523;-0.261649;-0.222222;+1;0;0;0;0

-0.542281;-0.594733;-0.50556;-0.576507;-0.604112;-0.172043;-0.143369;-0.261649;-0.30466;-0.268817;-0.21147;-0.172043;-0.229391;-0.426523;-0.261649;+1;0;0;0;0

-0.519007;-0.553768;-0.493584;-0.565688;-0.45414;-0.21147;-0.172043;-0.143369;-0.261649;-0.30466;-0.268817;-0.21147;-0.172043;-0.229391;-0.426523;+1;0;0;0;0

-0.45384;-0.512802;-0.519247;-0.502318;-0.656121;-0.114695;-0.21147;-0.172043;-0.143369;-0.261649;-0.30466;-0.268817;-0.21147;-0.172043;-0.229391;-1;0;0;0;0

-0.539177;-0.432334;-0.442258;-0.44204;-0.289335;-0.462366;-0.114695;-0.21147;-0.172043;-0.143369;-0.261649;-0.30466;-0.268817;-0.21147;-0.172043;+1;0;0;0;0

-0.393328;-0.394294;-0.36527;-0.426584;-0.349183;0.0716846;-0.462366;-0.114695;-0.21147;-0.172043;-0.143369;-0.261649;-0.30466;-0.268817;-0.21147;+1;0;0;0;0

-0.0457716;-0.141185;-0.26604;-0.360124;0.0493804;0.537634;0.0716846;-0.462366;-0.114695;-0.21147;-0.172043;-0.143369;-0.261649;-0.30466;-0.268817;+1;0;0;0;0

0.109387;0.0768103;-0.021386;-0.0510046;-0.093128;0.09319;0.537634;0.0716846;-0.462366;-0.114695;-0.21147;-0.172043;-0.143369;-0.261649;-0.30466;-1;0;0;0;0

0.0333592;0.0651059;0.115483;0.134467;-0.578154;-0.44086;0.09319;0.537634;0.0716846;-0.462366;-0.114695;-0.21147;-0.172043;-0.143369;-0.261649;+1;0;0;0;0

0.132661;0.0577907;0.12917;0.0571872;-0.606975;-0.0358423;-0.44086;0.09319;0.537634;0.0716846;-0.462366;-0.114695;-0.21147;-0.172043;-0.143369;+1;0;0;0;0

0.211792;0.144111;0.231822;0.119011;-0.376408;-0.0824373;-0.0358423;-0.44086;0.09319;0.537634;0.0716846;-0.462366;-0.114695;-0.21147;-0.172043;+1;0;0;0;0

0.567107;0.430871;0.341317;0.231839;-0.0179309;0.555556;-0.0824373;-0.0358423;-0.44086;0.09319;0.537634;0.0716846;-0.462366;-0.114695;-0.21147;+1;0;0;0;0

0.799845;0.722019;0.880239;0.675425;0.402694;0.272401;0.555556;-0.0824373;-0.0358423;-0.44086;0.09319;0.537634;0.0716846;-0.462366;-0.114695;-1;0;0;0;0

0.657099;0.869788;0.770744;1;0.161472;-0.594982;0.272401;0.555556;-0.0824373;-0.0358423;-0.44086;0.09319;0.537634;0.0716846;-0.462366;-1;0;0;0;0

0.39488;0.5406;0.548332;0.690881;-0.29417;-0.870968;-0.594982;0.272401;0.555556;-0.0824373;-0.0358423;-0.44086;0.09319;0.537634;0.0716846;+1;0;0;0;0

0.45384;0.326993;0.409752;0.374034;-0.595475;-0.129032;-0.870968;-0.594982;0.272401;0.555556;-0.0824373;-0.0358423;-0.44086;0.09319;0.537634;-1;0;0;0;0

0.276959;0.474762;0.431993;0.513138;-0.462589;-0.673835;-0.129032;-0.870968;-0.594982;0.272401;0.555556;-0.0824373;-0.0358423;-0.44086;0.09319;-1;0;0;0;0

0.250582;0.262619;0.384089;0.24575;-0.677197;-0.326165;-0.673835;-0.129032;-0.870968;-0.594982;0.272401;0.555556;-0.0824373;-0.0358423;-0.44086;-1;0;0;0;0

0.241272;0.16752;0.315654;0.281299;-0.808721;-0.286738;-0.326165;-0.673835;-0.129032;-0.870968;-0.594982;0.272401;0.555556;-0.0824373;-0.0358423;-1;0;0;0;0

0.233515;0.179224;0.409752;0.278207;-0.828295;-0.283154;-0.286738;-0.326165;-0.673835;-0.129032;-0.870968;-0.594982;0.272401;0.555556;-0.0824373;-1;0;0;0;0

0.137316;0.160205;0.303678;0.295209;-0.390725;-0.487455;-0.283154;-0.286738;-0.326165;-0.673835;-0.129032;-0.870968;-0.594982;0.272401;0.555556;+1;0;0;0;0

0.176106;0.0972933;0.26775;0.180835;-0.622747;-0.175627;-0.487455;-0.283154;-0.286738;-0.326165;-0.673835;-0.129032;-0.870968;-0.594982;0.272401;+1;0;0;0;0

0.349884;0.226042;0.396065;0.248841;-0.832707;0.136201;-0.175627;-0.487455;-0.283154;-0.286738;-0.326165;-0.673835;-0.129032;-0.870968;-0.594982;+1;0;0;0;0

0.481769;0.350402;0.56373;0.38949;-0.911754;0.0394265;0.136201;-0.175627;-0.487455;-0.283154;-0.286738;-0.326165;-0.673835;-0.129032;-0.870968;-1;0;0;0;0

0.461598;0.370885;0.580838;0.434312;-0.750188;-0.311828;0.0394265;0.136201;-0.175627;-0.487455;-0.283154;-0.286738;-0.326165;-0.673835;-0.129032;+1;0;0;0;0

0.660202;0.562545;0.680068;0.520866;-0.655464;0.193548;-0.311828;0.0394265;0.136201;-0.175627;-0.487455;-0.283154;-0.286738;-0.326165;-0.673835;-1;0;0;0;0

0.582622;0.612289;0.76219;0.737249;-0.724136;-0.444444;0.193548;-0.311828;0.0394265;0.136201;-0.175627;-0.487455;-0.283154;-0.286738;-0.326165;-1;0;0;0;0

0.519007;0.512801;0.724551;0.605873;-0.692405;-0.412186;-0.444444;0.193548;-0.311828;0.0394265;0.136201;-0.175627;-0.487455;-0.283154;-0.286738;+1;0;0;0;0

0.62917;0.489393;0.62361;0.534776;-0.889082;-0.0107527;-0.412186;-0.444444;0.193548;-0.311828;0.0394265;0.136201;-0.175627;-0.487455;-0.283154;+1;0;0;0;0

0.688131;0.675201;0.709153;0.58578;-0.757933;-0.129032;-0.0107527;-0.412186;-0.444444;0.193548;-0.311828;0.0394265;0.136201;-0.175627;-0.487455;-1;0;0;0;0

0.66796;0.634236;0.832335;0.797527;-0.681797;-0.311828;-0.129032;-0.0107527;-0.412186;-0.444444;0.193548;-0.311828;0.0394265;0.136201;-0.175627;-1;0;0;0;0

0.59038;0.504023;0.698888;0.65997;-0.744414;-0.444444;-0.311828;-0.129032;-0.0107527;-0.412186;-0.444444;0.193548;-0.311828;0.0394265;0.136201;+1;0;0;0;0

0.689682;0.549378;0.673225;0.612056;-0.583552;-0.0358423;-0.444444;-0.311828;-0.129032;-0.0107527;-0.412186;-0.444444;0.193548;-0.311828;0.0394265;-1;0;0;0;0

0.574865;0.59327;0.786142;0.752705;-0.78605;-0.530466;-0.0358423;-0.444444;-0.311828;-0.129032;-0.0107527;-0.412186;-0.444444;0.193548;-0.311828;-1;0;0;0;0

0.373158;0.422092;0.556886;0.513138;-0.810974;-0.731183;-0.530466;-0.0358423;-0.444444;-0.311828;-0.129032;-0.0107527;-0.412186;-0.444444;0.193548;-1;0;0;0;0

0.349884;0.283101;0.490162;0.400309;-0.829187;-0.318996;-0.731183;-0.530466;-0.0358423;-0.444444;-0.311828;-0.129032;-0.0107527;-0.412186;-0.444444;+1;0;0;0;0

0.519007;0.413314;0.418306;0.258114;-0.820315;0.125448;-0.318996;-0.731183;-0.530466;-0.0358423;-0.444444;-0.311828;-0.129032;-0.0107527;-0.412186;-1;0;0;0;0

0.328162;0.474762;0.443969;0.534776;-0.227047;-0.706093;0.125448;-0.318996;-0.731183;-0.530466;-0.0358423;-0.444444;-0.311828;-0.129032;-0.0107527;+1;0;0;0;0

0.452289;0.350402;0.488451;0.369397;-0.343081;0.0215054;-0.706093;0.125448;-0.318996;-0.731183;-0.530466;-0.0358423;-0.444444;-0.311828;-0.129032;+1;0;0;0;0

1;1;0.674936;0.491499;1;1;0.0215054;-0.706093;0.125448;-0.318996;-0.731183;-0.530466;-0.0358423;-0.444444;-0.311828;-1;0;0;0;0

0.917766;0.840527;1;0.930449;-0.0658092;-0.455197;1;0.0215054;-0.706093;0.125448;-0.318996;-0.731183;-0.530466;-0.0358423;-0.444444;-1;0;0;0;0

0.768813;0.795172;0.888794;0.967543;-0.334444;-0.609319;-0.455197;1;0.0215054;-0.706093;0.125448;-0.318996;-0.731183;-0.530466;-0.0358423;-1;0;0;0;0

0.737781;0.643014;0.880239;0.785162;-0.2339;-0.336918;-0.609319;-0.455197;1;0.0215054;-0.706093;0.125448;-0.318996;-0.731183;-0.530466;+1;0;0;0;0

0.923972;0.792246;0.974337;0.760433;-0.016335;0.164875;-0.336918;-0.609319;-0.455197;1;0.0215054;-0.706093;0.125448;-0.318996;-0.731183;-1;0;0;0;0

0.730024;0.8376;0.931565;0.760433;-0.366645;-0.713262;0.164875;-0.336918;-0.609319;-0.455197;1;0.0215054;-0.706093;0.125448;-0.318996;-1;0;0;0;0

0.660202;0.662033;0.864842;0.757342;-0.593973;-0.426523;-0.713262;0.164875;-0.336918;-0.609319;-0.455197;1;0.0215054;-0.706093;0.125448;-1;0;0;0;0

0.40419;0.562545;0.597947;0.675425;-0.431468;-0.856631;-0.426523;-0.713262;0.164875;-0.336918;-0.609319;-0.455197;1;0.0215054;-0.706093;-1;0;0;0;0

0.165244;0.3109;0.274593;0.455951;-0.317922;-0.817204;-0.856631;-0.426523;-0.713262;0.164875;-0.336918;-0.609319;-0.455197;1;0.0215054;-1;0;0;0;0

0.110939;0.101682;0.192472;0.0880992;-0.193203;-0.390681;-0.817204;-0.856631;-0.426523;-0.713262;0.164875;-0.336918;-0.609319;-0.455197;1;+1;0;0;0;0

0.124903;0.0870517;0.24722;0.151469;-0.689824;-0.232975;-0.390681;-0.817204;-0.856631;-0.426523;-0.713262;0.164875;-0.336918;-0.609319;-0.455197;+1;0;0;0;0

0.173003;0.145574;0.3071;0.219475;-0.667668;-0.154122;-0.232975;-0.390681;-0.817204;-0.856631;-0.426523;-0.713262;0.164875;-0.336918;-0.609319;+1;0;0;0;0

0.216447;0.126554;0.319076;0.197836;-0.859087;-0.164875;-0.154122;-0.232975;-0.390681;-0.817204;-0.856631;-0.426523;-0.713262;0.164875;-0.336918;-1;0;0;0;0

0.214895;0.128017;0.28657;0.248841;-0.845287;-0.268817;-0.164875;-0.154122;-0.232975;-0.390681;-0.817204;-0.856631;-0.426523;-0.713262;0.164875;-1;0;0;0;0

0.166796;0.104609;0.255774;0.204019;-0.840546;-0.376344;-0.268817;-0.164875;-0.154122;-0.232975;-0.390681;-0.817204;-0.856631;-0.426523;-0.713262;+1;0;0;0;0

0.267649;0.188003;0.370402;0.228748;-0.666354;-0.0322581;-0.376344;-0.268817;-0.164875;-0.154122;-0.232975;-0.390681;-0.817204;-0.856631;-0.426523;+1;0;0;0;0

0.295578;0.174835;0.389221;0.265843;-0.899455;-0.200717;-0.0322581;-0.376344;-0.268817;-0.164875;-0.154122;-0.232975;-0.390681;-0.817204;-0.856631;-1;0;0;0;0

0.174554;0.196781;0.283148;0.319938;-0.610777;-0.544803;-0.200717;-0.0322581;-0.376344;-0.268817;-0.164875;-0.154122;-0.232975;-0.390681;-0.817204;-1;0;0;0;0

0.0861133;0.0768103;0.185629;0.191654;-0.659078;-0.469534;-0.544803;-0.200717;-0.0322581;-0.376344;-0.268817;-0.164875;-0.154122;-0.232975;-0.390681;-1;0;0;0;0

-0.0519781;-0.0138991;0.0949528;0.0989183;-0.673301;-0.584229;-0.469534;-0.544803;-0.200717;-0.0322581;-0.376344;-0.268817;-0.164875;-0.154122;-0.232975;-1;0;0;0;0

-0.0690457;-0.111924;0.0128314;0.00618252;-0.769104;-0.30466;-0.584229;-0.469534;-0.544803;-0.200717;-0.0322581;-0.376344;-0.268817;-0.164875;-0.154122;+1;0;0;0;0

0.0612879;-0.008047;-0.0419161;-0.108191;-0.814542;0.0358423;-0.30466;-0.584229;-0.469534;-0.544803;-0.200717;-0.0322581;-0.376344;-0.268817;-0.164875;-1;0;0;0;0

-0.0085335;-0.008047;0.0932419;0.0571872;-0.74249;-0.426523;0.0358423;-0.30466;-0.584229;-0.469534;-0.544803;-0.200717;-0.0322581;-0.376344;-0.268817;+1;0;0;0;0

0.126455;0.0373077;0.195894;0.0571872;-0.927244;0.046595;-0.426523;0.0358423;-0.30466;-0.584229;-0.469534;-0.544803;-0.200717;-0.0322581;-0.376344;+1;0;0;0;0

0.233515;0.160205;0.300257;0.151469;-0.558064;-0.0179212;0.046595;-0.426523;0.0358423;-0.30466;-0.584229;-0.469534;-0.544803;-0.200717;-0.0322581;-1;0;0;0;0

0.0705976;0.174835;0.230111;0.2983;-0.705877;-0.641577;-0.0179212;0.046595;-0.426523;0.0358423;-0.30466;-0.584229;-0.469534;-0.544803;-0.200717;+1;0;0;0;0

0.19938;0.0841258;0.216424;0.126739;-0.808627;0.0322581;-0.641577;-0.0179212;0.046595;-0.426523;0.0358423;-0.30466;-0.584229;-0.469534;-0.544803;+1;0;0;0;0

0.273856;0.182151;0.384089;0.287481;-0.693626;-0.09319;0.0322581;-0.641577;-0.0179212;0.046595;-0.426523;0.0358423;-0.30466;-0.584229;-0.469534;-1;0;0;0;0

0.25834;0.174835;0.375534;0.289026;-0.877112;-0.301075;-0.09319;0.0322581;-0.641577;-0.0179212;0.046595;-0.426523;0.0358423;-0.30466;-0.584229;+1;0;0;0;0

0.427463;0.362107;0.397776;0.258114;-0.510749;0.125448;-0.301075;-0.09319;0.0322581;-0.641577;-0.0179212;0.046595;-0.426523;0.0358423;-0.30466;+1;0;0;0;0

0.489527;0.470373;0.625321;0.472952;-0.727187;-0.121864;0.125448;-0.301075;-0.09319;0.0322581;-0.641577;-0.0179212;0.046595;-0.426523;0.0358423;-1;0;0;0;0

0.419706;0.395757;0.597947;0.51932;-0.987749;-0.426523;-0.121864;0.125448;-0.301075;-0.09319;0.0322581;-0.641577;-0.0179212;0.046595;-0.426523;-1;0;0;0;0

0.329713;0.350402;0.515826;0.477589;-0.755633;-0.473118;-0.426523;-0.121864;0.125448;-0.301075;-0.09319;0.0322581;-0.641577;-0.0179212;0.046595;+1;0;0;0;0

0.432118;0.346013;0.490162;0.327666;-0.834632;-0.0286738;-0.473118;-0.426523;-0.121864;0.125448;-0.301075;-0.09319;0.0322581;-0.641577;-0.0179212;+1;0;0;0;0

0.582622;0.445501;0.615056;0.435858;-0.848338;0.0824373;-0.0286738;-0.473118;-0.426523;-0.121864;0.125448;-0.301075;-0.09319;0.0322581;-0.641577;+1;0;0;0;0

0.705198;0.591807;0.804962;0.627512;-0.7316;0.0179212;0.0824373;-0.0286738;-0.473118;-0.426523;-0.121864;0.125448;-0.301075;-0.09319;0.0322581;+1;0;0;0;0

0.737781;0.641551;0.847733;0.752705;-0.742349;-0.189964;0.0179212;0.0824373;-0.0286738;-0.473118;-0.426523;-0.121864;0.125448;-0.301075;-0.09319;-1;0;0;0;0

0.683476;0.628383;0.854576;0.77898;-0.785345;-0.390681;-0.189964;0.0179212;0.0824373;-0.0286738;-0.473118;-0.426523;-0.121864;0.125448;-0.301075;-1;0;0;0;0

0.574865;0.534748;0.726261;0.692427;-0.397062;-0.516129;-0.390681;-0.189964;0.0179212;0.0824373;-0.0286738;-0.473118;-0.426523;-0.121864;0.125448;-1;0;0;0;0

0.557797;0.489393;0.709153;0.593509;-0.683017;-0.30466;-0.516129;-0.390681;-0.189964;0.0179212;0.0824373;-0.0286738;-0.473118;-0.426523;-0.121864;-1;0;0;0;0

0.495733;0.436722;0.698888;0.54405;-0.861857;-0.408602;-0.30466;-0.516129;-0.390681;-0.189964;0.0179212;0.0824373;-0.0286738;-0.473118;-0.426523;-1;0;0;0;0

0.441428;0.41624;0.639008;0.522411;-0.844208;-0.390681;-0.408602;-0.30466;-0.516129;-0.390681;-0.189964;0.0179212;0.0824373;-0.0286738;-0.473118;+1;0;0;0;0

0.49263;0.410387;0.637297;0.465224;-0.893729;-0.146953;-0.390681;-0.408602;-0.30466;-0.516129;-0.390681;-0.189964;0.0179212;0.0824373;-0.0286738;+1;0;0;0;0

0.643134;0.553768;0.729683;0.553323;-0.86932;0.0824373;-0.146953;-0.390681;-0.408602;-0.30466;-0.516129;-0.390681;-0.189964;0.0179212;0.0824373;-1;0;0;0;0

0.598138;0.534748;0.794696;0.683153;-0.784172;-0.369176;0.0824373;-0.146953;-0.390681;-0.408602;-0.30466;-0.516129;-0.390681;-0.189964;0.0179212;-1;0;0;0;0

0.483321;0.48354;0.657827;0.604328;-0.49601;-0.530466;-0.369176;0.0824373;-0.146953;-0.390681;-0.408602;-0.30466;-0.516129;-0.390681;-0.189964;-1;0;0;0;0

