23.3;-1;1;0.761111;0.723016;0.72381;0.77619;0.706349;0.873016;0.837302;0.829365;0.707143;1;0.618939;0.72585;0.604429;0.831233;0.88698;0.828942;0.752577;0.73425;0.789996;0.828942;0.542574;0.695304;0.739595;0.727377;0.748759;0.668576;0.764032;0.676212;0.772432;0.925926;0.83047;0.797633;0.746468;0.717449;0.664758;0.664758;0.756396;0.848034;+1;0;+1;-1;-1

23.8;0.89775;-1;1;0.761111;0.723016;0.72381;0.77619;0.706349;0.873016;0.837302;0.829365;0.642612;1;0.618939;0.72585;0.604429;0.831233;0.88698;0.828942;0.752577;0.73425;0.789996;0.828942;0.542574;0.695304;0.739595;0.727377;0.748759;0.668576;0.764032;0.676212;0.772432;0.925926;0.83047;0.797633;0.746468;0.717449;0.664758;0.664758;0.756396;+1;0;+1;-1;-1

25.35;0.98364;0.84127;-1;1;0.761111;0.723016;0.72381;0.77619;0.706349;0.873016;0.837302;0.760214;0.642612;1;0.618939;0.72585;0.604429;0.831233;0.88698;0.828942;0.752577;0.73425;0.789996;0.828942;0.542574;0.695304;0.739595;0.727377;0.748759;0.668576;0.764032;0.676212;0.772432;0.925926;0.83047;0.797633;0.746468;0.717449;0.664758;0.664758;+1;0;+1;-1;-1

25.5;0.869121;0.924603;0.84127;-1;1;0.761111;0.723016;0.72381;0.77619;0.706349;0.873016;0.76785;0.760214;0.642612;1;0.618939;0.72585;0.604429;0.831233;0.88698;0.828942;0.752577;0.73425;0.789996;0.828942;0.542574;0.695304;0.739595;0.727377;0.748759;0.668576;0.764032;0.676212;0.772432;0.925926;0.83047;0.797633;0.746468;0.717449;0.664758;+1;0;+1;-1;-1

25.9;0.889571;0.813492;0.924603;0.84127;-1;1;0.761111;0.723016;0.72381;0.77619;0.706349;0.802215;0.76785;0.760214;0.642612;1;0.618939;0.72585;0.604429;0.831233;0.88698;0.828942;0.752577;0.73425;0.789996;0.828942;0.542574;0.695304;0.739595;0.727377;0.748759;0.668576;0.764032;0.676212;0.772432;0.925926;0.83047;0.797633;0.746468;0.717449;-1;0;-1;-1;-1

25.35;0.811861;0.833333;0.813492;0.924603;0.84127;-1;1;0.761111;0.723016;0.72381;0.77619;0.641848;0.802215;0.76785;0.760214;0.642612;1;0.618939;0.72585;0.604429;0.831233;0.88698;0.828942;0.752577;0.73425;0.789996;0.828942;0.542574;0.695304;0.739595;0.727377;0.748759;0.668576;0.764032;0.676212;0.772432;0.925926;0.83047;0.797633;0.746468;-1;0;-1;-1;-1

25;0.828221;0.757937;0.833333;0.813492;0.924603;0.84127;-1;1;0.761111;0.723016;0.72381;0.709049;0.641848;0.802215;0.76785;0.760214;0.642612;1;0.618939;0.72585;0.604429;0.831233;0.88698;0.828942;0.752577;0.73425;0.789996;0.828942;0.542574;0.695304;0.739595;0.727377;0.748759;0.668576;0.764032;0.676212;0.772432;0.925926;0.83047;0.797633;-1;0;-1;-1;-1

23.49;0.733333;0.77381;0.757937;0.833333;0.813492;0.924603;0.84127;-1;1;0.761111;0.723016;0.658648;0.709049;0.641848;0.802215;0.76785;0.760214;0.642612;1;0.618939;0.72585;0.604429;0.831233;0.88698;0.828942;0.752577;0.73425;0.789996;0.828942;0.542574;0.695304;0.739595;0.727377;0.748759;0.668576;0.764032;0.676212;0.772432;0.925926;0.83047;-1;0;-1;-1;-1

22.5;0.775869;0.681746;0.77381;0.757937;0.833333;0.813492;0.924603;0.84127;-1;1;0.761111;0.657885;0.658648;0.709049;0.641848;0.802215;0.76785;0.760214;0.642612;1;0.618939;0.72585;0.604429;0.831233;0.88698;0.828942;0.752577;0.73425;0.789996;0.828942;0.542574;0.695304;0.739595;0.727377;0.748759;0.668576;0.764032;0.676212;0.772432;0.925926;-1;0;-1;-1;-1

21.99;0.815133;0.723016;0.681746;0.77381;0.757937;0.833333;0.813492;0.924603;0.84127;-1;1;0.69454;0.657885;0.658648;0.709049;0.641848;0.802215;0.76785;0.760214;0.642612;1;0.618939;0.72585;0.604429;0.831233;0.88698;0.828942;0.752577;0.73425;0.789996;0.828942;0.542574;0.695304;0.739595;0.727377;0.748759;0.668576;0.764032;0.676212;0.772432;+1;0;+1;+1;-1

22.15;0.869939;0.761111;0.723016;0.681746;0.77381;0.757937;0.833333;0.813492;0.924603;0.84127;-1;0.924399;0.69454;0.657885;0.658648;0.709049;0.641848;0.802215;0.76785;0.760214;0.642612;1;0.618939;0.72585;0.604429;0.831233;0.88698;0.828942;0.752577;0.73425;0.789996;0.828942;0.542574;0.695304;0.739595;0.727377;0.748759;0.668576;0.764032;0.676212;-1;0;-1;-1;-1

21.9;0.836401;0.814286;0.761111;0.723016;0.681746;0.77381;0.757937;0.833333;0.813492;0.924603;0.84127;-1;0.924399;0.69454;0.657885;0.658648;0.709049;0.641848;0.802215;0.76785;0.760214;0.642612;1;0.618939;0.72585;0.604429;0.831233;0.88698;0.828942;0.752577;0.73425;0.789996;0.828942;0.542574;0.695304;0.739595;0.727377;0.748759;0.668576;0.764032;-1;0;-1;-1;-1

21;0.783231;0.781746;0.814286;0.761111;0.723016;0.681746;0.77381;0.757937;0.833333;0.813492;0.924603;0.771669;-1;0.924399;0.69454;0.657885;0.658648;0.709049;0.641848;0.802215;0.76785;0.760214;0.642612;1;0.618939;0.72585;0.604429;0.831233;0.88698;0.828942;0.752577;0.73425;0.789996;0.828942;0.542574;0.695304;0.739595;0.727377;0.748759;0.668576;+1;0;+1;+1;-1

21.2;0.873211;0.730159;0.781746;0.814286;0.761111;0.723016;0.681746;0.77381;0.757937;0.833333;0.813492;0.851852;0.771669;-1;0.924399;0.69454;0.657885;0.658648;0.709049;0.641848;0.802215;0.76785;0.760214;0.642612;1;0.618939;0.72585;0.604429;0.831233;0.88698;0.828942;0.752577;0.73425;0.789996;0.828942;0.542574;0.695304;0.739595;0.727377;0.748759;-1;0;-1;-1;-1

19.59;0.725153;0.81746;0.730159;0.781746;0.814286;0.761111;0.723016;0.681746;0.77381;0.757937;0.833333;0.744941;0.851852;0.771669;-1;0.924399;0.69454;0.657885;0.658648;0.709049;0.641848;0.802215;0.76785;0.760214;0.642612;1;0.618939;0.72585;0.604429;0.831233;0.88698;0.828942;0.752577;0.73425;0.789996;0.828942;0.542574;0.695304;0.739595;0.727377;-1;0;-1;-1;-1

18.5;0.767689;0.67381;0.81746;0.730159;0.781746;0.814286;0.761111;0.723016;0.681746;0.77381;0.757937;0.764032;0.744941;0.851852;0.771669;-1;0.924399;0.69454;0.657885;0.658648;0.709049;0.641848;0.802215;0.76785;0.760214;0.642612;1;0.618939;0.72585;0.604429;0.831233;0.88698;0.828942;0.752577;0.73425;0.789996;0.828942;0.542574;0.695304;0.739595;-1;0;-1;-1;-1

17.99;0.815133;0.715079;0.67381;0.81746;0.730159;0.781746;0.814286;0.761111;0.723016;0.681746;0.77381;0.691485;0.764032;0.744941;0.851852;0.771669;-1;0.924399;0.69454;0.657885;0.658648;0.709049;0.641848;0.802215;0.76785;0.760214;0.642612;1;0.618939;0.72585;0.604429;0.831233;0.88698;0.828942;0.752577;0.73425;0.789996;0.828942;0.542574;0.695304;+1;0;+1;+1;-1

19.5;0.980368;0.761111;0.715079;0.67381;0.81746;0.730159;0.781746;0.814286;0.761111;0.723016;0.681746;0.706758;0.691485;0.764032;0.744941;0.851852;0.771669;-1;0.924399;0.69454;0.657885;0.658648;0.709049;0.641848;0.802215;0.76785;0.760214;0.642612;1;0.618939;0.72585;0.604429;0.831233;0.88698;0.828942;0.752577;0.73425;0.789996;0.828942;0.542574;+1;0;+1;+1;-1

21;0.97955;0.921429;0.761111;0.715079;0.67381;0.81746;0.730159;0.781746;0.814286;0.761111;0.723016;0.618175;0.706758;0.691485;0.764032;0.744941;0.851852;0.771669;-1;0.924399;0.69454;0.657885;0.658648;0.709049;0.641848;0.802215;0.76785;0.760214;0.642612;1;0.618939;0.72585;0.604429;0.831233;0.88698;0.828942;0.752577;0.73425;0.789996;0.828942;-1;0;-1;-1;-1

20.7;0.832311;0.920635;0.921429;0.761111;0.715079;0.67381;0.81746;0.730159;0.781746;0.814286;0.761111;0.657885;0.618175;0.706758;0.691485;0.764032;0.744941;0.851852;0.771669;-1;0.924399;0.69454;0.657885;0.658648;0.709049;0.641848;0.802215;0.76785;0.760214;0.642612;1;0.618939;0.72585;0.604429;0.831233;0.88698;0.828942;0.752577;0.73425;0.789996;-1;0;-1;-1;-1

19.74;0.778323;0.777778;0.920635;0.921429;0.761111;0.715079;0.67381;0.81746;0.730159;0.781746;0.814286;0.69454;0.657885;0.618175;0.706758;0.691485;0.764032;0.744941;0.851852;0.771669;-1;0.924399;0.69454;0.657885;0.658648;0.709049;0.641848;0.802215;0.76785;0.760214;0.642612;1;0.618939;0.72585;0.604429;0.831233;0.88698;0.828942;0.752577;0.73425;-1;0;-1;-1;-1

19.3;0.820859;0.725397;0.777778;0.920635;0.921429;0.761111;0.715079;0.67381;0.81746;0.730159;0.781746;0.745704;0.69454;0.657885;0.618175;0.706758;0.691485;0.764032;0.744941;0.851852;0.771669;-1;0.924399;0.69454;0.657885;0.658648;0.709049;0.641848;0.802215;0.76785;0.760214;0.642612;1;0.618939;0.72585;0.604429;0.831233;0.88698;0.828942;0.752577;-1;0;-1;-1;-1

19.3;0.856851;0.766667;0.725397;0.777778;0.920635;0.921429;0.761111;0.715079;0.67381;0.81746;0.730159;0.714395;0.745704;0.69454;0.657885;0.618175;0.706758;0.691485;0.764032;0.744941;0.851852;0.771669;-1;0.924399;0.69454;0.657885;0.658648;0.709049;0.641848;0.802215;0.76785;0.760214;0.642612;1;0.618939;0.72585;0.604429;0.831233;0.88698;0.828942;+1;0;+1;+1;-1

20;0.91411;0.801587;0.766667;0.725397;0.777778;0.920635;0.921429;0.761111;0.715079;0.67381;0.81746;0.664758;0.714395;0.745704;0.69454;0.657885;0.618175;0.706758;0.691485;0.764032;0.744941;0.851852;0.771669;-1;0.924399;0.69454;0.657885;0.658648;0.709049;0.641848;0.802215;0.76785;0.760214;0.642612;1;0.618939;0.72585;0.604429;0.831233;0.88698;+1;0;+1;+1;-1

20.48;0.896115;0.857143;0.801587;0.766667;0.725397;0.777778;0.920635;0.921429;0.761111;0.715079;0.67381;0.748759;0.664758;0.714395;0.745704;0.69454;0.657885;0.618175;0.706758;0.691485;0.764032;0.744941;0.851852;0.771669;-1;0.924399;0.69454;0.657885;0.658648;0.709049;0.641848;0.802215;0.76785;0.760214;0.642612;1;0.618939;0.72585;0.604429;0.831233;-1;0;-1;-1;-1

20.25;0.838037;0.839683;0.857143;0.801587;0.766667;0.725397;0.777778;0.920635;0.921429;0.761111;0.715079;0.610538;0.748759;0.664758;0.714395;0.745704;0.69454;0.657885;0.618175;0.706758;0.691485;0.764032;0.744941;0.851852;0.771669;-1;0.924399;0.69454;0.657885;0.658648;0.709049;0.641848;0.802215;0.76785;0.760214;0.642612;1;0.618939;0.72585;0.604429;+1;0;+1;+1;-1

20.7;0.893661;0.783333;0.839683;0.857143;0.801587;0.766667;0.725397;0.777778;0.920635;0.921429;0.761111;0.650248;0.610538;0.748759;0.664758;0.714395;0.745704;0.69454;0.657885;0.618175;0.706758;0.691485;0.764032;0.744941;0.851852;0.771669;-1;0.924399;0.69454;0.657885;0.658648;0.709049;0.641848;0.802215;0.76785;0.760214;0.642612;1;0.618939;0.72585;-1;0;-1;-1;-1

19.99;0.798773;0.837302;0.783333;0.839683;0.857143;0.801587;0.766667;0.725397;0.777778;0.920635;0.921429;0.69454;0.650248;0.610538;0.748759;0.664758;0.714395;0.745704;0.69454;0.657885;0.618175;0.706758;0.691485;0.764032;0.744941;0.851852;0.771669;-1;0.924399;0.69454;0.657885;0.658648;0.709049;0.641848;0.802215;0.76785;0.760214;0.642612;1;0.618939;-1;0;-1;-1;-1

19.85;0.845399;0.745238;0.837302;0.783333;0.839683;0.857143;0.801587;0.766667;0.725397;0.777778;0.920635;0.848797;0.69454;0.650248;0.610538;0.748759;0.664758;0.714395;0.745704;0.69454;0.657885;0.618175;0.706758;0.691485;0.764032;0.744941;0.851852;0.771669;-1;0.924399;0.69454;0.657885;0.658648;0.709049;0.641848;0.802215;0.76785;0.760214;0.642612;1;-1;0;-1;-1;-1

18.48;0.744785;0.790476;0.745238;0.837302;0.783333;0.839683;0.857143;0.801587;0.766667;0.725397;0.777778;0.848034;0.848797;0.69454;0.650248;0.610538;0.748759;0.664758;0.714395;0.745704;0.69454;0.657885;0.618175;0.706758;0.691485;0.764032;0.744941;0.851852;0.771669;-1;0.924399;0.69454;0.657885;0.658648;0.709049;0.641848;0.802215;0.76785;0.760214;0.642612;-1;0;-1;+1;-1

16.95;0.731697;0.692857;0.790476;0.745238;0.837302;0.783333;0.839683;0.857143;0.801587;0.766667;0.725397;0.710577;0.848034;0.848797;0.69454;0.650248;0.610538;0.748759;0.664758;0.714395;0.745704;0.69454;0.657885;0.618175;0.706758;0.691485;0.764032;0.744941;0.851852;0.771669;-1;0.924399;0.69454;0.657885;0.658648;0.709049;0.641848;0.802215;0.76785;0.760214;-1;0;-1;+1;-1

16;0.779141;0.680159;0.692857;0.790476;0.745238;0.837302;0.783333;0.839683;0.857143;0.801587;0.766667;0.660176;0.710577;0.848034;0.848797;0.69454;0.650248;0.610538;0.748759;0.664758;0.714395;0.745704;0.69454;0.657885;0.618175;0.706758;0.691485;0.764032;0.744941;0.851852;0.771669;-1;0.924399;0.69454;0.657885;0.658648;0.709049;0.641848;0.802215;0.76785;+1;0;+1;+1;-1

16.21;0.874029;0.726191;0.680159;0.692857;0.790476;0.745238;0.837302;0.783333;0.839683;0.857143;0.801587;0.699885;0.660176;0.710577;0.848034;0.848797;0.69454;0.650248;0.610538;0.748759;0.664758;0.714395;0.745704;0.69454;0.657885;0.618175;0.706758;0.691485;0.764032;0.744941;0.851852;0.771669;-1;0.924399;0.69454;0.657885;0.658648;0.709049;0.641848;0.802215;-1;0;-1;+1;-1

16.05;0.843763;0.818254;0.726191;0.680159;0.692857;0.790476;0.745238;0.837302;0.783333;0.839683;0.857143;0.733486;0.699885;0.660176;0.710577;0.848034;0.848797;0.69454;0.650248;0.610538;0.748759;0.664758;0.714395;0.745704;0.69454;0.657885;0.618175;0.706758;0.691485;0.764032;0.744941;0.851852;0.771669;-1;0.924399;0.69454;0.657885;0.658648;0.709049;0.641848;+1;0;+1;+1;-1

16.45;0.889571;0.788889;0.818254;0.726191;0.680159;0.692857;0.790476;0.745238;0.837302;0.783333;0.839683;0.786942;0.733486;0.699885;0.660176;0.710577;0.848034;0.848797;0.69454;0.650248;0.610538;0.748759;0.664758;0.714395;0.745704;0.69454;0.657885;0.618175;0.706758;0.691485;0.764032;0.744941;0.851852;0.771669;-1;0.924399;0.69454;0.657885;0.658648;0.709049;+1;0;+1;+1;-1

17.39;0.933742;0.833333;0.788889;0.818254;0.726191;0.680159;0.692857;0.790476;0.745238;0.837302;0.783333;0.770141;0.786942;0.733486;0.699885;0.660176;0.710577;0.848034;0.848797;0.69454;0.650248;0.610538;0.748759;0.664758;0.714395;0.745704;0.69454;0.657885;0.618175;0.706758;0.691485;0.764032;0.744941;0.851852;0.771669;-1;0.924399;0.69454;0.657885;0.658648;+1;0;+1;+1;-1

17.76;0.887117;0.87619;0.833333;0.788889;0.818254;0.726191;0.680159;0.692857;0.790476;0.745238;0.837302;0.715922;0.770141;0.786942;0.733486;0.699885;0.660176;0.710577;0.848034;0.848797;0.69454;0.650248;0.610538;0.748759;0.664758;0.714395;0.745704;0.69454;0.657885;0.618175;0.706758;0.691485;0.764032;0.744941;0.851852;0.771669;-1;0.924399;0.69454;0.657885;+1;0;+1;+1;-1

18.9;0.950102;0.830952;0.87619;0.833333;0.788889;0.818254;0.726191;0.680159;0.692857;0.790476;0.745238;0.76785;0.715922;0.770141;0.786942;0.733486;0.699885;0.660176;0.710577;0.848034;0.848797;0.69454;0.650248;0.610538;0.748759;0.664758;0.714395;0.745704;0.69454;0.657885;0.618175;0.706758;0.691485;0.764032;0.744941;0.851852;0.771669;-1;0.924399;0.69454;-1;0;-1;-1;-1

18.09;0.790593;0.892063;0.830952;0.87619;0.833333;0.788889;0.818254;0.726191;0.680159;0.692857;0.790476;0.679267;0.76785;0.715922;0.770141;0.786942;0.733486;0.699885;0.660176;0.710577;0.848034;0.848797;0.69454;0.650248;0.610538;0.748759;0.664758;0.714395;0.745704;0.69454;0.657885;0.618175;0.706758;0.691485;0.764032;0.744941;0.851852;0.771669;-1;0.924399;-1;0;-1;-1;-1

17.73;0.827403;0.737302;0.892063;0.830952;0.87619;0.833333;0.788889;0.818254;0.726191;0.680159;0.692857;0.722795;0.679267;0.76785;0.715922;0.770141;0.786942;0.733486;0.699885;0.660176;0.710577;0.848034;0.848797;0.69454;0.650248;0.610538;0.748759;0.664758;0.714395;0.745704;0.69454;0.657885;0.618175;0.706758;0.691485;0.764032;0.744941;0.851852;0.771669;-1;+1;0;+1;+1;-1

18.1;0.887117;0.773016;0.737302;0.892063;0.830952;0.87619;0.833333;0.788889;0.818254;0.726191;0.680159;0.628866;0.722795;0.679267;0.76785;0.715922;0.770141;0.786942;0.733486;0.699885;0.660176;0.710577;0.848034;0.848797;0.69454;0.650248;0.610538;0.748759;0.664758;0.714395;0.745704;0.69454;0.657885;0.618175;0.706758;0.691485;0.764032;0.744941;0.851852;0.771669;+1;0;+1;+1;-1

18.85;0.9182;0.830952;0.773016;0.737302;0.892063;0.830952;0.87619;0.833333;0.788889;0.818254;0.726191;0.616648;0.628866;0.722795;0.679267;0.76785;0.715922;0.770141;0.786942;0.733486;0.699885;0.660176;0.710577;0.848034;0.848797;0.69454;0.650248;0.610538;0.748759;0.664758;0.714395;0.745704;0.69454;0.657885;0.618175;0.706758;0.691485;0.764032;0.744941;0.851852;+1;0;+1;+1;-1

19.49;0.909202;0.861111;0.830952;0.773016;0.737302;0.892063;0.830952;0.87619;0.833333;0.788889;0.818254;0.660939;0.616648;0.628866;0.722795;0.679267;0.76785;0.715922;0.770141;0.786942;0.733486;0.699885;0.660176;0.710577;0.848034;0.848797;0.69454;0.650248;0.610538;0.748759;0.664758;0.714395;0.745704;0.69454;0.657885;0.618175;0.706758;0.691485;0.764032;0.744941;+1;0;+1;+1;-1

20.38;0.929652;0.852381;0.861111;0.830952;0.773016;0.737302;0.892063;0.830952;0.87619;0.833333;0.788889;0.749523;0.660939;0.616648;0.628866;0.722795;0.679267;0.76785;0.715922;0.770141;0.786942;0.733486;0.699885;0.660176;0.710577;0.848034;0.848797;0.69454;0.650248;0.610538;0.748759;0.664758;0.714395;0.745704;0.69454;0.657885;0.618175;0.706758;0.691485;0.764032;+1;0;+1;+1;-1

21.2;0.923926;0.872222;0.852381;0.861111;0.830952;0.773016;0.737302;0.892063;0.830952;0.87619;0.833333;0.721268;0.749523;0.660939;0.616648;0.628866;0.722795;0.679267;0.76785;0.715922;0.770141;0.786942;0.733486;0.699885;0.660176;0.710577;0.848034;0.848797;0.69454;0.650248;0.610538;0.748759;0.664758;0.714395;0.745704;0.69454;0.657885;0.618175;0.706758;0.691485;-1;0;-1;-1;-1

20.11;0.767689;0.866667;0.872222;0.852381;0.861111;0.830952;0.773016;0.737302;0.892063;0.830952;0.87619;0.764032;0.721268;0.749523;0.660939;0.616648;0.628866;0.722795;0.679267;0.76785;0.715922;0.770141;0.786942;0.733486;0.699885;0.660176;0.710577;0.848034;0.848797;0.69454;0.650248;0.610538;0.748759;0.664758;0.714395;0.745704;0.69454;0.657885;0.618175;0.706758;+1;0;-1;+1;-1

20.29;0.871575;0.715079;0.866667;0.872222;0.852381;0.861111;0.830952;0.773016;0.737302;0.892063;0.830952;0.805269;0.764032;0.721268;0.749523;0.660939;0.616648;0.628866;0.722795;0.679267;0.76785;0.715922;0.770141;0.786942;0.733486;0.699885;0.660176;0.710577;0.848034;0.848797;0.69454;0.650248;0.610538;0.748759;0.664758;0.714395;0.745704;0.69454;0.657885;0.618175;-1;0;+1;+1;-1

19.6;0.800409;0.815873;0.715079;0.866667;0.872222;0.852381;0.861111;0.830952;0.773016;0.737302;0.892063;0.761741;0.805269;0.764032;0.721268;0.749523;0.660939;0.616648;0.628866;0.722795;0.679267;0.76785;0.715922;0.770141;0.786942;0.733486;0.699885;0.660176;0.710577;0.848034;0.848797;0.69454;0.650248;0.610538;0.748759;0.664758;0.714395;0.745704;0.69454;0.657885;-1;0;+1;+1;-1

19.6;0.856851;0.746825;0.815873;0.715079;0.866667;0.872222;0.852381;0.861111;0.830952;0.773016;0.737302;0.820542;0.761741;0.805269;0.764032;0.721268;0.749523;0.660939;0.616648;0.628866;0.722795;0.679267;0.76785;0.715922;0.770141;0.786942;0.733486;0.699885;0.660176;0.710577;0.848034;0.848797;0.69454;0.650248;0.610538;0.748759;0.664758;0.714395;0.745704;0.69454;+1;0;+1;+1;-1

21.2;0.98773;0.801587;0.746825;0.815873;0.715079;0.866667;0.872222;0.852381;0.861111;0.830952;0.773016;0.67163;0.820542;0.761741;0.805269;0.764032;0.721268;0.749523;0.660939;0.616648;0.628866;0.722795;0.679267;0.76785;0.715922;0.770141;0.786942;0.733486;0.699885;0.660176;0.710577;0.848034;0.848797;0.69454;0.650248;0.610538;0.748759;0.664758;0.714395;0.745704;-1;0;+1;-1;-1

19.99;0.757873;0.928571;0.801587;0.746825;0.815873;0.715079;0.866667;0.872222;0.852381;0.861111;0.830952;0.705995;0.67163;0.820542;0.761741;0.805269;0.764032;0.721268;0.749523;0.660939;0.616648;0.628866;0.722795;0.679267;0.76785;0.715922;0.770141;0.786942;0.733486;0.699885;0.660176;0.710577;0.848034;0.848797;0.69454;0.650248;0.610538;0.748759;0.664758;0.714395;-1;0;+1;+1;-1

19.99;0.856851;0.705556;0.928571;0.801587;0.746825;0.815873;0.715079;0.866667;0.872222;0.852381;0.861111;0.761741;0.705995;0.67163;0.820542;0.761741;0.805269;0.764032;0.721268;0.749523;0.660939;0.616648;0.628866;0.722795;0.679267;0.76785;0.715922;0.770141;0.786942;0.733486;0.699885;0.660176;0.710577;0.848034;0.848797;0.69454;0.650248;0.610538;0.748759;0.664758;-1;0;+1;+1;-1

19.92;0.851125;0.801587;0.705556;0.928571;0.801587;0.746825;0.815873;0.715079;0.866667;0.872222;0.852381;0.79076;0.761741;0.705995;0.67163;0.820542;0.761741;0.805269;0.764032;0.721268;0.749523;0.660939;0.616648;0.628866;0.722795;0.679267;0.76785;0.715922;0.770141;0.786942;0.733486;0.699885;0.660176;0.710577;0.848034;0.848797;0.69454;0.650248;0.610538;0.748759;-1;0;+1;+1;-1

19.1;0.789775;0.796032;0.801587;0.705556;0.928571;0.801587;0.746825;0.815873;0.715079;0.866667;0.872222;0.78236;0.79076;0.761741;0.705995;0.67163;0.820542;0.761741;0.805269;0.764032;0.721268;0.749523;0.660939;0.616648;0.628866;0.722795;0.679267;0.76785;0.715922;0.770141;0.786942;0.733486;0.699885;0.660176;0.710577;0.848034;0.848797;0.69454;0.650248;0.610538;+1;0;+1;+1;-1

19.39;0.880573;0.736508;0.796032;0.801587;0.705556;0.928571;0.801587;0.746825;0.815873;0.715079;0.866667;0.801451;0.78236;0.79076;0.761741;0.705995;0.67163;0.820542;0.761741;0.805269;0.764032;0.721268;0.749523;0.660939;0.616648;0.628866;0.722795;0.679267;0.76785;0.715922;0.770141;0.786942;0.733486;0.699885;0.660176;0.710577;0.848034;0.848797;0.69454;0.650248;+1;0;+1;+1;-1

20.3;0.931288;0.824603;0.736508;0.796032;0.801587;0.705556;0.928571;0.801587;0.746825;0.815873;0.715079;0.796105;0.801451;0.78236;0.79076;0.761741;0.705995;0.67163;0.820542;0.761741;0.805269;0.764032;0.721268;0.749523;0.660939;0.616648;0.628866;0.722795;0.679267;0.76785;0.715922;0.770141;0.786942;0.733486;0.699885;0.660176;0.710577;0.848034;0.848797;0.69454;+1;0;-1;+1;-1

20.82;0.899387;0.87381;0.824603;0.736508;0.796032;0.801587;0.705556;0.928571;0.801587;0.746825;0.815873;0.650248;0.796105;0.801451;0.78236;0.79076;0.761741;0.705995;0.67163;0.820542;0.761741;0.805269;0.764032;0.721268;0.749523;0.660939;0.616648;0.628866;0.722795;0.679267;0.76785;0.715922;0.770141;0.786942;0.733486;0.699885;0.660176;0.710577;0.848034;0.848797;-1;0;-1;+1;-1

20.45;0.826585;0.842857;0.87381;0.824603;0.736508;0.796032;0.801587;0.705556;0.928571;0.801587;0.746825;0.747232;0.650248;0.796105;0.801451;0.78236;0.79076;0.761741;0.705995;0.67163;0.820542;0.761741;0.805269;0.764032;0.721268;0.749523;0.660939;0.616648;0.628866;0.722795;0.679267;0.76785;0.715922;0.770141;0.786942;0.733486;0.699885;0.660176;0.710577;0.848034;+1;0;-1;+1;-1

20.85;0.889571;0.772222;0.842857;0.87381;0.824603;0.736508;0.796032;0.801587;0.705556;0.928571;0.801587;0.680794;0.747232;0.650248;0.796105;0.801451;0.78236;0.79076;0.761741;0.705995;0.67163;0.820542;0.761741;0.805269;0.764032;0.721268;0.749523;0.660939;0.616648;0.628866;0.722795;0.679267;0.76785;0.715922;0.770141;0.786942;0.733486;0.699885;0.660176;0.710577;-1;0;-1;-1;-1

20.61;0.837219;0.833333;0.772222;0.842857;0.87381;0.824603;0.736508;0.796032;0.801587;0.705556;0.928571;0.733486;0.680794;0.747232;0.650248;0.796105;0.801451;0.78236;0.79076;0.761741;0.705995;0.67163;0.820542;0.761741;0.805269;0.764032;0.721268;0.749523;0.660939;0.616648;0.628866;0.722795;0.679267;0.76785;0.715922;0.770141;0.786942;0.733486;0.699885;0.660176;+1;0;-1;+1;-1

20.85;0.876483;0.78254;0.833333;0.772222;0.842857;0.87381;0.824603;0.736508;0.796032;0.801587;0.705556;0.85567;0.733486;0.680794;0.747232;0.650248;0.796105;0.801451;0.78236;0.79076;0.761741;0.705995;0.67163;0.820542;0.761741;0.805269;0.764032;0.721268;0.749523;0.660939;0.616648;0.628866;0.722795;0.679267;0.76785;0.715922;0.770141;0.786942;0.733486;0.699885;+1;0;-1;+1;-1

21.1;0.877301;0.820635;0.78254;0.833333;0.772222;0.842857;0.87381;0.824603;0.736508;0.796032;0.801587;0.641084;0.85567;0.733486;0.680794;0.747232;0.650248;0.796105;0.801451;0.78236;0.79076;0.761741;0.705995;0.67163;0.820542;0.761741;0.805269;0.764032;0.721268;0.749523;0.660939;0.616648;0.628866;0.722795;0.679267;0.76785;0.715922;0.770141;0.786942;0.733486;+1;0;+1;+1;-1

21.75;0.91002;0.821429;0.820635;0.78254;0.833333;0.772222;0.842857;0.87381;0.824603;0.736508;0.796032;0.733486;0.641084;0.85567;0.733486;0.680794;0.747232;0.650248;0.796105;0.801451;0.78236;0.79076;0.761741;0.705995;0.67163;0.820542;0.761741;0.805269;0.764032;0.721268;0.749523;0.660939;0.616648;0.628866;0.722795;0.679267;0.76785;0.715922;0.770141;0.786942;-1;0;+1;+1;-1

21.5;0.836401;0.853175;0.821429;0.820635;0.78254;0.833333;0.772222;0.842857;0.87381;0.824603;0.736508;0.728141;0.733486;0.641084;0.85567;0.733486;0.680794;0.747232;0.650248;0.796105;0.801451;0.78236;0.79076;0.761741;0.705995;0.67163;0.820542;0.761741;0.805269;0.764032;0.721268;0.749523;0.660939;0.616648;0.628866;0.722795;0.679267;0.76785;0.715922;0.770141;-1;0;-1;-1;-1

20.99;0.815133;0.781746;0.853175;0.821429;0.820635;0.78254;0.833333;0.772222;0.842857;0.87381;0.824603;0.670867;0.728141;0.733486;0.641084;0.85567;0.733486;0.680794;0.747232;0.650248;0.796105;0.801451;0.78236;0.79076;0.761741;0.705995;0.67163;0.820542;0.761741;0.805269;0.764032;0.721268;0.749523;0.660939;0.616648;0.628866;0.722795;0.679267;0.76785;0.715922;+1;0;+1;+1;-1

21;0.857669;0.761111;0.781746;0.853175;0.821429;0.820635;0.78254;0.833333;0.772222;0.842857;0.87381;0.755632;0.670867;0.728141;0.733486;0.641084;0.85567;0.733486;0.680794;0.747232;0.650248;0.796105;0.801451;0.78236;0.79076;0.761741;0.705995;0.67163;0.820542;0.761741;0.805269;0.764032;0.721268;0.749523;0.660939;0.616648;0.628866;0.722795;0.679267;0.76785;+1;0;+1;+1;-1

21.15;0.869121;0.802381;0.761111;0.781746;0.853175;0.821429;0.820635;0.78254;0.833333;0.772222;0.842857;0.802978;0.755632;0.670867;0.728141;0.733486;0.641084;0.85567;0.733486;0.680794;0.747232;0.650248;0.796105;0.801451;0.78236;0.79076;0.761741;0.705995;0.67163;0.820542;0.761741;0.805269;0.764032;0.721268;0.749523;0.660939;0.616648;0.628866;0.722795;0.679267;+1;0;+1;+1;-1

21.3;0.869121;0.813492;0.802381;0.761111;0.781746;0.853175;0.821429;0.820635;0.78254;0.833333;0.772222;0.773196;0.802978;0.755632;0.670867;0.728141;0.733486;0.641084;0.85567;0.733486;0.680794;0.747232;0.650248;0.796105;0.801451;0.78236;0.79076;0.761741;0.705995;0.67163;0.820542;0.761741;0.805269;0.764032;0.721268;0.749523;0.660939;0.616648;0.628866;0.722795;-1;0;+1;+1;-1

20.9;0.824131;0.813492;0.813492;0.802381;0.761111;0.781746;0.853175;0.821429;0.820635;0.78254;0.833333;0.705231;0.773196;0.802978;0.755632;0.670867;0.728141;0.733486;0.641084;0.85567;0.733486;0.680794;0.747232;0.650248;0.796105;0.801451;0.78236;0.79076;0.761741;0.705995;0.67163;0.820542;0.761741;0.805269;0.764032;0.721268;0.749523;0.660939;0.616648;0.628866;+1;0;-1;+1;-1

21;0.865031;0.769841;0.813492;0.813492;0.802381;0.761111;0.781746;0.853175;0.821429;0.820635;0.78254;0.764032;0.705231;0.773196;0.802978;0.755632;0.670867;0.728141;0.733486;0.641084;0.85567;0.733486;0.680794;0.747232;0.650248;0.796105;0.801451;0.78236;0.79076;0.761741;0.705995;0.67163;0.820542;0.761741;0.805269;0.764032;0.721268;0.749523;0.660939;0.616648;+1;0;+1;+1;-1

21.1;0.865031;0.809524;0.769841;0.813492;0.813492;0.802381;0.761111;0.781746;0.853175;0.821429;0.820635;0.715158;0.764032;0.705231;0.773196;0.802978;0.755632;0.670867;0.728141;0.733486;0.641084;0.85567;0.733486;0.680794;0.747232;0.650248;0.796105;0.801451;0.78236;0.79076;0.761741;0.705995;0.67163;0.820542;0.761741;0.805269;0.764032;0.721268;0.749523;0.660939;+1;0;+1;+1;-1

21.4;0.881391;0.809524;0.809524;0.769841;0.813492;0.813492;0.802381;0.761111;0.781746;0.853175;0.821429;0.751814;0.715158;0.764032;0.705231;0.773196;0.802978;0.755632;0.670867;0.728141;0.733486;0.641084;0.85567;0.733486;0.680794;0.747232;0.650248;0.796105;0.801451;0.78236;0.79076;0.761741;0.705995;0.67163;0.820542;0.761741;0.805269;0.764032;0.721268;0.749523;+1;0;+1;-1;-1

21.7;0.881391;0.825397;0.809524;0.809524;0.769841;0.813492;0.813492;0.802381;0.761111;0.781746;0.853175;0.752577;0.751814;0.715158;0.764032;0.705231;0.773196;0.802978;0.755632;0.670867;0.728141;0.733486;0.641084;0.85567;0.733486;0.680794;0.747232;0.650248;0.796105;0.801451;0.78236;0.79076;0.761741;0.705995;0.67163;0.820542;0.761741;0.805269;0.764032;0.721268;-1;0;+1;-1;-1

21.2;0.815951;0.825397;0.825397;0.809524;0.809524;0.769841;0.813492;0.813492;0.802381;0.761111;0.781746;0.783123;0.752577;0.751814;0.715158;0.764032;0.705231;0.773196;0.802978;0.755632;0.670867;0.728141;0.733486;0.641084;0.85567;0.733486;0.680794;0.747232;0.650248;0.796105;0.801451;0.78236;0.79076;0.761741;0.705995;0.67163;0.820542;0.761741;0.805269;0.764032;+1;0;+1;+1;-1

21.73;0.900204;0.761905;0.825397;0.825397;0.809524;0.809524;0.769841;0.813492;0.813492;0.802381;0.761111;0.714395;0.783123;0.752577;0.751814;0.715158;0.764032;0.705231;0.773196;0.802978;0.755632;0.670867;0.728141;0.733486;0.641084;0.85567;0.733486;0.680794;0.747232;0.650248;0.796105;0.801451;0.78236;0.79076;0.761741;0.705995;0.67163;0.820542;0.761741;0.805269;+1;0;+1;-1;-1

21.95;0.874847;0.843651;0.761905;0.825397;0.825397;0.809524;0.809524;0.769841;0.813492;0.813492;0.802381;0.69454;0.714395;0.783123;0.752577;0.751814;0.715158;0.764032;0.705231;0.773196;0.802978;0.755632;0.670867;0.728141;0.733486;0.641084;0.85567;0.733486;0.680794;0.747232;0.650248;0.796105;0.801451;0.78236;0.79076;0.761741;0.705995;0.67163;0.820542;0.761741;-1;0;+1;-1;-1

21.61;0.829039;0.819048;0.843651;0.761905;0.825397;0.825397;0.809524;0.809524;0.769841;0.813492;0.813492;0.73425;0.69454;0.714395;0.783123;0.752577;0.751814;0.715158;0.764032;0.705231;0.773196;0.802978;0.755632;0.670867;0.728141;0.733486;0.641084;0.85567;0.733486;0.680794;0.747232;0.650248;0.796105;0.801451;0.78236;0.79076;0.761741;0.705995;0.67163;0.820542;+1;0;+1;+1;-1

22;0.888753;0.774603;0.819048;0.843651;0.761905;0.825397;0.825397;0.809524;0.809524;0.769841;0.813492;0.744941;0.73425;0.69454;0.714395;0.783123;0.752577;0.751814;0.715158;0.764032;0.705231;0.773196;0.802978;0.755632;0.670867;0.728141;0.733486;0.641084;0.85567;0.733486;0.680794;0.747232;0.650248;0.796105;0.801451;0.78236;0.79076;0.761741;0.705995;0.67163;-1;0;+1;-1;-1

21.6;0.824131;0.83254;0.774603;0.819048;0.843651;0.761905;0.825397;0.825397;0.809524;0.809524;0.769841;0.744941;0.744941;0.73425;0.69454;0.714395;0.783123;0.752577;0.751814;0.715158;0.764032;0.705231;0.773196;0.802978;0.755632;0.670867;0.728141;0.733486;0.641084;0.85567;0.733486;0.680794;0.747232;0.650248;0.796105;0.801451;0.78236;0.79076;0.761741;0.705995;+1;0;+1;-1;-1

21.75;0.869121;0.769841;0.83254;0.774603;0.819048;0.843651;0.761905;0.825397;0.825397;0.809524;0.809524;0.70294;0.744941;0.744941;0.73425;0.69454;0.714395;0.783123;0.752577;0.751814;0.715158;0.764032;0.705231;0.773196;0.802978;0.755632;0.670867;0.728141;0.733486;0.641084;0.85567;0.733486;0.680794;0.747232;0.650248;0.796105;0.801451;0.78236;0.79076;0.761741;-1;0;+1;-1;-1

21.36;0.824949;0.813492;0.769841;0.83254;0.774603;0.819048;0.843651;0.761905;0.825397;0.825397;0.809524;0.741123;0.70294;0.744941;0.744941;0.73425;0.69454;0.714395;0.783123;0.752577;0.751814;0.715158;0.764032;0.705231;0.773196;0.802978;0.755632;0.670867;0.728141;0.733486;0.641084;0.85567;0.733486;0.680794;0.747232;0.650248;0.796105;0.801451;0.78236;0.79076;-1;0;+1;+1;-1

21.1;0.835583;0.770635;0.813492;0.769841;0.83254;0.774603;0.819048;0.843651;0.761905;0.825397;0.825397;0.741123;0.741123;0.70294;0.744941;0.744941;0.73425;0.69454;0.714395;0.783123;0.752577;0.751814;0.715158;0.764032;0.705231;0.773196;0.802978;0.755632;0.670867;0.728141;0.733486;0.641084;0.85567;0.733486;0.680794;0.747232;0.650248;0.796105;0.801451;0.78236;+1;0;+1;+1;-1

21.5;0.889571;0.780952;0.770635;0.813492;0.769841;0.83254;0.774603;0.819048;0.843651;0.761905;0.825397;0.756396;0.741123;0.741123;0.70294;0.744941;0.744941;0.73425;0.69454;0.714395;0.783123;0.752577;0.751814;0.715158;0.764032;0.705231;0.773196;0.802978;0.755632;0.670867;0.728141;0.733486;0.641084;0.85567;0.733486;0.680794;0.747232;0.650248;0.796105;0.801451;+1;0;+1;-1;-1

21.8;0.881391;0.833333;0.780952;0.770635;0.813492;0.769841;0.83254;0.774603;0.819048;0.843651;0.761905;0.756396;0.756396;0.741123;0.741123;0.70294;0.744941;0.744941;0.73425;0.69454;0.714395;0.783123;0.752577;0.751814;0.715158;0.764032;0.705231;0.773196;0.802978;0.755632;0.670867;0.728141;0.733486;0.641084;0.85567;0.733486;0.680794;0.747232;0.650248;0.796105;+1;0;+1;-1;-1

21.99;0.872393;0.825397;0.833333;0.780952;0.770635;0.813492;0.769841;0.83254;0.774603;0.819048;0.843651;0.695304;0.756396;0.756396;0.741123;0.741123;0.70294;0.744941;0.744941;0.73425;0.69454;0.714395;0.783123;0.752577;0.751814;0.715158;0.764032;0.705231;0.773196;0.802978;0.755632;0.670867;0.728141;0.733486;0.641084;0.85567;0.733486;0.680794;0.747232;0.650248;-1;0;+1;-1;-1

21.79;0.840491;0.816667;0.825397;0.833333;0.780952;0.770635;0.813492;0.769841;0.83254;0.774603;0.819048;0.77396;0.695304;0.756396;0.756396;0.741123;0.741123;0.70294;0.744941;0.744941;0.73425;0.69454;0.714395;0.783123;0.752577;0.751814;0.715158;0.764032;0.705231;0.773196;0.802978;0.755632;0.670867;0.728141;0.733486;0.641084;0.85567;0.733486;0.680794;0.747232;-1;0;+1;-1;-1

21.5;0.833129;0.785714;0.816667;0.825397;0.833333;0.780952;0.770635;0.813492;0.769841;0.83254;0.774603;0.750286;0.77396;0.695304;0.756396;0.756396;0.741123;0.741123;0.70294;0.744941;0.744941;0.73425;0.69454;0.714395;0.783123;0.752577;0.751814;0.715158;0.764032;0.705231;0.773196;0.802978;0.755632;0.670867;0.728141;0.733486;0.641084;0.85567;0.733486;0.680794;+1;0;+1;+1;-1

22.4;0.93047;0.778571;0.785714;0.816667;0.825397;0.833333;0.780952;0.770635;0.813492;0.769841;0.83254;0.707522;0.750286;0.77396;0.695304;0.756396;0.756396;0.741123;0.741123;0.70294;0.744941;0.744941;0.73425;0.69454;0.714395;0.783123;0.752577;0.751814;0.715158;0.764032;0.705231;0.773196;0.802978;0.755632;0.670867;0.728141;0.733486;0.641084;0.85567;0.733486;+1;0;+1;-1;-1

22.88;0.896115;0.873016;0.778571;0.785714;0.816667;0.825397;0.833333;0.780952;0.770635;0.813492;0.769841;0.763268;0.707522;0.750286;0.77396;0.695304;0.756396;0.756396;0.741123;0.741123;0.70294;0.744941;0.744941;0.73425;0.69454;0.714395;0.783123;0.752577;0.751814;0.715158;0.764032;0.705231;0.773196;0.802978;0.755632;0.670867;0.728141;0.733486;0.641084;0.85567;+1;0;+1;-1;-1

23.7;0.923926;0.839683;0.873016;0.778571;0.785714;0.816667;0.825397;0.833333;0.780952;0.770635;0.813492;0.70294;0.763268;0.707522;0.750286;0.77396;0.695304;0.756396;0.756396;0.741123;0.741123;0.70294;0.744941;0.744941;0.73425;0.69454;0.714395;0.783123;0.752577;0.751814;0.715158;0.764032;0.705231;0.773196;0.802978;0.755632;0.670867;0.728141;0.733486;0.641084;-1;0;+1;-1;-1

23;0.799591;0.866667;0.839683;0.873016;0.778571;0.785714;0.816667;0.825397;0.833333;0.780952;0.770635;0.744941;0.70294;0.763268;0.707522;0.750286;0.77396;0.695304;0.756396;0.756396;0.741123;0.741123;0.70294;0.744941;0.744941;0.73425;0.69454;0.714395;0.783123;0.752577;0.751814;0.715158;0.764032;0.705231;0.773196;0.802978;0.755632;0.670867;0.728141;0.733486;-1;0;+1;-1;-1

22.9;0.848671;0.746032;0.866667;0.839683;0.873016;0.778571;0.785714;0.816667;0.825397;0.833333;0.780952;0.703704;0.744941;0.70294;0.763268;0.707522;0.750286;0.77396;0.695304;0.756396;0.756396;0.741123;0.741123;0.70294;0.744941;0.744941;0.73425;0.69454;0.714395;0.783123;0.752577;0.751814;0.715158;0.764032;0.705231;0.773196;0.802978;0.755632;0.670867;0.728141;-1;0;+1;-1;-1

22.01;0.784049;0.793651;0.746032;0.866667;0.839683;0.873016;0.778571;0.785714;0.816667;0.825397;0.833333;0.713631;0.703704;0.744941;0.70294;0.763268;0.707522;0.750286;0.77396;0.695304;0.756396;0.756396;0.741123;0.741123;0.70294;0.744941;0.744941;0.73425;0.69454;0.714395;0.783123;0.752577;0.751814;0.715158;0.764032;0.705231;0.773196;0.802978;0.755632;0.670867;+1;0;+1;-1;-1

22.35;0.884663;0.730952;0.793651;0.746032;0.866667;0.839683;0.873016;0.778571;0.785714;0.816667;0.825397;0.764032;0.713631;0.703704;0.744941;0.70294;0.763268;0.707522;0.750286;0.77396;0.695304;0.756396;0.756396;0.741123;0.741123;0.70294;0.744941;0.744941;0.73425;0.69454;0.714395;0.783123;0.752577;0.751814;0.715158;0.764032;0.705231;0.773196;0.802978;0.755632;+1;0;+1;-1;-1

23.05;0.91411;0.828571;0.730952;0.793651;0.746032;0.866667;0.839683;0.873016;0.778571;0.785714;0.816667;0.756396;0.764032;0.713631;0.703704;0.744941;0.70294;0.763268;0.707522;0.750286;0.77396;0.695304;0.756396;0.756396;0.741123;0.741123;0.70294;0.744941;0.744941;0.73425;0.69454;0.714395;0.783123;0.752577;0.751814;0.715158;0.764032;0.705231;0.773196;0.802978;-1;0;+1;-1;-1

22.97;0.850307;0.857143;0.828571;0.730952;0.793651;0.746032;0.866667;0.839683;0.873016;0.778571;0.785714;0.747995;0.756396;0.764032;0.713631;0.703704;0.744941;0.70294;0.763268;0.707522;0.750286;0.77396;0.695304;0.756396;0.756396;0.741123;0.741123;0.70294;0.744941;0.744941;0.73425;0.69454;0.714395;0.783123;0.752577;0.751814;0.715158;0.764032;0.705231;0.773196;+1;0;+1;-1;-1

24.35;0.969734;0.795238;0.857143;0.828571;0.730952;0.793651;0.746032;0.866667;0.839683;0.873016;0.778571;0.718213;0.747995;0.756396;0.764032;0.713631;0.703704;0.744941;0.70294;0.763268;0.707522;0.750286;0.77396;0.695304;0.756396;0.756396;0.741123;0.741123;0.70294;0.744941;0.744941;0.73425;0.69454;0.714395;0.783123;0.752577;0.751814;0.715158;0.764032;0.705231;+1;0;+1;-1;-1

25;0.91002;0.911111;0.795238;0.857143;0.828571;0.730952;0.793651;0.746032;0.866667;0.839683;0.873016;0.71134;0.718213;0.747995;0.756396;0.764032;0.713631;0.703704;0.744941;0.70294;0.763268;0.707522;0.750286;0.77396;0.695304;0.756396;0.756396;0.741123;0.741123;0.70294;0.744941;0.744941;0.73425;0.69454;0.714395;0.783123;0.752577;0.751814;0.715158;0.764032;-1;0;+1;-1;-1

24.03;0.777505;0.853175;0.911111;0.795238;0.857143;0.828571;0.730952;0.793651;0.746032;0.866667;0.839683;0.802215;0.71134;0.718213;0.747995;0.756396;0.764032;0.713631;0.703704;0.744941;0.70294;0.763268;0.707522;0.750286;0.77396;0.695304;0.756396;0.756396;0.741123;0.741123;0.70294;0.744941;0.744941;0.73425;0.69454;0.714395;0.783123;0.752577;0.751814;0.715158;-1;0;+1;-1;-1

23.11;0.781595;0.724603;0.853175;0.911111;0.795238;0.857143;0.828571;0.730952;0.793651;0.746032;0.866667;0.770141;0.802215;0.71134;0.718213;0.747995;0.756396;0.764032;0.713631;0.703704;0.744941;0.70294;0.763268;0.707522;0.750286;0.77396;0.695304;0.756396;0.756396;0.741123;0.741123;0.70294;0.744941;0.744941;0.73425;0.69454;0.714395;0.783123;0.752577;0.751814;-1;0;+1;-1;-1

23;0.847853;0.728571;0.724603;0.853175;0.911111;0.795238;0.857143;0.828571;0.730952;0.793651;0.746032;0.796105;0.770141;0.802215;0.71134;0.718213;0.747995;0.756396;0.764032;0.713631;0.703704;0.744941;0.70294;0.763268;0.707522;0.750286;0.77396;0.695304;0.756396;0.756396;0.741123;0.741123;0.70294;0.744941;0.744941;0.73425;0.69454;0.714395;0.783123;0.752577;-1;0;+1;-1;-1

23;0.856851;0.792857;0.728571;0.724603;0.853175;0.911111;0.795238;0.857143;0.828571;0.730952;0.793651;0.680031;0.796105;0.770141;0.802215;0.71134;0.718213;0.747995;0.756396;0.764032;0.713631;0.703704;0.744941;0.70294;0.763268;0.707522;0.750286;0.77396;0.695304;0.756396;0.756396;0.741123;0.741123;0.70294;0.744941;0.744941;0.73425;0.69454;0.714395;0.783123;-1;0;+1;-1;-1

23;0.856851;0.801587;0.792857;0.728571;0.724603;0.853175;0.911111;0.795238;0.857143;0.828571;0.730952;0.72585;0.680031;0.796105;0.770141;0.802215;0.71134;0.718213;0.747995;0.756396;0.764032;0.713631;0.703704;0.744941;0.70294;0.763268;0.707522;0.750286;0.77396;0.695304;0.756396;0.756396;0.741123;0.741123;0.70294;0.744941;0.744941;0.73425;0.69454;0.714395;+1;0;+1;-1;-1

24.75;1;0.801587;0.801587;0.792857;0.728571;0.724603;0.853175;0.911111;0.795238;0.857143;0.828571;0.665521;0.72585;0.680031;0.796105;0.770141;0.802215;0.71134;0.718213;0.747995;0.756396;0.764032;0.713631;0.703704;0.744941;0.70294;0.763268;0.707522;0.750286;0.77396;0.695304;0.756396;0.756396;0.741123;0.741123;0.70294;0.744941;0.744941;0.73425;0.69454;+1;0;+1;-1;-1

25;0.877301;0.940476;0.801587;0.801587;0.792857;0.728571;0.724603;0.853175;0.911111;0.795238;0.857143;0.75945;0.665521;0.72585;0.680031;0.796105;0.770141;0.802215;0.71134;0.718213;0.747995;0.756396;0.764032;0.713631;0.703704;0.744941;0.70294;0.763268;0.707522;0.750286;0.77396;0.695304;0.756396;0.756396;0.741123;0.741123;0.70294;0.744941;0.744941;0.73425;-1;0;+1;-1;-1

24.98;0.855215;0.821429;0.940476;0.801587;0.801587;0.792857;0.728571;0.724603;0.853175;0.911111;0.795238;0.786942;0.75945;0.665521;0.72585;0.680031;0.796105;0.770141;0.802215;0.71134;0.718213;0.747995;0.756396;0.764032;0.713631;0.703704;0.744941;0.70294;0.763268;0.707522;0.750286;0.77396;0.695304;0.756396;0.756396;0.741123;0.741123;0.70294;0.744941;0.744941;-1;0;+1;-1;-1

24.75;0.838037;0.8;0.821429;0.940476;0.801587;0.801587;0.792857;0.728571;0.724603;0.853175;0.911111;0.727377;0.786942;0.75945;0.665521;0.72585;0.680031;0.796105;0.770141;0.802215;0.71134;0.718213;0.747995;0.756396;0.764032;0.713631;0.703704;0.744941;0.70294;0.763268;0.707522;0.750286;0.77396;0.695304;0.756396;0.756396;0.741123;0.741123;0.70294;0.744941;-1;0;+1;-1;-1

