54.01;0.0540185;-0.00131752;-0.765481;0.343874;-0.162055;-0.422925;0.815547;0.736495;0.776021;-0.0144927;1;-0.240479;-0.262242;0.368879;-0.109902;-0.151251;0.0184984;-0.0337323;-0.0990207;-0.00108815;-0.458107;-0.109902;-0.434168;-0.242655;-0.17519;-0.21654;0.0184984;-0.129489;0.0620239;-0.316649;-0.0990207;0.336235;-0.360174;-0.131665;-0.436344;-0.371055;-0.447225;-0.947769;-0.436344;-0.196953;-0.196953;0.292709;0.0554951;-0.373232;-0.218716;-0.458107;-0.21654;-0.155604;0.214363;-0.085963;-0.262242;-0.458107;0.368879;-0.392818;-0.240479;-0.501632;-0.0949721;-0.358659;-0.188827;-0.631285;-1;0;-1;+1;-1

53.7;-0.0566535;0.0540185;-0.00131752;-0.765481;0.343874;-0.162055;-0.422925;0.815547;0.736495;0.776021;-0.186072;1;-0.240479;-0.262242;0.368879;-0.109902;-0.151251;0.0184984;-0.0337323;-0.0990207;-0.00108815;-0.458107;-0.109902;-0.434168;-0.242655;-0.17519;-0.21654;0.0184984;-0.129489;0.0620239;-0.316649;-0.0990207;0.336235;-0.360174;-0.131665;-0.436344;-0.371055;-0.447225;-0.947769;-0.436344;-0.196953;-0.196953;0.292709;0.0554951;-0.373232;-0.218716;-0.458107;-0.21654;-0.155604;0.214363;-0.085963;-0.262242;-0.458107;0.368879;-0.392818;-0.240479;-0.541899;-0.0949721;-0.358659;-0.188827;+1;0;+1;+1;-1

57.2;0.947299;-0.0566535;0.0540185;-0.00131752;-0.765481;0.343874;-0.162055;-0.422925;0.815547;0.736495;0.466812;-0.186072;1;-0.240479;-0.262242;0.368879;-0.109902;-0.151251;0.0184984;-0.0337323;-0.0990207;-0.00108815;-0.458107;-0.109902;-0.434168;-0.242655;-0.17519;-0.21654;0.0184984;-0.129489;0.0620239;-0.316649;-0.0990207;0.336235;-0.360174;-0.131665;-0.436344;-0.371055;-0.447225;-0.947769;-0.436344;-0.196953;-0.196953;0.292709;0.0554951;-0.373232;-0.218716;-0.458107;-0.21654;-0.155604;0.214363;-0.085963;-0.262242;-0.458107;0.368879;-0.392818;-0.273743;-0.541899;-0.0949721;-0.358659;+1;0;-1;+1;-1

57.8;0.183136;0.947299;-0.0566535;0.0540185;-0.00131752;-0.765481;0.343874;-0.162055;-0.422925;0.815547;0.434168;0.466812;-0.186072;1;-0.240479;-0.262242;0.368879;-0.109902;-0.151251;0.0184984;-0.0337323;-0.0990207;-0.00108815;-0.458107;-0.109902;-0.434168;-0.242655;-0.17519;-0.21654;0.0184984;-0.129489;0.0620239;-0.316649;-0.0990207;0.336235;-0.360174;-0.131665;-0.436344;-0.371055;-0.447225;-0.947769;-0.436344;-0.196953;-0.196953;0.292709;0.0554951;-0.373232;-0.218716;-0.458107;-0.21654;-0.155604;0.214363;-0.085963;-0.262242;-0.458107;0.368879;-0.430168;-0.273743;-0.541899;-0.0949721;+1;0;-1;+1;-1

58.7;0.262187;0.183136;0.947299;-0.0566535;0.0540185;-0.00131752;-0.765481;0.343874;-0.162055;-0.422925;0.499456;0.434168;0.466812;-0.186072;1;-0.240479;-0.262242;0.368879;-0.109902;-0.151251;0.0184984;-0.0337323;-0.0990207;-0.00108815;-0.458107;-0.109902;-0.434168;-0.242655;-0.17519;-0.21654;0.0184984;-0.129489;0.0620239;-0.316649;-0.0990207;0.336235;-0.360174;-0.131665;-0.436344;-0.371055;-0.447225;-0.947769;-0.436344;-0.196953;-0.196953;0.292709;0.0554951;-0.373232;-0.218716;-0.458107;-0.21654;-0.155604;0.214363;-0.085963;-0.262242;-0.458107;0.351955;-0.430168;-0.273743;-0.541899;-1;0;-1;+1;-1

57.6;-0.264822;0.262187;0.183136;0.947299;-0.0566535;0.0540185;-0.00131752;-0.765481;0.343874;-0.162055;-0.523395;0.499456;0.434168;0.466812;-0.186072;1;-0.240479;-0.262242;0.368879;-0.109902;-0.151251;0.0184984;-0.0337323;-0.0990207;-0.00108815;-0.458107;-0.109902;-0.434168;-0.242655;-0.17519;-0.21654;0.0184984;-0.129489;0.0620239;-0.316649;-0.0990207;0.336235;-0.360174;-0.131665;-0.436344;-0.371055;-0.447225;-0.947769;-0.436344;-0.196953;-0.196953;0.292709;0.0554951;-0.373232;-0.218716;-0.458107;-0.21654;-0.155604;0.214363;-0.085963;-0.262242;-0.497207;0.351955;-0.430168;-0.273743;-1;0;+1;+1;-1

56.25;-0.330698;-0.264822;0.262187;0.183136;0.947299;-0.0566535;0.0540185;-0.00131752;-0.765481;0.343874;-0.307943;-0.523395;0.499456;0.434168;0.466812;-0.186072;1;-0.240479;-0.262242;0.368879;-0.109902;-0.151251;0.0184984;-0.0337323;-0.0990207;-0.00108815;-0.458107;-0.109902;-0.434168;-0.242655;-0.17519;-0.21654;0.0184984;-0.129489;0.0620239;-0.316649;-0.0990207;0.336235;-0.360174;-0.131665;-0.436344;-0.371055;-0.447225;-0.947769;-0.436344;-0.196953;-0.196953;0.292709;0.0554951;-0.373232;-0.218716;-0.458107;-0.21654;-0.155604;0.214363;-0.085963;-0.296089;-0.497207;0.351955;-0.430168;-1;0;-1;+1;-1

54.1;-0.541502;-0.330698;-0.264822;0.262187;0.183136;0.947299;-0.0566535;0.0540185;-0.00131752;-0.765481;0.109902;-0.307943;-0.523395;0.499456;0.434168;0.466812;-0.186072;1;-0.240479;-0.262242;0.368879;-0.109902;-0.151251;0.0184984;-0.0337323;-0.0990207;-0.00108815;-0.458107;-0.109902;-0.434168;-0.242655;-0.17519;-0.21654;0.0184984;-0.129489;0.0620239;-0.316649;-0.0990207;0.336235;-0.360174;-0.131665;-0.436344;-0.371055;-0.447225;-0.947769;-0.436344;-0.196953;-0.196953;0.292709;0.0554951;-0.373232;-0.218716;-0.458107;-0.21654;-0.155604;0.214363;-0.115084;-0.296089;-0.497207;0.351955;-1;0;-1;+1;-1

53.8;-0.0540184;-0.541502;-0.330698;-0.264822;0.262187;0.183136;0.947299;-0.0566535;0.0540185;-0.00131752;-0.806311;0.109902;-0.307943;-0.523395;0.499456;0.434168;0.466812;-0.186072;1;-0.240479;-0.262242;0.368879;-0.109902;-0.151251;0.0184984;-0.0337323;-0.0990207;-0.00108815;-0.458107;-0.109902;-0.434168;-0.242655;-0.17519;-0.21654;0.0184984;-0.129489;0.0620239;-0.316649;-0.0990207;0.336235;-0.360174;-0.131665;-0.436344;-0.371055;-0.447225;-0.947769;-0.436344;-0.196953;-0.196953;0.292709;0.0554951;-0.373232;-0.218716;-0.458107;-0.21654;-0.155604;0.193296;-0.115084;-0.296089;-0.497207;-1;0;-1;+1;-1

52.8;-0.238472;-0.0540184;-0.541502;-0.330698;-0.264822;0.262187;0.183136;0.947299;-0.0566535;0.0540185;-0.17519;-0.806311;0.109902;-0.307943;-0.523395;0.499456;0.434168;0.466812;-0.186072;1;-0.240479;-0.262242;0.368879;-0.109902;-0.151251;0.0184984;-0.0337323;-0.0990207;-0.00108815;-0.458107;-0.109902;-0.434168;-0.242655;-0.17519;-0.21654;0.0184984;-0.129489;0.0620239;-0.316649;-0.0990207;0.336235;-0.360174;-0.131665;-0.436344;-0.371055;-0.447225;-0.947769;-0.436344;-0.196953;-0.196953;0.292709;0.0554951;-0.373232;-0.218716;-0.458107;-0.21654;-0.186592;0.193296;-0.115084;-0.296089;-1;0;+1;+1;-1

52;-0.185771;-0.238472;-0.0540184;-0.541502;-0.330698;-0.264822;0.262187;0.183136;0.947299;-0.0566535;-0.129489;-0.17519;-0.806311;0.109902;-0.307943;-0.523395;0.499456;0.434168;0.466812;-0.186072;1;-0.240479;-0.262242;0.368879;-0.109902;-0.151251;0.0184984;-0.0337323;-0.0990207;-0.00108815;-0.458107;-0.109902;-0.434168;-0.242655;-0.17519;-0.21654;0.0184984;-0.129489;0.0620239;-0.316649;-0.0990207;0.336235;-0.360174;-0.131665;-0.436344;-0.371055;-0.447225;-0.947769;-0.436344;-0.196953;-0.196953;0.292709;0.0554951;-0.373232;-0.218716;-0.458107;-0.249162;-0.186592;0.193296;-0.115084;-1;0;-1;+1;-1

50.8;-0.291173;-0.185771;-0.238472;-0.0540184;-0.541502;-0.330698;-0.264822;0.262187;0.183136;0.947299;-0.220892;-0.129489;-0.17519;-0.806311;0.109902;-0.307943;-0.523395;0.499456;0.434168;0.466812;-0.186072;1;-0.240479;-0.262242;0.368879;-0.109902;-0.151251;0.0184984;-0.0337323;-0.0990207;-0.00108815;-0.458107;-0.109902;-0.434168;-0.242655;-0.17519;-0.21654;0.0184984;-0.129489;0.0620239;-0.316649;-0.0990207;0.336235;-0.360174;-0.131665;-0.436344;-0.371055;-0.447225;-0.947769;-0.436344;-0.196953;-0.196953;0.292709;0.0554951;-0.373232;-0.218716;-0.497207;-0.249162;-0.186592;0.193296;-1;0;-1;+1;-1

49.9;-0.212121;-0.291173;-0.185771;-0.238472;-0.0540184;-0.541502;-0.330698;-0.264822;0.262187;0.183136;0.60827;-0.220892;-0.129489;-0.17519;-0.806311;0.109902;-0.307943;-0.523395;0.499456;0.434168;0.466812;-0.186072;1;-0.240479;-0.262242;0.368879;-0.109902;-0.151251;0.0184984;-0.0337323;-0.0990207;-0.00108815;-0.458107;-0.109902;-0.434168;-0.242655;-0.17519;-0.21654;0.0184984;-0.129489;0.0620239;-0.316649;-0.0990207;0.336235;-0.360174;-0.131665;-0.436344;-0.371055;-0.447225;-0.947769;-0.436344;-0.196953;-0.196953;0.292709;0.0554951;-0.373232;-0.251397;-0.497207;-0.249162;-0.186592;-1;0;-1;+1;-1

47.7;-0.554677;-0.212121;-0.291173;-0.185771;-0.238472;-0.0540184;-0.541502;-0.330698;-0.264822;0.262187;-0.0228509;0.60827;-0.220892;-0.129489;-0.17519;-0.806311;0.109902;-0.307943;-0.523395;0.499456;0.434168;0.466812;-0.186072;1;-0.240479;-0.262242;0.368879;-0.109902;-0.151251;0.0184984;-0.0337323;-0.0990207;-0.00108815;-0.458107;-0.109902;-0.434168;-0.242655;-0.17519;-0.21654;0.0184984;-0.129489;0.0620239;-0.316649;-0.0990207;0.336235;-0.360174;-0.131665;-0.436344;-0.371055;-0.447225;-0.947769;-0.436344;-0.196953;-0.196953;0.292709;0.0554951;-0.410056;-0.251397;-0.497207;-0.249162;-1;0;-1;+1;-1

47;-0.15942;-0.554677;-0.212121;-0.291173;-0.185771;-0.238472;-0.0540184;-0.541502;-0.330698;-0.264822;0.0424374;-0.0228509;0.60827;-0.220892;-0.129489;-0.17519;-0.806311;0.109902;-0.307943;-0.523395;0.499456;0.434168;0.466812;-0.186072;1;-0.240479;-0.262242;0.368879;-0.109902;-0.151251;0.0184984;-0.0337323;-0.0990207;-0.00108815;-0.458107;-0.109902;-0.434168;-0.242655;-0.17519;-0.21654;0.0184984;-0.129489;0.0620239;-0.316649;-0.0990207;0.336235;-0.360174;-0.131665;-0.436344;-0.371055;-0.447225;-0.947769;-0.436344;-0.196953;-0.196953;0.292709;0.0301676;-0.410056;-0.251397;-0.497207;+1;0;+1;+1;-1

49;0.552042;-0.15942;-0.554677;-0.212121;-0.291173;-0.185771;-0.238472;-0.0540184;-0.541502;-0.330698;-0.392818;0.0424374;-0.0228509;0.60827;-0.220892;-0.129489;-0.17519;-0.806311;0.109902;-0.307943;-0.523395;0.499456;0.434168;0.466812;-0.186072;1;-0.240479;-0.262242;0.368879;-0.109902;-0.151251;0.0184984;-0.0337323;-0.0990207;-0.00108815;-0.458107;-0.109902;-0.434168;-0.242655;-0.17519;-0.21654;0.0184984;-0.129489;0.0620239;-0.316649;-0.0990207;0.336235;-0.360174;-0.131665;-0.436344;-0.371055;-0.447225;-0.947769;-0.436344;-0.196953;-0.196953;0.273743;0.0301676;-0.410056;-0.251397;-1;0;-1;+1;-1

48;-0.238472;0.552042;-0.15942;-0.554677;-0.212121;-0.291173;-0.185771;-0.238472;-0.0540184;-0.541502;-0.447225;-0.392818;0.0424374;-0.0228509;0.60827;-0.220892;-0.129489;-0.17519;-0.806311;0.109902;-0.307943;-0.523395;0.499456;0.434168;0.466812;-0.186072;1;-0.240479;-0.262242;0.368879;-0.109902;-0.151251;0.0184984;-0.0337323;-0.0990207;-0.00108815;-0.458107;-0.109902;-0.434168;-0.242655;-0.17519;-0.21654;0.0184984;-0.129489;0.0620239;-0.316649;-0.0990207;0.336235;-0.360174;-0.131665;-0.436344;-0.371055;-0.447225;-0.947769;-0.436344;-0.196953;-0.22905;0.273743;0.0301676;-0.410056;+1;0;+1;+1;-1

50.5;0.683794;-0.238472;0.552042;-0.15942;-0.554677;-0.212121;-0.291173;-0.185771;-0.238472;-0.0540184;-0.621328;-0.447225;-0.392818;0.0424374;-0.0228509;0.60827;-0.220892;-0.129489;-0.17519;-0.806311;0.109902;-0.307943;-0.523395;0.499456;0.434168;0.466812;-0.186072;1;-0.240479;-0.262242;0.368879;-0.109902;-0.151251;0.0184984;-0.0337323;-0.0990207;-0.00108815;-0.458107;-0.109902;-0.434168;-0.242655;-0.17519;-0.21654;0.0184984;-0.129489;0.0620239;-0.316649;-0.0990207;0.336235;-0.360174;-0.131665;-0.436344;-0.371055;-0.447225;-0.947769;-0.436344;-0.22905;-0.22905;0.273743;0.0301676;+1;0;+1;+1;-1

52.5;0.552042;0.683794;-0.238472;0.552042;-0.15942;-0.554677;-0.212121;-0.291173;-0.185771;-0.238472;-0.218716;-0.621328;-0.447225;-0.392818;0.0424374;-0.0228509;0.60827;-0.220892;-0.129489;-0.17519;-0.806311;0.109902;-0.307943;-0.523395;0.499456;0.434168;0.466812;-0.186072;1;-0.240479;-0.262242;0.368879;-0.109902;-0.151251;0.0184984;-0.0337323;-0.0990207;-0.00108815;-0.458107;-0.109902;-0.434168;-0.242655;-0.17519;-0.21654;0.0184984;-0.129489;0.0620239;-0.316649;-0.0990207;0.336235;-0.360174;-0.131665;-0.436344;-0.371055;-0.447225;-0.947769;-0.47486;-0.22905;-0.22905;0.273743;-1;0;-1;+1;-1

52.4;-0.00131752;0.552042;0.683794;-0.238472;0.552042;-0.15942;-0.554677;-0.212121;-0.291173;-0.185771;-0.371055;-0.218716;-0.621328;-0.447225;-0.392818;0.0424374;-0.0228509;0.60827;-0.220892;-0.129489;-0.17519;-0.806311;0.109902;-0.307943;-0.523395;0.499456;0.434168;0.466812;-0.186072;1;-0.240479;-0.262242;0.368879;-0.109902;-0.151251;0.0184984;-0.0337323;-0.0990207;-0.00108815;-0.458107;-0.109902;-0.434168;-0.242655;-0.17519;-0.21654;0.0184984;-0.129489;0.0620239;-0.316649;-0.0990207;0.336235;-0.360174;-0.131665;-0.436344;-0.371055;-0.447225;-1;-0.47486;-0.22905;-0.22905;-1;0;-1;+1;-1

50.99;-0.346509;-0.00131752;0.552042;0.683794;-0.238472;0.552042;-0.15942;-0.554677;-0.212121;-0.291173;-0.32753;-0.371055;-0.218716;-0.621328;-0.447225;-0.392818;0.0424374;-0.0228509;0.60827;-0.220892;-0.129489;-0.17519;-0.806311;0.109902;-0.307943;-0.523395;0.499456;0.434168;0.466812;-0.186072;1;-0.240479;-0.262242;0.368879;-0.109902;-0.151251;0.0184984;-0.0337323;-0.0990207;-0.00108815;-0.458107;-0.109902;-0.434168;-0.242655;-0.17519;-0.21654;0.0184984;-0.129489;0.0620239;-0.316649;-0.0990207;0.336235;-0.360174;-0.131665;-0.436344;-0.371055;-0.486034;-1;-0.47486;-0.22905;+1;0;+1;+1;-1

52.99;0.552042;-0.346509;-0.00131752;0.552042;0.683794;-0.238472;0.552042;-0.15942;-0.554677;-0.212121;-0.414581;-0.32753;-0.371055;-0.218716;-0.621328;-0.447225;-0.392818;0.0424374;-0.0228509;0.60827;-0.220892;-0.129489;-0.17519;-0.806311;0.109902;-0.307943;-0.523395;0.499456;0.434168;0.466812;-0.186072;1;-0.240479;-0.262242;0.368879;-0.109902;-0.151251;0.0184984;-0.0337323;-0.0990207;-0.00108815;-0.458107;-0.109902;-0.434168;-0.242655;-0.17519;-0.21654;0.0184984;-0.129489;0.0620239;-0.316649;-0.0990207;0.336235;-0.360174;-0.131665;-0.436344;-0.407821;-0.486034;-1;-0.47486;+1;0;+1;+1;-1

54.97;0.546772;0.552042;-0.346509;-0.00131752;0.552042;0.683794;-0.238472;0.552042;-0.15942;-0.554677;-0.349293;-0.414581;-0.32753;-0.371055;-0.218716;-0.621328;-0.447225;-0.392818;0.0424374;-0.0228509;0.60827;-0.220892;-0.129489;-0.17519;-0.806311;0.109902;-0.307943;-0.523395;0.499456;0.434168;0.466812;-0.186072;1;-0.240479;-0.262242;0.368879;-0.109902;-0.151251;0.0184984;-0.0337323;-0.0990207;-0.00108815;-0.458107;-0.109902;-0.434168;-0.242655;-0.17519;-0.21654;0.0184984;-0.129489;0.0620239;-0.316649;-0.0990207;0.336235;-0.360174;-0.131665;-0.47486;-0.407821;-0.486034;-1;+1;0;+1;+1;-1

56.5;0.428195;0.546772;0.552042;-0.346509;-0.00131752;0.552042;0.683794;-0.238472;0.552042;-0.15942;-0.632209;-0.349293;-0.414581;-0.32753;-0.371055;-0.218716;-0.621328;-0.447225;-0.392818;0.0424374;-0.0228509;0.60827;-0.220892;-0.129489;-0.17519;-0.806311;0.109902;-0.307943;-0.523395;0.499456;0.434168;0.466812;-0.186072;1;-0.240479;-0.262242;0.368879;-0.109902;-0.151251;0.0184984;-0.0337323;-0.0990207;-0.00108815;-0.458107;-0.109902;-0.434168;-0.242655;-0.17519;-0.21654;0.0184984;-0.129489;0.0620239;-0.316649;-0.0990207;0.336235;-0.360174;-0.162011;-0.47486;-0.407821;-0.486034;-1;0;-1;+1;-1

54;-0.633729;0.428195;0.546772;0.552042;-0.346509;-0.00131752;0.552042;0.683794;-0.238472;0.552042;-0.305767;-0.632209;-0.349293;-0.414581;-0.32753;-0.371055;-0.218716;-0.621328;-0.447225;-0.392818;0.0424374;-0.0228509;0.60827;-0.220892;-0.129489;-0.17519;-0.806311;0.109902;-0.307943;-0.523395;0.499456;0.434168;0.466812;-0.186072;1;-0.240479;-0.262242;0.368879;-0.109902;-0.151251;0.0184984;-0.0337323;-0.0990207;-0.00108815;-0.458107;-0.109902;-0.434168;-0.242655;-0.17519;-0.21654;0.0184984;-0.129489;0.0620239;-0.316649;-0.0990207;0.336235;-0.396648;-0.162011;-0.47486;-0.407821;-1;0;-1;+1;-1

51.99;-0.504611;-0.633729;0.428195;0.546772;0.552042;-0.346509;-0.00131752;0.552042;0.683794;-0.238472;0.281828;-0.305767;-0.632209;-0.349293;-0.414581;-0.32753;-0.371055;-0.218716;-0.621328;-0.447225;-0.392818;0.0424374;-0.0228509;0.60827;-0.220892;-0.129489;-0.17519;-0.806311;0.109902;-0.307943;-0.523395;0.499456;0.434168;0.466812;-0.186072;1;-0.240479;-0.262242;0.368879;-0.109902;-0.151251;0.0184984;-0.0337323;-0.0990207;-0.00108815;-0.458107;-0.109902;-0.434168;-0.242655;-0.17519;-0.21654;0.0184984;-0.129489;0.0620239;-0.316649;-0.0990207;0.318436;-0.396648;-0.162011;-0.47486;-1;0;-1;+1;-1

49.99;-0.501976;-0.504611;-0.633729;0.428195;0.546772;0.552042;-0.346509;-0.00131752;0.552042;0.683794;-0.371055;0.281828;-0.305767;-0.632209;-0.349293;-0.414581;-0.32753;-0.371055;-0.218716;-0.621328;-0.447225;-0.392818;0.0424374;-0.0228509;0.60827;-0.220892;-0.129489;-0.17519;-0.806311;0.109902;-0.307943;-0.523395;0.499456;0.434168;0.466812;-0.186072;1;-0.240479;-0.262242;0.368879;-0.109902;-0.151251;0.0184984;-0.0337323;-0.0990207;-0.00108815;-0.458107;-0.109902;-0.434168;-0.242655;-0.17519;-0.21654;0.0184984;-0.129489;0.0620239;-0.316649;-0.128492;0.318436;-0.396648;-0.162011;+1;0;-1;+1;-1

53.5;0.949934;-0.501976;-0.504611;-0.633729;0.428195;0.546772;0.552042;-0.346509;-0.00131752;0.552042;0.390642;-0.371055;0.281828;-0.305767;-0.632209;-0.349293;-0.414581;-0.32753;-0.371055;-0.218716;-0.621328;-0.447225;-0.392818;0.0424374;-0.0228509;0.60827;-0.220892;-0.129489;-0.17519;-0.806311;0.109902;-0.307943;-0.523395;0.499456;0.434168;0.466812;-0.186072;1;-0.240479;-0.262242;0.368879;-0.109902;-0.151251;0.0184984;-0.0337323;-0.0990207;-0.00108815;-0.458107;-0.109902;-0.434168;-0.242655;-0.17519;-0.21654;0.0184984;-0.129489;0.0620239;-0.351955;-0.128492;0.318436;-0.396648;-1;0;-1;+1;-1

52.99;-0.109354;0.949934;-0.501976;-0.504611;-0.633729;0.428195;0.546772;0.552042;-0.346509;-0.00131752;0.281828;0.390642;-0.371055;0.281828;-0.305767;-0.632209;-0.349293;-0.414581;-0.32753;-0.371055;-0.218716;-0.621328;-0.447225;-0.392818;0.0424374;-0.0228509;0.60827;-0.220892;-0.129489;-0.17519;-0.806311;0.109902;-0.307943;-0.523395;0.499456;0.434168;0.466812;-0.186072;1;-0.240479;-0.262242;0.368879;-0.109902;-0.151251;0.0184984;-0.0337323;-0.0990207;-0.00108815;-0.458107;-0.109902;-0.434168;-0.242655;-0.17519;-0.21654;0.0184984;-0.129489;0.0368715;-0.351955;-0.128492;0.318436;-1;0;-1;+1;-1

50.8;-0.552042;-0.109354;0.949934;-0.501976;-0.504611;-0.633729;0.428195;0.546772;0.552042;-0.346509;-0.17519;0.281828;0.390642;-0.371055;0.281828;-0.305767;-0.632209;-0.349293;-0.414581;-0.32753;-0.371055;-0.218716;-0.621328;-0.447225;-0.392818;0.0424374;-0.0228509;0.60827;-0.220892;-0.129489;-0.17519;-0.806311;0.109902;-0.307943;-0.523395;0.499456;0.434168;0.466812;-0.186072;1;-0.240479;-0.262242;0.368879;-0.109902;-0.151251;0.0184984;-0.0337323;-0.0990207;-0.00108815;-0.458107;-0.109902;-0.434168;-0.242655;-0.17519;-0.21654;0.0184984;-0.159777;0.0368715;-0.351955;-0.128492;-1;0;+1;+1;-1

50.7;-0.00131752;-0.552042;-0.109354;0.949934;-0.501976;-0.504611;-0.633729;0.428195;0.546772;0.552042;-0.460283;-0.17519;0.281828;0.390642;-0.371055;0.281828;-0.305767;-0.632209;-0.349293;-0.414581;-0.32753;-0.371055;-0.218716;-0.621328;-0.447225;-0.392818;0.0424374;-0.0228509;0.60827;-0.220892;-0.129489;-0.17519;-0.806311;0.109902;-0.307943;-0.523395;0.499456;0.434168;0.466812;-0.186072;1;-0.240479;-0.262242;0.368879;-0.109902;-0.151251;0.0184984;-0.0337323;-0.0990207;-0.00108815;-0.458107;-0.109902;-0.434168;-0.242655;-0.17519;-0.21654;-0.00782123;-0.159777;0.0368715;-0.351955;-1;0;+1;+1;-1

49.65;-0.251647;-0.00131752;-0.552042;-0.109354;0.949934;-0.501976;-0.504611;-0.633729;0.428195;0.546772;0.281828;-0.460283;-0.17519;0.281828;0.390642;-0.371055;0.281828;-0.305767;-0.632209;-0.349293;-0.414581;-0.32753;-0.371055;-0.218716;-0.621328;-0.447225;-0.392818;0.0424374;-0.0228509;0.60827;-0.220892;-0.129489;-0.17519;-0.806311;0.109902;-0.307943;-0.523395;0.499456;0.434168;0.466812;-0.186072;1;-0.240479;-0.262242;0.368879;-0.109902;-0.151251;0.0184984;-0.0337323;-0.0990207;-0.00108815;-0.458107;-0.109902;-0.434168;-0.242655;-0.17519;-0.249162;-0.00782123;-0.159777;0.0368715;+1;0;+1;+1;-1

51.68;0.559947;-0.251647;-0.00131752;-0.552042;-0.109354;0.949934;-0.501976;-0.504611;-0.633729;0.428195;0.277476;0.281828;-0.460283;-0.17519;0.281828;0.390642;-0.371055;0.281828;-0.305767;-0.632209;-0.349293;-0.414581;-0.32753;-0.371055;-0.218716;-0.621328;-0.447225;-0.392818;0.0424374;-0.0228509;0.60827;-0.220892;-0.129489;-0.17519;-0.806311;0.109902;-0.307943;-0.523395;0.499456;0.434168;0.466812;-0.186072;1;-0.240479;-0.262242;0.368879;-0.109902;-0.151251;0.0184984;-0.0337323;-0.0990207;-0.00108815;-0.458107;-0.109902;-0.434168;-0.242655;-0.206704;-0.249162;-0.00782123;-0.159777;+1;0;+1;+1;-1

53.4;0.478261;0.559947;-0.251647;-0.00131752;-0.552042;-0.109354;0.949934;-0.501976;-0.504611;-0.633729;0.179543;0.277476;0.281828;-0.460283;-0.17519;0.281828;0.390642;-0.371055;0.281828;-0.305767;-0.632209;-0.349293;-0.414581;-0.32753;-0.371055;-0.218716;-0.621328;-0.447225;-0.392818;0.0424374;-0.0228509;0.60827;-0.220892;-0.129489;-0.17519;-0.806311;0.109902;-0.307943;-0.523395;0.499456;0.434168;0.466812;-0.186072;1;-0.240479;-0.262242;0.368879;-0.109902;-0.151251;0.0184984;-0.0337323;-0.0990207;-0.00108815;-0.458107;-0.109902;-0.434168;-0.275978;-0.206704;-0.249162;-0.00782123;+1;0;+1;+1;-1

54.63;0.349144;0.478261;0.559947;-0.251647;-0.00131752;-0.552042;-0.109354;0.949934;-0.501976;-0.504611;-0.697497;0.179543;0.277476;0.281828;-0.460283;-0.17519;0.281828;0.390642;-0.371055;0.281828;-0.305767;-0.632209;-0.349293;-0.414581;-0.32753;-0.371055;-0.218716;-0.621328;-0.447225;-0.392818;0.0424374;-0.0228509;0.60827;-0.220892;-0.129489;-0.17519;-0.806311;0.109902;-0.307943;-0.523395;0.499456;0.434168;0.466812;-0.186072;1;-0.240479;-0.262242;0.368879;-0.109902;-0.151251;0.0184984;-0.0337323;-0.0990207;-0.00108815;-0.458107;-0.109902;-0.472626;-0.275978;-0.206704;-0.249162;+1;0;+1;+1;-1

57;0.649539;0.349144;0.478261;0.559947;-0.251647;-0.00131752;-0.552042;-0.109354;0.949934;-0.501976;-0.59086;-0.697497;0.179543;0.277476;0.281828;-0.460283;-0.17519;0.281828;0.390642;-0.371055;0.281828;-0.305767;-0.632209;-0.349293;-0.414581;-0.32753;-0.371055;-0.218716;-0.621328;-0.447225;-0.392818;0.0424374;-0.0228509;0.60827;-0.220892;-0.129489;-0.17519;-0.806311;0.109902;-0.307943;-0.523395;0.499456;0.434168;0.466812;-0.186072;1;-0.240479;-0.262242;0.368879;-0.109902;-0.151251;0.0184984;-0.0337323;-0.0990207;-0.00108815;-0.458107;-0.139665;-0.472626;-0.275978;-0.206704;-1;0;-1;+1;-1

56;-0.238472;0.649539;0.349144;0.478261;0.559947;-0.251647;-0.00131752;-0.552042;-0.109354;0.949934;-0.588683;-0.59086;-0.697497;0.179543;0.277476;0.281828;-0.460283;-0.17519;0.281828;0.390642;-0.371055;0.281828;-0.305767;-0.632209;-0.349293;-0.414581;-0.32753;-0.371055;-0.218716;-0.621328;-0.447225;-0.392818;0.0424374;-0.0228509;0.60827;-0.220892;-0.129489;-0.17519;-0.806311;0.109902;-0.307943;-0.523395;0.499456;0.434168;0.466812;-0.186072;1;-0.240479;-0.262242;0.368879;-0.109902;-0.151251;0.0184984;-0.0337323;-0.0990207;-0.00108815;-0.497207;-0.139665;-0.472626;-0.275978;+1;0;+1;+1;-1

56.8;0.235837;-0.238472;0.649539;0.349144;0.478261;0.559947;-0.251647;-0.00131752;-0.552042;-0.109354;0.610446;-0.588683;-0.59086;-0.697497;0.179543;0.277476;0.281828;-0.460283;-0.17519;0.281828;0.390642;-0.371055;0.281828;-0.305767;-0.632209;-0.349293;-0.414581;-0.32753;-0.371055;-0.218716;-0.621328;-0.447225;-0.392818;0.0424374;-0.0228509;0.60827;-0.220892;-0.129489;-0.17519;-0.806311;0.109902;-0.307943;-0.523395;0.499456;0.434168;0.466812;-0.186072;1;-0.240479;-0.262242;0.368879;-0.109902;-0.151251;0.0184984;-0.0337323;-0.0990207;-0.027933;-0.497207;-0.139665;-0.472626;-1;0;-1;+1;-1

56;-0.185771;0.235837;-0.238472;0.649539;0.349144;0.478261;0.559947;-0.251647;-0.00131752;-0.552042;-0.264418;0.610446;-0.588683;-0.59086;-0.697497;0.179543;0.277476;0.281828;-0.460283;-0.17519;0.281828;0.390642;-0.371055;0.281828;-0.305767;-0.632209;-0.349293;-0.414581;-0.32753;-0.371055;-0.218716;-0.621328;-0.447225;-0.392818;0.0424374;-0.0228509;0.60827;-0.220892;-0.129489;-0.17519;-0.806311;0.109902;-0.307943;-0.523395;0.499456;0.434168;0.466812;-0.186072;1;-0.240479;-0.262242;0.368879;-0.109902;-0.151251;0.0184984;-0.0337323;-0.128492;-0.027933;-0.497207;-0.139665;-1;0;-1;+1;-1

56;0.0250329;-0.185771;0.235837;-0.238472;0.649539;0.349144;0.478261;0.559947;-0.251647;-0.00131752;-0.630033;-0.264418;0.610446;-0.588683;-0.59086;-0.697497;0.179543;0.277476;0.281828;-0.460283;-0.17519;0.281828;0.390642;-0.371055;0.281828;-0.305767;-0.632209;-0.349293;-0.414581;-0.32753;-0.371055;-0.218716;-0.621328;-0.447225;-0.392818;0.0424374;-0.0228509;0.60827;-0.220892;-0.129489;-0.17519;-0.806311;0.109902;-0.307943;-0.523395;0.499456;0.434168;0.466812;-0.186072;1;-0.240479;-0.262242;0.368879;-0.109902;-0.151251;0.0184984;-0.0614525;-0.128492;-0.027933;-0.497207;-1;0;-1;+1;-1

56;0.0250329;0.0250329;-0.185771;0.235837;-0.238472;0.649539;0.349144;0.478261;0.559947;-0.251647;-0.17519;-0.630033;-0.264418;0.610446;-0.588683;-0.59086;-0.697497;0.179543;0.277476;0.281828;-0.460283;-0.17519;0.281828;0.390642;-0.371055;0.281828;-0.305767;-0.632209;-0.349293;-0.414581;-0.32753;-0.371055;-0.218716;-0.621328;-0.447225;-0.392818;0.0424374;-0.0228509;0.60827;-0.220892;-0.129489;-0.17519;-0.806311;0.109902;-0.307943;-0.523395;0.499456;0.434168;0.466812;-0.186072;1;-0.240479;-0.262242;0.368879;-0.109902;-0.151251;-0.00782123;-0.0614525;-0.128492;-0.027933;+1;0;-1;+1;-1

59.5;0.947299;0.0250329;0.0250329;-0.185771;0.235837;-0.238472;0.649539;0.349144;0.478261;0.559947;-0.381937;-0.17519;-0.630033;-0.264418;0.610446;-0.588683;-0.59086;-0.697497;0.179543;0.277476;0.281828;-0.460283;-0.17519;0.281828;0.390642;-0.371055;0.281828;-0.305767;-0.632209;-0.349293;-0.414581;-0.32753;-0.371055;-0.218716;-0.621328;-0.447225;-0.392818;0.0424374;-0.0228509;0.60827;-0.220892;-0.129489;-0.17519;-0.806311;0.109902;-0.307943;-0.523395;0.499456;0.434168;0.466812;-0.186072;1;-0.240479;-0.262242;0.368879;-0.109902;-0.182123;-0.00782123;-0.0614525;-0.128492;-1;0;-1;+1;-1

59.15;-0.0671937;0.947299;0.0250329;0.0250329;-0.185771;0.235837;-0.238472;0.649539;0.349144;0.478261;0.288357;-0.381937;-0.17519;-0.630033;-0.264418;0.610446;-0.588683;-0.59086;-0.697497;0.179543;0.277476;0.281828;-0.460283;-0.17519;0.281828;0.390642;-0.371055;0.281828;-0.305767;-0.632209;-0.349293;-0.414581;-0.32753;-0.371055;-0.218716;-0.621328;-0.447225;-0.392818;0.0424374;-0.0228509;0.60827;-0.220892;-0.129489;-0.17519;-0.806311;0.109902;-0.307943;-0.523395;0.499456;0.434168;0.466812;-0.186072;1;-0.240479;-0.262242;0.368879;-0.139665;-0.182123;-0.00782123;-0.0614525;+1;0;+1;+1;-1

59.6;0.14361;-0.0671937;0.947299;0.0250329;0.0250329;-0.185771;0.235837;-0.238472;0.649539;0.349144;0.220892;0.288357;-0.381937;-0.17519;-0.630033;-0.264418;0.610446;-0.588683;-0.59086;-0.697497;0.179543;0.277476;0.281828;-0.460283;-0.17519;0.281828;0.390642;-0.371055;0.281828;-0.305767;-0.632209;-0.349293;-0.414581;-0.32753;-0.371055;-0.218716;-0.621328;-0.447225;-0.392818;0.0424374;-0.0228509;0.60827;-0.220892;-0.129489;-0.17519;-0.806311;0.109902;-0.307943;-0.523395;0.499456;0.434168;0.466812;-0.186072;1;-0.240479;-0.262242;0.351955;-0.139665;-0.182123;-0.00782123;+1;0;+1;+1;-1

61;0.393939;0.14361;-0.0671937;0.947299;0.0250329;0.0250329;-0.185771;0.235837;-0.238472;0.649539;0.114255;0.220892;0.288357;-0.381937;-0.17519;-0.630033;-0.264418;0.610446;-0.588683;-0.59086;-0.697497;0.179543;0.277476;0.281828;-0.460283;-0.17519;0.281828;0.390642;-0.371055;0.281828;-0.305767;-0.632209;-0.349293;-0.414581;-0.32753;-0.371055;-0.218716;-0.621328;-0.447225;-0.392818;0.0424374;-0.0228509;0.60827;-0.220892;-0.129489;-0.17519;-0.806311;0.109902;-0.307943;-0.523395;0.499456;0.434168;0.466812;-0.186072;1;-0.240479;-0.296089;0.351955;-0.139665;-0.182123;-1;0;-1;+1;-1

60.5;-0.106719;0.393939;0.14361;-0.0671937;0.947299;0.0250329;0.0250329;-0.185771;0.235837;-0.238472;0.36235;0.114255;0.220892;0.288357;-0.381937;-0.17519;-0.630033;-0.264418;0.610446;-0.588683;-0.59086;-0.697497;0.179543;0.277476;0.281828;-0.460283;-0.17519;0.281828;0.390642;-0.371055;0.281828;-0.305767;-0.632209;-0.349293;-0.414581;-0.32753;-0.371055;-0.218716;-0.621328;-0.447225;-0.392818;0.0424374;-0.0228509;0.60827;-0.220892;-0.129489;-0.17519;-0.806311;0.109902;-0.307943;-0.523395;0.499456;0.434168;0.466812;-0.186072;1;-0.273743;-0.296089;0.351955;-0.139665;+1;0;+1;+1;-1

61;0.156785;-0.106719;0.393939;0.14361;-0.0671937;0.947299;0.0250329;0.0250329;-0.185771;0.235837;-0.371055;0.36235;0.114255;0.220892;0.288357;-0.381937;-0.17519;-0.630033;-0.264418;0.610446;-0.588683;-0.59086;-0.697497;0.179543;0.277476;0.281828;-0.460283;-0.17519;0.281828;0.390642;-0.371055;0.281828;-0.305767;-0.632209;-0.349293;-0.414581;-0.32753;-0.371055;-0.218716;-0.621328;-0.447225;-0.392818;0.0424374;-0.0228509;0.60827;-0.220892;-0.129489;-0.17519;-0.806311;0.109902;-0.307943;-0.523395;0.499456;0.434168;0.466812;-0.186072;1;-0.273743;-0.296089;0.351955;-1;0;-1;+1;-1

59.5;-0.370224;0.156785;-0.106719;0.393939;0.14361;-0.0671937;0.947299;0.0250329;0.0250329;-0.185771;0.0206746;-0.371055;0.36235;0.114255;0.220892;0.288357;-0.381937;-0.17519;-0.630033;-0.264418;0.610446;-0.588683;-0.59086;-0.697497;0.179543;0.277476;0.281828;-0.460283;-0.17519;0.281828;0.390642;-0.371055;0.281828;-0.305767;-0.632209;-0.349293;-0.414581;-0.32753;-0.371055;-0.218716;-0.621328;-0.447225;-0.392818;0.0424374;-0.0228509;0.60827;-0.220892;-0.129489;-0.17519;-0.806311;0.109902;-0.307943;-0.523395;0.499456;0.434168;0.466812;-0.217877;1;-0.273743;-0.296089;+1;0;+1;+1;-1

60;0.156785;-0.370224;0.156785;-0.106719;0.393939;0.14361;-0.0671937;0.947299;0.0250329;0.0250329;-0.32753;0.0206746;-0.371055;0.36235;0.114255;0.220892;0.288357;-0.381937;-0.17519;-0.630033;-0.264418;0.610446;-0.588683;-0.59086;-0.697497;0.179543;0.277476;0.281828;-0.460283;-0.17519;0.281828;0.390642;-0.371055;0.281828;-0.305767;-0.632209;-0.349293;-0.414581;-0.32753;-0.371055;-0.218716;-0.621328;-0.447225;-0.392818;0.0424374;-0.0228509;0.60827;-0.220892;-0.129489;-0.17519;-0.806311;0.109902;-0.307943;-0.523395;0.499456;0.434168;0.452514;-0.217877;1;-0.273743;-1;0;-1;+1;-1

59.3;-0.15942;0.156785;-0.370224;0.156785;-0.106719;0.393939;0.14361;-0.0671937;0.947299;0.0250329;-0.153428;-0.32753;0.0206746;-0.371055;0.36235;0.114255;0.220892;0.288357;-0.381937;-0.17519;-0.630033;-0.264418;0.610446;-0.588683;-0.59086;-0.697497;0.179543;0.277476;0.281828;-0.460283;-0.17519;0.281828;0.390642;-0.371055;0.281828;-0.305767;-0.632209;-0.349293;-0.414581;-0.32753;-0.371055;-0.218716;-0.621328;-0.447225;-0.392818;0.0424374;-0.0228509;0.60827;-0.220892;-0.129489;-0.17519;-0.806311;0.109902;-0.307943;-0.523395;0.499456;0.418994;0.452514;-0.217877;1;-1;0;-1;+1;-1

58.49;-0.188406;-0.15942;0.156785;-0.370224;0.156785;-0.106719;0.393939;0.14361;-0.0671937;0.947299;-0.153428;-0.153428;-0.32753;0.0206746;-0.371055;0.36235;0.114255;0.220892;0.288357;-0.381937;-0.17519;-0.630033;-0.264418;0.610446;-0.588683;-0.59086;-0.697497;0.179543;0.277476;0.281828;-0.460283;-0.17519;0.281828;0.390642;-0.371055;0.281828;-0.305767;-0.632209;-0.349293;-0.414581;-0.32753;-0.371055;-0.218716;-0.621328;-0.447225;-0.392818;0.0424374;-0.0228509;0.60827;-0.220892;-0.129489;-0.17519;-0.806311;0.109902;-0.307943;-0.523395;0.486033;0.418994;0.452514;-0.217877;-1;0;-1;+1;-1

54.6;-1;-0.188406;-0.15942;0.156785;-0.370224;0.156785;-0.106719;0.393939;0.14361;-0.0671937;0.60827;-0.153428;-0.153428;-0.32753;0.0206746;-0.371055;0.36235;0.114255;0.220892;0.288357;-0.381937;-0.17519;-0.630033;-0.264418;0.610446;-0.588683;-0.59086;-0.697497;0.179543;0.277476;0.281828;-0.460283;-0.17519;0.281828;0.390642;-0.371055;0.281828;-0.305767;-0.632209;-0.349293;-0.414581;-0.32753;-0.371055;-0.218716;-0.621328;-0.447225;-0.392818;0.0424374;-0.0228509;0.60827;-0.220892;-0.129489;-0.17519;-0.806311;0.109902;-0.307943;-0.564246;0.486033;0.418994;0.452514;-1;0;-1;+1;-1

54.4;-0.027668;-1;-0.188406;-0.15942;0.156785;-0.370224;0.156785;-0.106719;0.393939;0.14361;-0.229597;0.60827;-0.153428;-0.153428;-0.32753;0.0206746;-0.371055;0.36235;0.114255;0.220892;0.288357;-0.381937;-0.17519;-0.630033;-0.264418;0.610446;-0.588683;-0.59086;-0.697497;0.179543;0.277476;0.281828;-0.460283;-0.17519;0.281828;0.390642;-0.371055;0.281828;-0.305767;-0.632209;-0.349293;-0.414581;-0.32753;-0.371055;-0.218716;-0.621328;-0.447225;-0.392818;0.0424374;-0.0228509;0.60827;-0.220892;-0.129489;-0.17519;-0.806311;0.109902;-0.343017;-0.564246;0.486033;0.418994;-1;0;-1;+1;-1

52.9;-0.370224;-0.027668;-1;-0.188406;-0.15942;0.156785;-0.370224;0.156785;-0.106719;0.393939;-0.0554951;-0.229597;0.60827;-0.153428;-0.153428;-0.32753;0.0206746;-0.371055;0.36235;0.114255;0.220892;0.288357;-0.381937;-0.17519;-0.630033;-0.264418;0.610446;-0.588683;-0.59086;-0.697497;0.179543;0.277476;0.281828;-0.460283;-0.17519;0.281828;0.390642;-0.371055;0.281828;-0.305767;-0.632209;-0.349293;-0.414581;-0.32753;-0.371055;-0.218716;-0.621328;-0.447225;-0.392818;0.0424374;-0.0228509;0.60827;-0.220892;-0.129489;-0.17519;-0.806311;0.0860335;-0.343017;-0.564246;0.486033;+1;0;-1;+1;-1

53;0.0513834;-0.370224;-0.027668;-1;-0.188406;-0.15942;0.156785;-0.370224;0.156785;-0.106719;0.151251;-0.0554951;-0.229597;0.60827;-0.153428;-0.153428;-0.32753;0.0206746;-0.371055;0.36235;0.114255;0.220892;0.288357;-0.381937;-0.17519;-0.630033;-0.264418;0.610446;-0.588683;-0.59086;-0.697497;0.179543;0.277476;0.281828;-0.460283;-0.17519;0.281828;0.390642;-0.371055;0.281828;-0.305767;-0.632209;-0.349293;-0.414581;-0.32753;-0.371055;-0.218716;-0.621328;-0.447225;-0.392818;0.0424374;-0.0228509;0.60827;-0.220892;-0.129489;-0.17519;-0.854749;0.0860335;-0.343017;-0.564246;+1;0;+1;+1;-1

56.7;1;0.0513834;-0.370224;-0.027668;-1;-0.188406;-0.15942;0.156785;-0.370224;0.156785;-0.262242;0.151251;-0.0554951;-0.229597;0.60827;-0.153428;-0.153428;-0.32753;0.0206746;-0.371055;0.36235;0.114255;0.220892;0.288357;-0.381937;-0.17519;-0.630033;-0.264418;0.610446;-0.588683;-0.59086;-0.697497;0.179543;0.277476;0.281828;-0.460283;-0.17519;0.281828;0.390642;-0.371055;0.281828;-0.305767;-0.632209;-0.349293;-0.414581;-0.32753;-0.371055;-0.218716;-0.621328;-0.447225;-0.392818;0.0424374;-0.0228509;0.60827;-0.220892;-0.129489;-0.206704;-0.854749;0.0860335;-0.343017;-1;0;-1;+1;-1

55.8;-0.212121;1;0.0513834;-0.370224;-0.027668;-1;-0.188406;-0.15942;0.156785;-0.370224;-0.0446137;-0.262242;0.151251;-0.0554951;-0.229597;0.60827;-0.153428;-0.153428;-0.32753;0.0206746;-0.371055;0.36235;0.114255;0.220892;0.288357;-0.381937;-0.17519;-0.630033;-0.264418;0.610446;-0.588683;-0.59086;-0.697497;0.179543;0.277476;0.281828;-0.460283;-0.17519;0.281828;0.390642;-0.371055;0.281828;-0.305767;-0.632209;-0.349293;-0.414581;-0.32753;-0.371055;-0.218716;-0.621328;-0.447225;-0.392818;0.0424374;-0.0228509;0.60827;-0.220892;-0.159777;-0.206704;-0.854749;0.0860335;-1;0;-1;+1;-1

54.7;-0.264822;-0.212121;1;0.0513834;-0.370224;-0.027668;-1;-0.188406;-0.15942;0.156785;-0.479869;-0.0446137;-0.262242;0.151251;-0.0554951;-0.229597;0.60827;-0.153428;-0.153428;-0.32753;0.0206746;-0.371055;0.36235;0.114255;0.220892;0.288357;-0.381937;-0.17519;-0.630033;-0.264418;0.610446;-0.588683;-0.59086;-0.697497;0.179543;0.277476;0.281828;-0.460283;-0.17519;0.281828;0.390642;-0.371055;0.281828;-0.305767;-0.632209;-0.349293;-0.414581;-0.32753;-0.371055;-0.218716;-0.621328;-0.447225;-0.392818;0.0424374;-0.0228509;0.60827;-0.253631;-0.159777;-0.206704;-0.854749;+1;0;+1;+1;-1

56;0.367589;-0.264822;-0.212121;1;0.0513834;-0.370224;-0.027668;-1;-0.188406;-0.15942;-0.0446137;-0.479869;-0.0446137;-0.262242;0.151251;-0.0554951;-0.229597;0.60827;-0.153428;-0.153428;-0.32753;0.0206746;-0.371055;0.36235;0.114255;0.220892;0.288357;-0.381937;-0.17519;-0.630033;-0.264418;0.610446;-0.588683;-0.59086;-0.697497;0.179543;0.277476;0.281828;-0.460283;-0.17519;0.281828;0.390642;-0.371055;0.281828;-0.305767;-0.632209;-0.349293;-0.414581;-0.32753;-0.371055;-0.218716;-0.621328;-0.447225;-0.392818;0.0424374;-0.0228509;0.597765;-0.253631;-0.159777;-0.206704;+1;0;+1;+1;-1

58.49;0.681159;0.367589;-0.264822;-0.212121;1;0.0513834;-0.370224;-0.027668;-1;-0.188406;-0.305767;-0.0446137;-0.479869;-0.0446137;-0.262242;0.151251;-0.0554951;-0.229597;0.60827;-0.153428;-0.153428;-0.32753;0.0206746;-0.371055;0.36235;0.114255;0.220892;0.288357;-0.381937;-0.17519;-0.630033;-0.264418;0.610446;-0.588683;-0.59086;-0.697497;0.179543;0.277476;0.281828;-0.460283;-0.17519;0.281828;0.390642;-0.371055;0.281828;-0.305767;-0.632209;-0.349293;-0.414581;-0.32753;-0.371055;-0.218716;-0.621328;-0.447225;-0.392818;0.0424374;-0.0502793;0.597765;-0.253631;-0.159777;-1;0;+1;+1;-1

58.38;-0.00395256;0.681159;0.367589;-0.264822;-0.212121;1;0.0513834;-0.370224;-0.027668;-1;-0.329706;-0.305767;-0.0446137;-0.479869;-0.0446137;-0.262242;0.151251;-0.0554951;-0.229597;0.60827;-0.153428;-0.153428;-0.32753;0.0206746;-0.371055;0.36235;0.114255;0.220892;0.288357;-0.381937;-0.17519;-0.630033;-0.264418;0.610446;-0.588683;-0.59086;-0.697497;0.179543;0.277476;0.281828;-0.460283;-0.17519;0.281828;0.390642;-0.371055;0.281828;-0.305767;-0.632209;-0.349293;-0.414581;-0.32753;-0.371055;-0.218716;-0.621328;-0.447225;-0.392818;0.0167598;-0.0502793;0.597765;-0.253631;+1;0;+1;+1;-1

58.99;0.185771;-0.00395256;0.681159;0.367589;-0.264822;-0.212121;1;0.0513834;-0.370224;-0.027668;-1;-0.329706;-0.305767;-0.0446137;-0.479869;-0.0446137;-0.262242;0.151251;-0.0554951;-0.229597;0.60827;-0.153428;-0.153428;-0.32753;0.0206746;-0.371055;0.36235;0.114255;0.220892;0.288357;-0.381937;-0.17519;-0.630033;-0.264418;0.610446;-0.588683;-0.59086;-0.697497;0.179543;0.277476;0.281828;-0.460283;-0.17519;0.281828;0.390642;-0.371055;0.281828;-0.305767;-0.632209;-0.349293;-0.414581;-0.32753;-0.371055;-0.218716;-0.621328;-0.447225;-0.430168;0.0167598;-0.0502793;0.597765;-1;0;-1;+1;-1

58.64;-0.0671937;0.185771;-0.00395256;0.681159;0.367589;-0.264822;-0.212121;1;0.0513834;-0.370224;-0.196953;-1;-0.329706;-0.305767;-0.0446137;-0.479869;-0.0446137;-0.262242;0.151251;-0.0554951;-0.229597;0.60827;-0.153428;-0.153428;-0.32753;0.0206746;-0.371055;0.36235;0.114255;0.220892;0.288357;-0.381937;-0.17519;-0.630033;-0.264418;0.610446;-0.588683;-0.59086;-0.697497;0.179543;0.277476;0.281828;-0.460283;-0.17519;0.281828;0.390642;-0.371055;0.281828;-0.305767;-0.632209;-0.349293;-0.414581;-0.32753;-0.371055;-0.218716;-0.621328;-0.486034;-0.430168;0.0167598;-0.0502793;+1;0;+1;+1;-1

58.94;0.104084;-0.0671937;0.185771;-0.00395256;0.681159;0.367589;-0.264822;-0.212121;1;0.0513834;-0.479869;-0.196953;-1;-0.329706;-0.305767;-0.0446137;-0.479869;-0.0446137;-0.262242;0.151251;-0.0554951;-0.229597;0.60827;-0.153428;-0.153428;-0.32753;0.0206746;-0.371055;0.36235;0.114255;0.220892;0.288357;-0.381937;-0.17519;-0.630033;-0.264418;0.610446;-0.588683;-0.59086;-0.697497;0.179543;0.277476;0.281828;-0.460283;-0.17519;0.281828;0.390642;-0.371055;0.281828;-0.305767;-0.632209;-0.349293;-0.414581;-0.32753;-0.371055;-0.218716;-0.664804;-0.486034;-0.430168;0.0167598;-1;0;-1;+1;-1

58.64;-0.0540184;0.104084;-0.0671937;0.185771;-0.00395256;0.681159;0.367589;-0.264822;-0.212121;1;-0.131665;-0.479869;-0.196953;-1;-0.329706;-0.305767;-0.0446137;-0.479869;-0.0446137;-0.262242;0.151251;-0.0554951;-0.229597;0.60827;-0.153428;-0.153428;-0.32753;0.0206746;-0.371055;0.36235;0.114255;0.220892;0.288357;-0.381937;-0.17519;-0.630033;-0.264418;0.610446;-0.588683;-0.59086;-0.697497;0.179543;0.277476;0.281828;-0.460283;-0.17519;0.281828;0.390642;-0.371055;0.281828;-0.305767;-0.632209;-0.349293;-0.414581;-0.32753;-0.371055;-0.251397;-0.664804;-0.486034;-0.430168;-1;0;-1;+1;-1

58;-0.14361;-0.0540184;0.104084;-0.0671937;0.185771;-0.00395256;0.681159;0.367589;-0.264822;-0.212121;0.651795;-0.131665;-0.479869;-0.196953;-1;-0.329706;-0.305767;-0.0446137;-0.479869;-0.0446137;-0.262242;0.151251;-0.0554951;-0.229597;0.60827;-0.153428;-0.153428;-0.32753;0.0206746;-0.371055;0.36235;0.114255;0.220892;0.288357;-0.381937;-0.17519;-0.630033;-0.264418;0.610446;-0.588683;-0.59086;-0.697497;0.179543;0.277476;0.281828;-0.460283;-0.17519;0.281828;0.390642;-0.371055;0.281828;-0.305767;-0.632209;-0.349293;-0.414581;-0.32753;-0.407821;-0.251397;-0.664804;-0.486034;+1;0;+1;+1;-1

61.24;0.878788;-0.14361;-0.0540184;0.104084;-0.0671937;0.185771;-0.00395256;0.681159;0.367589;-0.264822;-0.349293;0.651795;-0.131665;-0.479869;-0.196953;-1;-0.329706;-0.305767;-0.0446137;-0.479869;-0.0446137;-0.262242;0.151251;-0.0554951;-0.229597;0.60827;-0.153428;-0.153428;-0.32753;0.0206746;-0.371055;0.36235;0.114255;0.220892;0.288357;-0.381937;-0.17519;-0.630033;-0.264418;0.610446;-0.588683;-0.59086;-0.697497;0.179543;0.277476;0.281828;-0.460283;-0.17519;0.281828;0.390642;-0.371055;0.281828;-0.305767;-0.632209;-0.349293;-0.414581;-0.363128;-0.407821;-0.251397;-0.664804;-1;0;-1;+1;-1

60.7;-0.11726;0.878788;-0.14361;-0.0540184;0.104084;-0.0671937;0.185771;-0.00395256;0.681159;0.367589;-0.392818;-0.349293;0.651795;-0.131665;-0.479869;-0.196953;-1;-0.329706;-0.305767;-0.0446137;-0.479869;-0.0446137;-0.262242;0.151251;-0.0554951;-0.229597;0.60827;-0.153428;-0.153428;-0.32753;0.0206746;-0.371055;0.36235;0.114255;0.220892;0.288357;-0.381937;-0.17519;-0.630033;-0.264418;0.610446;-0.588683;-0.59086;-0.697497;0.179543;0.277476;0.281828;-0.460283;-0.17519;0.281828;0.390642;-0.371055;0.281828;-0.305767;-0.632209;-0.349293;-0.452514;-0.363128;-0.407821;-0.251397;-1;0;+1;+1;-1

60.4;-0.0540184;-0.11726;0.878788;-0.14361;-0.0540184;0.104084;-0.0671937;0.185771;-0.00395256;0.681159;0.129489;-0.392818;-0.349293;0.651795;-0.131665;-0.479869;-0.196953;-1;-0.329706;-0.305767;-0.0446137;-0.479869;-0.0446137;-0.262242;0.151251;-0.0554951;-0.229597;0.60827;-0.153428;-0.153428;-0.32753;0.0206746;-0.371055;0.36235;0.114255;0.220892;0.288357;-0.381937;-0.17519;-0.630033;-0.264418;0.610446;-0.588683;-0.59086;-0.697497;0.179543;0.277476;0.281828;-0.460283;-0.17519;0.281828;0.390642;-0.371055;0.281828;-0.305767;-0.632209;-0.385475;-0.452514;-0.363128;-0.407821;-1;0;-1;+1;-1

59.5;-0.212121;-0.0540184;-0.11726;0.878788;-0.14361;-0.0540184;0.104084;-0.0671937;0.185771;-0.00395256;0.388466;0.129489;-0.392818;-0.349293;0.651795;-0.131665;-0.479869;-0.196953;-1;-0.329706;-0.305767;-0.0446137;-0.479869;-0.0446137;-0.262242;0.151251;-0.0554951;-0.229597;0.60827;-0.153428;-0.153428;-0.32753;0.0206746;-0.371055;0.36235;0.114255;0.220892;0.288357;-0.381937;-0.17519;-0.630033;-0.264418;0.610446;-0.588683;-0.59086;-0.697497;0.179543;0.277476;0.281828;-0.460283;-0.17519;0.281828;0.390642;-0.371055;0.281828;-0.305767;-0.675978;-0.385475;-0.452514;-0.363128;+1;0;+1;+1;-1

60.9;0.393939;-0.212121;-0.0540184;-0.11726;0.878788;-0.14361;-0.0540184;0.104084;-0.0671937;0.185771;-0.177367;0.388466;0.129489;-0.392818;-0.349293;0.651795;-0.131665;-0.479869;-0.196953;-1;-0.329706;-0.305767;-0.0446137;-0.479869;-0.0446137;-0.262242;0.151251;-0.0554951;-0.229597;0.60827;-0.153428;-0.153428;-0.32753;0.0206746;-0.371055;0.36235;0.114255;0.220892;0.288357;-0.381937;-0.17519;-0.630033;-0.264418;0.610446;-0.588683;-0.59086;-0.697497;0.179543;0.277476;0.281828;-0.460283;-0.17519;0.281828;0.390642;-0.371055;0.281828;-0.340782;-0.675978;-0.385475;-0.452514;+1;0;+1;+1;-1

61.97;0.306983;0.393939;-0.212121;-0.0540184;-0.11726;0.878788;-0.14361;-0.0540184;0.104084;-0.0671937;-0.0206747;-0.177367;0.388466;0.129489;-0.392818;-0.349293;0.651795;-0.131665;-0.479869;-0.196953;-1;-0.329706;-0.305767;-0.0446137;-0.479869;-0.0446137;-0.262242;0.151251;-0.0554951;-0.229597;0.60827;-0.153428;-0.153428;-0.32753;0.0206746;-0.371055;0.36235;0.114255;0.220892;0.288357;-0.381937;-0.17519;-0.630033;-0.264418;0.610446;-0.588683;-0.59086;-0.697497;0.179543;0.277476;0.281828;-0.460283;-0.17519;0.281828;0.390642;-0.371055;0.26257;-0.340782;-0.675978;-0.385475;-1;0;-1;+1;-1

61;-0.230567;0.306983;0.393939;-0.212121;-0.0540184;-0.11726;0.878788;-0.14361;-0.0540184;0.104084;-0.229597;-0.0206747;-0.177367;0.388466;0.129489;-0.392818;-0.349293;0.651795;-0.131665;-0.479869;-0.196953;-1;-0.329706;-0.305767;-0.0446137;-0.479869;-0.0446137;-0.262242;0.151251;-0.0554951;-0.229597;0.60827;-0.153428;-0.153428;-0.32753;0.0206746;-0.371055;0.36235;0.114255;0.220892;0.288357;-0.381937;-0.17519;-0.630033;-0.264418;0.610446;-0.588683;-0.59086;-0.697497;0.179543;0.277476;0.281828;-0.460283;-0.17519;0.281828;0.390642;-0.407821;0.26257;-0.340782;-0.675978;+1;0;-1;+1;-1

61.4;0.130435;-0.230567;0.306983;0.393939;-0.212121;-0.0540184;-0.11726;0.878788;-0.14361;-0.0540184;-0.0881393;-0.229597;-0.0206747;-0.177367;0.388466;0.129489;-0.392818;-0.349293;0.651795;-0.131665;-0.479869;-0.196953;-1;-0.329706;-0.305767;-0.0446137;-0.479869;-0.0446137;-0.262242;0.151251;-0.0554951;-0.229597;0.60827;-0.153428;-0.153428;-0.32753;0.0206746;-0.371055;0.36235;0.114255;0.220892;0.288357;-0.381937;-0.17519;-0.630033;-0.264418;0.610446;-0.588683;-0.59086;-0.697497;0.179543;0.277476;0.281828;-0.460283;-0.17519;0.281828;0.374302;-0.407821;0.26257;-0.340782;+1;0;+1;+1;-1

63;0.44664;0.130435;-0.230567;0.306983;0.393939;-0.212121;-0.0540184;-0.11726;0.878788;-0.14361;-0.218716;-0.0881393;-0.229597;-0.0206747;-0.177367;0.388466;0.129489;-0.392818;-0.349293;0.651795;-0.131665;-0.479869;-0.196953;-1;-0.329706;-0.305767;-0.0446137;-0.479869;-0.0446137;-0.262242;0.151251;-0.0554951;-0.229597;0.60827;-0.153428;-0.153428;-0.32753;0.0206746;-0.371055;0.36235;0.114255;0.220892;0.288357;-0.381937;-0.17519;-0.630033;-0.264418;0.610446;-0.588683;-0.59086;-0.697497;0.179543;0.277476;0.281828;-0.460283;-0.17519;0.26257;0.374302;-0.407821;0.26257;+1;0;+1;+1;-1

64.9;0.525692;0.44664;0.130435;-0.230567;0.306983;0.393939;-0.212121;-0.0540184;-0.11726;0.878788;-0.292709;-0.218716;-0.0881393;-0.229597;-0.0206747;-0.177367;0.388466;0.129489;-0.392818;-0.349293;0.651795;-0.131665;-0.479869;-0.196953;-1;-0.329706;-0.305767;-0.0446137;-0.479869;-0.0446137;-0.262242;0.151251;-0.0554951;-0.229597;0.60827;-0.153428;-0.153428;-0.32753;0.0206746;-0.371055;0.36235;0.114255;0.220892;0.288357;-0.381937;-0.17519;-0.630033;-0.264418;0.610446;-0.588683;-0.59086;-0.697497;0.179543;0.277476;0.281828;-0.460283;-0.206704;0.26257;0.374302;-0.407821;-1;0;-1;+1;-1

64.5;-0.0803689;0.525692;0.44664;0.130435;-0.230567;0.306983;0.393939;-0.212121;-0.0540184;-0.11726;0.551687;-0.292709;-0.218716;-0.0881393;-0.229597;-0.0206747;-0.177367;0.388466;0.129489;-0.392818;-0.349293;0.651795;-0.131665;-0.479869;-0.196953;-1;-0.329706;-0.305767;-0.0446137;-0.479869;-0.0446137;-0.262242;0.151251;-0.0554951;-0.229597;0.60827;-0.153428;-0.153428;-0.32753;0.0206746;-0.371055;0.36235;0.114255;0.220892;0.288357;-0.381937;-0.17519;-0.630033;-0.264418;0.610446;-0.588683;-0.59086;-0.697497;0.179543;0.277476;0.281828;-0.499441;-0.206704;0.26257;0.374302;-1;0;-1;+1;-1

63.5;-0.238472;-0.0803689;0.525692;0.44664;0.130435;-0.230567;0.306983;0.393939;-0.212121;-0.0540184;-0.270947;0.551687;-0.292709;-0.218716;-0.0881393;-0.229597;-0.0206747;-0.177367;0.388466;0.129489;-0.392818;-0.349293;0.651795;-0.131665;-0.479869;-0.196953;-1;-0.329706;-0.305767;-0.0446137;-0.479869;-0.0446137;-0.262242;0.151251;-0.0554951;-0.229597;0.60827;-0.153428;-0.153428;-0.32753;0.0206746;-0.371055;0.36235;0.114255;0.220892;0.288357;-0.381937;-0.17519;-0.630033;-0.264418;0.610446;-0.588683;-0.59086;-0.697497;0.179543;0.277476;0.26257;-0.499441;-0.206704;0.26257;-1;0;-1;+1;-1

62;-0.370224;-0.238472;-0.0803689;0.525692;0.44664;0.130435;-0.230567;0.306983;0.393939;-0.212121;-0.218716;-0.270947;0.551687;-0.292709;-0.218716;-0.0881393;-0.229597;-0.0206747;-0.177367;0.388466;0.129489;-0.392818;-0.349293;0.651795;-0.131665;-0.479869;-0.196953;-1;-0.329706;-0.305767;-0.0446137;-0.479869;-0.0446137;-0.262242;0.151251;-0.0554951;-0.229597;0.60827;-0.153428;-0.153428;-0.32753;0.0206746;-0.371055;0.36235;0.114255;0.220892;0.288357;-0.381937;-0.17519;-0.630033;-0.264418;0.610446;-0.588683;-0.59086;-0.697497;0.179543;0.258101;0.26257;-0.499441;-0.206704;+1;0;+1;+1;-1

63;0.288538;-0.370224;-0.238472;-0.0803689;0.525692;0.44664;0.130435;-0.230567;0.306983;0.393939;-0.349293;-0.218716;-0.270947;0.551687;-0.292709;-0.218716;-0.0881393;-0.229597;-0.0206747;-0.177367;0.388466;0.129489;-0.392818;-0.349293;0.651795;-0.131665;-0.479869;-0.196953;-1;-0.329706;-0.305767;-0.0446137;-0.479869;-0.0446137;-0.262242;0.151251;-0.0554951;-0.229597;0.60827;-0.153428;-0.153428;-0.32753;0.0206746;-0.371055;0.36235;0.114255;0.220892;0.288357;-0.381937;-0.17519;-0.630033;-0.264418;0.610446;-0.588683;-0.59086;-0.697497;0.157542;0.258101;0.26257;-0.499441;-1;0;-1;+1;-1

60.99;-0.504611;0.288538;-0.370224;-0.238472;-0.0803689;0.525692;0.44664;0.130435;-0.230567;0.306983;0.151251;-0.349293;-0.218716;-0.270947;0.551687;-0.292709;-0.218716;-0.0881393;-0.229597;-0.0206747;-0.177367;0.388466;0.129489;-0.392818;-0.349293;0.651795;-0.131665;-0.479869;-0.196953;-1;-0.329706;-0.305767;-0.0446137;-0.479869;-0.0446137;-0.262242;0.151251;-0.0554951;-0.229597;0.60827;-0.153428;-0.153428;-0.32753;0.0206746;-0.371055;0.36235;0.114255;0.220892;0.288357;-0.381937;-0.17519;-0.630033;-0.264418;0.610446;-0.588683;-0.59086;-0.743017;0.157542;0.258101;0.26257;-1;0;-1;+1;-1

60.75;-0.0382082;-0.504611;0.288538;-0.370224;-0.238472;-0.0803689;0.525692;0.44664;0.130435;-0.230567;0.0794342;0.151251;-0.349293;-0.218716;-0.270947;0.551687;-0.292709;-0.218716;-0.0881393;-0.229597;-0.0206747;-0.177367;0.388466;0.129489;-0.392818;-0.349293;0.651795;-0.131665;-0.479869;-0.196953;-1;-0.329706;-0.305767;-0.0446137;-0.479869;-0.0446137;-0.262242;0.151251;-0.0554951;-0.229597;0.60827;-0.153428;-0.153428;-0.32753;0.0206746;-0.371055;0.36235;0.114255;0.220892;0.288357;-0.381937;-0.17519;-0.630033;-0.264418;0.610446;-0.588683;-0.63352;-0.743017;0.157542;0.258101;+1;0;-1;+1;-1

60.86;0.0540185;-0.0382082;-0.504611;0.288538;-0.370224;-0.238472;-0.0803689;0.525692;0.44664;0.130435;-0.364527;0.0794342;0.151251;-0.349293;-0.218716;-0.270947;0.551687;-0.292709;-0.218716;-0.0881393;-0.229597;-0.0206747;-0.177367;0.388466;0.129489;-0.392818;-0.349293;0.651795;-0.131665;-0.479869;-0.196953;-1;-0.329706;-0.305767;-0.0446137;-0.479869;-0.0446137;-0.262242;0.151251;-0.0554951;-0.229597;0.60827;-0.153428;-0.153428;-0.32753;0.0206746;-0.371055;0.36235;0.114255;0.220892;0.288357;-0.381937;-0.17519;-0.630033;-0.264418;0.610446;-0.631285;-0.63352;-0.743017;0.157542;+1;0;+1;+1;-1

63.2;0.641634;0.0540185;-0.0382082;-0.504611;0.288538;-0.370224;-0.238472;-0.0803689;0.525692;0.44664;-0.0663765;-0.364527;0.0794342;0.151251;-0.349293;-0.218716;-0.270947;0.551687;-0.292709;-0.218716;-0.0881393;-0.229597;-0.0206747;-0.177367;0.388466;0.129489;-0.392818;-0.349293;0.651795;-0.131665;-0.479869;-0.196953;-1;-0.329706;-0.305767;-0.0446137;-0.479869;-0.0446137;-0.262242;0.151251;-0.0554951;-0.229597;0.60827;-0.153428;-0.153428;-0.32753;0.0206746;-0.371055;0.36235;0.114255;0.220892;0.288357;-0.381937;-0.17519;-0.630033;-0.264418;0.6;-0.631285;-0.63352;-0.743017;+1;0;+1;+1;-1

64.6;0.393939;0.641634;0.0540185;-0.0382082;-0.504611;0.288538;-0.370224;-0.238472;-0.0803689;0.525692;0.194777;-0.0663765;-0.364527;0.0794342;0.151251;-0.349293;-0.218716;-0.270947;0.551687;-0.292709;-0.218716;-0.0881393;-0.229597;-0.0206747;-0.177367;0.388466;0.129489;-0.392818;-0.349293;0.651795;-0.131665;-0.479869;-0.196953;-1;-0.329706;-0.305767;-0.0446137;-0.479869;-0.0446137;-0.262242;0.151251;-0.0554951;-0.229597;0.60827;-0.153428;-0.153428;-0.32753;0.0206746;-0.371055;0.36235;0.114255;0.220892;0.288357;-0.381937;-0.17519;-0.630033;-0.298324;0.6;-0.631285;-0.63352;+1;0;+1;+1;-1

66.1;0.42029;0.393939;0.641634;0.0540185;-0.0382082;-0.504611;0.288538;-0.370224;-0.238472;-0.0803689;0.260065;0.194777;-0.0663765;-0.364527;0.0794342;0.151251;-0.349293;-0.218716;-0.270947;0.551687;-0.292709;-0.218716;-0.0881393;-0.229597;-0.0206747;-0.177367;0.388466;0.129489;-0.392818;-0.349293;0.651795;-0.131665;-0.479869;-0.196953;-1;-0.329706;-0.305767;-0.0446137;-0.479869;-0.0446137;-0.262242;0.151251;-0.0554951;-0.229597;0.60827;-0.153428;-0.153428;-0.32753;0.0206746;-0.371055;0.36235;0.114255;0.220892;0.288357;-0.381937;-0.17519;-0.673743;-0.298324;0.6;-0.631285;+1;0;+1;+1;-1

66.49;0.1278;0.42029;0.393939;0.641634;0.0540185;-0.0382082;-0.504611;0.288538;-0.370224;-0.238472;-0.240479;0.260065;0.194777;-0.0663765;-0.364527;0.0794342;0.151251;-0.349293;-0.218716;-0.270947;0.551687;-0.292709;-0.218716;-0.0881393;-0.229597;-0.0206747;-0.177367;0.388466;0.129489;-0.392818;-0.349293;0.651795;-0.131665;-0.479869;-0.196953;-1;-0.329706;-0.305767;-0.0446137;-0.479869;-0.0446137;-0.262242;0.151251;-0.0554951;-0.229597;0.60827;-0.153428;-0.153428;-0.32753;0.0206746;-0.371055;0.36235;0.114255;0.220892;0.288357;-0.381937;-0.206704;-0.673743;-0.298324;0.6;+1;0;+1;+1;-1

67.39;0.262187;0.1278;0.42029;0.393939;0.641634;0.0540185;-0.0382082;-0.504611;0.288538;-0.370224;-0.371055;-0.240479;0.260065;0.194777;-0.0663765;-0.364527;0.0794342;0.151251;-0.349293;-0.218716;-0.270947;0.551687;-0.292709;-0.218716;-0.0881393;-0.229597;-0.0206747;-0.177367;0.388466;0.129489;-0.392818;-0.349293;0.651795;-0.131665;-0.479869;-0.196953;-1;-0.329706;-0.305767;-0.0446137;-0.479869;-0.0446137;-0.262242;0.151251;-0.0554951;-0.229597;0.60827;-0.153428;-0.153428;-0.32753;0.0206746;-0.371055;0.36235;0.114255;0.220892;0.288357;-0.418994;-0.206704;-0.673743;-0.298324;+1;0;+1;+1;-1

69.34;0.538867;0.262187;0.1278;0.42029;0.393939;0.641634;0.0540185;-0.0382082;-0.504611;0.288538;-0.479869;-0.371055;-0.240479;0.260065;0.194777;-0.0663765;-0.364527;0.0794342;0.151251;-0.349293;-0.218716;-0.270947;0.551687;-0.292709;-0.218716;-0.0881393;-0.229597;-0.0206747;-0.177367;0.388466;0.129489;-0.392818;-0.349293;0.651795;-0.131665;-0.479869;-0.196953;-1;-0.329706;-0.305767;-0.0446137;-0.479869;-0.0446137;-0.262242;0.151251;-0.0554951;-0.229597;0.60827;-0.153428;-0.153428;-0.32753;0.0206746;-0.371055;0.36235;0.114255;0.220892;0.269274;-0.418994;-0.206704;-0.673743;-1;0;-1;+1;-1

67.5;-0.459816;0.538867;0.262187;0.1278;0.42029;0.393939;0.641634;0.0540185;-0.0382082;-0.504611;0.0642002;-0.479869;-0.371055;-0.240479;0.260065;0.194777;-0.0663765;-0.364527;0.0794342;0.151251;-0.349293;-0.218716;-0.270947;0.551687;-0.292709;-0.218716;-0.0881393;-0.229597;-0.0206747;-0.177367;0.388466;0.129489;-0.392818;-0.349293;0.651795;-0.131665;-0.479869;-0.196953;-1;-0.329706;-0.305767;-0.0446137;-0.479869;-0.0446137;-0.262242;0.151251;-0.0554951;-0.229597;0.60827;-0.153428;-0.153428;-0.32753;0.0206746;-0.371055;0.36235;0.114255;0.2;0.269274;-0.418994;-0.206704;-1;0;-1;+1;-1

66.51;-0.235837;-0.459816;0.538867;0.262187;0.1278;0.42029;0.393939;0.641634;0.0540185;-0.0382082;-0.59086;0.0642002;-0.479869;-0.371055;-0.240479;0.260065;0.194777;-0.0663765;-0.364527;0.0794342;0.151251;-0.349293;-0.218716;-0.270947;0.551687;-0.292709;-0.218716;-0.0881393;-0.229597;-0.0206747;-0.177367;0.388466;0.129489;-0.392818;-0.349293;0.651795;-0.131665;-0.479869;-0.196953;-1;-0.329706;-0.305767;-0.0446137;-0.479869;-0.0446137;-0.262242;0.151251;-0.0554951;-0.229597;0.60827;-0.153428;-0.153428;-0.32753;0.0206746;-0.371055;0.36235;0.0905028;0.2;0.269274;-0.418994;+1;0;-1;+1;-1

67.39;0.256917;-0.235837;-0.459816;0.538867;0.262187;0.1278;0.42029;0.393939;0.641634;0.0540185;-0.205658;-0.59086;0.0642002;-0.479869;-0.371055;-0.240479;0.260065;0.194777;-0.0663765;-0.364527;0.0794342;0.151251;-0.349293;-0.218716;-0.270947;0.551687;-0.292709;-0.218716;-0.0881393;-0.229597;-0.0206747;-0.177367;0.388466;0.129489;-0.392818;-0.349293;0.651795;-0.131665;-0.479869;-0.196953;-1;-0.329706;-0.305767;-0.0446137;-0.479869;-0.0446137;-0.262242;0.151251;-0.0554951;-0.229597;0.60827;-0.153428;-0.153428;-0.32753;0.0206746;-0.371055;0.345251;0.0905028;0.2;0.269274;-1;0;-1;+1;-1

67.2;-0.0250329;0.256917;-0.235837;-0.459816;0.538867;0.262187;0.1278;0.42029;0.393939;0.641634;-0.129489;-0.205658;-0.59086;0.0642002;-0.479869;-0.371055;-0.240479;0.260065;0.194777;-0.0663765;-0.364527;0.0794342;0.151251;-0.349293;-0.218716;-0.270947;0.551687;-0.292709;-0.218716;-0.0881393;-0.229597;-0.0206747;-0.177367;0.388466;0.129489;-0.392818;-0.349293;0.651795;-0.131665;-0.479869;-0.196953;-1;-0.329706;-0.305767;-0.0446137;-0.479869;-0.0446137;-0.262242;0.151251;-0.0554951;-0.229597;0.60827;-0.153428;-0.153428;-0.32753;0.0206746;-0.407821;0.345251;0.0905028;0.2;+1;0;-1;+1;-1

67.8;0.183136;-0.0250329;0.256917;-0.235837;-0.459816;0.538867;0.262187;0.1278;0.42029;0.393939;0.355822;-0.129489;-0.205658;-0.59086;0.0642002;-0.479869;-0.371055;-0.240479;0.260065;0.194777;-0.0663765;-0.364527;0.0794342;0.151251;-0.349293;-0.218716;-0.270947;0.551687;-0.292709;-0.218716;-0.0881393;-0.229597;-0.0206747;-0.177367;0.388466;0.129489;-0.392818;-0.349293;0.651795;-0.131665;-0.479869;-0.196953;-1;-0.329706;-0.305767;-0.0446137;-0.479869;-0.0446137;-0.262242;0.151251;-0.0554951;-0.229597;0.60827;-0.153428;-0.153428;-0.32753;-0.0055866;-0.407821;0.345251;0.0905028;+1;0;-1;+1;-1

69.1;0.367589;0.183136;-0.0250329;0.256917;-0.235837;-0.459816;0.538867;0.262187;0.1278;0.42029;0.151251;0.355822;-0.129489;-0.205658;-0.59086;0.0642002;-0.479869;-0.371055;-0.240479;0.260065;0.194777;-0.0663765;-0.364527;0.0794342;0.151251;-0.349293;-0.218716;-0.270947;0.551687;-0.292709;-0.218716;-0.0881393;-0.229597;-0.0206747;-0.177367;0.388466;0.129489;-0.392818;-0.349293;0.651795;-0.131665;-0.479869;-0.196953;-1;-0.329706;-0.305767;-0.0446137;-0.479869;-0.0446137;-0.262242;0.151251;-0.0554951;-0.229597;0.60827;-0.153428;-0.153428;-0.363128;-0.0055866;-0.407821;0.345251;+1;0;+1;+1;-1

71.8;0.736495;0.367589;0.183136;-0.0250329;0.256917;-0.235837;-0.459816;0.538867;0.262187;0.1278;0.173014;0.151251;0.355822;-0.129489;-0.205658;-0.59086;0.0642002;-0.479869;-0.371055;-0.240479;0.260065;0.194777;-0.0663765;-0.364527;0.0794342;0.151251;-0.349293;-0.218716;-0.270947;0.551687;-0.292709;-0.218716;-0.0881393;-0.229597;-0.0206747;-0.177367;0.388466;0.129489;-0.392818;-0.349293;0.651795;-0.131665;-0.479869;-0.196953;-1;-0.329706;-0.305767;-0.0446137;-0.479869;-0.0446137;-0.262242;0.151251;-0.0554951;-0.229597;0.60827;-0.153428;-0.184358;-0.363128;-0.0055866;-0.407821;+1;0;-1;+1;-1

72.35;0.16996;0.736495;0.367589;0.183136;-0.0250329;0.256917;-0.235837;-0.459816;0.538867;0.262187;-0.0685528;0.173014;0.151251;0.355822;-0.129489;-0.205658;-0.59086;0.0642002;-0.479869;-0.371055;-0.240479;0.260065;0.194777;-0.0663765;-0.364527;0.0794342;0.151251;-0.349293;-0.218716;-0.270947;0.551687;-0.292709;-0.218716;-0.0881393;-0.229597;-0.0206747;-0.177367;0.388466;0.129489;-0.392818;-0.349293;0.651795;-0.131665;-0.479869;-0.196953;-1;-0.329706;-0.305767;-0.0446137;-0.479869;-0.0446137;-0.262242;0.151251;-0.0554951;-0.229597;0.60827;-0.184358;-0.184358;-0.363128;-0.0055866;-1;0;+1;+1;-1

70.6;-0.4361;0.16996;0.736495;0.367589;0.183136;-0.0250329;0.256917;-0.235837;-0.459816;0.538867;0.0424374;-0.0685528;0.173014;0.151251;0.355822;-0.129489;-0.205658;-0.59086;0.0642002;-0.479869;-0.371055;-0.240479;0.260065;0.194777;-0.0663765;-0.364527;0.0794342;0.151251;-0.349293;-0.218716;-0.270947;0.551687;-0.292709;-0.218716;-0.0881393;-0.229597;-0.0206747;-0.177367;0.388466;0.129489;-0.392818;-0.349293;0.651795;-0.131665;-0.479869;-0.196953;-1;-0.329706;-0.305767;-0.0446137;-0.479869;-0.0446137;-0.262242;0.151251;-0.0554951;-0.229597;0.597765;-0.184358;-0.184358;-0.363128;-1;0;-1;+1;-1

70.28;-0.0592885;-0.4361;0.16996;0.736495;0.367589;0.183136;-0.0250329;0.256917;-0.235837;-0.459816;0.270947;0.0424374;-0.0685528;0.173014;0.151251;0.355822;-0.129489;-0.205658;-0.59086;0.0642002;-0.479869;-0.371055;-0.240479;0.260065;0.194777;-0.0663765;-0.364527;0.0794342;0.151251;-0.349293;-0.218716;-0.270947;0.551687;-0.292709;-0.218716;-0.0881393;-0.229597;-0.0206747;-0.177367;0.388466;0.129489;-0.392818;-0.349293;0.651795;-0.131665;-0.479869;-0.196953;-1;-0.329706;-0.305767;-0.0446137;-0.479869;-0.0446137;-0.262242;0.151251;-0.0554951;-0.26257;0.597765;-0.184358;-0.184358;+1;0;+1;+1;-1

70.5;0.083004;-0.0592885;-0.4361;0.16996;0.736495;0.367589;0.183136;-0.0250329;0.256917;-0.235837;-0.553863;0.270947;0.0424374;-0.0685528;0.173014;0.151251;0.355822;-0.129489;-0.205658;-0.59086;0.0642002;-0.479869;-0.371055;-0.240479;0.260065;0.194777;-0.0663765;-0.364527;0.0794342;0.151251;-0.349293;-0.218716;-0.270947;0.551687;-0.292709;-0.218716;-0.0881393;-0.229597;-0.0206747;-0.177367;0.388466;0.129489;-0.392818;-0.349293;0.651795;-0.131665;-0.479869;-0.196953;-1;-0.329706;-0.305767;-0.0446137;-0.479869;-0.0446137;-0.262242;0.151251;-0.0837989;-0.26257;0.597765;-0.184358;-1;0;-1;+1;-1

68.69;-0.45191;0.083004;-0.0592885;-0.4361;0.16996;0.736495;0.367589;0.183136;-0.0250329;0.256917;-0.368879;-0.553863;0.270947;0.0424374;-0.0685528;0.173014;0.151251;0.355822;-0.129489;-0.205658;-0.59086;0.0642002;-0.479869;-0.371055;-0.240479;0.260065;0.194777;-0.0663765;-0.364527;0.0794342;0.151251;-0.349293;-0.218716;-0.270947;0.551687;-0.292709;-0.218716;-0.0881393;-0.229597;-0.0206747;-0.177367;0.388466;0.129489;-0.392818;-0.349293;0.651795;-0.131665;-0.479869;-0.196953;-1;-0.329706;-0.305767;-0.0446137;-0.479869;-0.0446137;-0.262242;0.128492;-0.0837989;-0.26257;0.597765;+1;0;-1;+1;-1

70.03;0.378129;-0.45191;0.083004;-0.0592885;-0.4361;0.16996;0.736495;0.367589;0.183136;-0.0250329;0.0380849;-0.368879;-0.553863;0.270947;0.0424374;-0.0685528;0.173014;0.151251;0.355822;-0.129489;-0.205658;-0.59086;0.0642002;-0.479869;-0.371055;-0.240479;0.260065;0.194777;-0.0663765;-0.364527;0.0794342;0.151251;-0.349293;-0.218716;-0.270947;0.551687;-0.292709;-0.218716;-0.0881393;-0.229597;-0.0206747;-0.177367;0.388466;0.129489;-0.392818;-0.349293;0.651795;-0.131665;-0.479869;-0.196953;-1;-0.329706;-0.305767;-0.0446137;-0.479869;-0.0446137;-0.296089;0.128492;-0.0837989;-0.26257;+1;0;+1;+1;-1

72;0.544137;0.378129;-0.45191;0.083004;-0.0592885;-0.4361;0.16996;0.736495;0.367589;0.183136;-0.194777;0.0380849;-0.368879;-0.553863;0.270947;0.0424374;-0.0685528;0.173014;0.151251;0.355822;-0.129489;-0.205658;-0.59086;0.0642002;-0.479869;-0.371055;-0.240479;0.260065;0.194777;-0.0663765;-0.364527;0.0794342;0.151251;-0.349293;-0.218716;-0.270947;0.551687;-0.292709;-0.218716;-0.0881393;-0.229597;-0.0206747;-0.177367;0.388466;0.129489;-0.392818;-0.349293;0.651795;-0.131665;-0.479869;-0.196953;-1;-0.329706;-0.305767;-0.0446137;-0.479869;-0.0726257;-0.296089;0.128492;-0.0837989;+1;0;+1;+1;-1

73.1;0.314888;0.544137;0.378129;-0.45191;0.083004;-0.0592885;-0.4361;0.16996;0.736495;0.367589;-0.0228509;-0.194777;0.0380849;-0.368879;-0.553863;0.270947;0.0424374;-0.0685528;0.173014;0.151251;0.355822;-0.129489;-0.205658;-0.59086;0.0642002;-0.479869;-0.371055;-0.240479;0.260065;0.194777;-0.0663765;-0.364527;0.0794342;0.151251;-0.349293;-0.218716;-0.270947;0.551687;-0.292709;-0.218716;-0.0881393;-0.229597;-0.0206747;-0.177367;0.388466;0.129489;-0.392818;-0.349293;0.651795;-0.131665;-0.479869;-0.196953;-1;-0.329706;-0.305767;-0.0446137;-0.519553;-0.0726257;-0.296089;0.128492;-1;0;-1;+1;-1

72.86;-0.0382082;0.314888;0.544137;0.378129;-0.45191;0.083004;-0.0592885;-0.4361;0.16996;0.736495;0.129489;-0.0228509;-0.194777;0.0380849;-0.368879;-0.553863;0.270947;0.0424374;-0.0685528;0.173014;0.151251;0.355822;-0.129489;-0.205658;-0.59086;0.0642002;-0.479869;-0.371055;-0.240479;0.260065;0.194777;-0.0663765;-0.364527;0.0794342;0.151251;-0.349293;-0.218716;-0.270947;0.551687;-0.292709;-0.218716;-0.0881393;-0.229597;-0.0206747;-0.177367;0.388466;0.129489;-0.392818;-0.349293;0.651795;-0.131665;-0.479869;-0.196953;-1;-0.329706;-0.305767;-0.0726257;-0.519553;-0.0726257;-0.296089;-1;0;-1;+1;-1

70.7;-0.544137;-0.0382082;0.314888;0.544137;0.378129;-0.45191;0.083004;-0.0592885;-0.4361;0.16996;0.434168;0.129489;-0.0228509;-0.194777;0.0380849;-0.368879;-0.553863;0.270947;0.0424374;-0.0685528;0.173014;0.151251;0.355822;-0.129489;-0.205658;-0.59086;0.0642002;-0.479869;-0.371055;-0.240479;0.260065;0.194777;-0.0663765;-0.364527;0.0794342;0.151251;-0.349293;-0.218716;-0.270947;0.551687;-0.292709;-0.218716;-0.0881393;-0.229597;-0.0206747;-0.177367;0.388466;0.129489;-0.392818;-0.349293;0.651795;-0.131665;-0.479869;-0.196953;-1;-0.329706;-0.340782;-0.0726257;-0.519553;-0.0726257;-1;0;-1;+1;-1

68.8;-0.475626;-0.544137;-0.0382082;0.314888;0.544137;0.378129;-0.45191;0.083004;-0.0592885;-0.4361;-0.0337323;0.434168;0.129489;-0.0228509;-0.194777;0.0380849;-0.368879;-0.553863;0.270947;0.0424374;-0.0685528;0.173014;0.151251;0.355822;-0.129489;-0.205658;-0.59086;0.0642002;-0.479869;-0.371055;-0.240479;0.260065;0.194777;-0.0663765;-0.364527;0.0794342;0.151251;-0.349293;-0.218716;-0.270947;0.551687;-0.292709;-0.218716;-0.0881393;-0.229597;-0.0206747;-0.177367;0.388466;0.129489;-0.392818;-0.349293;0.651795;-0.131665;-0.479869;-0.196953;-1;-0.365363;-0.340782;-0.0726257;-0.519553;-1;0;-1;+1;-1

