30.25;0.40099;0.247525;-0.579208;-0.0594059;0.0693069;0.128713;0.193069;-0.232673;0.361386;-0.00990099;-0.00495049;0.282178;-0.257426;0.138614;0.138614;-0.0346535;0.0643564;0.693069;0.0792079;-0.306931;-0.00990099;-0.019802;0.272277;0.108911;-0.0544554;0.0891089;0.336634;-0.0594059;0.326733;0.0049505;-0.0891089;0.252475;0.445545;0.0891089;0.128713;-0.148515;-0.183168;-0.257426;-0.529703;0.287129;-0.158416;0.732673;0.623762;0.39604;0.410891;-0.242574;0.0544554;0.70297;-0.282178;-0.207921;-0.158416;0.287129;0.39604;0.242574;-0.0247525;0.0148515;-0.019802;-0.0247525;-0.158416;-0.0346535;0.0693069;0.351485;-0.019802;0.0841584;0.68;0.0514286;0.417143;0.234286;0.297143;0.0857143;0.314286;0.542857;0.542857;1;0.205479;-0.00273972;0.30411;0.0684932;0.726027;0.287671;+1;0;+1;+1;+1

31.16;0.539604;0.40099;0.247525;-0.579208;-0.0594059;0.0693069;0.128713;0.193069;-0.232673;0.361386;-0.00990099;-0.00495049;0.282178;-0.257426;0.138614;0.138614;-0.0346535;0.0643564;0.693069;0.0792079;-0.306931;-0.00990099;-0.019802;0.272277;0.108911;-0.0544554;0.0891089;0.336634;-0.0594059;0.326733;0.0049505;-0.0891089;0.252475;0.445545;0.0891089;0.128713;-0.148515;-0.183168;-0.257426;-0.529703;0.287129;-0.158416;0.732673;0.623762;0.39604;0.410891;-0.242574;0.0544554;0.70297;-0.282178;-0.207921;-0.158416;0.287129;0.39604;0.242574;-0.0247525;0.0148515;-0.019802;-0.0247525;-0.158416;-0.0346535;0.0693069;0.351485;-0.019802;0.251429;0.68;0.0514286;0.417143;0.234286;0.297143;0.0857143;0.314286;0.542857;0.479452;1;0.205479;-0.00273972;0.30411;0.0684932;0.726027;+1;0;+1;+1;+1

31.21;0.113861;0.539604;0.40099;0.247525;-0.579208;-0.0594059;0.0693069;0.128713;0.193069;-0.232673;0.361386;-0.00990099;-0.00495049;0.282178;-0.257426;0.138614;0.138614;-0.0346535;0.0643564;0.693069;0.0792079;-0.306931;-0.00990099;-0.019802;0.272277;0.108911;-0.0544554;0.0891089;0.336634;-0.0594059;0.326733;0.0049505;-0.0891089;0.252475;0.445545;0.0891089;0.128713;-0.148515;-0.183168;-0.257426;-0.529703;0.287129;-0.158416;0.732673;0.623762;0.39604;0.410891;-0.242574;0.0544554;0.70297;-0.282178;-0.207921;-0.158416;0.287129;0.39604;0.242574;-0.0247525;0.0148515;-0.019802;-0.0247525;-0.158416;-0.0346535;0.0693069;0.351485;0.131429;0.251429;0.68;0.0514286;0.417143;0.234286;0.297143;0.0857143;0.314286;0.479452;0.479452;1;0.205479;-0.00273972;0.30411;0.0684932;+1;0;+1;+1;+1

32.25;0.60396;0.113861;0.539604;0.40099;0.247525;-0.579208;-0.0594059;0.0693069;0.128713;0.193069;-0.232673;0.361386;-0.00990099;-0.00495049;0.282178;-0.257426;0.138614;0.138614;-0.0346535;0.0643564;0.693069;0.0792079;-0.306931;-0.00990099;-0.019802;0.272277;0.108911;-0.0544554;0.0891089;0.336634;-0.0594059;0.326733;0.0049505;-0.0891089;0.252475;0.445545;0.0891089;0.128713;-0.148515;-0.183168;-0.257426;-0.529703;0.287129;-0.158416;0.732673;0.623762;0.39604;0.410891;-0.242574;0.0544554;0.70297;-0.282178;-0.207921;-0.158416;0.287129;0.39604;0.242574;-0.0247525;0.0148515;-0.019802;-0.0247525;-0.158416;-0.0346535;0.0693069;0.56;0.131429;0.251429;0.68;0.0514286;0.417143;0.234286;0.297143;0.0857143;0.260274;0.479452;0.479452;1;0.205479;-0.00273972;0.30411;+1;0;+1;+1;+1

33;0.460396;0.60396;0.113861;0.539604;0.40099;0.247525;-0.579208;-0.0594059;0.0693069;0.128713;0.193069;-0.232673;0.361386;-0.00990099;-0.00495049;0.282178;-0.257426;0.138614;0.138614;-0.0346535;0.0643564;0.693069;0.0792079;-0.306931;-0.00990099;-0.019802;0.272277;0.108911;-0.0544554;0.0891089;0.336634;-0.0594059;0.326733;0.0049505;-0.0891089;0.252475;0.445545;0.0891089;0.128713;-0.148515;-0.183168;-0.257426;-0.529703;0.287129;-0.158416;0.732673;0.623762;0.39604;0.410891;-0.242574;0.0544554;0.70297;-0.282178;-0.207921;-0.158416;0.287129;0.39604;0.242574;-0.0247525;0.0148515;-0.019802;-0.0247525;-0.158416;-0.0346535;0.234286;0.56;0.131429;0.251429;0.68;0.0514286;0.417143;0.234286;0.297143;0.0410959;0.260274;0.479452;0.479452;1;0.205479;-0.00273972;+1;0;-1;+1;+1

33.64;0.405941;0.460396;0.60396;0.113861;0.539604;0.40099;0.247525;-0.579208;-0.0594059;0.0693069;0.128713;0.193069;-0.232673;0.361386;-0.00990099;-0.00495049;0.282178;-0.257426;0.138614;0.138614;-0.0346535;0.0643564;0.693069;0.0792079;-0.306931;-0.00990099;-0.019802;0.272277;0.108911;-0.0544554;0.0891089;0.336634;-0.0594059;0.326733;0.0049505;-0.0891089;0.252475;0.445545;0.0891089;0.128713;-0.148515;-0.183168;-0.257426;-0.529703;0.287129;-0.158416;0.732673;0.623762;0.39604;0.410891;-0.242574;0.0544554;0.70297;-0.282178;-0.207921;-0.158416;0.287129;0.39604;0.242574;-0.0247525;0.0148515;-0.019802;-0.0247525;-0.158416;0.114286;0.234286;0.56;0.131429;0.251429;0.68;0.0514286;0.417143;0.234286;0.243836;0.0410959;0.260274;0.479452;0.479452;1;0.205479;+1;0;+1;+1;+1

34.21;0.371287;0.405941;0.460396;0.60396;0.113861;0.539604;0.40099;0.247525;-0.579208;-0.0594059;0.0693069;0.128713;0.193069;-0.232673;0.361386;-0.00990099;-0.00495049;0.282178;-0.257426;0.138614;0.138614;-0.0346535;0.0643564;0.693069;0.0792079;-0.306931;-0.00990099;-0.019802;0.272277;0.108911;-0.0544554;0.0891089;0.336634;-0.0594059;0.326733;0.0049505;-0.0891089;0.252475;0.445545;0.0891089;0.128713;-0.148515;-0.183168;-0.257426;-0.529703;0.287129;-0.158416;0.732673;0.623762;0.39604;0.410891;-0.242574;0.0544554;0.70297;-0.282178;-0.207921;-0.158416;0.287129;0.39604;0.242574;-0.0247525;0.0148515;-0.019802;-0.0247525;-0.0285714;0.114286;0.234286;0.56;0.131429;0.251429;0.68;0.0514286;0.417143;0.183562;0.243836;0.0410959;0.260274;0.479452;0.479452;1;-1;0;-1;-1;+1

33.2;-0.410891;0.371287;0.405941;0.460396;0.60396;0.113861;0.539604;0.40099;0.247525;-0.579208;-0.0594059;0.0693069;0.128713;0.193069;-0.232673;0.361386;-0.00990099;-0.00495049;0.282178;-0.257426;0.138614;0.138614;-0.0346535;0.0643564;0.693069;0.0792079;-0.306931;-0.00990099;-0.019802;0.272277;0.108911;-0.0544554;0.0891089;0.336634;-0.0594059;0.326733;0.0049505;-0.0891089;0.252475;0.445545;0.0891089;0.128713;-0.148515;-0.183168;-0.257426;-0.529703;0.287129;-0.158416;0.732673;0.623762;0.39604;0.410891;-0.242574;0.0544554;0.70297;-0.282178;-0.207921;-0.158416;0.287129;0.39604;0.242574;-0.0247525;0.0148515;-0.019802;0.125714;-0.0285714;0.114286;0.234286;0.56;0.131429;0.251429;0.68;0.0514286;0.358904;0.183562;0.243836;0.0410959;0.260274;0.479452;0.479452;-1;0;-1;-1;+1

32.86;-0.0792079;-0.410891;0.371287;0.405941;0.460396;0.60396;0.113861;0.539604;0.40099;0.247525;-0.579208;-0.0594059;0.0693069;0.128713;0.193069;-0.232673;0.361386;-0.00990099;-0.00495049;0.282178;-0.257426;0.138614;0.138614;-0.0346535;0.0643564;0.693069;0.0792079;-0.306931;-0.00990099;-0.019802;0.272277;0.108911;-0.0544554;0.0891089;0.336634;-0.0594059;0.326733;0.0049505;-0.0891089;0.252475;0.445545;0.0891089;0.128713;-0.148515;-0.183168;-0.257426;-0.529703;0.287129;-0.158416;0.732673;0.623762;0.39604;0.410891;-0.242574;0.0544554;0.70297;-0.282178;-0.207921;-0.158416;0.287129;0.39604;0.242574;-0.0247525;0.0148515;0.131429;0.125714;-0.0285714;0.114286;0.234286;0.56;0.131429;0.251429;0.68;0.00821917;0.358904;0.183562;0.243836;0.0410959;0.260274;0.479452;-1;0;-1;-1;+1

32.12;-0.277228;-0.0792079;-0.410891;0.371287;0.405941;0.460396;0.60396;0.113861;0.539604;0.40099;0.247525;-0.579208;-0.0594059;0.0693069;0.128713;0.193069;-0.232673;0.361386;-0.00990099;-0.00495049;0.282178;-0.257426;0.138614;0.138614;-0.0346535;0.0643564;0.693069;0.0792079;-0.306931;-0.00990099;-0.019802;0.272277;0.108911;-0.0544554;0.0891089;0.336634;-0.0594059;0.326733;0.0049505;-0.0891089;0.252475;0.445545;0.0891089;0.128713;-0.148515;-0.183168;-0.257426;-0.529703;0.287129;-0.158416;0.732673;0.623762;0.39604;0.410891;-0.242574;0.0544554;0.70297;-0.282178;-0.207921;-0.158416;0.287129;0.39604;0.242574;-0.0247525;0.171429;0.131429;0.125714;-0.0285714;0.114286;0.234286;0.56;0.131429;0.251429;0.610959;0.00821917;0.358904;0.183562;0.243836;0.0410959;0.260274;-1;0;-1;-1;+1

31.7;-0.118812;-0.277228;-0.0792079;-0.410891;0.371287;0.405941;0.460396;0.60396;0.113861;0.539604;0.40099;0.247525;-0.579208;-0.0594059;0.0693069;0.128713;0.193069;-0.232673;0.361386;-0.00990099;-0.00495049;0.282178;-0.257426;0.138614;0.138614;-0.0346535;0.0643564;0.693069;0.0792079;-0.306931;-0.00990099;-0.019802;0.272277;0.108911;-0.0544554;0.0891089;0.336634;-0.0594059;0.326733;0.0049505;-0.0891089;0.252475;0.445545;0.0891089;0.128713;-0.148515;-0.183168;-0.257426;-0.529703;0.287129;-0.158416;0.732673;0.623762;0.39604;0.410891;-0.242574;0.0544554;0.70297;-0.282178;-0.207921;-0.158416;0.287129;0.39604;0.242574;0.125714;0.171429;0.131429;0.125714;-0.0285714;0.114286;0.234286;0.56;0.131429;0.2;0.610959;0.00821917;0.358904;0.183562;0.243836;0.0410959;-1;0;-1;-1;+1

31.06;-0.227723;-0.118812;-0.277228;-0.0792079;-0.410891;0.371287;0.405941;0.460396;0.60396;0.113861;0.539604;0.40099;0.247525;-0.579208;-0.0594059;0.0693069;0.128713;0.193069;-0.232673;0.361386;-0.00990099;-0.00495049;0.282178;-0.257426;0.138614;0.138614;-0.0346535;0.0643564;0.693069;0.0792079;-0.306931;-0.00990099;-0.019802;0.272277;0.108911;-0.0544554;0.0891089;0.336634;-0.0594059;0.326733;0.0049505;-0.0891089;0.252475;0.445545;0.0891089;0.128713;-0.148515;-0.183168;-0.257426;-0.529703;0.287129;-0.158416;0.732673;0.623762;0.39604;0.410891;-0.242574;0.0544554;0.70297;-0.282178;-0.207921;-0.158416;0.287129;0.39604;0.434286;0.125714;0.171429;0.131429;0.125714;-0.0285714;0.114286;0.234286;0.56;0.0849315;0.2;0.610959;0.00821917;0.358904;0.183562;0.243836;-1;0;-1;-1;+1

31;0.0594059;-0.227723;-0.118812;-0.277228;-0.0792079;-0.410891;0.371287;0.405941;0.460396;0.60396;0.113861;0.539604;0.40099;0.247525;-0.579208;-0.0594059;0.0693069;0.128713;0.193069;-0.232673;0.361386;-0.00990099;-0.00495049;0.282178;-0.257426;0.138614;0.138614;-0.0346535;0.0643564;0.693069;0.0792079;-0.306931;-0.00990099;-0.019802;0.272277;0.108911;-0.0544554;0.0891089;0.336634;-0.0594059;0.326733;0.0049505;-0.0891089;0.252475;0.445545;0.0891089;0.128713;-0.148515;-0.183168;-0.257426;-0.529703;0.287129;-0.158416;0.732673;0.623762;0.39604;0.410891;-0.242574;0.0544554;0.70297;-0.282178;-0.207921;-0.158416;0.287129;0.611429;0.434286;0.125714;0.171429;0.131429;0.125714;-0.0285714;0.114286;0.234286;0.49589;0.0849315;0.2;0.610959;0.00821917;0.358904;0.183562;+1;0;+1;-1;+1

31.2;0.188119;0.0594059;-0.227723;-0.118812;-0.277228;-0.0792079;-0.410891;0.371287;0.405941;0.460396;0.60396;0.113861;0.539604;0.40099;0.247525;-0.579208;-0.0594059;0.0693069;0.128713;0.193069;-0.232673;0.361386;-0.00990099;-0.00495049;0.282178;-0.257426;0.138614;0.138614;-0.0346535;0.0643564;0.693069;0.0792079;-0.306931;-0.00990099;-0.019802;0.272277;0.108911;-0.0544554;0.0891089;0.336634;-0.0594059;0.326733;0.0049505;-0.0891089;0.252475;0.445545;0.0891089;0.128713;-0.148515;-0.183168;-0.257426;-0.529703;0.287129;-0.158416;0.732673;0.623762;0.39604;0.410891;-0.242574;0.0544554;0.70297;-0.282178;-0.207921;-0.158416;0.485714;0.611429;0.434286;0.125714;0.171429;0.131429;0.125714;-0.0285714;0.114286;0.183562;0.49589;0.0849315;0.2;0.610959;0.00821917;0.358904;-1;0;-1;-1;+1

29;-1;0.188119;0.0594059;-0.227723;-0.118812;-0.277228;-0.0792079;-0.410891;0.371287;0.405941;0.460396;0.60396;0.113861;0.539604;0.40099;0.247525;-0.579208;-0.0594059;0.0693069;0.128713;0.193069;-0.232673;0.361386;-0.00990099;-0.00495049;0.282178;-0.257426;0.138614;0.138614;-0.0346535;0.0643564;0.693069;0.0792079;-0.306931;-0.00990099;-0.019802;0.272277;0.108911;-0.0544554;0.0891089;0.336634;-0.0594059;0.326733;0.0049505;-0.0891089;0.252475;0.445545;0.0891089;0.128713;-0.148515;-0.183168;-0.257426;-0.529703;0.287129;-0.158416;0.732673;0.623762;0.39604;0.410891;-0.242574;0.0544554;0.70297;-0.282178;-0.207921;-0.0285714;0.485714;0.611429;0.434286;0.125714;0.171429;0.131429;0.125714;-0.0285714;0.0684932;0.183562;0.49589;0.0849315;0.2;0.610959;0.00821917;-1;0;-1;-1;+1

28.3;-0.257426;-1;0.188119;0.0594059;-0.227723;-0.118812;-0.277228;-0.0792079;-0.410891;0.371287;0.405941;0.460396;0.60396;0.113861;0.539604;0.40099;0.247525;-0.579208;-0.0594059;0.0693069;0.128713;0.193069;-0.232673;0.361386;-0.00990099;-0.00495049;0.282178;-0.257426;0.138614;0.138614;-0.0346535;0.0643564;0.693069;0.0792079;-0.306931;-0.00990099;-0.019802;0.272277;0.108911;-0.0544554;0.0891089;0.336634;-0.0594059;0.326733;0.0049505;-0.0891089;0.252475;0.445545;0.0891089;0.128713;-0.148515;-0.183168;-0.257426;-0.529703;0.287129;-0.158416;0.732673;0.623762;0.39604;0.410891;-0.242574;0.0544554;0.70297;-0.282178;-0.0857143;-0.0285714;0.485714;0.611429;0.434286;0.125714;0.171429;0.131429;0.125714;-0.0684932;0.0684932;0.183562;0.49589;0.0849315;0.2;0.610959;-1;0;-1;-1;+1

28;-0.0594059;-0.257426;-1;0.188119;0.0594059;-0.227723;-0.118812;-0.277228;-0.0792079;-0.410891;0.371287;0.405941;0.460396;0.60396;0.113861;0.539604;0.40099;0.247525;-0.579208;-0.0594059;0.0693069;0.128713;0.193069;-0.232673;0.361386;-0.00990099;-0.00495049;0.282178;-0.257426;0.138614;0.138614;-0.0346535;0.0643564;0.693069;0.0792079;-0.306931;-0.00990099;-0.019802;0.272277;0.108911;-0.0544554;0.0891089;0.336634;-0.0594059;0.326733;0.0049505;-0.0891089;0.252475;0.445545;0.0891089;0.128713;-0.148515;-0.183168;-0.257426;-0.529703;0.287129;-0.158416;0.732673;0.623762;0.39604;0.410891;-0.242574;0.0544554;0.70297;-0.171429;-0.0857143;-0.0285714;0.485714;0.611429;0.434286;0.125714;0.171429;0.131429;0.0794521;-0.0684932;0.0684932;0.183562;0.49589;0.0849315;0.2;+1;0;-1;+1;+1

29.1;0.633663;-0.0594059;-0.257426;-1;0.188119;0.0594059;-0.227723;-0.118812;-0.277228;-0.0792079;-0.410891;0.371287;0.405941;0.460396;0.60396;0.113861;0.539604;0.40099;0.247525;-0.579208;-0.0594059;0.0693069;0.128713;0.193069;-0.232673;0.361386;-0.00990099;-0.00495049;0.282178;-0.257426;0.138614;0.138614;-0.0346535;0.0643564;0.693069;0.0792079;-0.306931;-0.00990099;-0.019802;0.272277;0.108911;-0.0544554;0.0891089;0.336634;-0.0594059;0.326733;0.0049505;-0.0891089;0.252475;0.445545;0.0891089;0.128713;-0.148515;-0.183168;-0.257426;-0.529703;0.287129;-0.158416;0.732673;0.623762;0.39604;0.410891;-0.242574;0.0544554;0.965714;-0.171429;-0.0857143;-0.0285714;0.485714;0.611429;0.434286;0.125714;0.171429;0.0849315;0.0794521;-0.0684932;0.0684932;0.183562;0.49589;0.0849315;+1;0;+1;+1;+1

29.11;0.0940594;0.633663;-0.0594059;-0.257426;-1;0.188119;0.0594059;-0.227723;-0.118812;-0.277228;-0.0792079;-0.410891;0.371287;0.405941;0.460396;0.60396;0.113861;0.539604;0.40099;0.247525;-0.579208;-0.0594059;0.0693069;0.128713;0.193069;-0.232673;0.361386;-0.00990099;-0.00495049;0.282178;-0.257426;0.138614;0.138614;-0.0346535;0.0643564;0.693069;0.0792079;-0.306931;-0.00990099;-0.019802;0.272277;0.108911;-0.0544554;0.0891089;0.336634;-0.0594059;0.326733;0.0049505;-0.0891089;0.252475;0.445545;0.0891089;0.128713;-0.148515;-0.183168;-0.257426;-0.529703;0.287129;-0.158416;0.732673;0.623762;0.39604;0.410891;-0.242574;0.217143;0.965714;-0.171429;-0.0857143;-0.0285714;0.485714;0.611429;0.434286;0.125714;0.123288;0.0849315;0.0794521;-0.0684932;0.0684932;0.183562;0.49589;+1;0;+1;+1;+1

29.5;0.282178;0.0940594;0.633663;-0.0594059;-0.257426;-1;0.188119;0.0594059;-0.227723;-0.118812;-0.277228;-0.0792079;-0.410891;0.371287;0.405941;0.460396;0.60396;0.113861;0.539604;0.40099;0.247525;-0.579208;-0.0594059;0.0693069;0.128713;0.193069;-0.232673;0.361386;-0.00990099;-0.00495049;0.282178;-0.257426;0.138614;0.138614;-0.0346535;0.0643564;0.693069;0.0792079;-0.306931;-0.00990099;-0.019802;0.272277;0.108911;-0.0544554;0.0891089;0.336634;-0.0594059;0.326733;0.0049505;-0.0891089;0.252475;0.445545;0.0891089;0.128713;-0.148515;-0.183168;-0.257426;-0.529703;0.287129;-0.158416;0.732673;0.623762;0.39604;0.410891;-0.125714;0.217143;0.965714;-0.171429;-0.0857143;-0.0285714;0.485714;0.611429;0.434286;0.0794521;0.123288;0.0849315;0.0794521;-0.0684932;0.0684932;0.183562;-1;0;-1;+1;+1

28.51;-0.40099;0.282178;0.0940594;0.633663;-0.0594059;-0.257426;-1;0.188119;0.0594059;-0.227723;-0.118812;-0.277228;-0.0792079;-0.410891;0.371287;0.405941;0.460396;0.60396;0.113861;0.539604;0.40099;0.247525;-0.579208;-0.0594059;0.0693069;0.128713;0.193069;-0.232673;0.361386;-0.00990099;-0.00495049;0.282178;-0.257426;0.138614;0.138614;-0.0346535;0.0643564;0.693069;0.0792079;-0.306931;-0.00990099;-0.019802;0.272277;0.108911;-0.0544554;0.0891089;0.336634;-0.0594059;0.326733;0.0049505;-0.0891089;0.252475;0.445545;0.0891089;0.128713;-0.148515;-0.183168;-0.257426;-0.529703;0.287129;-0.158416;0.732673;0.623762;0.39604;0.628571;-0.125714;0.217143;0.965714;-0.171429;-0.0857143;-0.0285714;0.485714;0.611429;0.375342;0.0794521;0.123288;0.0849315;0.0794521;-0.0684932;0.0684932;+1;0;+1;+1;+1

28.65;0.158416;-0.40099;0.282178;0.0940594;0.633663;-0.0594059;-0.257426;-1;0.188119;0.0594059;-0.227723;-0.118812;-0.277228;-0.0792079;-0.410891;0.371287;0.405941;0.460396;0.60396;0.113861;0.539604;0.40099;0.247525;-0.579208;-0.0594059;0.0693069;0.128713;0.193069;-0.232673;0.361386;-0.00990099;-0.00495049;0.282178;-0.257426;0.138614;0.138614;-0.0346535;0.0643564;0.693069;0.0792079;-0.306931;-0.00990099;-0.019802;0.272277;0.108911;-0.0544554;0.0891089;0.336634;-0.0594059;0.326733;0.0049505;-0.0891089;0.252475;0.445545;0.0891089;0.128713;-0.148515;-0.183168;-0.257426;-0.529703;0.287129;-0.158416;0.732673;0.623762;0.611429;0.628571;-0.125714;0.217143;0.965714;-0.171429;-0.0857143;-0.0285714;0.485714;0.545205;0.375342;0.0794521;0.123288;0.0849315;0.0794521;-0.0684932;+1;0;+1;+1;+1

29.34;0.430693;0.158416;-0.40099;0.282178;0.0940594;0.633663;-0.0594059;-0.257426;-1;0.188119;0.0594059;-0.227723;-0.118812;-0.277228;-0.0792079;-0.410891;0.371287;0.405941;0.460396;0.60396;0.113861;0.539604;0.40099;0.247525;-0.579208;-0.0594059;0.0693069;0.128713;0.193069;-0.232673;0.361386;-0.00990099;-0.00495049;0.282178;-0.257426;0.138614;0.138614;-0.0346535;0.0643564;0.693069;0.0792079;-0.306931;-0.00990099;-0.019802;0.272277;0.108911;-0.0544554;0.0891089;0.336634;-0.0594059;0.326733;0.0049505;-0.0891089;0.252475;0.445545;0.0891089;0.128713;-0.148515;-0.183168;-0.257426;-0.529703;0.287129;-0.158416;0.732673;0.874286;0.611429;0.628571;-0.125714;0.217143;0.965714;-0.171429;-0.0857143;-0.0285714;0.424658;0.545205;0.375342;0.0794521;0.123288;0.0849315;0.0794521;+1;0;+1;+1;+1

30;0.415842;0.430693;0.158416;-0.40099;0.282178;0.0940594;0.633663;-0.0594059;-0.257426;-1;0.188119;0.0594059;-0.227723;-0.118812;-0.277228;-0.0792079;-0.410891;0.371287;0.405941;0.460396;0.60396;0.113861;0.539604;0.40099;0.247525;-0.579208;-0.0594059;0.0693069;0.128713;0.193069;-0.232673;0.361386;-0.00990099;-0.00495049;0.282178;-0.257426;0.138614;0.138614;-0.0346535;0.0643564;0.693069;0.0792079;-0.306931;-0.00990099;-0.019802;0.272277;0.108911;-0.0544554;0.0891089;0.336634;-0.0594059;0.326733;0.0049505;-0.0891089;0.252475;0.445545;0.0891089;0.128713;-0.148515;-0.183168;-0.257426;-0.529703;0.287129;-0.158416;1;0.874286;0.611429;0.628571;-0.125714;0.217143;0.965714;-0.171429;-0.0857143;-0.0684932;0.424658;0.545205;0.375342;0.0794521;0.123288;0.0849315;-1;0;-1;+1;+1

29.4;-0.207921;0.415842;0.430693;0.158416;-0.40099;0.282178;0.0940594;0.633663;-0.0594059;-0.257426;-1;0.188119;0.0594059;-0.227723;-0.118812;-0.277228;-0.0792079;-0.410891;0.371287;0.405941;0.460396;0.60396;0.113861;0.539604;0.40099;0.247525;-0.579208;-0.0594059;0.0693069;0.128713;0.193069;-0.232673;0.361386;-0.00990099;-0.00495049;0.282178;-0.257426;0.138614;0.138614;-0.0346535;0.0643564;0.693069;0.0792079;-0.306931;-0.00990099;-0.019802;0.272277;0.108911;-0.0544554;0.0891089;0.336634;-0.0594059;0.326733;0.0049505;-0.0891089;0.252475;0.445545;0.0891089;0.128713;-0.148515;-0.183168;-0.257426;-0.529703;0.287129;-0.0285714;1;0.874286;0.611429;0.628571;-0.125714;0.217143;0.965714;-0.171429;-0.123288;-0.0684932;0.424658;0.545205;0.375342;0.0794521;0.123288;-1;0;-1;-1;+1

29.1;-0.0594059;-0.207921;0.415842;0.430693;0.158416;-0.40099;0.282178;0.0940594;0.633663;-0.0594059;-0.257426;-1;0.188119;0.0594059;-0.227723;-0.118812;-0.277228;-0.0792079;-0.410891;0.371287;0.405941;0.460396;0.60396;0.113861;0.539604;0.40099;0.247525;-0.579208;-0.0594059;0.0693069;0.128713;0.193069;-0.232673;0.361386;-0.00990099;-0.00495049;0.282178;-0.257426;0.138614;0.138614;-0.0346535;0.0643564;0.693069;0.0792079;-0.306931;-0.00990099;-0.019802;0.272277;0.108911;-0.0544554;0.0891089;0.336634;-0.0594059;0.326733;0.0049505;-0.0891089;0.252475;0.445545;0.0891089;0.128713;-0.148515;-0.183168;-0.257426;-0.529703;0.485714;-0.0285714;1;0.874286;0.611429;0.628571;-0.125714;0.217143;0.965714;-0.205479;-0.123288;-0.0684932;0.424658;0.545205;0.375342;0.0794521;-1;0;-1;-1;+1

28.5;-0.207921;-0.0594059;-0.207921;0.415842;0.430693;0.158416;-0.40099;0.282178;0.0940594;0.633663;-0.0594059;-0.257426;-1;0.188119;0.0594059;-0.227723;-0.118812;-0.277228;-0.0792079;-0.410891;0.371287;0.405941;0.460396;0.60396;0.113861;0.539604;0.40099;0.247525;-0.579208;-0.0594059;0.0693069;0.128713;0.193069;-0.232673;0.361386;-0.00990099;-0.00495049;0.282178;-0.257426;0.138614;0.138614;-0.0346535;0.0643564;0.693069;0.0792079;-0.306931;-0.00990099;-0.019802;0.272277;0.108911;-0.0544554;0.0891089;0.336634;-0.0594059;0.326733;0.0049505;-0.0891089;0.252475;0.445545;0.0891089;0.128713;-0.148515;-0.183168;-0.257426;-0.457143;0.485714;-0.0285714;1;0.874286;0.611429;0.628571;-0.125714;0.217143;0.884932;-0.205479;-0.123288;-0.0684932;0.424658;0.545205;0.375342;-1;0;-1;-1;+1

27.96;-0.178218;-0.207921;-0.0594059;-0.207921;0.415842;0.430693;0.158416;-0.40099;0.282178;0.0940594;0.633663;-0.0594059;-0.257426;-1;0.188119;0.0594059;-0.227723;-0.118812;-0.277228;-0.0792079;-0.410891;0.371287;0.405941;0.460396;0.60396;0.113861;0.539604;0.40099;0.247525;-0.579208;-0.0594059;0.0693069;0.128713;0.193069;-0.232673;0.361386;-0.00990099;-0.00495049;0.282178;-0.257426;0.138614;0.138614;-0.0346535;0.0643564;0.693069;0.0792079;-0.306931;-0.00990099;-0.019802;0.272277;0.108911;-0.0544554;0.0891089;0.336634;-0.0594059;0.326733;0.0049505;-0.0891089;0.252475;0.445545;0.0891089;0.128713;-0.148515;-0.183168;-0.142857;-0.457143;0.485714;-0.0285714;1;0.874286;0.611429;0.628571;-0.125714;0.167123;0.884932;-0.205479;-0.123288;-0.0684932;0.424658;0.545205;+1;0;+1;+1;+1

28.5;0.356436;-0.178218;-0.207921;-0.0594059;-0.207921;0.415842;0.430693;0.158416;-0.40099;0.282178;0.0940594;0.633663;-0.0594059;-0.257426;-1;0.188119;0.0594059;-0.227723;-0.118812;-0.277228;-0.0792079;-0.410891;0.371287;0.405941;0.460396;0.60396;0.113861;0.539604;0.40099;0.247525;-0.579208;-0.0594059;0.0693069;0.128713;0.193069;-0.232673;0.361386;-0.00990099;-0.00495049;0.282178;-0.257426;0.138614;0.138614;-0.0346535;0.0643564;0.693069;0.0792079;-0.306931;-0.00990099;-0.019802;0.272277;0.108911;-0.0544554;0.0891089;0.336634;-0.0594059;0.326733;0.0049505;-0.0891089;0.252475;0.445545;0.0891089;0.128713;-0.148515;-0.0571428;-0.142857;-0.457143;0.485714;-0.0285714;1;0.874286;0.611429;0.628571;-0.161644;0.167123;0.884932;-0.205479;-0.123288;-0.0684932;0.424658;-1;0;-1;-1;+1

27.93;-0.193069;0.356436;-0.178218;-0.207921;-0.0594059;-0.207921;0.415842;0.430693;0.158416;-0.40099;0.282178;0.0940594;0.633663;-0.0594059;-0.257426;-1;0.188119;0.0594059;-0.227723;-0.118812;-0.277228;-0.0792079;-0.410891;0.371287;0.405941;0.460396;0.60396;0.113861;0.539604;0.40099;0.247525;-0.579208;-0.0594059;0.0693069;0.128713;0.193069;-0.232673;0.361386;-0.00990099;-0.00495049;0.282178;-0.257426;0.138614;0.138614;-0.0346535;0.0643564;0.693069;0.0792079;-0.306931;-0.00990099;-0.019802;0.272277;0.108911;-0.0544554;0.0891089;0.336634;-0.0594059;0.326733;0.0049505;-0.0891089;0.252475;0.445545;0.0891089;0.128713;-0.0171428;-0.0571428;-0.142857;-0.457143;0.485714;-0.0285714;1;0.874286;0.611429;0.561644;-0.161644;0.167123;0.884932;-0.205479;-0.123288;-0.0684932;-1;0;-1;-1;+1

26.77;-0.485148;-0.193069;0.356436;-0.178218;-0.207921;-0.0594059;-0.207921;0.415842;0.430693;0.158416;-0.40099;0.282178;0.0940594;0.633663;-0.0594059;-0.257426;-1;0.188119;0.0594059;-0.227723;-0.118812;-0.277228;-0.0792079;-0.410891;0.371287;0.405941;0.460396;0.60396;0.113861;0.539604;0.40099;0.247525;-0.579208;-0.0594059;0.0693069;0.128713;0.193069;-0.232673;0.361386;-0.00990099;-0.00495049;0.282178;-0.257426;0.138614;0.138614;-0.0346535;0.0643564;0.693069;0.0792079;-0.306931;-0.00990099;-0.019802;0.272277;0.108911;-0.0544554;0.0891089;0.336634;-0.0594059;0.326733;0.0049505;-0.0891089;0.252475;0.445545;0.0891089;0.302857;-0.0171428;-0.0571428;-0.142857;-0.457143;0.485714;-0.0285714;1;0.874286;0.545205;0.561644;-0.161644;0.167123;0.884932;-0.205479;-0.123288;-1;0;-1;-1;+1

26;-0.292079;-0.485148;-0.193069;0.356436;-0.178218;-0.207921;-0.0594059;-0.207921;0.415842;0.430693;0.158416;-0.40099;0.282178;0.0940594;0.633663;-0.0594059;-0.257426;-1;0.188119;0.0594059;-0.227723;-0.118812;-0.277228;-0.0792079;-0.410891;0.371287;0.405941;0.460396;0.60396;0.113861;0.539604;0.40099;0.247525;-0.579208;-0.0594059;0.0693069;0.128713;0.193069;-0.232673;0.361386;-0.00990099;-0.00495049;0.282178;-0.257426;0.138614;0.138614;-0.0346535;0.0643564;0.693069;0.0792079;-0.306931;-0.00990099;-0.019802;0.272277;0.108911;-0.0544554;0.0891089;0.336634;-0.0594059;0.326733;0.0049505;-0.0891089;0.252475;0.445545;0.257143;0.302857;-0.0171428;-0.0571428;-0.142857;-0.457143;0.485714;-0.0285714;1;0.79726;0.545205;0.561644;-0.161644;0.167123;0.884932;-0.205479;+1;0;+1;+1;+1

27;0.584158;-0.292079;-0.485148;-0.193069;0.356436;-0.178218;-0.207921;-0.0594059;-0.207921;0.415842;0.430693;0.158416;-0.40099;0.282178;0.0940594;0.633663;-0.0594059;-0.257426;-1;0.188119;0.0594059;-0.227723;-0.118812;-0.277228;-0.0792079;-0.410891;0.371287;0.405941;0.460396;0.60396;0.113861;0.539604;0.40099;0.247525;-0.579208;-0.0594059;0.0693069;0.128713;0.193069;-0.232673;0.361386;-0.00990099;-0.00495049;0.282178;-0.257426;0.138614;0.138614;-0.0346535;0.0643564;0.693069;0.0792079;-0.306931;-0.00990099;-0.019802;0.272277;0.108911;-0.0544554;0.0891089;0.336634;-0.0594059;0.326733;0.0049505;-0.0891089;0.252475;0.668571;0.257143;0.302857;-0.0171428;-0.0571428;-0.142857;-0.457143;0.485714;-0.0285714;0.917808;0.79726;0.545205;0.561644;-0.161644;0.167123;0.884932;-1;0;-1;-1;+1

26.31;-0.252475;0.584158;-0.292079;-0.485148;-0.193069;0.356436;-0.178218;-0.207921;-0.0594059;-0.207921;0.415842;0.430693;0.158416;-0.40099;0.282178;0.0940594;0.633663;-0.0594059;-0.257426;-1;0.188119;0.0594059;-0.227723;-0.118812;-0.277228;-0.0792079;-0.410891;0.371287;0.405941;0.460396;0.60396;0.113861;0.539604;0.40099;0.247525;-0.579208;-0.0594059;0.0693069;0.128713;0.193069;-0.232673;0.361386;-0.00990099;-0.00495049;0.282178;-0.257426;0.138614;0.138614;-0.0346535;0.0643564;0.693069;0.0792079;-0.306931;-0.00990099;-0.019802;0.272277;0.108911;-0.0544554;0.0891089;0.336634;-0.0594059;0.326733;0.0049505;-0.0891089;0.445714;0.668571;0.257143;0.302857;-0.0171428;-0.0571428;-0.142857;-0.457143;0.485714;-0.0684932;0.917808;0.79726;0.545205;0.561644;-0.161644;0.167123;-1;0;-1;-1;+1

25.8;-0.163366;-0.252475;0.584158;-0.292079;-0.485148;-0.193069;0.356436;-0.178218;-0.207921;-0.0594059;-0.207921;0.415842;0.430693;0.158416;-0.40099;0.282178;0.0940594;0.633663;-0.0594059;-0.257426;-1;0.188119;0.0594059;-0.227723;-0.118812;-0.277228;-0.0792079;-0.410891;0.371287;0.405941;0.460396;0.60396;0.113861;0.539604;0.40099;0.247525;-0.579208;-0.0594059;0.0693069;0.128713;0.193069;-0.232673;0.361386;-0.00990099;-0.00495049;0.282178;-0.257426;0.138614;0.138614;-0.0346535;0.0643564;0.693069;0.0792079;-0.306931;-0.00990099;-0.019802;0.272277;0.108911;-0.0544554;0.0891089;0.336634;-0.0594059;0.326733;0.0049505;0.0514286;0.445714;0.668571;0.257143;0.302857;-0.0171428;-0.0571428;-0.142857;-0.457143;0.424658;-0.0684932;0.917808;0.79726;0.545205;0.561644;-0.161644;+1;0;+1;+1;+1

26;0.188119;-0.163366;-0.252475;0.584158;-0.292079;-0.485148;-0.193069;0.356436;-0.178218;-0.207921;-0.0594059;-0.207921;0.415842;0.430693;0.158416;-0.40099;0.282178;0.0940594;0.633663;-0.0594059;-0.257426;-1;0.188119;0.0594059;-0.227723;-0.118812;-0.277228;-0.0792079;-0.410891;0.371287;0.405941;0.460396;0.60396;0.113861;0.539604;0.40099;0.247525;-0.579208;-0.0594059;0.0693069;0.128713;0.193069;-0.232673;0.361386;-0.00990099;-0.00495049;0.282178;-0.257426;0.138614;0.138614;-0.0346535;0.0643564;0.693069;0.0792079;-0.306931;-0.00990099;-0.019802;0.272277;0.108911;-0.0544554;0.0891089;0.336634;-0.0594059;0.326733;0.16;0.0514286;0.445714;0.668571;0.257143;0.302857;-0.0171428;-0.0571428;-0.142857;-0.479452;0.424658;-0.0684932;0.917808;0.79726;0.545205;0.561644;-1;0;-1;-1;+1

25.8;-0.00990099;0.188119;-0.163366;-0.252475;0.584158;-0.292079;-0.485148;-0.193069;0.356436;-0.178218;-0.207921;-0.0594059;-0.207921;0.415842;0.430693;0.158416;-0.40099;0.282178;0.0940594;0.633663;-0.0594059;-0.257426;-1;0.188119;0.0594059;-0.227723;-0.118812;-0.277228;-0.0792079;-0.410891;0.371287;0.405941;0.460396;0.60396;0.113861;0.539604;0.40099;0.247525;-0.579208;-0.0594059;0.0693069;0.128713;0.193069;-0.232673;0.361386;-0.00990099;-0.00495049;0.282178;-0.257426;0.138614;0.138614;-0.0346535;0.0643564;0.693069;0.0792079;-0.306931;-0.00990099;-0.019802;0.272277;0.108911;-0.0544554;0.0891089;0.336634;-0.0594059;0.531429;0.16;0.0514286;0.445714;0.668571;0.257143;0.302857;-0.0171428;-0.0571428;-0.178082;-0.479452;0.424658;-0.0684932;0.917808;0.79726;0.545205;+1;0;+1;+1;+1

26;0.188119;-0.00990099;0.188119;-0.163366;-0.252475;0.584158;-0.292079;-0.485148;-0.193069;0.356436;-0.178218;-0.207921;-0.0594059;-0.207921;0.415842;0.430693;0.158416;-0.40099;0.282178;0.0940594;0.633663;-0.0594059;-0.257426;-1;0.188119;0.0594059;-0.227723;-0.118812;-0.277228;-0.0792079;-0.410891;0.371287;0.405941;0.460396;0.60396;0.113861;0.539604;0.40099;0.247525;-0.579208;-0.0594059;0.0693069;0.128713;0.193069;-0.232673;0.361386;-0.00990099;-0.00495049;0.282178;-0.257426;0.138614;0.138614;-0.0346535;0.0643564;0.693069;0.0792079;-0.306931;-0.00990099;-0.019802;0.272277;0.108911;-0.0544554;0.0891089;0.336634;0.0857143;0.531429;0.16;0.0514286;0.445714;0.668571;0.257143;0.302857;-0.0171428;-0.0958904;-0.178082;-0.479452;0.424658;-0.0684932;0.917808;0.79726;-1;0;-1;-1;+1

26;0.0891089;0.188119;-0.00990099;0.188119;-0.163366;-0.252475;0.584158;-0.292079;-0.485148;-0.193069;0.356436;-0.178218;-0.207921;-0.0594059;-0.207921;0.415842;0.430693;0.158416;-0.40099;0.282178;0.0940594;0.633663;-0.0594059;-0.257426;-1;0.188119;0.0594059;-0.227723;-0.118812;-0.277228;-0.0792079;-0.410891;0.371287;0.405941;0.460396;0.60396;0.113861;0.539604;0.40099;0.247525;-0.579208;-0.0594059;0.0693069;0.128713;0.193069;-0.232673;0.361386;-0.00990099;-0.00495049;0.282178;-0.257426;0.138614;0.138614;-0.0346535;0.0643564;0.693069;0.0792079;-0.306931;-0.00990099;-0.019802;0.272277;0.108911;-0.0544554;0.0891089;0.542857;0.0857143;0.531429;0.16;0.0514286;0.445714;0.668571;0.257143;0.302857;-0.0575342;-0.0958904;-0.178082;-0.479452;0.424658;-0.0684932;0.917808;-1;0;-1;+1;+1

25.7;-0.0594059;0.0891089;0.188119;-0.00990099;0.188119;-0.163366;-0.252475;0.584158;-0.292079;-0.485148;-0.193069;0.356436;-0.178218;-0.207921;-0.0594059;-0.207921;0.415842;0.430693;0.158416;-0.40099;0.282178;0.0940594;0.633663;-0.0594059;-0.257426;-1;0.188119;0.0594059;-0.227723;-0.118812;-0.277228;-0.0792079;-0.410891;0.371287;0.405941;0.460396;0.60396;0.113861;0.539604;0.40099;0.247525;-0.579208;-0.0594059;0.0693069;0.128713;0.193069;-0.232673;0.361386;-0.00990099;-0.00495049;0.282178;-0.257426;0.138614;0.138614;-0.0346535;0.0643564;0.693069;0.0792079;-0.306931;-0.00990099;-0.019802;0.272277;0.108911;-0.0544554;0.257143;0.542857;0.0857143;0.531429;0.16;0.0514286;0.445714;0.668571;0.257143;0.249315;-0.0575342;-0.0958904;-0.178082;-0.479452;0.424658;-0.0684932;-1;0;-1;-1;+1

25.15;-0.183168;-0.0594059;0.0891089;0.188119;-0.00990099;0.188119;-0.163366;-0.252475;0.584158;-0.292079;-0.485148;-0.193069;0.356436;-0.178218;-0.207921;-0.0594059;-0.207921;0.415842;0.430693;0.158416;-0.40099;0.282178;0.0940594;0.633663;-0.0594059;-0.257426;-1;0.188119;0.0594059;-0.227723;-0.118812;-0.277228;-0.0792079;-0.410891;0.371287;0.405941;0.460396;0.60396;0.113861;0.539604;0.40099;0.247525;-0.579208;-0.0594059;0.0693069;0.128713;0.193069;-0.232673;0.361386;-0.00990099;-0.00495049;0.282178;-0.257426;0.138614;0.138614;-0.0346535;0.0643564;0.693069;0.0792079;-0.306931;-0.00990099;-0.019802;0.272277;0.108911;0.0914286;0.257143;0.542857;0.0857143;0.531429;0.16;0.0514286;0.445714;0.668571;0.205479;0.249315;-0.0575342;-0.0958904;-0.178082;-0.479452;0.424658;+1;0;+1;+1;+1

26.2;0.608911;-0.183168;-0.0594059;0.0891089;0.188119;-0.00990099;0.188119;-0.163366;-0.252475;0.584158;-0.292079;-0.485148;-0.193069;0.356436;-0.178218;-0.207921;-0.0594059;-0.207921;0.415842;0.430693;0.158416;-0.40099;0.282178;0.0940594;0.633663;-0.0594059;-0.257426;-1;0.188119;0.0594059;-0.227723;-0.118812;-0.277228;-0.0792079;-0.410891;0.371287;0.405941;0.460396;0.60396;0.113861;0.539604;0.40099;0.247525;-0.579208;-0.0594059;0.0693069;0.128713;0.193069;-0.232673;0.361386;-0.00990099;-0.00495049;0.282178;-0.257426;0.138614;0.138614;-0.0346535;0.0643564;0.693069;0.0792079;-0.306931;-0.00990099;-0.019802;0.272277;0.28;0.0914286;0.257143;0.542857;0.0857143;0.531429;0.16;0.0514286;0.445714;0.6;0.205479;0.249315;-0.0575342;-0.0958904;-0.178082;-0.479452;+1;0;+1;+1;+1

26.46;0.217822;0.608911;-0.183168;-0.0594059;0.0891089;0.188119;-0.00990099;0.188119;-0.163366;-0.252475;0.584158;-0.292079;-0.485148;-0.193069;0.356436;-0.178218;-0.207921;-0.0594059;-0.207921;0.415842;0.430693;0.158416;-0.40099;0.282178;0.0940594;0.633663;-0.0594059;-0.257426;-1;0.188119;0.0594059;-0.227723;-0.118812;-0.277228;-0.0792079;-0.410891;0.371287;0.405941;0.460396;0.60396;0.113861;0.539604;0.40099;0.247525;-0.579208;-0.0594059;0.0693069;0.128713;0.193069;-0.232673;0.361386;-0.00990099;-0.00495049;0.282178;-0.257426;0.138614;0.138614;-0.0346535;0.0643564;0.693069;0.0792079;-0.306931;-0.00990099;-0.019802;0.468571;0.28;0.0914286;0.257143;0.542857;0.0857143;0.531429;0.16;0.0514286;0.386301;0.6;0.205479;0.249315;-0.0575342;-0.0958904;-0.178082;+1;0;-1;-1;+1

28.3;1;0.217822;0.608911;-0.183168;-0.0594059;0.0891089;0.188119;-0.00990099;0.188119;-0.163366;-0.252475;0.584158;-0.292079;-0.485148;-0.193069;0.356436;-0.178218;-0.207921;-0.0594059;-0.207921;0.415842;0.430693;0.158416;-0.40099;0.282178;0.0940594;0.633663;-0.0594059;-0.257426;-1;0.188119;0.0594059;-0.227723;-0.118812;-0.277228;-0.0792079;-0.410891;0.371287;0.405941;0.460396;0.60396;0.113861;0.539604;0.40099;0.247525;-0.579208;-0.0594059;0.0693069;0.128713;0.193069;-0.232673;0.361386;-0.00990099;-0.00495049;0.282178;-0.257426;0.138614;0.138614;-0.0346535;0.0643564;0.693069;0.0792079;-0.306931;-0.00990099;0.131429;0.468571;0.28;0.0914286;0.257143;0.542857;0.0857143;0.531429;0.16;0.00821917;0.386301;0.6;0.205479;0.249315;-0.0575342;-0.0958904;+1;0;+1;+1;+1

28.65;0.262376;1;0.217822;0.608911;-0.183168;-0.0594059;0.0891089;0.188119;-0.00990099;0.188119;-0.163366;-0.252475;0.584158;-0.292079;-0.485148;-0.193069;0.356436;-0.178218;-0.207921;-0.0594059;-0.207921;0.415842;0.430693;0.158416;-0.40099;0.282178;0.0940594;0.633663;-0.0594059;-0.257426;-1;0.188119;0.0594059;-0.227723;-0.118812;-0.277228;-0.0792079;-0.410891;0.371287;0.405941;0.460396;0.60396;0.113861;0.539604;0.40099;0.247525;-0.579208;-0.0594059;0.0693069;0.128713;0.193069;-0.232673;0.361386;-0.00990099;-0.00495049;0.282178;-0.257426;0.138614;0.138614;-0.0346535;0.0643564;0.693069;0.0792079;-0.306931;0.142857;0.131429;0.468571;0.28;0.0914286;0.257143;0.542857;0.0857143;0.531429;0.112329;0.00821917;0.386301;0.6;0.205479;0.249315;-0.0575342;-1;0;-1;-1;+1

28.59;0.0594059;0.262376;1;0.217822;0.608911;-0.183168;-0.0594059;0.0891089;0.188119;-0.00990099;0.188119;-0.163366;-0.252475;0.584158;-0.292079;-0.485148;-0.193069;0.356436;-0.178218;-0.207921;-0.0594059;-0.207921;0.415842;0.430693;0.158416;-0.40099;0.282178;0.0940594;0.633663;-0.0594059;-0.257426;-1;0.188119;0.0594059;-0.227723;-0.118812;-0.277228;-0.0792079;-0.410891;0.371287;0.405941;0.460396;0.60396;0.113861;0.539604;0.40099;0.247525;-0.579208;-0.0594059;0.0693069;0.128713;0.193069;-0.232673;0.361386;-0.00990099;-0.00495049;0.282178;-0.257426;0.138614;0.138614;-0.0346535;0.0643564;0.693069;0.0792079;-0.2;0.142857;0.131429;0.468571;0.28;0.0914286;0.257143;0.542857;0.0857143;0.468493;0.112329;0.00821917;0.386301;0.6;0.205479;0.249315;+1;0;+1;+1;+1

28.72;0.153465;0.0594059;0.262376;1;0.217822;0.608911;-0.183168;-0.0594059;0.0891089;0.188119;-0.00990099;0.188119;-0.163366;-0.252475;0.584158;-0.292079;-0.485148;-0.193069;0.356436;-0.178218;-0.207921;-0.0594059;-0.207921;0.415842;0.430693;0.158416;-0.40099;0.282178;0.0940594;0.633663;-0.0594059;-0.257426;-1;0.188119;0.0594059;-0.227723;-0.118812;-0.277228;-0.0792079;-0.410891;0.371287;0.405941;0.460396;0.60396;0.113861;0.539604;0.40099;0.247525;-0.579208;-0.0594059;0.0693069;0.128713;0.193069;-0.232673;0.361386;-0.00990099;-0.00495049;0.282178;-0.257426;0.138614;0.138614;-0.0346535;0.0643564;0.693069;0.245714;-0.2;0.142857;0.131429;0.468571;0.28;0.0914286;0.257143;0.542857;0.0410959;0.468493;0.112329;0.00821917;0.386301;0.6;0.205479;+1;0;-1;+1;+1

28.9;0.178218;0.153465;0.0594059;0.262376;1;0.217822;0.608911;-0.183168;-0.0594059;0.0891089;0.188119;-0.00990099;0.188119;-0.163366;-0.252475;0.584158;-0.292079;-0.485148;-0.193069;0.356436;-0.178218;-0.207921;-0.0594059;-0.207921;0.415842;0.430693;0.158416;-0.40099;0.282178;0.0940594;0.633663;-0.0594059;-0.257426;-1;0.188119;0.0594059;-0.227723;-0.118812;-0.277228;-0.0792079;-0.410891;0.371287;0.405941;0.460396;0.60396;0.113861;0.539604;0.40099;0.247525;-0.579208;-0.0594059;0.0693069;0.128713;0.193069;-0.232673;0.361386;-0.00990099;-0.00495049;0.282178;-0.257426;0.138614;0.138614;-0.0346535;0.0643564;0.954286;0.245714;-0.2;0.142857;0.131429;0.468571;0.28;0.0914286;0.257143;0.479452;0.0410959;0.468493;0.112329;0.00821917;0.386301;0.6;-1;0;+1;+1;+1

28.65;-0.0346535;0.178218;0.153465;0.0594059;0.262376;1;0.217822;0.608911;-0.183168;-0.0594059;0.0891089;0.188119;-0.00990099;0.188119;-0.163366;-0.252475;0.584158;-0.292079;-0.485148;-0.193069;0.356436;-0.178218;-0.207921;-0.0594059;-0.207921;0.415842;0.430693;0.158416;-0.40099;0.282178;0.0940594;0.633663;-0.0594059;-0.257426;-1;0.188119;0.0594059;-0.227723;-0.118812;-0.277228;-0.0792079;-0.410891;0.371287;0.405941;0.460396;0.60396;0.113861;0.539604;0.40099;0.247525;-0.579208;-0.0594059;0.0693069;0.128713;0.193069;-0.232673;0.361386;-0.00990099;-0.00495049;0.282178;-0.257426;0.138614;0.138614;-0.0346535;0.228571;0.954286;0.245714;-0.2;0.142857;0.131429;0.468571;0.28;0.0914286;0.205479;0.479452;0.0410959;0.468493;0.112329;0.00821917;0.386301;-1;0;-1;-1;+1

28.5;0.0148515;-0.0346535;0.178218;0.153465;0.0594059;0.262376;1;0.217822;0.608911;-0.183168;-0.0594059;0.0891089;0.188119;-0.00990099;0.188119;-0.163366;-0.252475;0.584158;-0.292079;-0.485148;-0.193069;0.356436;-0.178218;-0.207921;-0.0594059;-0.207921;0.415842;0.430693;0.158416;-0.40099;0.282178;0.0940594;0.633663;-0.0594059;-0.257426;-1;0.188119;0.0594059;-0.227723;-0.118812;-0.277228;-0.0792079;-0.410891;0.371287;0.405941;0.460396;0.60396;0.113861;0.539604;0.40099;0.247525;-0.579208;-0.0594059;0.0693069;0.128713;0.193069;-0.232673;0.361386;-0.00990099;-0.00495049;0.282178;-0.257426;0.138614;0.138614;0.114286;0.228571;0.954286;0.245714;-0.2;0.142857;0.131429;0.468571;0.28;0.0465753;0.205479;0.479452;0.0410959;0.468493;0.112329;0.00821917;+1;0;-1;+1;+1

28.52;0.0990099;0.0148515;-0.0346535;0.178218;0.153465;0.0594059;0.262376;1;0.217822;0.608911;-0.183168;-0.0594059;0.0891089;0.188119;-0.00990099;0.188119;-0.163366;-0.252475;0.584158;-0.292079;-0.485148;-0.193069;0.356436;-0.178218;-0.207921;-0.0594059;-0.207921;0.415842;0.430693;0.158416;-0.40099;0.282178;0.0940594;0.633663;-0.0594059;-0.257426;-1;0.188119;0.0594059;-0.227723;-0.118812;-0.277228;-0.0792079;-0.410891;0.371287;0.405941;0.460396;0.60396;0.113861;0.539604;0.40099;0.247525;-0.579208;-0.0594059;0.0693069;0.128713;0.193069;-0.232673;0.361386;-0.00990099;-0.00495049;0.282178;-0.257426;0.138614;0.314286;0.114286;0.228571;0.954286;0.245714;-0.2;0.142857;0.131429;0.468571;0.227397;0.0465753;0.205479;0.479452;0.0410959;0.468493;0.112329;-1;0;-1;-1;+1

28.3;-0.019802;0.0990099;0.0148515;-0.0346535;0.178218;0.153465;0.0594059;0.262376;1;0.217822;0.608911;-0.183168;-0.0594059;0.0891089;0.188119;-0.00990099;0.188119;-0.163366;-0.252475;0.584158;-0.292079;-0.485148;-0.193069;0.356436;-0.178218;-0.207921;-0.0594059;-0.207921;0.415842;0.430693;0.158416;-0.40099;0.282178;0.0940594;0.633663;-0.0594059;-0.257426;-1;0.188119;0.0594059;-0.227723;-0.118812;-0.277228;-0.0792079;-0.410891;0.371287;0.405941;0.460396;0.60396;0.113861;0.539604;0.40099;0.247525;-0.579208;-0.0594059;0.0693069;0.128713;0.193069;-0.232673;0.361386;-0.00990099;-0.00495049;0.282178;-0.257426;0.314286;0.314286;0.114286;0.228571;0.954286;0.245714;-0.2;0.142857;0.131429;0.408219;0.227397;0.0465753;0.205479;0.479452;0.0410959;0.468493;-1;0;-1;-1;+1

27.56;-0.277228;-0.019802;0.0990099;0.0148515;-0.0346535;0.178218;0.153465;0.0594059;0.262376;1;0.217822;0.608911;-0.183168;-0.0594059;0.0891089;0.188119;-0.00990099;0.188119;-0.163366;-0.252475;0.584158;-0.292079;-0.485148;-0.193069;0.356436;-0.178218;-0.207921;-0.0594059;-0.207921;0.415842;0.430693;0.158416;-0.40099;0.282178;0.0940594;0.633663;-0.0594059;-0.257426;-1;0.188119;0.0594059;-0.227723;-0.118812;-0.277228;-0.0792079;-0.410891;0.371287;0.405941;0.460396;0.60396;0.113861;0.539604;0.40099;0.247525;-0.579208;-0.0594059;0.0693069;0.128713;0.193069;-0.232673;0.361386;-0.00990099;-0.00495049;0.282178;-0.142857;0.314286;0.314286;0.114286;0.228571;0.954286;0.245714;-0.2;0.142857;0.0849315;0.408219;0.227397;0.0465753;0.205479;0.479452;0.0410959;-1;0;-1;-1;+1

27.3;-0.039604;-0.277228;-0.019802;0.0990099;0.0148515;-0.0346535;0.178218;0.153465;0.0594059;0.262376;1;0.217822;0.608911;-0.183168;-0.0594059;0.0891089;0.188119;-0.00990099;0.188119;-0.163366;-0.252475;0.584158;-0.292079;-0.485148;-0.193069;0.356436;-0.178218;-0.207921;-0.0594059;-0.207921;0.415842;0.430693;0.158416;-0.40099;0.282178;0.0940594;0.633663;-0.0594059;-0.257426;-1;0.188119;0.0594059;-0.227723;-0.118812;-0.277228;-0.0792079;-0.410891;0.371287;0.405941;0.460396;0.60396;0.113861;0.539604;0.40099;0.247525;-0.579208;-0.0594059;0.0693069;0.128713;0.193069;-0.232673;0.361386;-0.00990099;-0.00495049;0.48;-0.142857;0.314286;0.314286;0.114286;0.228571;0.954286;0.245714;-0.2;0.0958904;0.0849315;0.408219;0.227397;0.0465753;0.205479;0.479452;+1;0;-1;-1;+1

27.44;0.158416;-0.039604;-0.277228;-0.019802;0.0990099;0.0148515;-0.0346535;0.178218;0.153465;0.0594059;0.262376;1;0.217822;0.608911;-0.183168;-0.0594059;0.0891089;0.188119;-0.00990099;0.188119;-0.163366;-0.252475;0.584158;-0.292079;-0.485148;-0.193069;0.356436;-0.178218;-0.207921;-0.0594059;-0.207921;0.415842;0.430693;0.158416;-0.40099;0.282178;0.0940594;0.633663;-0.0594059;-0.257426;-1;0.188119;0.0594059;-0.227723;-0.118812;-0.277228;-0.0792079;-0.410891;0.371287;0.405941;0.460396;0.60396;0.113861;0.539604;0.40099;0.247525;-0.579208;-0.0594059;0.0693069;0.128713;0.193069;-0.232673;0.361386;-0.00990099;0.148571;0.48;-0.142857;0.314286;0.314286;0.114286;0.228571;0.954286;0.245714;-0.232877;0.0958904;0.0849315;0.408219;0.227397;0.0465753;0.205479;+1;0;+1;+1;+1

28.25;0.490099;0.158416;-0.039604;-0.277228;-0.019802;0.0990099;0.0148515;-0.0346535;0.178218;0.153465;0.0594059;0.262376;1;0.217822;0.608911;-0.183168;-0.0594059;0.0891089;0.188119;-0.00990099;0.188119;-0.163366;-0.252475;0.584158;-0.292079;-0.485148;-0.193069;0.356436;-0.178218;-0.207921;-0.0594059;-0.207921;0.415842;0.430693;0.158416;-0.40099;0.282178;0.0940594;0.633663;-0.0594059;-0.257426;-1;0.188119;0.0594059;-0.227723;-0.118812;-0.277228;-0.0792079;-0.410891;0.371287;0.405941;0.460396;0.60396;0.113861;0.539604;0.40099;0.247525;-0.579208;-0.0594059;0.0693069;0.128713;0.193069;-0.232673;0.361386;0.142857;0.148571;0.48;-0.142857;0.314286;0.314286;0.114286;0.228571;0.954286;0.194521;-0.232877;0.0958904;0.0849315;0.408219;0.227397;0.0465753;-1;0;-1;-1;+1

27.61;-0.227723;0.490099;0.158416;-0.039604;-0.277228;-0.019802;0.0990099;0.0148515;-0.0346535;0.178218;0.153465;0.0594059;0.262376;1;0.217822;0.608911;-0.183168;-0.0594059;0.0891089;0.188119;-0.00990099;0.188119;-0.163366;-0.252475;0.584158;-0.292079;-0.485148;-0.193069;0.356436;-0.178218;-0.207921;-0.0594059;-0.207921;0.415842;0.430693;0.158416;-0.40099;0.282178;0.0940594;0.633663;-0.0594059;-0.257426;-1;0.188119;0.0594059;-0.227723;-0.118812;-0.277228;-0.0792079;-0.410891;0.371287;0.405941;0.460396;0.60396;0.113861;0.539604;0.40099;0.247525;-0.579208;-0.0594059;0.0693069;0.128713;0.193069;-0.232673;0.571429;0.142857;0.148571;0.48;-0.142857;0.314286;0.314286;0.114286;0.228571;0.873973;0.194521;-0.232877;0.0958904;0.0849315;0.408219;0.227397;-1;0;-1;-1;+1

26.9;-0.262376;-0.227723;0.490099;0.158416;-0.039604;-0.277228;-0.019802;0.0990099;0.0148515;-0.0346535;0.178218;0.153465;0.0594059;0.262376;1;0.217822;0.608911;-0.183168;-0.0594059;0.0891089;0.188119;-0.00990099;0.188119;-0.163366;-0.252475;0.584158;-0.292079;-0.485148;-0.193069;0.356436;-0.178218;-0.207921;-0.0594059;-0.207921;0.415842;0.430693;0.158416;-0.40099;0.282178;0.0940594;0.633663;-0.0594059;-0.257426;-1;0.188119;0.0594059;-0.227723;-0.118812;-0.277228;-0.0792079;-0.410891;0.371287;0.405941;0.460396;0.60396;0.113861;0.539604;0.40099;0.247525;-0.579208;-0.0594059;0.0693069;0.128713;0.193069;-0.114286;0.571429;0.142857;0.148571;0.48;-0.142857;0.314286;0.314286;0.114286;0.178082;0.873973;0.194521;-0.232877;0.0958904;0.0849315;0.408219;+1;0;+1;+1;+1

27.6;0.435644;-0.262376;-0.227723;0.490099;0.158416;-0.039604;-0.277228;-0.019802;0.0990099;0.0148515;-0.0346535;0.178218;0.153465;0.0594059;0.262376;1;0.217822;0.608911;-0.183168;-0.0594059;0.0891089;0.188119;-0.00990099;0.188119;-0.163366;-0.252475;0.584158;-0.292079;-0.485148;-0.193069;0.356436;-0.178218;-0.207921;-0.0594059;-0.207921;0.415842;0.430693;0.158416;-0.40099;0.282178;0.0940594;0.633663;-0.0594059;-0.257426;-1;0.188119;0.0594059;-0.227723;-0.118812;-0.277228;-0.0792079;-0.410891;0.371287;0.405941;0.460396;0.60396;0.113861;0.539604;0.40099;0.247525;-0.579208;-0.0594059;0.0693069;0.128713;0.377143;-0.114286;0.571429;0.142857;0.148571;0.48;-0.142857;0.314286;0.314286;0.0684932;0.178082;0.873973;0.194521;-0.232877;0.0958904;0.0849315;-1;0;-1;-1;+1

27.6;0.0891089;0.435644;-0.262376;-0.227723;0.490099;0.158416;-0.039604;-0.277228;-0.019802;0.0990099;0.0148515;-0.0346535;0.178218;0.153465;0.0594059;0.262376;1;0.217822;0.608911;-0.183168;-0.0594059;0.0891089;0.188119;-0.00990099;0.188119;-0.163366;-0.252475;0.584158;-0.292079;-0.485148;-0.193069;0.356436;-0.178218;-0.207921;-0.0594059;-0.207921;0.415842;0.430693;0.158416;-0.40099;0.282178;0.0940594;0.633663;-0.0594059;-0.257426;-1;0.188119;0.0594059;-0.227723;-0.118812;-0.277228;-0.0792079;-0.410891;0.371287;0.405941;0.460396;0.60396;0.113861;0.539604;0.40099;0.247525;-0.579208;-0.0594059;0.0693069;0.302857;0.377143;-0.114286;0.571429;0.142857;0.148571;0.48;-0.142857;0.314286;0.260274;0.0684932;0.178082;0.873973;0.194521;-0.232877;0.0958904;-1;0;-1;-1;+1

27.2;-0.108911;0.0891089;0.435644;-0.262376;-0.227723;0.490099;0.158416;-0.039604;-0.277228;-0.019802;0.0990099;0.0148515;-0.0346535;0.178218;0.153465;0.0594059;0.262376;1;0.217822;0.608911;-0.183168;-0.0594059;0.0891089;0.188119;-0.00990099;0.188119;-0.163366;-0.252475;0.584158;-0.292079;-0.485148;-0.193069;0.356436;-0.178218;-0.207921;-0.0594059;-0.207921;0.415842;0.430693;0.158416;-0.40099;0.282178;0.0940594;0.633663;-0.0594059;-0.257426;-1;0.188119;0.0594059;-0.227723;-0.118812;-0.277228;-0.0792079;-0.410891;0.371287;0.405941;0.460396;0.60396;0.113861;0.539604;0.40099;0.247525;-0.579208;-0.0594059;0.234286;0.302857;0.377143;-0.114286;0.571429;0.142857;0.148571;0.48;-0.142857;0.260274;0.260274;0.0684932;0.178082;0.873973;0.194521;-0.232877;-1;0;-1;-1;+1

27.15;0.0643564;-0.108911;0.0891089;0.435644;-0.262376;-0.227723;0.490099;0.158416;-0.039604;-0.277228;-0.019802;0.0990099;0.0148515;-0.0346535;0.178218;0.153465;0.0594059;0.262376;1;0.217822;0.608911;-0.183168;-0.0594059;0.0891089;0.188119;-0.00990099;0.188119;-0.163366;-0.252475;0.584158;-0.292079;-0.485148;-0.193069;0.356436;-0.178218;-0.207921;-0.0594059;-0.207921;0.415842;0.430693;0.158416;-0.40099;0.282178;0.0940594;0.633663;-0.0594059;-0.257426;-1;0.188119;0.0594059;-0.227723;-0.118812;-0.277228;-0.0792079;-0.410891;0.371287;0.405941;0.460396;0.60396;0.113861;0.539604;0.40099;0.247525;-0.579208;0.0857143;0.234286;0.302857;0.377143;-0.114286;0.571429;0.142857;0.148571;0.48;-0.178082;0.260274;0.260274;0.0684932;0.178082;0.873973;0.194521;+1;0;+1;+1;+1

27.4;0.212871;0.0643564;-0.108911;0.0891089;0.435644;-0.262376;-0.227723;0.490099;0.158416;-0.039604;-0.277228;-0.019802;0.0990099;0.0148515;-0.0346535;0.178218;0.153465;0.0594059;0.262376;1;0.217822;0.608911;-0.183168;-0.0594059;0.0891089;0.188119;-0.00990099;0.188119;-0.163366;-0.252475;0.584158;-0.292079;-0.485148;-0.193069;0.356436;-0.178218;-0.207921;-0.0594059;-0.207921;0.415842;0.430693;0.158416;-0.40099;0.282178;0.0940594;0.633663;-0.0594059;-0.257426;-1;0.188119;0.0594059;-0.227723;-0.118812;-0.277228;-0.0792079;-0.410891;0.371287;0.405941;0.460396;0.60396;0.113861;0.539604;0.40099;0.247525;-0.514286;0.0857143;0.234286;0.302857;0.377143;-0.114286;0.571429;0.142857;0.148571;0.419178;-0.178082;0.260274;0.260274;0.0684932;0.178082;0.873973;-1;0;-1;-1;+1

27.05;-0.0841584;0.212871;0.0643564;-0.108911;0.0891089;0.435644;-0.262376;-0.227723;0.490099;0.158416;-0.039604;-0.277228;-0.019802;0.0990099;0.0148515;-0.0346535;0.178218;0.153465;0.0594059;0.262376;1;0.217822;0.608911;-0.183168;-0.0594059;0.0891089;0.188119;-0.00990099;0.188119;-0.163366;-0.252475;0.584158;-0.292079;-0.485148;-0.193069;0.356436;-0.178218;-0.207921;-0.0594059;-0.207921;0.415842;0.430693;0.158416;-0.40099;0.282178;0.0940594;0.633663;-0.0594059;-0.257426;-1;0.188119;0.0594059;-0.227723;-0.118812;-0.277228;-0.0792079;-0.410891;0.371287;0.405941;0.460396;0.60396;0.113861;0.539604;0.40099;0.44;-0.514286;0.0857143;0.234286;0.302857;0.377143;-0.114286;0.571429;0.142857;0.10137;0.419178;-0.178082;0.260274;0.260274;0.0684932;0.178082;+1;0;+1;+1;+1

27.1;0.113861;-0.0841584;0.212871;0.0643564;-0.108911;0.0891089;0.435644;-0.262376;-0.227723;0.490099;0.158416;-0.039604;-0.277228;-0.019802;0.0990099;0.0148515;-0.0346535;0.178218;0.153465;0.0594059;0.262376;1;0.217822;0.608911;-0.183168;-0.0594059;0.0891089;0.188119;-0.00990099;0.188119;-0.163366;-0.252475;0.584158;-0.292079;-0.485148;-0.193069;0.356436;-0.178218;-0.207921;-0.0594059;-0.207921;0.415842;0.430693;0.158416;-0.40099;0.282178;0.0940594;0.633663;-0.0594059;-0.257426;-1;0.188119;0.0594059;-0.227723;-0.118812;-0.277228;-0.0792079;-0.410891;0.371287;0.405941;0.460396;0.60396;0.113861;0.539604;0.617143;0.44;-0.514286;0.0857143;0.234286;0.302857;0.377143;-0.114286;0.571429;0.0958904;0.10137;0.419178;-0.178082;0.260274;0.260274;0.0684932;+1;0;+1;+1;+1

27.65;0.361386;0.113861;-0.0841584;0.212871;0.0643564;-0.108911;0.0891089;0.435644;-0.262376;-0.227723;0.490099;0.158416;-0.039604;-0.277228;-0.019802;0.0990099;0.0148515;-0.0346535;0.178218;0.153465;0.0594059;0.262376;1;0.217822;0.608911;-0.183168;-0.0594059;0.0891089;0.188119;-0.00990099;0.188119;-0.163366;-0.252475;0.584158;-0.292079;-0.485148;-0.193069;0.356436;-0.178218;-0.207921;-0.0594059;-0.207921;0.415842;0.430693;0.158416;-0.40099;0.282178;0.0940594;0.633663;-0.0594059;-0.257426;-1;0.188119;0.0594059;-0.227723;-0.118812;-0.277228;-0.0792079;-0.410891;0.371287;0.405941;0.460396;0.60396;0.113861;0.777143;0.617143;0.44;-0.514286;0.0857143;0.234286;0.302857;0.377143;-0.114286;0.506849;0.0958904;0.10137;0.419178;-0.178082;0.260274;0.260274;-1;0;-1;-1;+1

27.45;-0.00990099;0.361386;0.113861;-0.0841584;0.212871;0.0643564;-0.108911;0.0891089;0.435644;-0.262376;-0.227723;0.490099;0.158416;-0.039604;-0.277228;-0.019802;0.0990099;0.0148515;-0.0346535;0.178218;0.153465;0.0594059;0.262376;1;0.217822;0.608911;-0.183168;-0.0594059;0.0891089;0.188119;-0.00990099;0.188119;-0.163366;-0.252475;0.584158;-0.292079;-0.485148;-0.193069;0.356436;-0.178218;-0.207921;-0.0594059;-0.207921;0.415842;0.430693;0.158416;-0.40099;0.282178;0.0940594;0.633663;-0.0594059;-0.257426;-1;0.188119;0.0594059;-0.227723;-0.118812;-0.277228;-0.0792079;-0.410891;0.371287;0.405941;0.460396;0.60396;0.285714;0.777143;0.617143;0.44;-0.514286;0.0857143;0.234286;0.302857;0.377143;-0.150685;0.506849;0.0958904;0.10137;0.419178;-0.178082;0.260274;+1;0;+1;+1;+1

27.85;0.287129;-0.00990099;0.361386;0.113861;-0.0841584;0.212871;0.0643564;-0.108911;0.0891089;0.435644;-0.262376;-0.227723;0.490099;0.158416;-0.039604;-0.277228;-0.019802;0.0990099;0.0148515;-0.0346535;0.178218;0.153465;0.0594059;0.262376;1;0.217822;0.608911;-0.183168;-0.0594059;0.0891089;0.188119;-0.00990099;0.188119;-0.163366;-0.252475;0.584158;-0.292079;-0.485148;-0.193069;0.356436;-0.178218;-0.207921;-0.0594059;-0.207921;0.415842;0.430693;0.158416;-0.40099;0.282178;0.0940594;0.633663;-0.0594059;-0.257426;-1;0.188119;0.0594059;-0.227723;-0.118812;-0.277228;-0.0792079;-0.410891;0.371287;0.405941;0.460396;0.851429;0.285714;0.777143;0.617143;0.44;-0.514286;0.0857143;0.234286;0.302857;0.320548;-0.150685;0.506849;0.0958904;0.10137;0.419178;-0.178082;+1;0;+1;+1;+1

28.7;0.509901;0.287129;-0.00990099;0.361386;0.113861;-0.0841584;0.212871;0.0643564;-0.108911;0.0891089;0.435644;-0.262376;-0.227723;0.490099;0.158416;-0.039604;-0.277228;-0.019802;0.0990099;0.0148515;-0.0346535;0.178218;0.153465;0.0594059;0.262376;1;0.217822;0.608911;-0.183168;-0.0594059;0.0891089;0.188119;-0.00990099;0.188119;-0.163366;-0.252475;0.584158;-0.292079;-0.485148;-0.193069;0.356436;-0.178218;-0.207921;-0.0594059;-0.207921;0.415842;0.430693;0.158416;-0.40099;0.282178;0.0940594;0.633663;-0.0594059;-0.257426;-1;0.188119;0.0594059;-0.227723;-0.118812;-0.277228;-0.0792079;-0.410891;0.371287;0.405941;0.685714;0.851429;0.285714;0.777143;0.617143;0.44;-0.514286;0.0857143;0.234286;0.249315;0.320548;-0.150685;0.506849;0.0958904;0.10137;0.419178;+1;0;-1;+1;+1

29.05;0.262376;0.509901;0.287129;-0.00990099;0.361386;0.113861;-0.0841584;0.212871;0.0643564;-0.108911;0.0891089;0.435644;-0.262376;-0.227723;0.490099;0.158416;-0.039604;-0.277228;-0.019802;0.0990099;0.0148515;-0.0346535;0.178218;0.153465;0.0594059;0.262376;1;0.217822;0.608911;-0.183168;-0.0594059;0.0891089;0.188119;-0.00990099;0.188119;-0.163366;-0.252475;0.584158;-0.292079;-0.485148;-0.193069;0.356436;-0.178218;-0.207921;-0.0594059;-0.207921;0.415842;0.430693;0.158416;-0.40099;0.282178;0.0940594;0.633663;-0.0594059;-0.257426;-1;0.188119;0.0594059;-0.227723;-0.118812;-0.277228;-0.0792079;-0.410891;0.371287;0.622857;0.685714;0.851429;0.285714;0.777143;0.617143;0.44;-0.514286;0.0857143;0.183562;0.249315;0.320548;-0.150685;0.506849;0.0958904;0.10137;+1;0;+1;+1;+1

29.13;0.128713;0.262376;0.509901;0.287129;-0.00990099;0.361386;0.113861;-0.0841584;0.212871;0.0643564;-0.108911;0.0891089;0.435644;-0.262376;-0.227723;0.490099;0.158416;-0.039604;-0.277228;-0.019802;0.0990099;0.0148515;-0.0346535;0.178218;0.153465;0.0594059;0.262376;1;0.217822;0.608911;-0.183168;-0.0594059;0.0891089;0.188119;-0.00990099;0.188119;-0.163366;-0.252475;0.584158;-0.292079;-0.485148;-0.193069;0.356436;-0.178218;-0.207921;-0.0594059;-0.207921;0.415842;0.430693;0.158416;-0.40099;0.282178;0.0940594;0.633663;-0.0594059;-0.257426;-1;0.188119;0.0594059;-0.227723;-0.118812;-0.277228;-0.0792079;-0.410891;0.582857;0.622857;0.685714;0.851429;0.285714;0.777143;0.617143;0.44;-0.514286;0.0410959;0.183562;0.249315;0.320548;-0.150685;0.506849;0.0958904;-1;0;-1;-1;+1

28.61;-0.168317;0.128713;0.262376;0.509901;0.287129;-0.00990099;0.361386;0.113861;-0.0841584;0.212871;0.0643564;-0.108911;0.0891089;0.435644;-0.262376;-0.227723;0.490099;0.158416;-0.039604;-0.277228;-0.019802;0.0990099;0.0148515;-0.0346535;0.178218;0.153465;0.0594059;0.262376;1;0.217822;0.608911;-0.183168;-0.0594059;0.0891089;0.188119;-0.00990099;0.188119;-0.163366;-0.252475;0.584158;-0.292079;-0.485148;-0.193069;0.356436;-0.178218;-0.207921;-0.0594059;-0.207921;0.415842;0.430693;0.158416;-0.40099;0.282178;0.0940594;0.633663;-0.0594059;-0.257426;-1;0.188119;0.0594059;-0.227723;-0.118812;-0.277228;-0.0792079;-0.32;0.582857;0.622857;0.685714;0.851429;0.285714;0.777143;0.617143;0.44;-0.534247;0.0410959;0.183562;0.249315;0.320548;-0.150685;0.506849;-1;0;-1;-1;+1

28.12;-0.153465;-0.168317;0.128713;0.262376;0.509901;0.287129;-0.00990099;0.361386;0.113861;-0.0841584;0.212871;0.0643564;-0.108911;0.0891089;0.435644;-0.262376;-0.227723;0.490099;0.158416;-0.039604;-0.277228;-0.019802;0.0990099;0.0148515;-0.0346535;0.178218;0.153465;0.0594059;0.262376;1;0.217822;0.608911;-0.183168;-0.0594059;0.0891089;0.188119;-0.00990099;0.188119;-0.163366;-0.252475;0.584158;-0.292079;-0.485148;-0.193069;0.356436;-0.178218;-0.207921;-0.0594059;-0.207921;0.415842;0.430693;0.158416;-0.40099;0.282178;0.0940594;0.633663;-0.0594059;-0.257426;-1;0.188119;0.0594059;-0.227723;-0.118812;-0.277228;0.0628572;-0.32;0.582857;0.622857;0.685714;0.851429;0.285714;0.777143;0.617143;0.380822;-0.534247;0.0410959;0.183562;0.249315;0.320548;-0.150685;-1;0;-1;-1;+1

27.35;-0.292079;-0.153465;-0.168317;0.128713;0.262376;0.509901;0.287129;-0.00990099;0.361386;0.113861;-0.0841584;0.212871;0.0643564;-0.108911;0.0891089;0.435644;-0.262376;-0.227723;0.490099;0.158416;-0.039604;-0.277228;-0.019802;0.0990099;0.0148515;-0.0346535;0.178218;0.153465;0.0594059;0.262376;1;0.217822;0.608911;-0.183168;-0.0594059;0.0891089;0.188119;-0.00990099;0.188119;-0.163366;-0.252475;0.584158;-0.292079;-0.485148;-0.193069;0.356436;-0.178218;-0.207921;-0.0594059;-0.207921;0.415842;0.430693;0.158416;-0.40099;0.282178;0.0940594;0.633663;-0.0594059;-0.257426;-1;0.188119;0.0594059;-0.227723;-0.118812;-0.165714;0.0628572;-0.32;0.582857;0.622857;0.685714;0.851429;0.285714;0.777143;0.550685;0.380822;-0.534247;0.0410959;0.183562;0.249315;0.320548;+1;0;-1;-1;+1

27.72;0.272277;-0.292079;-0.153465;-0.168317;0.128713;0.262376;0.509901;0.287129;-0.00990099;0.361386;0.113861;-0.0841584;0.212871;0.0643564;-0.108911;0.0891089;0.435644;-0.262376;-0.227723;0.490099;0.158416;-0.039604;-0.277228;-0.019802;0.0990099;0.0148515;-0.0346535;0.178218;0.153465;0.0594059;0.262376;1;0.217822;0.608911;-0.183168;-0.0594059;0.0891089;0.188119;-0.00990099;0.188119;-0.163366;-0.252475;0.584158;-0.292079;-0.485148;-0.193069;0.356436;-0.178218;-0.207921;-0.0594059;-0.207921;0.415842;0.430693;0.158416;-0.40099;0.282178;0.0940594;0.633663;-0.0594059;-0.257426;-1;0.188119;0.0594059;-0.227723;0.0171429;-0.165714;0.0628572;-0.32;0.582857;0.622857;0.685714;0.851429;0.285714;0.70411;0.550685;0.380822;-0.534247;0.0410959;0.183562;0.249315;+1;0;+1;-1;+1

28.6;0.524752;0.272277;-0.292079;-0.153465;-0.168317;0.128713;0.262376;0.509901;0.287129;-0.00990099;0.361386;0.113861;-0.0841584;0.212871;0.0643564;-0.108911;0.0891089;0.435644;-0.262376;-0.227723;0.490099;0.158416;-0.039604;-0.277228;-0.019802;0.0990099;0.0148515;-0.0346535;0.178218;0.153465;0.0594059;0.262376;1;0.217822;0.608911;-0.183168;-0.0594059;0.0891089;0.188119;-0.00990099;0.188119;-0.163366;-0.252475;0.584158;-0.292079;-0.485148;-0.193069;0.356436;-0.178218;-0.207921;-0.0594059;-0.207921;0.415842;0.430693;0.158416;-0.40099;0.282178;0.0940594;0.633663;-0.0594059;-0.257426;-1;0.188119;0.0594059;-0.108571;0.0171429;-0.165714;0.0628572;-0.32;0.582857;0.622857;0.685714;0.851429;0.232877;0.70411;0.550685;0.380822;-0.534247;0.0410959;0.183562;-1;0;-1;-1;+1

27.41;-0.5;0.524752;0.272277;-0.292079;-0.153465;-0.168317;0.128713;0.262376;0.509901;0.287129;-0.00990099;0.361386;0.113861;-0.0841584;0.212871;0.0643564;-0.108911;0.0891089;0.435644;-0.262376;-0.227723;0.490099;0.158416;-0.039604;-0.277228;-0.019802;0.0990099;0.0148515;-0.0346535;0.178218;0.153465;0.0594059;0.262376;1;0.217822;0.608911;-0.183168;-0.0594059;0.0891089;0.188119;-0.00990099;0.188119;-0.163366;-0.252475;0.584158;-0.292079;-0.485148;-0.193069;0.356436;-0.178218;-0.207921;-0.0594059;-0.207921;0.415842;0.430693;0.158416;-0.40099;0.282178;0.0940594;0.633663;-0.0594059;-0.257426;-1;0.188119;0.222857;-0.108571;0.0171429;-0.165714;0.0628572;-0.32;0.582857;0.622857;0.685714;0.775342;0.232877;0.70411;0.550685;0.380822;-0.534247;0.0410959;+1;0;+1;+1;+1

27.59;0.178218;-0.5;0.524752;0.272277;-0.292079;-0.153465;-0.168317;0.128713;0.262376;0.509901;0.287129;-0.00990099;0.361386;0.113861;-0.0841584;0.212871;0.0643564;-0.108911;0.0891089;0.435644;-0.262376;-0.227723;0.490099;0.158416;-0.039604;-0.277228;-0.019802;0.0990099;0.0148515;-0.0346535;0.178218;0.153465;0.0594059;0.262376;1;0.217822;0.608911;-0.183168;-0.0594059;0.0891089;0.188119;-0.00990099;0.188119;-0.163366;-0.252475;0.584158;-0.292079;-0.485148;-0.193069;0.356436;-0.178218;-0.207921;-0.0594059;-0.207921;0.415842;0.430693;0.158416;-0.40099;0.282178;0.0940594;0.633663;-0.0594059;-0.257426;-1;0.371429;0.222857;-0.108571;0.0171429;-0.165714;0.0628572;-0.32;0.582857;0.622857;0.616438;0.775342;0.232877;0.70411;0.550685;0.380822;-0.534247;-1;0;-1;-1;+1

27.35;-0.029703;0.178218;-0.5;0.524752;0.272277;-0.292079;-0.153465;-0.168317;0.128713;0.262376;0.509901;0.287129;-0.00990099;0.361386;0.113861;-0.0841584;0.212871;0.0643564;-0.108911;0.0891089;0.435644;-0.262376;-0.227723;0.490099;0.158416;-0.039604;-0.277228;-0.019802;0.0990099;0.0148515;-0.0346535;0.178218;0.153465;0.0594059;0.262376;1;0.217822;0.608911;-0.183168;-0.0594059;0.0891089;0.188119;-0.00990099;0.188119;-0.163366;-0.252475;0.584158;-0.292079;-0.485148;-0.193069;0.356436;-0.178218;-0.207921;-0.0594059;-0.207921;0.415842;0.430693;0.158416;-0.40099;0.282178;0.0940594;0.633663;-0.0594059;-0.257426;-1;0.371429;0.222857;-0.108571;0.0171429;-0.165714;0.0628572;-0.32;0.582857;0.556164;0.616438;0.775342;0.232877;0.70411;0.550685;0.380822;-1;0;-1;-1;+1

27.1;-0.0346535;-0.029703;0.178218;-0.5;0.524752;0.272277;-0.292079;-0.153465;-0.168317;0.128713;0.262376;0.509901;0.287129;-0.00990099;0.361386;0.113861;-0.0841584;0.212871;0.0643564;-0.108911;0.0891089;0.435644;-0.262376;-0.227723;0.490099;0.158416;-0.039604;-0.277228;-0.019802;0.0990099;0.0148515;-0.0346535;0.178218;0.153465;0.0594059;0.262376;1;0.217822;0.608911;-0.183168;-0.0594059;0.0891089;0.188119;-0.00990099;0.188119;-0.163366;-0.252475;0.584158;-0.292079;-0.485148;-0.193069;0.356436;-0.178218;-0.207921;-0.0594059;-0.207921;0.415842;0.430693;0.158416;-0.40099;0.282178;0.0940594;0.633663;-0.0594059;-0.142857;-1;0.371429;0.222857;-0.108571;0.0171429;-0.165714;0.0628572;-0.32;0.517808;0.556164;0.616438;0.775342;0.232877;0.70411;0.550685;-1;0;-1;+1;+1

26.69;-0.113861;-0.0346535;-0.029703;0.178218;-0.5;0.524752;0.272277;-0.292079;-0.153465;-0.168317;0.128713;0.262376;0.509901;0.287129;-0.00990099;0.361386;0.113861;-0.0841584;0.212871;0.0643564;-0.108911;0.0891089;0.435644;-0.262376;-0.227723;0.490099;0.158416;-0.039604;-0.277228;-0.019802;0.0990099;0.0148515;-0.0346535;0.178218;0.153465;0.0594059;0.262376;1;0.217822;0.608911;-0.183168;-0.0594059;0.0891089;0.188119;-0.00990099;0.188119;-0.163366;-0.252475;0.584158;-0.292079;-0.485148;-0.193069;0.356436;-0.178218;-0.207921;-0.0594059;-0.207921;0.415842;0.430693;0.158416;-0.40099;0.282178;0.0940594;0.633663;0.0857143;-0.142857;-1;0.371429;0.222857;-0.108571;0.0171429;-0.165714;0.0628572;-0.347945;0.517808;0.556164;0.616438;0.775342;0.232877;0.70411;+1;0;+1;+1;+1

26.9;0.193069;-0.113861;-0.0346535;-0.029703;0.178218;-0.5;0.524752;0.272277;-0.292079;-0.153465;-0.168317;0.128713;0.262376;0.509901;0.287129;-0.00990099;0.361386;0.113861;-0.0841584;0.212871;0.0643564;-0.108911;0.0891089;0.435644;-0.262376;-0.227723;0.490099;0.158416;-0.039604;-0.277228;-0.019802;0.0990099;0.0148515;-0.0346535;0.178218;0.153465;0.0594059;0.262376;1;0.217822;0.608911;-0.183168;-0.0594059;0.0891089;0.188119;-0.00990099;0.188119;-0.163366;-0.252475;0.584158;-0.292079;-0.485148;-0.193069;0.356436;-0.178218;-0.207921;-0.0594059;-0.207921;0.415842;0.430693;0.158416;-0.40099;0.282178;0.0940594;0.885714;0.0857143;-0.142857;-1;0.371429;0.222857;-0.108571;0.0171429;-0.165714;0.0191781;-0.347945;0.517808;0.556164;0.616438;0.775342;0.232877;+1;0;+1;+1;+1

27.37;0.321782;0.193069;-0.113861;-0.0346535;-0.029703;0.178218;-0.5;0.524752;0.272277;-0.292079;-0.153465;-0.168317;0.128713;0.262376;0.509901;0.287129;-0.00990099;0.361386;0.113861;-0.0841584;0.212871;0.0643564;-0.108911;0.0891089;0.435644;-0.262376;-0.227723;0.490099;0.158416;-0.039604;-0.277228;-0.019802;0.0990099;0.0148515;-0.0346535;0.178218;0.153465;0.0594059;0.262376;1;0.217822;0.608911;-0.183168;-0.0594059;0.0891089;0.188119;-0.00990099;0.188119;-0.163366;-0.252475;0.584158;-0.292079;-0.485148;-0.193069;0.356436;-0.178218;-0.207921;-0.0594059;-0.207921;0.415842;0.430693;0.158416;-0.40099;0.282178;0.262857;0.885714;0.0857143;-0.142857;-1;0.371429;0.222857;-0.108571;0.0171429;-0.2;0.0191781;-0.347945;0.517808;0.556164;0.616438;0.775342;-1;0;-1;-1;+1

27.15;-0.019802;0.321782;0.193069;-0.113861;-0.0346535;-0.029703;0.178218;-0.5;0.524752;0.272277;-0.292079;-0.153465;-0.168317;0.128713;0.262376;0.509901;0.287129;-0.00990099;0.361386;0.113861;-0.0841584;0.212871;0.0643564;-0.108911;0.0891089;0.435644;-0.262376;-0.227723;0.490099;0.158416;-0.039604;-0.277228;-0.019802;0.0990099;0.0148515;-0.0346535;0.178218;0.153465;0.0594059;0.262376;1;0.217822;0.608911;-0.183168;-0.0594059;0.0891089;0.188119;-0.00990099;0.188119;-0.163366;-0.252475;0.584158;-0.292079;-0.485148;-0.193069;0.356436;-0.178218;-0.207921;-0.0594059;-0.207921;0.415842;0.430693;0.158416;-0.40099;0.48;0.262857;0.885714;0.0857143;-0.142857;-1;0.371429;0.222857;-0.108571;-0.0246575;-0.2;0.0191781;-0.347945;0.517808;0.556164;0.616438;+1;0;+1;+1;+1

27.58;0.30198;-0.019802;0.321782;0.193069;-0.113861;-0.0346535;-0.029703;0.178218;-0.5;0.524752;0.272277;-0.292079;-0.153465;-0.168317;0.128713;0.262376;0.509901;0.287129;-0.00990099;0.361386;0.113861;-0.0841584;0.212871;0.0643564;-0.108911;0.0891089;0.435644;-0.262376;-0.227723;0.490099;0.158416;-0.039604;-0.277228;-0.019802;0.0990099;0.0148515;-0.0346535;0.178218;0.153465;0.0594059;0.262376;1;0.217822;0.608911;-0.183168;-0.0594059;0.0891089;0.188119;-0.00990099;0.188119;-0.163366;-0.252475;0.584158;-0.292079;-0.485148;-0.193069;0.356436;-0.178218;-0.207921;-0.0594059;-0.207921;0.415842;0.430693;0.158416;-0.308571;0.48;0.262857;0.885714;0.0857143;-0.142857;-1;0.371429;0.222857;-0.145205;-0.0246575;-0.2;0.0191781;-0.347945;0.517808;0.556164;-1;0;-1;-1;+1

27.4;0;0.30198;-0.019802;0.321782;0.193069;-0.113861;-0.0346535;-0.029703;0.178218;-0.5;0.524752;0.272277;-0.292079;-0.153465;-0.168317;0.128713;0.262376;0.509901;0.287129;-0.00990099;0.361386;0.113861;-0.0841584;0.212871;0.0643564;-0.108911;0.0891089;0.435644;-0.262376;-0.227723;0.490099;0.158416;-0.039604;-0.277228;-0.019802;0.0990099;0.0148515;-0.0346535;0.178218;0.153465;0.0594059;0.262376;1;0.217822;0.608911;-0.183168;-0.0594059;0.0891089;0.188119;-0.00990099;0.188119;-0.163366;-0.252475;0.584158;-0.292079;-0.485148;-0.193069;0.356436;-0.178218;-0.207921;-0.0594059;-0.207921;0.415842;0.430693;0.337143;-0.308571;0.48;0.262857;0.885714;0.0857143;-0.142857;-1;0.371429;0.172603;-0.145205;-0.0246575;-0.2;0.0191781;-0.347945;0.517808;+1;0;+1;+1;+1

28;0.386139;0;0.30198;-0.019802;0.321782;0.193069;-0.113861;-0.0346535;-0.029703;0.178218;-0.5;0.524752;0.272277;-0.292079;-0.153465;-0.168317;0.128713;0.262376;0.509901;0.287129;-0.00990099;0.361386;0.113861;-0.0841584;0.212871;0.0643564;-0.108911;0.0891089;0.435644;-0.262376;-0.227723;0.490099;0.158416;-0.039604;-0.277228;-0.019802;0.0990099;0.0148515;-0.0346535;0.178218;0.153465;0.0594059;0.262376;1;0.217822;0.608911;-0.183168;-0.0594059;0.0891089;0.188119;-0.00990099;0.188119;-0.163366;-0.252475;0.584158;-0.292079;-0.485148;-0.193069;0.356436;-0.178218;-0.207921;-0.0594059;-0.207921;0.415842;0.651429;0.337143;-0.308571;0.48;0.262857;0.885714;0.0857143;-0.142857;-1;0.315068;0.172603;-0.145205;-0.0246575;-0.2;0.0191781;-0.347945;+1;0;+1;+1;+1

28.47;0.321782;0.386139;0;0.30198;-0.019802;0.321782;0.193069;-0.113861;-0.0346535;-0.029703;0.178218;-0.5;0.524752;0.272277;-0.292079;-0.153465;-0.168317;0.128713;0.262376;0.509901;0.287129;-0.00990099;0.361386;0.113861;-0.0841584;0.212871;0.0643564;-0.108911;0.0891089;0.435644;-0.262376;-0.227723;0.490099;0.158416;-0.039604;-0.277228;-0.019802;0.0990099;0.0148515;-0.0346535;0.178218;0.153465;0.0594059;0.262376;1;0.217822;0.608911;-0.183168;-0.0594059;0.0891089;0.188119;-0.00990099;0.188119;-0.163366;-0.252475;0.584158;-0.292079;-0.485148;-0.193069;0.356436;-0.178218;-0.207921;-0.0594059;-0.207921;0.634286;0.651429;0.337143;-0.308571;0.48;0.262857;0.885714;0.0857143;-0.142857;-1;0.315068;0.172603;-0.145205;-0.0246575;-0.2;0.0191781;-1;0;-1;+1;+1

28.3;0.0049505;0.321782;0.386139;0;0.30198;-0.019802;0.321782;0.193069;-0.113861;-0.0346535;-0.029703;0.178218;-0.5;0.524752;0.272277;-0.292079;-0.153465;-0.168317;0.128713;0.262376;0.509901;0.287129;-0.00990099;0.361386;0.113861;-0.0841584;0.212871;0.0643564;-0.108911;0.0891089;0.435644;-0.262376;-0.227723;0.490099;0.158416;-0.039604;-0.277228;-0.019802;0.0990099;0.0148515;-0.0346535;0.178218;0.153465;0.0594059;0.262376;1;0.217822;0.608911;-0.183168;-0.0594059;0.0891089;0.188119;-0.00990099;0.188119;-0.163366;-0.252475;0.584158;-0.292079;-0.485148;-0.193069;0.356436;-0.178218;-0.207921;-0.0594059;-0.0857143;0.634286;0.651429;0.337143;-0.308571;0.48;0.262857;0.885714;0.0857143;-0.178082;-1;0.315068;0.172603;-0.145205;-0.0246575;-0.2;+1;0;-1;+1;+1

28.55;0.212871;0.0049505;0.321782;0.386139;0;0.30198;-0.019802;0.321782;0.193069;-0.113861;-0.0346535;-0.029703;0.178218;-0.5;0.524752;0.272277;-0.292079;-0.153465;-0.168317;0.128713;0.262376;0.509901;0.287129;-0.00990099;0.361386;0.113861;-0.0841584;0.212871;0.0643564;-0.108911;0.0891089;0.435644;-0.262376;-0.227723;0.490099;0.158416;-0.039604;-0.277228;-0.019802;0.0990099;0.0148515;-0.0346535;0.178218;0.153465;0.0594059;0.262376;1;0.217822;0.608911;-0.183168;-0.0594059;0.0891089;0.188119;-0.00990099;0.188119;-0.163366;-0.252475;0.584158;-0.292079;-0.485148;-0.193069;0.356436;-0.178218;-0.207921;0.0857143;-0.0857143;0.634286;0.651429;0.337143;-0.308571;0.48;0.262857;0.885714;0.0410959;-0.178082;-1;0.315068;0.172603;-0.145205;-0.0246575;-1;0;-1;-1;+1

28.2;-0.0841584;0.212871;0.0049505;0.321782;0.386139;0;0.30198;-0.019802;0.321782;0.193069;-0.113861;-0.0346535;-0.029703;0.178218;-0.5;0.524752;0.272277;-0.292079;-0.153465;-0.168317;0.128713;0.262376;0.509901;0.287129;-0.00990099;0.361386;0.113861;-0.0841584;0.212871;0.0643564;-0.108911;0.0891089;0.435644;-0.262376;-0.227723;0.490099;0.158416;-0.039604;-0.277228;-0.019802;0.0990099;0.0148515;-0.0346535;0.178218;0.153465;0.0594059;0.262376;1;0.217822;0.608911;-0.183168;-0.0594059;0.0891089;0.188119;-0.00990099;0.188119;-0.163366;-0.252475;0.584158;-0.292079;-0.485148;-0.193069;0.356436;-0.178218;-0.0857143;0.0857143;-0.0857143;0.634286;0.651429;0.337143;-0.308571;0.48;0.262857;0.808219;0.0410959;-0.178082;-1;0.315068;0.172603;-0.145205;+1;0;+1;+1;+1

28.4;0.188119;-0.0841584;0.212871;0.0049505;0.321782;0.386139;0;0.30198;-0.019802;0.321782;0.193069;-0.113861;-0.0346535;-0.029703;0.178218;-0.5;0.524752;0.272277;-0.292079;-0.153465;-0.168317;0.128713;0.262376;0.509901;0.287129;-0.00990099;0.361386;0.113861;-0.0841584;0.212871;0.0643564;-0.108911;0.0891089;0.435644;-0.262376;-0.227723;0.490099;0.158416;-0.039604;-0.277228;-0.019802;0.0990099;0.0148515;-0.0346535;0.178218;0.153465;0.0594059;0.262376;1;0.217822;0.608911;-0.183168;-0.0594059;0.0891089;0.188119;-0.00990099;0.188119;-0.163366;-0.252475;0.584158;-0.292079;-0.485148;-0.193069;0.356436;-0.0514286;-0.0857143;0.0857143;-0.0857143;0.634286;0.651429;0.337143;-0.308571;0.48;0.210959;0.808219;0.0410959;-0.178082;-1;0.315068;0.172603;-1;0;-1;-1;+1

27.41;-0.40099;0.188119;-0.0841584;0.212871;0.0049505;0.321782;0.386139;0;0.30198;-0.019802;0.321782;0.193069;-0.113861;-0.0346535;-0.029703;0.178218;-0.5;0.524752;0.272277;-0.292079;-0.153465;-0.168317;0.128713;0.262376;0.509901;0.287129;-0.00990099;0.361386;0.113861;-0.0841584;0.212871;0.0643564;-0.108911;0.0891089;0.435644;-0.262376;-0.227723;0.490099;0.158416;-0.039604;-0.277228;-0.019802;0.0990099;0.0148515;-0.0346535;0.178218;0.153465;0.0594059;0.262376;1;0.217822;0.608911;-0.183168;-0.0594059;0.0891089;0.188119;-0.00990099;0.188119;-0.163366;-0.252475;0.584158;-0.292079;-0.485148;-0.193069;0.565714;-0.0514286;-0.0857143;0.0857143;-0.0857143;0.634286;0.651429;0.337143;-0.308571;0.419178;0.210959;0.808219;0.0410959;-0.178082;-1;0.315068;+1;0;+1;+1;+1

27.5;0.133663;-0.40099;0.188119;-0.0841584;0.212871;0.0049505;0.321782;0.386139;0;0.30198;-0.019802;0.321782;0.193069;-0.113861;-0.0346535;-0.029703;0.178218;-0.5;0.524752;0.272277;-0.292079;-0.153465;-0.168317;0.128713;0.262376;0.509901;0.287129;-0.00990099;0.361386;0.113861;-0.0841584;0.212871;0.0643564;-0.108911;0.0891089;0.435644;-0.262376;-0.227723;0.490099;0.158416;-0.039604;-0.277228;-0.019802;0.0990099;0.0148515;-0.0346535;0.178218;0.153465;0.0594059;0.262376;1;0.217822;0.608911;-0.183168;-0.0594059;0.0891089;0.188119;-0.00990099;0.188119;-0.163366;-0.252475;0.584158;-0.292079;-0.485148;-0.0685714;0.565714;-0.0514286;-0.0857143;0.0857143;-0.0857143;0.634286;0.651429;0.337143;-0.336986;0.419178;0.210959;0.808219;0.0410959;-0.178082;-1;+1;0;-1;-1;+1

27.6;0.138614;0.133663;-0.40099;0.188119;-0.0841584;0.212871;0.0049505;0.321782;0.386139;0;0.30198;-0.019802;0.321782;0.193069;-0.113861;-0.0346535;-0.029703;0.178218;-0.5;0.524752;0.272277;-0.292079;-0.153465;-0.168317;0.128713;0.262376;0.509901;0.287129;-0.00990099;0.361386;0.113861;-0.0841584;0.212871;0.0643564;-0.108911;0.0891089;0.435644;-0.262376;-0.227723;0.490099;0.158416;-0.039604;-0.277228;-0.019802;0.0990099;0.0148515;-0.0346535;0.178218;0.153465;0.0594059;0.262376;1;0.217822;0.608911;-0.183168;-0.0594059;0.0891089;0.188119;-0.00990099;0.188119;-0.163366;-0.252475;0.584158;-0.292079;-0.405714;-0.0685714;0.565714;-0.0514286;-0.0857143;0.0857143;-0.0857143;0.634286;0.651429;0.282192;-0.336986;0.419178;0.210959;0.808219;0.0410959;-0.178082;-1;0;-1;-1;+1

27.6;0.0891089;0.138614;0.133663;-0.40099;0.188119;-0.0841584;0.212871;0.0049505;0.321782;0.386139;0;0.30198;-0.019802;0.321782;0.193069;-0.113861;-0.0346535;-0.029703;0.178218;-0.5;0.524752;0.272277;-0.292079;-0.153465;-0.168317;0.128713;0.262376;0.509901;0.287129;-0.00990099;0.361386;0.113861;-0.0841584;0.212871;0.0643564;-0.108911;0.0891089;0.435644;-0.262376;-0.227723;0.490099;0.158416;-0.039604;-0.277228;-0.019802;0.0990099;0.0148515;-0.0346535;0.178218;0.153465;0.0594059;0.262376;1;0.217822;0.608911;-0.183168;-0.0594059;0.0891089;0.188119;-0.00990099;0.188119;-0.163366;-0.252475;0.584158;-0.182857;-0.405714;-0.0685714;0.565714;-0.0514286;-0.0857143;0.0857143;-0.0857143;0.634286;0.583562;0.282192;-0.336986;0.419178;0.210959;0.808219;0.0410959;+1;0;+1;+1;+1

27.9;0.237624;0.0891089;0.138614;0.133663;-0.40099;0.188119;-0.0841584;0.212871;0.0049505;0.321782;0.386139;0;0.30198;-0.019802;0.321782;0.193069;-0.113861;-0.0346535;-0.029703;0.178218;-0.5;0.524752;0.272277;-0.292079;-0.153465;-0.168317;0.128713;0.262376;0.509901;0.287129;-0.00990099;0.361386;0.113861;-0.0841584;0.212871;0.0643564;-0.108911;0.0891089;0.435644;-0.262376;-0.227723;0.490099;0.158416;-0.039604;-0.277228;-0.019802;0.0990099;0.0148515;-0.0346535;0.178218;0.153465;0.0594059;0.262376;1;0.217822;0.608911;-0.183168;-0.0594059;0.0891089;0.188119;-0.00990099;0.188119;-0.163366;-0.252475;0.828571;-0.182857;-0.405714;-0.0685714;0.565714;-0.0514286;-0.0857143;0.0857143;-0.0857143;0.567123;0.583562;0.282192;-0.336986;0.419178;0.210959;0.808219;+1;0;+1;+1;+1

28.35;0.311881;0.237624;0.0891089;0.138614;0.133663;-0.40099;0.188119;-0.0841584;0.212871;0.0049505;0.321782;0.386139;0;0.30198;-0.019802;0.321782;0.193069;-0.113861;-0.0346535;-0.029703;0.178218;-0.5;0.524752;0.272277;-0.292079;-0.153465;-0.168317;0.128713;0.262376;0.509901;0.287129;-0.00990099;0.361386;0.113861;-0.0841584;0.212871;0.0643564;-0.108911;0.0891089;0.435644;-0.262376;-0.227723;0.490099;0.158416;-0.039604;-0.277228;-0.019802;0.0990099;0.0148515;-0.0346535;0.178218;0.153465;0.0594059;0.262376;1;0.217822;0.608911;-0.183168;-0.0594059;0.0891089;0.188119;-0.00990099;0.188119;-0.163366;-0.137143;0.828571;-0.182857;-0.405714;-0.0685714;0.565714;-0.0514286;-0.0857143;0.0857143;-0.123288;0.567123;0.583562;0.282192;-0.336986;0.419178;0.210959;+1;0;-1;-1;+1

28.36;0.0940594;0.311881;0.237624;0.0891089;0.138614;0.133663;-0.40099;0.188119;-0.0841584;0.212871;0.0049505;0.321782;0.386139;0;0.30198;-0.019802;0.321782;0.193069;-0.113861;-0.0346535;-0.029703;0.178218;-0.5;0.524752;0.272277;-0.292079;-0.153465;-0.168317;0.128713;0.262376;0.509901;0.287129;-0.00990099;0.361386;0.113861;-0.0841584;0.212871;0.0643564;-0.108911;0.0891089;0.435644;-0.262376;-0.227723;0.490099;0.158416;-0.039604;-0.277228;-0.019802;0.0990099;0.0148515;-0.0346535;0.178218;0.153465;0.0594059;0.262376;1;0.217822;0.608911;-0.183168;-0.0594059;0.0891089;0.188119;-0.00990099;0.188119;-0.0342857;-0.137143;0.828571;-0.182857;-0.405714;-0.0685714;0.565714;-0.0514286;-0.0857143;0.0410959;-0.123288;0.567123;0.583562;0.282192;-0.336986;0.419178;+1;0;-1;-1;+1

28.41;0.113861;0.0940594;0.311881;0.237624;0.0891089;0.138614;0.133663;-0.40099;0.188119;-0.0841584;0.212871;0.0049505;0.321782;0.386139;0;0.30198;-0.019802;0.321782;0.193069;-0.113861;-0.0346535;-0.029703;0.178218;-0.5;0.524752;0.272277;-0.292079;-0.153465;-0.168317;0.128713;0.262376;0.509901;0.287129;-0.00990099;0.361386;0.113861;-0.0841584;0.212871;0.0643564;-0.108911;0.0891089;0.435644;-0.262376;-0.227723;0.490099;0.158416;-0.039604;-0.277228;-0.019802;0.0990099;0.0148515;-0.0346535;0.178218;0.153465;0.0594059;0.262376;1;0.217822;0.608911;-0.183168;-0.0594059;0.0891089;0.188119;-0.00990099;0.371429;-0.0342857;-0.137143;0.828571;-0.182857;-0.405714;-0.0685714;0.565714;-0.0514286;-0.123288;0.0410959;-0.123288;0.567123;0.583562;0.282192;-0.336986;-1;0;-1;-1;+1

28.35;0.0594059;0.113861;0.0940594;0.311881;0.237624;0.0891089;0.138614;0.133663;-0.40099;0.188119;-0.0841584;0.212871;0.0049505;0.321782;0.386139;0;0.30198;-0.019802;0.321782;0.193069;-0.113861;-0.0346535;-0.029703;0.178218;-0.5;0.524752;0.272277;-0.292079;-0.153465;-0.168317;0.128713;0.262376;0.509901;0.287129;-0.00990099;0.361386;0.113861;-0.0841584;0.212871;0.0643564;-0.108911;0.0891089;0.435644;-0.262376;-0.227723;0.490099;0.158416;-0.039604;-0.277228;-0.019802;0.0990099;0.0148515;-0.0346535;0.178218;0.153465;0.0594059;0.262376;1;0.217822;0.608911;-0.183168;-0.0594059;0.0891089;0.188119;0.142857;0.371429;-0.0342857;-0.137143;0.828571;-0.182857;-0.405714;-0.0685714;0.565714;-0.090411;-0.123288;0.0410959;-0.123288;0.567123;0.583562;0.282192;-1;0;-1;+1;+1

27.2;-0.480198;0.0594059;0.113861;0.0940594;0.311881;0.237624;0.0891089;0.138614;0.133663;-0.40099;0.188119;-0.0841584;0.212871;0.0049505;0.321782;0.386139;0;0.30198;-0.019802;0.321782;0.193069;-0.113861;-0.0346535;-0.029703;0.178218;-0.5;0.524752;0.272277;-0.292079;-0.153465;-0.168317;0.128713;0.262376;0.509901;0.287129;-0.00990099;0.361386;0.113861;-0.0841584;0.212871;0.0643564;-0.108911;0.0891089;0.435644;-0.262376;-0.227723;0.490099;0.158416;-0.039604;-0.277228;-0.019802;0.0990099;0.0148515;-0.0346535;0.178218;0.153465;0.0594059;0.262376;1;0.217822;0.608911;-0.183168;-0.0594059;0.0891089;0.371429;0.142857;0.371429;-0.0342857;-0.137143;0.828571;-0.182857;-0.405714;-0.0685714;0.50137;-0.090411;-0.123288;0.0410959;-0.123288;0.567123;0.583562;+1;0;-1;-1;+1

27.55;0.262376;-0.480198;0.0594059;0.113861;0.0940594;0.311881;0.237624;0.0891089;0.138614;0.133663;-0.40099;0.188119;-0.0841584;0.212871;0.0049505;0.321782;0.386139;0;0.30198;-0.019802;0.321782;0.193069;-0.113861;-0.0346535;-0.029703;0.178218;-0.5;0.524752;0.272277;-0.292079;-0.153465;-0.168317;0.128713;0.262376;0.509901;0.287129;-0.00990099;0.361386;0.113861;-0.0841584;0.212871;0.0643564;-0.108911;0.0891089;0.435644;-0.262376;-0.227723;0.490099;0.158416;-0.039604;-0.277228;-0.019802;0.0990099;0.0148515;-0.0346535;0.178218;0.153465;0.0594059;0.262376;1;0.217822;0.608911;-0.183168;-0.0594059;0.257143;0.371429;0.142857;0.371429;-0.0342857;-0.137143;0.828571;-0.182857;-0.405714;-0.106849;0.50137;-0.090411;-0.123288;0.0410959;-0.123288;0.567123;+1;0;+1;+1;+1

27.66;0.143564;0.262376;-0.480198;0.0594059;0.113861;0.0940594;0.311881;0.237624;0.0891089;0.138614;0.133663;-0.40099;0.188119;-0.0841584;0.212871;0.0049505;0.321782;0.386139;0;0.30198;-0.019802;0.321782;0.193069;-0.113861;-0.0346535;-0.029703;0.178218;-0.5;0.524752;0.272277;-0.292079;-0.153465;-0.168317;0.128713;0.262376;0.509901;0.287129;-0.00990099;0.361386;0.113861;-0.0841584;0.212871;0.0643564;-0.108911;0.0891089;0.435644;-0.262376;-0.227723;0.490099;0.158416;-0.039604;-0.277228;-0.019802;0.0990099;0.0148515;-0.0346535;0.178218;0.153465;0.0594059;0.262376;1;0.217822;0.608911;-0.183168;0.0857143;0.257143;0.371429;0.142857;0.371429;-0.0342857;-0.137143;0.828571;-0.182857;-0.430137;-0.106849;0.50137;-0.090411;-0.123288;0.0410959;-0.123288;+1;0;+1;+1;+1

28.09;0.30198;0.143564;0.262376;-0.480198;0.0594059;0.113861;0.0940594;0.311881;0.237624;0.0891089;0.138614;0.133663;-0.40099;0.188119;-0.0841584;0.212871;0.0049505;0.321782;0.386139;0;0.30198;-0.019802;0.321782;0.193069;-0.113861;-0.0346535;-0.029703;0.178218;-0.5;0.524752;0.272277;-0.292079;-0.153465;-0.168317;0.128713;0.262376;0.509901;0.287129;-0.00990099;0.361386;0.113861;-0.0841584;0.212871;0.0643564;-0.108911;0.0891089;0.435644;-0.262376;-0.227723;0.490099;0.158416;-0.039604;-0.277228;-0.019802;0.0990099;0.0148515;-0.0346535;0.178218;0.153465;0.0594059;0.262376;1;0.217822;0.608911;-0.0571428;0.0857143;0.257143;0.371429;0.142857;0.371429;-0.0342857;-0.137143;0.828571;-0.216438;-0.430137;-0.106849;0.50137;-0.090411;-0.123288;0.0410959;+1;0;+1;+1;+1

28.16;0.123762;0.30198;0.143564;0.262376;-0.480198;0.0594059;0.113861;0.0940594;0.311881;0.237624;0.0891089;0.138614;0.133663;-0.40099;0.188119;-0.0841584;0.212871;0.0049505;0.321782;0.386139;0;0.30198;-0.019802;0.321782;0.193069;-0.113861;-0.0346535;-0.029703;0.178218;-0.5;0.524752;0.272277;-0.292079;-0.153465;-0.168317;0.128713;0.262376;0.509901;0.287129;-0.00990099;0.361386;0.113861;-0.0841584;0.212871;0.0643564;-0.108911;0.0891089;0.435644;-0.262376;-0.227723;0.490099;0.158416;-0.039604;-0.277228;-0.019802;0.0990099;0.0148515;-0.0346535;0.178218;0.153465;0.0594059;0.262376;1;0.217822;0.857143;-0.0571428;0.0857143;0.257143;0.371429;0.142857;0.371429;-0.0342857;-0.137143;0.753425;-0.216438;-0.430137;-0.106849;0.50137;-0.090411;-0.123288;-1;0;+1;+1;+1

27.8;-0.0891089;0.123762;0.30198;0.143564;0.262376;-0.480198;0.0594059;0.113861;0.0940594;0.311881;0.237624;0.0891089;0.138614;0.133663;-0.40099;0.188119;-0.0841584;0.212871;0.0049505;0.321782;0.386139;0;0.30198;-0.019802;0.321782;0.193069;-0.113861;-0.0346535;-0.029703;0.178218;-0.5;0.524752;0.272277;-0.292079;-0.153465;-0.168317;0.128713;0.262376;0.509901;0.287129;-0.00990099;0.361386;0.113861;-0.0841584;0.212871;0.0643564;-0.108911;0.0891089;0.435644;-0.262376;-0.227723;0.490099;0.158416;-0.039604;-0.277228;-0.019802;0.0990099;0.0148515;-0.0346535;0.178218;0.153465;0.0594059;0.262376;1;0.405714;0.857143;-0.0571428;0.0857143;0.257143;0.371429;0.142857;0.371429;-0.0342857;-0.172603;0.753425;-0.216438;-0.430137;-0.106849;0.50137;-0.090411;-1;0;+1;+1;+1

