5.53;0.371429;1.06437e-008;-0.285714;0.514286;-0.114286;1.06437e-008;-0.257143;1;0.521127;-0.43662;-0.380282;0.126761;-0.492958;-0.295775;-0.211268;-0.690141;-0.267606;-0.0422535;0.211268;-0.211268;-0.15493;-0.15493;-0.239437;0.239437;-0.183099;-0.211268;-0.0985915;-0.492958;-0.267606;-0.323944;-0.0985915;0.126761;0.295775;-0.492958;-0.15493;-0.323944;-0.267606;-0.352113;-0.15493;-0.0140845;-0.830986;0.183099;0.661972;0.267606;0.295775;-0.352113;-0.267606;-0.549296;0.633803;0.380282;-0.126761;-0.521127;-0.15493;-0.15493;-0.0140845;-0.183099;-0.352113;0.0704226;-0.323944;-0.15493;+1;0;0;0;0

5.7;0.342857;0.371429;1.06437e-008;-0.285714;0.514286;-0.114286;1.06437e-008;-0.267606;1;0.521127;-0.43662;-0.380282;0.126761;-0.492958;-0.295775;-0.211268;-0.690141;-0.267606;-0.0422535;0.211268;-0.211268;-0.15493;-0.15493;-0.239437;0.239437;-0.183099;-0.211268;-0.0985915;-0.492958;-0.267606;-0.323944;-0.0985915;0.126761;0.295775;-0.492958;-0.15493;-0.323944;-0.267606;-0.352113;-0.15493;-0.0140845;-0.830986;0.183099;0.661972;0.267606;0.295775;-0.352113;-0.267606;-0.549296;0.633803;0.380282;-0.126761;-0.521127;-0.15493;-0.15493;-0.0140845;-0.183099;-0.352113;0.0704226;-0.323944;+1;0;0;0;0

5.85;0.285714;0.342857;0.371429;1.06437e-008;-0.285714;0.514286;-0.114286;-0.0140845;-0.267606;1;0.521127;-0.43662;-0.380282;0.126761;-0.492958;-0.295775;-0.211268;-0.690141;-0.267606;-0.0422535;0.211268;-0.211268;-0.15493;-0.15493;-0.239437;0.239437;-0.183099;-0.211268;-0.0985915;-0.492958;-0.267606;-0.323944;-0.0985915;0.126761;0.295775;-0.492958;-0.15493;-0.323944;-0.267606;-0.352113;-0.15493;-0.0140845;-0.830986;0.183099;0.661972;0.267606;0.295775;-0.352113;-0.267606;-0.549296;0.633803;0.380282;-0.126761;-0.521127;-0.15493;-0.15493;-0.0140845;-0.183099;-0.352113;0.0704226;+1;0;0;0;0

5.87;-0.0857143;0.285714;0.342857;0.371429;1.06437e-008;-0.285714;0.514286;-0.126761;-0.0140845;-0.267606;1;0.521127;-0.43662;-0.380282;0.126761;-0.492958;-0.295775;-0.211268;-0.690141;-0.267606;-0.0422535;0.211268;-0.211268;-0.15493;-0.15493;-0.239437;0.239437;-0.183099;-0.211268;-0.0985915;-0.492958;-0.267606;-0.323944;-0.0985915;0.126761;0.295775;-0.492958;-0.15493;-0.323944;-0.267606;-0.352113;-0.15493;-0.0140845;-0.830986;0.183099;0.661972;0.267606;0.295775;-0.352113;-0.267606;-0.549296;0.633803;0.380282;-0.126761;-0.521127;-0.15493;-0.15493;-0.0140845;-0.183099;-0.352113;-1;0;0;0;0

5.87;-0.142857;-0.0857143;0.285714;0.342857;0.371429;1.06437e-008;-0.285714;0.492958;-0.126761;-0.0140845;-0.267606;1;0.521127;-0.43662;-0.380282;0.126761;-0.492958;-0.295775;-0.211268;-0.690141;-0.267606;-0.0422535;0.211268;-0.211268;-0.15493;-0.15493;-0.239437;0.239437;-0.183099;-0.211268;-0.0985915;-0.492958;-0.267606;-0.323944;-0.0985915;0.126761;0.295775;-0.492958;-0.15493;-0.323944;-0.267606;-0.352113;-0.15493;-0.0140845;-0.830986;0.183099;0.661972;0.267606;0.295775;-0.352113;-0.267606;-0.549296;0.633803;0.380282;-0.126761;-0.521127;-0.15493;-0.15493;-0.0140845;-0.183099;+1;0;0;0;0

6;0.228571;-0.142857;-0.0857143;0.285714;0.342857;0.371429;1.06437e-008;-0.295775;0.492958;-0.126761;-0.0140845;-0.267606;1;0.521127;-0.43662;-0.380282;0.126761;-0.492958;-0.295775;-0.211268;-0.690141;-0.267606;-0.0422535;0.211268;-0.211268;-0.15493;-0.15493;-0.239437;0.239437;-0.183099;-0.211268;-0.0985915;-0.492958;-0.267606;-0.323944;-0.0985915;0.126761;0.295775;-0.492958;-0.15493;-0.323944;-0.267606;-0.352113;-0.15493;-0.0140845;-0.830986;0.183099;0.661972;0.267606;0.295775;-0.352113;-0.267606;-0.549296;0.633803;0.380282;-0.126761;-0.521127;-0.15493;-0.15493;-0.0140845;-1;0;0;0;0

5.84;-0.6;0.228571;-0.142857;-0.0857143;0.285714;0.342857;0.371429;-0.0140845;-0.295775;0.492958;-0.126761;-0.0140845;-0.267606;1;0.521127;-0.43662;-0.380282;0.126761;-0.492958;-0.295775;-0.211268;-0.690141;-0.267606;-0.0422535;0.211268;-0.211268;-0.15493;-0.15493;-0.239437;0.239437;-0.183099;-0.211268;-0.0985915;-0.492958;-0.267606;-0.323944;-0.0985915;0.126761;0.295775;-0.492958;-0.15493;-0.323944;-0.267606;-0.352113;-0.15493;-0.0140845;-0.830986;0.183099;0.661972;0.267606;0.295775;-0.352113;-0.267606;-0.549296;0.633803;0.380282;-0.126761;-0.521127;-0.15493;-0.15493;-1;0;0;0;0

5.55;-0.971429;-0.6;0.228571;-0.142857;-0.0857143;0.285714;0.342857;0.352113;-0.0140845;-0.295775;0.492958;-0.126761;-0.0140845;-0.267606;1;0.521127;-0.43662;-0.380282;0.126761;-0.492958;-0.295775;-0.211268;-0.690141;-0.267606;-0.0422535;0.211268;-0.211268;-0.15493;-0.15493;-0.239437;0.239437;-0.183099;-0.211268;-0.0985915;-0.492958;-0.267606;-0.323944;-0.0985915;0.126761;0.295775;-0.492958;-0.15493;-0.323944;-0.267606;-0.352113;-0.15493;-0.0140845;-0.830986;0.183099;0.661972;0.267606;0.295775;-0.352113;-0.267606;-0.549296;0.633803;0.380282;-0.126761;-0.521127;-0.15493;-1;0;0;0;0

5.37;-0.657143;-0.971429;-0.6;0.228571;-0.142857;-0.0857143;0.285714;0.323944;0.352113;-0.0140845;-0.295775;0.492958;-0.126761;-0.0140845;-0.267606;1;0.521127;-0.43662;-0.380282;0.126761;-0.492958;-0.295775;-0.211268;-0.690141;-0.267606;-0.0422535;0.211268;-0.211268;-0.15493;-0.15493;-0.239437;0.239437;-0.183099;-0.211268;-0.0985915;-0.492958;-0.267606;-0.323944;-0.0985915;0.126761;0.295775;-0.492958;-0.15493;-0.323944;-0.267606;-0.352113;-0.15493;-0.0140845;-0.830986;0.183099;0.661972;0.267606;0.295775;-0.352113;-0.267606;-0.549296;0.633803;0.380282;-0.126761;-0.521127;+1;0;0;0;0

5.44;0.0571429;-0.657143;-0.971429;-0.6;0.228571;-0.142857;-0.0857143;0.267606;0.323944;0.352113;-0.0140845;-0.295775;0.492958;-0.126761;-0.0140845;-0.267606;1;0.521127;-0.43662;-0.380282;0.126761;-0.492958;-0.295775;-0.211268;-0.690141;-0.267606;-0.0422535;0.211268;-0.211268;-0.15493;-0.15493;-0.239437;0.239437;-0.183099;-0.211268;-0.0985915;-0.492958;-0.267606;-0.323944;-0.0985915;0.126761;0.295775;-0.492958;-0.15493;-0.323944;-0.267606;-0.352113;-0.15493;-0.0140845;-0.830986;0.183099;0.661972;0.267606;0.295775;-0.352113;-0.267606;-0.549296;0.633803;0.380282;-0.126761;-1;0;0;0;0

5.32;-0.485714;0.0571429;-0.657143;-0.971429;-0.6;0.228571;-0.142857;-0.0985915;0.267606;0.323944;0.352113;-0.0140845;-0.295775;0.492958;-0.126761;-0.0140845;-0.267606;1;0.521127;-0.43662;-0.380282;0.126761;-0.492958;-0.295775;-0.211268;-0.690141;-0.267606;-0.0422535;0.211268;-0.211268;-0.15493;-0.15493;-0.239437;0.239437;-0.183099;-0.211268;-0.0985915;-0.492958;-0.267606;-0.323944;-0.0985915;0.126761;0.295775;-0.492958;-0.15493;-0.323944;-0.267606;-0.352113;-0.15493;-0.0140845;-0.830986;0.183099;0.661972;0.267606;0.295775;-0.352113;-0.267606;-0.549296;0.633803;0.380282;-1;0;0;0;0

5.02;-1;-0.485714;0.0571429;-0.657143;-0.971429;-0.6;0.228571;-0.15493;-0.0985915;0.267606;0.323944;0.352113;-0.0140845;-0.295775;0.492958;-0.126761;-0.0140845;-0.267606;1;0.521127;-0.43662;-0.380282;0.126761;-0.492958;-0.295775;-0.211268;-0.690141;-0.267606;-0.0422535;0.211268;-0.211268;-0.15493;-0.15493;-0.239437;0.239437;-0.183099;-0.211268;-0.0985915;-0.492958;-0.267606;-0.323944;-0.0985915;0.126761;0.295775;-0.492958;-0.15493;-0.323944;-0.267606;-0.352113;-0.15493;-0.0140845;-0.830986;0.183099;0.661972;0.267606;0.295775;-0.352113;-0.267606;-0.549296;0.633803;-1;0;0;0;0

4.8;-0.771429;-1;-0.485714;0.0571429;-0.657143;-0.971429;-0.6;0.211268;-0.15493;-0.0985915;0.267606;0.323944;0.352113;-0.0140845;-0.295775;0.492958;-0.126761;-0.0140845;-0.267606;1;0.521127;-0.43662;-0.380282;0.126761;-0.492958;-0.295775;-0.211268;-0.690141;-0.267606;-0.0422535;0.211268;-0.211268;-0.15493;-0.15493;-0.239437;0.239437;-0.183099;-0.211268;-0.0985915;-0.492958;-0.267606;-0.323944;-0.0985915;0.126761;0.295775;-0.492958;-0.15493;-0.323944;-0.267606;-0.352113;-0.15493;-0.0140845;-0.830986;0.183099;0.661972;0.267606;0.295775;-0.352113;-0.267606;-0.549296;+1;0;0;0;0

5.03;0.514286;-0.771429;-1;-0.485714;0.0571429;-0.657143;-0.971429;-0.605634;0.211268;-0.15493;-0.0985915;0.267606;0.323944;0.352113;-0.0140845;-0.295775;0.492958;-0.126761;-0.0140845;-0.267606;1;0.521127;-0.43662;-0.380282;0.126761;-0.492958;-0.295775;-0.211268;-0.690141;-0.267606;-0.0422535;0.211268;-0.211268;-0.15493;-0.15493;-0.239437;0.239437;-0.183099;-0.211268;-0.0985915;-0.492958;-0.267606;-0.323944;-0.0985915;0.126761;0.295775;-0.492958;-0.15493;-0.323944;-0.267606;-0.352113;-0.15493;-0.0140845;-0.830986;0.183099;0.661972;0.267606;0.295775;-0.352113;-0.267606;+1;0;0;0;0

5.11;0.0857143;0.514286;-0.771429;-1;-0.485714;0.0571429;-0.657143;-0.971831;-0.605634;0.211268;-0.15493;-0.0985915;0.267606;0.323944;0.352113;-0.0140845;-0.295775;0.492958;-0.126761;-0.0140845;-0.267606;1;0.521127;-0.43662;-0.380282;0.126761;-0.492958;-0.295775;-0.211268;-0.690141;-0.267606;-0.0422535;0.211268;-0.211268;-0.15493;-0.15493;-0.239437;0.239437;-0.183099;-0.211268;-0.0985915;-0.492958;-0.267606;-0.323944;-0.0985915;0.126761;0.295775;-0.492958;-0.15493;-0.323944;-0.267606;-0.352113;-0.15493;-0.0140845;-0.830986;0.183099;0.661972;0.267606;0.295775;-0.352113;-1;0;0;0;0

5.05;-0.314286;0.0857143;0.514286;-0.771429;-1;-0.485714;0.0571429;-0.661972;-0.971831;-0.605634;0.211268;-0.15493;-0.0985915;0.267606;0.323944;0.352113;-0.0140845;-0.295775;0.492958;-0.126761;-0.0140845;-0.267606;1;0.521127;-0.43662;-0.380282;0.126761;-0.492958;-0.295775;-0.211268;-0.690141;-0.267606;-0.0422535;0.211268;-0.211268;-0.15493;-0.15493;-0.239437;0.239437;-0.183099;-0.211268;-0.0985915;-0.492958;-0.267606;-0.323944;-0.0985915;0.126761;0.295775;-0.492958;-0.15493;-0.323944;-0.267606;-0.352113;-0.15493;-0.0140845;-0.830986;0.183099;0.661972;0.267606;0.295775;-1;0;0;0;0

4.75;-1;-0.314286;0.0857143;0.514286;-0.771429;-1;-0.485714;0.0422535;-0.661972;-0.971831;-0.605634;0.211268;-0.15493;-0.0985915;0.267606;0.323944;0.352113;-0.0140845;-0.295775;0.492958;-0.126761;-0.0140845;-0.267606;1;0.521127;-0.43662;-0.380282;0.126761;-0.492958;-0.295775;-0.211268;-0.690141;-0.267606;-0.0422535;0.211268;-0.211268;-0.15493;-0.15493;-0.239437;0.239437;-0.183099;-0.211268;-0.0985915;-0.492958;-0.267606;-0.323944;-0.0985915;0.126761;0.295775;-0.492958;-0.15493;-0.323944;-0.267606;-0.352113;-0.15493;-0.0140845;-0.830986;0.183099;0.661972;0.267606;+1;0;0;0;0

5.15;1;-1;-0.314286;0.0857143;0.514286;-0.771429;-1;-0.492958;0.0422535;-0.661972;-0.971831;-0.605634;0.211268;-0.15493;-0.0985915;0.267606;0.323944;0.352113;-0.0140845;-0.295775;0.492958;-0.126761;-0.0140845;-0.267606;1;0.521127;-0.43662;-0.380282;0.126761;-0.492958;-0.295775;-0.211268;-0.690141;-0.267606;-0.0422535;0.211268;-0.211268;-0.15493;-0.15493;-0.239437;0.239437;-0.183099;-0.211268;-0.0985915;-0.492958;-0.267606;-0.323944;-0.0985915;0.126761;0.295775;-0.492958;-0.15493;-0.323944;-0.267606;-0.352113;-0.15493;-0.0140845;-0.830986;0.183099;0.661972;+1;0;0;0;0

5.25;0.142857;1;-1;-0.314286;0.0857143;0.514286;-0.771429;-1;-0.492958;0.0422535;-0.661972;-0.971831;-0.605634;0.211268;-0.15493;-0.0985915;0.267606;0.323944;0.352113;-0.0140845;-0.295775;0.492958;-0.126761;-0.0140845;-0.267606;1;0.521127;-0.43662;-0.380282;0.126761;-0.492958;-0.295775;-0.211268;-0.690141;-0.267606;-0.0422535;0.211268;-0.211268;-0.15493;-0.15493;-0.239437;0.239437;-0.183099;-0.211268;-0.0985915;-0.492958;-0.267606;-0.323944;-0.0985915;0.126761;0.295775;-0.492958;-0.15493;-0.323944;-0.267606;-0.352113;-0.15493;-0.0140845;-0.830986;0.183099;-1;0;0;0;0

5.1;-0.571429;0.142857;1;-1;-0.314286;0.0857143;0.514286;-0.774648;-1;-0.492958;0.0422535;-0.661972;-0.971831;-0.605634;0.211268;-0.15493;-0.0985915;0.267606;0.323944;0.352113;-0.0140845;-0.295775;0.492958;-0.126761;-0.0140845;-0.267606;1;0.521127;-0.43662;-0.380282;0.126761;-0.492958;-0.295775;-0.211268;-0.690141;-0.267606;-0.0422535;0.211268;-0.211268;-0.15493;-0.15493;-0.239437;0.239437;-0.183099;-0.211268;-0.0985915;-0.492958;-0.267606;-0.323944;-0.0985915;0.126761;0.295775;-0.492958;-0.15493;-0.323944;-0.267606;-0.352113;-0.15493;-0.0140845;-0.830986;-1;0;0;0;0

4.85;-0.857143;-0.571429;0.142857;1;-1;-0.314286;0.0857143;0.492958;-0.774648;-1;-0.492958;0.0422535;-0.661972;-0.971831;-0.605634;0.211268;-0.15493;-0.0985915;0.267606;0.323944;0.352113;-0.0140845;-0.295775;0.492958;-0.126761;-0.0140845;-0.267606;1;0.521127;-0.43662;-0.380282;0.126761;-0.492958;-0.295775;-0.211268;-0.690141;-0.267606;-0.0422535;0.211268;-0.211268;-0.15493;-0.15493;-0.239437;0.239437;-0.183099;-0.211268;-0.0985915;-0.492958;-0.267606;-0.323944;-0.0985915;0.126761;0.295775;-0.492958;-0.15493;-0.323944;-0.267606;-0.352113;-0.15493;-0.0140845;+1;0;0;0;0

4.95;0.142857;-0.857143;-0.571429;0.142857;1;-1;-0.314286;0.0704226;0.492958;-0.774648;-1;-0.492958;0.0422535;-0.661972;-0.971831;-0.605634;0.211268;-0.15493;-0.0985915;0.267606;0.323944;0.352113;-0.0140845;-0.295775;0.492958;-0.126761;-0.0140845;-0.267606;1;0.521127;-0.43662;-0.380282;0.126761;-0.492958;-0.295775;-0.211268;-0.690141;-0.267606;-0.0422535;0.211268;-0.211268;-0.15493;-0.15493;-0.239437;0.239437;-0.183099;-0.211268;-0.0985915;-0.492958;-0.267606;-0.323944;-0.0985915;0.126761;0.295775;-0.492958;-0.15493;-0.323944;-0.267606;-0.352113;-0.15493;+1;0;0;0;0

5.17;0.485714;0.142857;-0.857143;-0.571429;0.142857;1;-1;-0.323944;0.0704226;0.492958;-0.774648;-1;-0.492958;0.0422535;-0.661972;-0.971831;-0.605634;0.211268;-0.15493;-0.0985915;0.267606;0.323944;0.352113;-0.0140845;-0.295775;0.492958;-0.126761;-0.0140845;-0.267606;1;0.521127;-0.43662;-0.380282;0.126761;-0.492958;-0.295775;-0.211268;-0.690141;-0.267606;-0.0422535;0.211268;-0.211268;-0.15493;-0.15493;-0.239437;0.239437;-0.183099;-0.211268;-0.0985915;-0.492958;-0.267606;-0.323944;-0.0985915;0.126761;0.295775;-0.492958;-0.15493;-0.323944;-0.267606;-0.352113;+1;0;0;0;0

5.2;-0.0571429;0.485714;0.142857;-0.857143;-0.571429;0.142857;1;-1;-0.323944;0.0704226;0.492958;-0.774648;-1;-0.492958;0.0422535;-0.661972;-0.971831;-0.605634;0.211268;-0.15493;-0.0985915;0.267606;0.323944;0.352113;-0.0140845;-0.295775;0.492958;-0.126761;-0.0140845;-0.267606;1;0.521127;-0.43662;-0.380282;0.126761;-0.492958;-0.295775;-0.211268;-0.690141;-0.267606;-0.0422535;0.211268;-0.211268;-0.15493;-0.15493;-0.239437;0.239437;-0.183099;-0.211268;-0.0985915;-0.492958;-0.267606;-0.323944;-0.0985915;0.126761;0.295775;-0.492958;-0.15493;-0.323944;-0.267606;-1;0;0;0;0

4.95;-0.857143;-0.0571429;0.485714;0.142857;-0.857143;-0.571429;0.142857;0.971831;-1;-0.323944;0.0704226;0.492958;-0.774648;-1;-0.492958;0.0422535;-0.661972;-0.971831;-0.605634;0.211268;-0.15493;-0.0985915;0.267606;0.323944;0.352113;-0.0140845;-0.295775;0.492958;-0.126761;-0.0140845;-0.267606;1;0.521127;-0.43662;-0.380282;0.126761;-0.492958;-0.295775;-0.211268;-0.690141;-0.267606;-0.0422535;0.211268;-0.211268;-0.15493;-0.15493;-0.239437;0.239437;-0.183099;-0.211268;-0.0985915;-0.492958;-0.267606;-0.323944;-0.0985915;0.126761;0.295775;-0.492958;-0.15493;-0.323944;+1;0;0;0;0

5;1.06437e-008;-0.857143;-0.0571429;0.485714;0.142857;-0.857143;-0.571429;0.126761;0.971831;-1;-0.323944;0.0704226;0.492958;-0.774648;-1;-0.492958;0.0422535;-0.661972;-0.971831;-0.605634;0.211268;-0.15493;-0.0985915;0.267606;0.323944;0.352113;-0.0140845;-0.295775;0.492958;-0.126761;-0.0140845;-0.267606;1;0.521127;-0.43662;-0.380282;0.126761;-0.492958;-0.295775;-0.211268;-0.690141;-0.267606;-0.0422535;0.211268;-0.211268;-0.15493;-0.15493;-0.239437;0.239437;-0.183099;-0.211268;-0.0985915;-0.492958;-0.267606;-0.323944;-0.0985915;0.126761;0.295775;-0.492958;-0.15493;-1;0;0;0;0

5;-0.142857;1.06437e-008;-0.857143;-0.0571429;0.485714;0.142857;-0.857143;-0.577465;0.126761;0.971831;-1;-0.323944;0.0704226;0.492958;-0.774648;-1;-0.492958;0.0422535;-0.661972;-0.971831;-0.605634;0.211268;-0.15493;-0.0985915;0.267606;0.323944;0.352113;-0.0140845;-0.295775;0.492958;-0.126761;-0.0140845;-0.267606;1;0.521127;-0.43662;-0.380282;0.126761;-0.492958;-0.295775;-0.211268;-0.690141;-0.267606;-0.0422535;0.211268;-0.211268;-0.15493;-0.15493;-0.239437;0.239437;-0.183099;-0.211268;-0.0985915;-0.492958;-0.267606;-0.323944;-0.0985915;0.126761;0.295775;-0.492958;-1;0;0;0;0

4.9;-0.428571;-0.142857;1.06437e-008;-0.857143;-0.0571429;0.485714;0.142857;-0.859155;-0.577465;0.126761;0.971831;-1;-0.323944;0.0704226;0.492958;-0.774648;-1;-0.492958;0.0422535;-0.661972;-0.971831;-0.605634;0.211268;-0.15493;-0.0985915;0.267606;0.323944;0.352113;-0.0140845;-0.295775;0.492958;-0.126761;-0.0140845;-0.267606;1;0.521127;-0.43662;-0.380282;0.126761;-0.492958;-0.295775;-0.211268;-0.690141;-0.267606;-0.0422535;0.211268;-0.211268;-0.15493;-0.15493;-0.239437;0.239437;-0.183099;-0.211268;-0.0985915;-0.492958;-0.267606;-0.323944;-0.0985915;0.126761;0.295775;-1;0;0;0;0

4.89;-0.171429;-0.428571;-0.142857;1.06437e-008;-0.857143;-0.0571429;0.485714;0.126761;-0.859155;-0.577465;0.126761;0.971831;-1;-0.323944;0.0704226;0.492958;-0.774648;-1;-0.492958;0.0422535;-0.661972;-0.971831;-0.605634;0.211268;-0.15493;-0.0985915;0.267606;0.323944;0.352113;-0.0140845;-0.295775;0.492958;-0.126761;-0.0140845;-0.267606;1;0.521127;-0.43662;-0.380282;0.126761;-0.492958;-0.295775;-0.211268;-0.690141;-0.267606;-0.0422535;0.211268;-0.211268;-0.15493;-0.15493;-0.239437;0.239437;-0.183099;-0.211268;-0.0985915;-0.492958;-0.267606;-0.323944;-0.0985915;0.126761;-1;0;0;0;0

4.6;-0.971429;-0.171429;-0.428571;-0.142857;1.06437e-008;-0.857143;-0.0571429;0.464789;0.126761;-0.859155;-0.577465;0.126761;0.971831;-1;-0.323944;0.0704226;0.492958;-0.774648;-1;-0.492958;0.0422535;-0.661972;-0.971831;-0.605634;0.211268;-0.15493;-0.0985915;0.267606;0.323944;0.352113;-0.0140845;-0.295775;0.492958;-0.126761;-0.0140845;-0.267606;1;0.521127;-0.43662;-0.380282;0.126761;-0.492958;-0.295775;-0.211268;-0.690141;-0.267606;-0.0422535;0.211268;-0.211268;-0.15493;-0.15493;-0.239437;0.239437;-0.183099;-0.211268;-0.0985915;-0.492958;-0.267606;-0.323944;-0.0985915;+1;0;0;0;0

4.7;0.142857;-0.971429;-0.171429;-0.428571;-0.142857;1.06437e-008;-0.857143;-0.0704225;0.464789;0.126761;-0.859155;-0.577465;0.126761;0.971831;-1;-0.323944;0.0704226;0.492958;-0.774648;-1;-0.492958;0.0422535;-0.661972;-0.971831;-0.605634;0.211268;-0.15493;-0.0985915;0.267606;0.323944;0.352113;-0.0140845;-0.295775;0.492958;-0.126761;-0.0140845;-0.267606;1;0.521127;-0.43662;-0.380282;0.126761;-0.492958;-0.295775;-0.211268;-0.690141;-0.267606;-0.0422535;0.211268;-0.211268;-0.15493;-0.15493;-0.239437;0.239437;-0.183099;-0.211268;-0.0985915;-0.492958;-0.267606;-0.323944;-1;0;0;0;0

4.51;-0.685714;0.142857;-0.971429;-0.171429;-0.428571;-0.142857;1.06437e-008;-0.859155;-0.0704225;0.464789;0.126761;-0.859155;-0.577465;0.126761;0.971831;-1;-0.323944;0.0704226;0.492958;-0.774648;-1;-0.492958;0.0422535;-0.661972;-0.971831;-0.605634;0.211268;-0.15493;-0.0985915;0.267606;0.323944;0.352113;-0.0140845;-0.295775;0.492958;-0.126761;-0.0140845;-0.267606;1;0.521127;-0.43662;-0.380282;0.126761;-0.492958;-0.295775;-0.211268;-0.690141;-0.267606;-0.0422535;0.211268;-0.211268;-0.15493;-0.15493;-0.239437;0.239437;-0.183099;-0.211268;-0.0985915;-0.492958;-0.267606;+1;0;0;0;0

4.61;0.142857;-0.685714;0.142857;-0.971429;-0.171429;-0.428571;-0.142857;-0.0140845;-0.859155;-0.0704225;0.464789;0.126761;-0.859155;-0.577465;0.126761;0.971831;-1;-0.323944;0.0704226;0.492958;-0.774648;-1;-0.492958;0.0422535;-0.661972;-0.971831;-0.605634;0.211268;-0.15493;-0.0985915;0.267606;0.323944;0.352113;-0.0140845;-0.295775;0.492958;-0.126761;-0.0140845;-0.267606;1;0.521127;-0.43662;-0.380282;0.126761;-0.492958;-0.295775;-0.211268;-0.690141;-0.267606;-0.0422535;0.211268;-0.211268;-0.15493;-0.15493;-0.239437;0.239437;-0.183099;-0.211268;-0.0985915;-0.492958;-1;0;0;0;0

4.6;-0.171429;0.142857;-0.685714;0.142857;-0.971429;-0.171429;-0.428571;-0.15493;-0.0140845;-0.859155;-0.0704225;0.464789;0.126761;-0.859155;-0.577465;0.126761;0.971831;-1;-0.323944;0.0704226;0.492958;-0.774648;-1;-0.492958;0.0422535;-0.661972;-0.971831;-0.605634;0.211268;-0.15493;-0.0985915;0.267606;0.323944;0.352113;-0.0140845;-0.295775;0.492958;-0.126761;-0.0140845;-0.267606;1;0.521127;-0.43662;-0.380282;0.126761;-0.492958;-0.295775;-0.211268;-0.690141;-0.267606;-0.0422535;0.211268;-0.211268;-0.15493;-0.15493;-0.239437;0.239437;-0.183099;-0.211268;-0.0985915;-1;0;0;0;0

4.6;-0.142857;-0.171429;0.142857;-0.685714;0.142857;-0.971429;-0.171429;-0.43662;-0.15493;-0.0140845;-0.859155;-0.0704225;0.464789;0.126761;-0.859155;-0.577465;0.126761;0.971831;-1;-0.323944;0.0704226;0.492958;-0.774648;-1;-0.492958;0.0422535;-0.661972;-0.971831;-0.605634;0.211268;-0.15493;-0.0985915;0.267606;0.323944;0.352113;-0.0140845;-0.295775;0.492958;-0.126761;-0.0140845;-0.267606;1;0.521127;-0.43662;-0.380282;0.126761;-0.492958;-0.295775;-0.211268;-0.690141;-0.267606;-0.0422535;0.211268;-0.211268;-0.15493;-0.15493;-0.239437;0.239437;-0.183099;-0.211268;+1;0;0;0;0

4.69;0.114286;-0.142857;-0.171429;0.142857;-0.685714;0.142857;-0.971429;-0.183099;-0.43662;-0.15493;-0.0140845;-0.859155;-0.0704225;0.464789;0.126761;-0.859155;-0.577465;0.126761;0.971831;-1;-0.323944;0.0704226;0.492958;-0.774648;-1;-0.492958;0.0422535;-0.661972;-0.971831;-0.605634;0.211268;-0.15493;-0.0985915;0.267606;0.323944;0.352113;-0.0140845;-0.295775;0.492958;-0.126761;-0.0140845;-0.267606;1;0.521127;-0.43662;-0.380282;0.126761;-0.492958;-0.295775;-0.211268;-0.690141;-0.267606;-0.0422535;0.211268;-0.211268;-0.15493;-0.15493;-0.239437;0.239437;-0.183099;-1;0;0;0;0

4.66;-0.228571;0.114286;-0.142857;-0.171429;0.142857;-0.685714;0.142857;-0.971831;-0.183099;-0.43662;-0.15493;-0.0140845;-0.859155;-0.0704225;0.464789;0.126761;-0.859155;-0.577465;0.126761;0.971831;-1;-0.323944;0.0704226;0.492958;-0.774648;-1;-0.492958;0.0422535;-0.661972;-0.971831;-0.605634;0.211268;-0.15493;-0.0985915;0.267606;0.323944;0.352113;-0.0140845;-0.295775;0.492958;-0.126761;-0.0140845;-0.267606;1;0.521127;-0.43662;-0.380282;0.126761;-0.492958;-0.295775;-0.211268;-0.690141;-0.267606;-0.0422535;0.211268;-0.211268;-0.15493;-0.15493;-0.239437;0.239437;+1;0;0;0;0

4.71;1.06437e-008;-0.228571;0.114286;-0.142857;-0.171429;0.142857;-0.685714;0.126761;-0.971831;-0.183099;-0.43662;-0.15493;-0.0140845;-0.859155;-0.0704225;0.464789;0.126761;-0.859155;-0.577465;0.126761;0.971831;-1;-0.323944;0.0704226;0.492958;-0.774648;-1;-0.492958;0.0422535;-0.661972;-0.971831;-0.605634;0.211268;-0.15493;-0.0985915;0.267606;0.323944;0.352113;-0.0140845;-0.295775;0.492958;-0.126761;-0.0140845;-0.267606;1;0.521127;-0.43662;-0.380282;0.126761;-0.492958;-0.295775;-0.211268;-0.690141;-0.267606;-0.0422535;0.211268;-0.211268;-0.15493;-0.15493;-0.239437;-1;0;0;0;0

4.67;-0.257143;1.06437e-008;-0.228571;0.114286;-0.142857;-0.171429;0.142857;-0.690141;0.126761;-0.971831;-0.183099;-0.43662;-0.15493;-0.0140845;-0.859155;-0.0704225;0.464789;0.126761;-0.859155;-0.577465;0.126761;0.971831;-1;-0.323944;0.0704226;0.492958;-0.774648;-1;-0.492958;0.0422535;-0.661972;-0.971831;-0.605634;0.211268;-0.15493;-0.0985915;0.267606;0.323944;0.352113;-0.0140845;-0.295775;0.492958;-0.126761;-0.0140845;-0.267606;1;0.521127;-0.43662;-0.380282;0.126761;-0.492958;-0.295775;-0.211268;-0.690141;-0.267606;-0.0422535;0.211268;-0.211268;-0.15493;-0.15493;-1;0;0;0;0

4.65;-0.2;-0.257143;1.06437e-008;-0.228571;0.114286;-0.142857;-0.171429;0.126761;-0.690141;0.126761;-0.971831;-0.183099;-0.43662;-0.15493;-0.0140845;-0.859155;-0.0704225;0.464789;0.126761;-0.859155;-0.577465;0.126761;0.971831;-1;-0.323944;0.0704226;0.492958;-0.774648;-1;-0.492958;0.0422535;-0.661972;-0.971831;-0.605634;0.211268;-0.15493;-0.0985915;0.267606;0.323944;0.352113;-0.0140845;-0.295775;0.492958;-0.126761;-0.0140845;-0.267606;1;0.521127;-0.43662;-0.380282;0.126761;-0.492958;-0.295775;-0.211268;-0.690141;-0.267606;-0.0422535;0.211268;-0.211268;-0.15493;+1;0;0;0;0

4.73;0.0857143;-0.2;-0.257143;1.06437e-008;-0.228571;0.114286;-0.142857;-0.183099;0.126761;-0.690141;0.126761;-0.971831;-0.183099;-0.43662;-0.15493;-0.0140845;-0.859155;-0.0704225;0.464789;0.126761;-0.859155;-0.577465;0.126761;0.971831;-1;-0.323944;0.0704226;0.492958;-0.774648;-1;-0.492958;0.0422535;-0.661972;-0.971831;-0.605634;0.211268;-0.15493;-0.0985915;0.267606;0.323944;0.352113;-0.0140845;-0.295775;0.492958;-0.126761;-0.0140845;-0.267606;1;0.521127;-0.43662;-0.380282;0.126761;-0.492958;-0.295775;-0.211268;-0.690141;-0.267606;-0.0422535;0.211268;-0.211268;+1;0;0;0;0

5;0.628571;0.0857143;-0.2;-0.257143;1.06437e-008;-0.228571;0.114286;-0.15493;-0.183099;0.126761;-0.690141;0.126761;-0.971831;-0.183099;-0.43662;-0.15493;-0.0140845;-0.859155;-0.0704225;0.464789;0.126761;-0.859155;-0.577465;0.126761;0.971831;-1;-0.323944;0.0704226;0.492958;-0.774648;-1;-0.492958;0.0422535;-0.661972;-0.971831;-0.605634;0.211268;-0.15493;-0.0985915;0.267606;0.323944;0.352113;-0.0140845;-0.295775;0.492958;-0.126761;-0.0140845;-0.267606;1;0.521127;-0.43662;-0.380282;0.126761;-0.492958;-0.295775;-0.211268;-0.690141;-0.267606;-0.0422535;0.211268;+1;0;0;0;0

5.07;0.0571429;0.628571;0.0857143;-0.2;-0.257143;1.06437e-008;-0.228571;0.0985916;-0.15493;-0.183099;0.126761;-0.690141;0.126761;-0.971831;-0.183099;-0.43662;-0.15493;-0.0140845;-0.859155;-0.0704225;0.464789;0.126761;-0.859155;-0.577465;0.126761;0.971831;-1;-0.323944;0.0704226;0.492958;-0.774648;-1;-0.492958;0.0422535;-0.661972;-0.971831;-0.605634;0.211268;-0.15493;-0.0985915;0.267606;0.323944;0.352113;-0.0140845;-0.295775;0.492958;-0.126761;-0.0140845;-0.267606;1;0.521127;-0.43662;-0.380282;0.126761;-0.492958;-0.295775;-0.211268;-0.690141;-0.267606;-0.0422535;+1;0;0;0;0

5.1;-0.0571429;0.0571429;0.628571;0.0857143;-0.2;-0.257143;1.06437e-008;-0.239437;0.0985916;-0.15493;-0.183099;0.126761;-0.690141;0.126761;-0.971831;-0.183099;-0.43662;-0.15493;-0.0140845;-0.859155;-0.0704225;0.464789;0.126761;-0.859155;-0.577465;0.126761;0.971831;-1;-0.323944;0.0704226;0.492958;-0.774648;-1;-0.492958;0.0422535;-0.661972;-0.971831;-0.605634;0.211268;-0.15493;-0.0985915;0.267606;0.323944;0.352113;-0.0140845;-0.295775;0.492958;-0.126761;-0.0140845;-0.267606;1;0.521127;-0.43662;-0.380282;0.126761;-0.492958;-0.295775;-0.211268;-0.690141;-0.267606;+1;0;0;0;0

5.14;-0.0285714;-0.0571429;0.0571429;0.628571;0.0857143;-0.2;-0.257143;-0.0140845;-0.239437;0.0985916;-0.15493;-0.183099;0.126761;-0.690141;0.126761;-0.971831;-0.183099;-0.43662;-0.15493;-0.0140845;-0.859155;-0.0704225;0.464789;0.126761;-0.859155;-0.577465;0.126761;0.971831;-1;-0.323944;0.0704226;0.492958;-0.774648;-1;-0.492958;0.0422535;-0.661972;-0.971831;-0.605634;0.211268;-0.15493;-0.0985915;0.267606;0.323944;0.352113;-0.0140845;-0.295775;0.492958;-0.126761;-0.0140845;-0.267606;1;0.521127;-0.43662;-0.380282;0.126761;-0.492958;-0.295775;-0.211268;-0.690141;-1;0;0;0;0

4.98;-0.6;-0.0285714;-0.0571429;0.0571429;0.628571;0.0857143;-0.2;-0.267606;-0.0140845;-0.239437;0.0985916;-0.15493;-0.183099;0.126761;-0.690141;0.126761;-0.971831;-0.183099;-0.43662;-0.15493;-0.0140845;-0.859155;-0.0704225;0.464789;0.126761;-0.859155;-0.577465;0.126761;0.971831;-1;-0.323944;0.0704226;0.492958;-0.774648;-1;-0.492958;0.0422535;-0.661972;-0.971831;-0.605634;0.211268;-0.15493;-0.0985915;0.267606;0.323944;0.352113;-0.0140845;-0.295775;0.492958;-0.126761;-0.0140845;-0.267606;1;0.521127;-0.43662;-0.380282;0.126761;-0.492958;-0.295775;-0.211268;-1;0;0;0;0

4.89;-0.4;-0.6;-0.0285714;-0.0571429;0.0571429;0.628571;0.0857143;-0.211268;-0.267606;-0.0140845;-0.239437;0.0985916;-0.15493;-0.183099;0.126761;-0.690141;0.126761;-0.971831;-0.183099;-0.43662;-0.15493;-0.0140845;-0.859155;-0.0704225;0.464789;0.126761;-0.859155;-0.577465;0.126761;0.971831;-1;-0.323944;0.0704226;0.492958;-0.774648;-1;-0.492958;0.0422535;-0.661972;-0.971831;-0.605634;0.211268;-0.15493;-0.0985915;0.267606;0.323944;0.352113;-0.0140845;-0.295775;0.492958;-0.126761;-0.0140845;-0.267606;1;0.521127;-0.43662;-0.380282;0.126761;-0.492958;-0.295775;-1;0;0;0;0

4.89;-0.142857;-0.4;-0.6;-0.0285714;-0.0571429;0.0571429;0.628571;0.0704226;-0.211268;-0.267606;-0.0140845;-0.239437;0.0985916;-0.15493;-0.183099;0.126761;-0.690141;0.126761;-0.971831;-0.183099;-0.43662;-0.15493;-0.0140845;-0.859155;-0.0704225;0.464789;0.126761;-0.859155;-0.577465;0.126761;0.971831;-1;-0.323944;0.0704226;0.492958;-0.774648;-1;-0.492958;0.0422535;-0.661972;-0.971831;-0.605634;0.211268;-0.15493;-0.0985915;0.267606;0.323944;0.352113;-0.0140845;-0.295775;0.492958;-0.126761;-0.0140845;-0.267606;1;0.521127;-0.43662;-0.380282;0.126761;-0.492958;-1;0;0;0;0

4.8;-0.4;-0.142857;-0.4;-0.6;-0.0285714;-0.0571429;0.0571429;0.605634;0.0704226;-0.211268;-0.267606;-0.0140845;-0.239437;0.0985916;-0.15493;-0.183099;0.126761;-0.690141;0.126761;-0.971831;-0.183099;-0.43662;-0.15493;-0.0140845;-0.859155;-0.0704225;0.464789;0.126761;-0.859155;-0.577465;0.126761;0.971831;-1;-0.323944;0.0704226;0.492958;-0.774648;-1;-0.492958;0.0422535;-0.661972;-0.971831;-0.605634;0.211268;-0.15493;-0.0985915;0.267606;0.323944;0.352113;-0.0140845;-0.295775;0.492958;-0.126761;-0.0140845;-0.267606;1;0.521127;-0.43662;-0.380282;0.126761;+1;0;0;0;0

4.94;0.257143;-0.4;-0.142857;-0.4;-0.6;-0.0285714;-0.0571429;0.0422535;0.605634;0.0704226;-0.211268;-0.267606;-0.0140845;-0.239437;0.0985916;-0.15493;-0.183099;0.126761;-0.690141;0.126761;-0.971831;-0.183099;-0.43662;-0.15493;-0.0140845;-0.859155;-0.0704225;0.464789;0.126761;-0.859155;-0.577465;0.126761;0.971831;-1;-0.323944;0.0704226;0.492958;-0.774648;-1;-0.492958;0.0422535;-0.661972;-0.971831;-0.605634;0.211268;-0.15493;-0.0985915;0.267606;0.323944;0.352113;-0.0140845;-0.295775;0.492958;-0.126761;-0.0140845;-0.267606;1;0.521127;-0.43662;-0.380282;-1;0;0;0;0

4.85;-0.4;0.257143;-0.4;-0.142857;-0.4;-0.6;-0.0285714;-0.0704225;0.0422535;0.605634;0.0704226;-0.211268;-0.267606;-0.0140845;-0.239437;0.0985916;-0.15493;-0.183099;0.126761;-0.690141;0.126761;-0.971831;-0.183099;-0.43662;-0.15493;-0.0140845;-0.859155;-0.0704225;0.464789;0.126761;-0.859155;-0.577465;0.126761;0.971831;-1;-0.323944;0.0704226;0.492958;-0.774648;-1;-0.492958;0.0422535;-0.661972;-0.971831;-0.605634;0.211268;-0.15493;-0.0985915;0.267606;0.323944;0.352113;-0.0140845;-0.295775;0.492958;-0.126761;-0.0140845;-0.267606;1;0.521127;-0.43662;-1;0;0;0;0

4.61;-0.828571;-0.4;0.257143;-0.4;-0.142857;-0.4;-0.6;-0.0422535;-0.0704225;0.0422535;0.605634;0.0704226;-0.211268;-0.267606;-0.0140845;-0.239437;0.0985916;-0.15493;-0.183099;0.126761;-0.690141;0.126761;-0.971831;-0.183099;-0.43662;-0.15493;-0.0140845;-0.859155;-0.0704225;0.464789;0.126761;-0.859155;-0.577465;0.126761;0.971831;-1;-0.323944;0.0704226;0.492958;-0.774648;-1;-0.492958;0.0422535;-0.661972;-0.971831;-0.605634;0.211268;-0.15493;-0.0985915;0.267606;0.323944;0.352113;-0.0140845;-0.295775;0.492958;-0.126761;-0.0140845;-0.267606;1;0.521127;-1;0;0;0;0

4.53;-0.371429;-0.828571;-0.4;0.257143;-0.4;-0.142857;-0.4;-0.605634;-0.0422535;-0.0704225;0.0422535;0.605634;0.0704226;-0.211268;-0.267606;-0.0140845;-0.239437;0.0985916;-0.15493;-0.183099;0.126761;-0.690141;0.126761;-0.971831;-0.183099;-0.43662;-0.15493;-0.0140845;-0.859155;-0.0704225;0.464789;0.126761;-0.859155;-0.577465;0.126761;0.971831;-1;-0.323944;0.0704226;0.492958;-0.774648;-1;-0.492958;0.0422535;-0.661972;-0.971831;-0.605634;0.211268;-0.15493;-0.0985915;0.267606;0.323944;0.352113;-0.0140845;-0.295775;0.492958;-0.126761;-0.0140845;-0.267606;1;-1;0;0;0;0

4.45;-0.371429;-0.371429;-0.828571;-0.4;0.257143;-0.4;-0.142857;-0.408451;-0.605634;-0.0422535;-0.0704225;0.0422535;0.605634;0.0704226;-0.211268;-0.267606;-0.0140845;-0.239437;0.0985916;-0.15493;-0.183099;0.126761;-0.690141;0.126761;-0.971831;-0.183099;-0.43662;-0.15493;-0.0140845;-0.859155;-0.0704225;0.464789;0.126761;-0.859155;-0.577465;0.126761;0.971831;-1;-0.323944;0.0704226;0.492958;-0.774648;-1;-0.492958;0.0422535;-0.661972;-0.971831;-0.605634;0.211268;-0.15493;-0.0985915;0.267606;0.323944;0.352113;-0.0140845;-0.295775;0.492958;-0.126761;-0.0140845;-0.267606;+1;0;0;0;0

4.61;0.314286;-0.371429;-0.371429;-0.828571;-0.4;0.257143;-0.4;-0.15493;-0.408451;-0.605634;-0.0422535;-0.0704225;0.0422535;0.605634;0.0704226;-0.211268;-0.267606;-0.0140845;-0.239437;0.0985916;-0.15493;-0.183099;0.126761;-0.690141;0.126761;-0.971831;-0.183099;-0.43662;-0.15493;-0.0140845;-0.859155;-0.0704225;0.464789;0.126761;-0.859155;-0.577465;0.126761;0.971831;-1;-0.323944;0.0704226;0.492958;-0.774648;-1;-0.492958;0.0422535;-0.661972;-0.971831;-0.605634;0.211268;-0.15493;-0.0985915;0.267606;0.323944;0.352113;-0.0140845;-0.295775;0.492958;-0.126761;-0.0140845;+1;0;0;0;0

4.77;0.314286;0.314286;-0.371429;-0.371429;-0.828571;-0.4;0.257143;-0.408451;-0.15493;-0.408451;-0.605634;-0.0422535;-0.0704225;0.0422535;0.605634;0.0704226;-0.211268;-0.267606;-0.0140845;-0.239437;0.0985916;-0.15493;-0.183099;0.126761;-0.690141;0.126761;-0.971831;-0.183099;-0.43662;-0.15493;-0.0140845;-0.859155;-0.0704225;0.464789;0.126761;-0.859155;-0.577465;0.126761;0.971831;-1;-0.323944;0.0704226;0.492958;-0.774648;-1;-0.492958;0.0422535;-0.661972;-0.971831;-0.605634;0.211268;-0.15493;-0.0985915;0.267606;0.323944;0.352113;-0.0140845;-0.295775;0.492958;-0.126761;-1;0;0;0;0

4.71;-0.314286;0.314286;0.314286;-0.371429;-0.371429;-0.828571;-0.4;0.239437;-0.408451;-0.15493;-0.408451;-0.605634;-0.0422535;-0.0704225;0.0422535;0.605634;0.0704226;-0.211268;-0.267606;-0.0140845;-0.239437;0.0985916;-0.15493;-0.183099;0.126761;-0.690141;0.126761;-0.971831;-0.183099;-0.43662;-0.15493;-0.0140845;-0.859155;-0.0704225;0.464789;0.126761;-0.859155;-0.577465;0.126761;0.971831;-1;-0.323944;0.0704226;0.492958;-0.774648;-1;-0.492958;0.0422535;-0.661972;-0.971831;-0.605634;0.211268;-0.15493;-0.0985915;0.267606;0.323944;0.352113;-0.0140845;-0.295775;0.492958;-1;0;0;0;0

4.67;-0.257143;-0.314286;0.314286;0.314286;-0.371429;-0.371429;-0.828571;-0.408451;0.239437;-0.408451;-0.15493;-0.408451;-0.605634;-0.0422535;-0.0704225;0.0422535;0.605634;0.0704226;-0.211268;-0.267606;-0.0140845;-0.239437;0.0985916;-0.15493;-0.183099;0.126761;-0.690141;0.126761;-0.971831;-0.183099;-0.43662;-0.15493;-0.0140845;-0.859155;-0.0704225;0.464789;0.126761;-0.859155;-0.577465;0.126761;0.971831;-1;-0.323944;0.0704226;0.492958;-0.774648;-1;-0.492958;0.0422535;-0.661972;-0.971831;-0.605634;0.211268;-0.15493;-0.0985915;0.267606;0.323944;0.352113;-0.0140845;-0.295775;+1;0;0;0;0

4.78;0.171429;-0.257143;-0.314286;0.314286;0.314286;-0.371429;-0.371429;-0.830986;-0.408451;0.239437;-0.408451;-0.15493;-0.408451;-0.605634;-0.0422535;-0.0704225;0.0422535;0.605634;0.0704226;-0.211268;-0.267606;-0.0140845;-0.239437;0.0985916;-0.15493;-0.183099;0.126761;-0.690141;0.126761;-0.971831;-0.183099;-0.43662;-0.15493;-0.0140845;-0.859155;-0.0704225;0.464789;0.126761;-0.859155;-0.577465;0.126761;0.971831;-1;-0.323944;0.0704226;0.492958;-0.774648;-1;-0.492958;0.0422535;-0.661972;-0.971831;-0.605634;0.211268;-0.15493;-0.0985915;0.267606;0.323944;0.352113;-0.0140845;-1;0;0;0;0

4.71;-0.342857;0.171429;-0.257143;-0.314286;0.314286;0.314286;-0.371429;-0.380282;-0.830986;-0.408451;0.239437;-0.408451;-0.15493;-0.408451;-0.605634;-0.0422535;-0.0704225;0.0422535;0.605634;0.0704226;-0.211268;-0.267606;-0.0140845;-0.239437;0.0985916;-0.15493;-0.183099;0.126761;-0.690141;0.126761;-0.971831;-0.183099;-0.43662;-0.15493;-0.0140845;-0.859155;-0.0704225;0.464789;0.126761;-0.859155;-0.577465;0.126761;0.971831;-1;-0.323944;0.0704226;0.492958;-0.774648;-1;-0.492958;0.0422535;-0.661972;-0.971831;-0.605634;0.211268;-0.15493;-0.0985915;0.267606;0.323944;0.352113;-1;0;0;0;0

4.66;-0.285714;-0.342857;0.171429;-0.257143;-0.314286;0.314286;0.314286;-0.380282;-0.380282;-0.830986;-0.408451;0.239437;-0.408451;-0.15493;-0.408451;-0.605634;-0.0422535;-0.0704225;0.0422535;0.605634;0.0704226;-0.211268;-0.267606;-0.0140845;-0.239437;0.0985916;-0.15493;-0.183099;0.126761;-0.690141;0.126761;-0.971831;-0.183099;-0.43662;-0.15493;-0.0140845;-0.859155;-0.0704225;0.464789;0.126761;-0.859155;-0.577465;0.126761;0.971831;-1;-0.323944;0.0704226;0.492958;-0.774648;-1;-0.492958;0.0422535;-0.661972;-0.971831;-0.605634;0.211268;-0.15493;-0.0985915;0.267606;0.323944;+1;0;0;0;0

4.79;0.228571;-0.285714;-0.342857;0.171429;-0.257143;-0.314286;0.314286;0.295775;-0.380282;-0.380282;-0.830986;-0.408451;0.239437;-0.408451;-0.15493;-0.408451;-0.605634;-0.0422535;-0.0704225;0.0422535;0.605634;0.0704226;-0.211268;-0.267606;-0.0140845;-0.239437;0.0985916;-0.15493;-0.183099;0.126761;-0.690141;0.126761;-0.971831;-0.183099;-0.43662;-0.15493;-0.0140845;-0.859155;-0.0704225;0.464789;0.126761;-0.859155;-0.577465;0.126761;0.971831;-1;-0.323944;0.0704226;0.492958;-0.774648;-1;-0.492958;0.0422535;-0.661972;-0.971831;-0.605634;0.211268;-0.15493;-0.0985915;0.267606;+1;0;0;0;0

4.83;-0.0285714;0.228571;-0.285714;-0.342857;0.171429;-0.257143;-0.314286;0.295775;0.295775;-0.380282;-0.380282;-0.830986;-0.408451;0.239437;-0.408451;-0.15493;-0.408451;-0.605634;-0.0422535;-0.0704225;0.0422535;0.605634;0.0704226;-0.211268;-0.267606;-0.0140845;-0.239437;0.0985916;-0.15493;-0.183099;0.126761;-0.690141;0.126761;-0.971831;-0.183099;-0.43662;-0.15493;-0.0140845;-0.859155;-0.0704225;0.464789;0.126761;-0.859155;-0.577465;0.126761;0.971831;-1;-0.323944;0.0704226;0.492958;-0.774648;-1;-0.492958;0.0422535;-0.661972;-0.971831;-0.605634;0.211268;-0.15493;-0.0985915;-1;0;0;0;0

4.72;-0.457143;-0.0285714;0.228571;-0.285714;-0.342857;0.171429;-0.257143;-0.323944;0.295775;0.295775;-0.380282;-0.380282;-0.830986;-0.408451;0.239437;-0.408451;-0.15493;-0.408451;-0.605634;-0.0422535;-0.0704225;0.0422535;0.605634;0.0704226;-0.211268;-0.267606;-0.0140845;-0.239437;0.0985916;-0.15493;-0.183099;0.126761;-0.690141;0.126761;-0.971831;-0.183099;-0.43662;-0.15493;-0.0140845;-0.859155;-0.0704225;0.464789;0.126761;-0.859155;-0.577465;0.126761;0.971831;-1;-0.323944;0.0704226;0.492958;-0.774648;-1;-0.492958;0.0422535;-0.661972;-0.971831;-0.605634;0.211268;-0.15493;-1;0;0;0;0

4.63;-0.4;-0.457143;-0.0285714;0.228571;-0.285714;-0.342857;0.171429;-0.267606;-0.323944;0.295775;0.295775;-0.380282;-0.380282;-0.830986;-0.408451;0.239437;-0.408451;-0.15493;-0.408451;-0.605634;-0.0422535;-0.0704225;0.0422535;0.605634;0.0704226;-0.211268;-0.267606;-0.0140845;-0.239437;0.0985916;-0.15493;-0.183099;0.126761;-0.690141;0.126761;-0.971831;-0.183099;-0.43662;-0.15493;-0.0140845;-0.859155;-0.0704225;0.464789;0.126761;-0.859155;-0.577465;0.126761;0.971831;-1;-0.323944;0.0704226;0.492958;-0.774648;-1;-0.492958;0.0422535;-0.661972;-0.971831;-0.605634;0.211268;+1;0;0;0;0

4.68;1.06437e-008;-0.4;-0.457143;-0.0285714;0.228571;-0.285714;-0.342857;0.15493;-0.267606;-0.323944;0.295775;0.295775;-0.380282;-0.380282;-0.830986;-0.408451;0.239437;-0.408451;-0.15493;-0.408451;-0.605634;-0.0422535;-0.0704225;0.0422535;0.605634;0.0704226;-0.211268;-0.267606;-0.0140845;-0.239437;0.0985916;-0.15493;-0.183099;0.126761;-0.690141;0.126761;-0.971831;-0.183099;-0.43662;-0.15493;-0.0140845;-0.859155;-0.0704225;0.464789;0.126761;-0.859155;-0.577465;0.126761;0.971831;-1;-0.323944;0.0704226;0.492958;-0.774648;-1;-0.492958;0.0422535;-0.661972;-0.971831;-0.605634;-1;0;0;0;0

4.67;-0.171429;1.06437e-008;-0.4;-0.457143;-0.0285714;0.228571;-0.285714;-0.352113;0.15493;-0.267606;-0.323944;0.295775;0.295775;-0.380282;-0.380282;-0.830986;-0.408451;0.239437;-0.408451;-0.15493;-0.408451;-0.605634;-0.0422535;-0.0704225;0.0422535;0.605634;0.0704226;-0.211268;-0.267606;-0.0140845;-0.239437;0.0985916;-0.15493;-0.183099;0.126761;-0.690141;0.126761;-0.971831;-0.183099;-0.43662;-0.15493;-0.0140845;-0.859155;-0.0704225;0.464789;0.126761;-0.859155;-0.577465;0.126761;0.971831;-1;-0.323944;0.0704226;0.492958;-0.774648;-1;-0.492958;0.0422535;-0.661972;-0.971831;+1;0;0;0;0

4.77;0.142857;-0.171429;1.06437e-008;-0.4;-0.457143;-0.0285714;0.228571;-0.295775;-0.352113;0.15493;-0.267606;-0.323944;0.295775;0.295775;-0.380282;-0.380282;-0.830986;-0.408451;0.239437;-0.408451;-0.15493;-0.408451;-0.605634;-0.0422535;-0.0704225;0.0422535;0.605634;0.0704226;-0.211268;-0.267606;-0.0140845;-0.239437;0.0985916;-0.15493;-0.183099;0.126761;-0.690141;0.126761;-0.971831;-0.183099;-0.43662;-0.15493;-0.0140845;-0.859155;-0.0704225;0.464789;0.126761;-0.859155;-0.577465;0.126761;0.971831;-1;-0.323944;0.0704226;0.492958;-0.774648;-1;-0.492958;0.0422535;-0.661972;+1;0;0;0;0

4.79;-0.0857143;0.142857;-0.171429;1.06437e-008;-0.4;-0.457143;-0.0285714;0.211268;-0.295775;-0.352113;0.15493;-0.267606;-0.323944;0.295775;0.295775;-0.380282;-0.380282;-0.830986;-0.408451;0.239437;-0.408451;-0.15493;-0.408451;-0.605634;-0.0422535;-0.0704225;0.0422535;0.605634;0.0704226;-0.211268;-0.267606;-0.0140845;-0.239437;0.0985916;-0.15493;-0.183099;0.126761;-0.690141;0.126761;-0.971831;-0.183099;-0.43662;-0.15493;-0.0140845;-0.859155;-0.0704225;0.464789;0.126761;-0.859155;-0.577465;0.126761;0.971831;-1;-0.323944;0.0704226;0.492958;-0.774648;-1;-0.492958;0.0422535;-1;0;0;0;0

4.69;-0.428571;-0.0857143;0.142857;-0.171429;1.06437e-008;-0.4;-0.457143;-0.0422535;0.211268;-0.295775;-0.352113;0.15493;-0.267606;-0.323944;0.295775;0.295775;-0.380282;-0.380282;-0.830986;-0.408451;0.239437;-0.408451;-0.15493;-0.408451;-0.605634;-0.0422535;-0.0704225;0.0422535;0.605634;0.0704226;-0.211268;-0.267606;-0.0140845;-0.239437;0.0985916;-0.15493;-0.183099;0.126761;-0.690141;0.126761;-0.971831;-0.183099;-0.43662;-0.15493;-0.0140845;-0.859155;-0.0704225;0.464789;0.126761;-0.859155;-0.577465;0.126761;0.971831;-1;-0.323944;0.0704226;0.492958;-0.774648;-1;-0.492958;-1;0;0;0;0

4.67;-0.2;-0.428571;-0.0857143;0.142857;-0.171429;1.06437e-008;-0.4;-0.464789;-0.0422535;0.211268;-0.295775;-0.352113;0.15493;-0.267606;-0.323944;0.295775;0.295775;-0.380282;-0.380282;-0.830986;-0.408451;0.239437;-0.408451;-0.15493;-0.408451;-0.605634;-0.0422535;-0.0704225;0.0422535;0.605634;0.0704226;-0.211268;-0.267606;-0.0140845;-0.239437;0.0985916;-0.15493;-0.183099;0.126761;-0.690141;0.126761;-0.971831;-0.183099;-0.43662;-0.15493;-0.0140845;-0.859155;-0.0704225;0.464789;0.126761;-0.859155;-0.577465;0.126761;0.971831;-1;-0.323944;0.0704226;0.492958;-0.774648;-1;-1;0;0;0;0

4.59;-0.371429;-0.2;-0.428571;-0.0857143;0.142857;-0.171429;1.06437e-008;-0.408451;-0.464789;-0.0422535;0.211268;-0.295775;-0.352113;0.15493;-0.267606;-0.323944;0.295775;0.295775;-0.380282;-0.380282;-0.830986;-0.408451;0.239437;-0.408451;-0.15493;-0.408451;-0.605634;-0.0422535;-0.0704225;0.0422535;0.605634;0.0704226;-0.211268;-0.267606;-0.0140845;-0.239437;0.0985916;-0.15493;-0.183099;0.126761;-0.690141;0.126761;-0.971831;-0.183099;-0.43662;-0.15493;-0.0140845;-0.859155;-0.0704225;0.464789;0.126761;-0.859155;-0.577465;0.126761;0.971831;-1;-0.323944;0.0704226;0.492958;-0.774648;-1;0;0;0;0

4.55;-0.257143;-0.371429;-0.2;-0.428571;-0.0857143;0.142857;-0.171429;-0.0140845;-0.408451;-0.464789;-0.0422535;0.211268;-0.295775;-0.352113;0.15493;-0.267606;-0.323944;0.295775;0.295775;-0.380282;-0.380282;-0.830986;-0.408451;0.239437;-0.408451;-0.15493;-0.408451;-0.605634;-0.0422535;-0.0704225;0.0422535;0.605634;0.0704226;-0.211268;-0.267606;-0.0140845;-0.239437;0.0985916;-0.15493;-0.183099;0.126761;-0.690141;0.126761;-0.971831;-0.183099;-0.43662;-0.15493;-0.0140845;-0.859155;-0.0704225;0.464789;0.126761;-0.859155;-0.577465;0.126761;0.971831;-1;-0.323944;0.0704226;0.492958;-1;0;0;0;0

4.5;-0.285714;-0.257143;-0.371429;-0.2;-0.428571;-0.0857143;0.142857;-0.183099;-0.0140845;-0.408451;-0.464789;-0.0422535;0.211268;-0.295775;-0.352113;0.15493;-0.267606;-0.323944;0.295775;0.295775;-0.380282;-0.380282;-0.830986;-0.408451;0.239437;-0.408451;-0.15493;-0.408451;-0.605634;-0.0422535;-0.0704225;0.0422535;0.605634;0.0704226;-0.211268;-0.267606;-0.0140845;-0.239437;0.0985916;-0.15493;-0.183099;0.126761;-0.690141;0.126761;-0.971831;-0.183099;-0.43662;-0.15493;-0.0140845;-0.859155;-0.0704225;0.464789;0.126761;-0.859155;-0.577465;0.126761;0.971831;-1;-0.323944;0.0704226;+1;0;0;0;0

4.62;0.2;-0.285714;-0.257143;-0.371429;-0.2;-0.428571;-0.0857143;0.126761;-0.183099;-0.0140845;-0.408451;-0.464789;-0.0422535;0.211268;-0.295775;-0.352113;0.15493;-0.267606;-0.323944;0.295775;0.295775;-0.380282;-0.380282;-0.830986;-0.408451;0.239437;-0.408451;-0.15493;-0.408451;-0.605634;-0.0422535;-0.0704225;0.0422535;0.605634;0.0704226;-0.211268;-0.267606;-0.0140845;-0.239437;0.0985916;-0.15493;-0.183099;0.126761;-0.690141;0.126761;-0.971831;-0.183099;-0.43662;-0.15493;-0.0140845;-0.859155;-0.0704225;0.464789;0.126761;-0.859155;-0.577465;0.126761;0.971831;-1;-0.323944;-1;0;0;0;0

4.6;-0.2;0.2;-0.285714;-0.257143;-0.371429;-0.2;-0.428571;-0.0985915;0.126761;-0.183099;-0.0140845;-0.408451;-0.464789;-0.0422535;0.211268;-0.295775;-0.352113;0.15493;-0.267606;-0.323944;0.295775;0.295775;-0.380282;-0.380282;-0.830986;-0.408451;0.239437;-0.408451;-0.15493;-0.408451;-0.605634;-0.0422535;-0.0704225;0.0422535;0.605634;0.0704226;-0.211268;-0.267606;-0.0140845;-0.239437;0.0985916;-0.15493;-0.183099;0.126761;-0.690141;0.126761;-0.971831;-0.183099;-0.43662;-0.15493;-0.0140845;-0.859155;-0.0704225;0.464789;0.126761;-0.859155;-0.577465;0.126761;0.971831;-1;-1;0;0;0;0

4.46;-0.542857;-0.2;0.2;-0.285714;-0.257143;-0.371429;-0.2;-0.43662;-0.0985915;0.126761;-0.183099;-0.0140845;-0.408451;-0.464789;-0.0422535;0.211268;-0.295775;-0.352113;0.15493;-0.267606;-0.323944;0.295775;0.295775;-0.380282;-0.380282;-0.830986;-0.408451;0.239437;-0.408451;-0.15493;-0.408451;-0.605634;-0.0422535;-0.0704225;0.0422535;0.605634;0.0704226;-0.211268;-0.267606;-0.0140845;-0.239437;0.0985916;-0.15493;-0.183099;0.126761;-0.690141;0.126761;-0.971831;-0.183099;-0.43662;-0.15493;-0.0140845;-0.859155;-0.0704225;0.464789;0.126761;-0.859155;-0.577465;0.126761;0.971831;+1;0;0;0;0

4.48;-0.0857143;-0.542857;-0.2;0.2;-0.285714;-0.257143;-0.371429;-0.211268;-0.43662;-0.0985915;0.126761;-0.183099;-0.0140845;-0.408451;-0.464789;-0.0422535;0.211268;-0.295775;-0.352113;0.15493;-0.267606;-0.323944;0.295775;0.295775;-0.380282;-0.380282;-0.830986;-0.408451;0.239437;-0.408451;-0.15493;-0.408451;-0.605634;-0.0422535;-0.0704225;0.0422535;0.605634;0.0704226;-0.211268;-0.267606;-0.0140845;-0.239437;0.0985916;-0.15493;-0.183099;0.126761;-0.690141;0.126761;-0.971831;-0.183099;-0.43662;-0.15493;-0.0140845;-0.859155;-0.0704225;0.464789;0.126761;-0.859155;-0.577465;0.126761;-1;0;0;0;0

4.4;-0.371429;-0.0857143;-0.542857;-0.2;0.2;-0.285714;-0.257143;-0.380282;-0.211268;-0.43662;-0.0985915;0.126761;-0.183099;-0.0140845;-0.408451;-0.464789;-0.0422535;0.211268;-0.295775;-0.352113;0.15493;-0.267606;-0.323944;0.295775;0.295775;-0.380282;-0.380282;-0.830986;-0.408451;0.239437;-0.408451;-0.15493;-0.408451;-0.605634;-0.0422535;-0.0704225;0.0422535;0.605634;0.0704226;-0.211268;-0.267606;-0.0140845;-0.239437;0.0985916;-0.15493;-0.183099;0.126761;-0.690141;0.126761;-0.971831;-0.183099;-0.43662;-0.15493;-0.0140845;-0.859155;-0.0704225;0.464789;0.126761;-0.859155;-0.577465;+1;0;0;0;0

4.41;-0.114286;-0.371429;-0.0857143;-0.542857;-0.2;0.2;-0.285714;-0.267606;-0.380282;-0.211268;-0.43662;-0.0985915;0.126761;-0.183099;-0.0140845;-0.408451;-0.464789;-0.0422535;0.211268;-0.295775;-0.352113;0.15493;-0.267606;-0.323944;0.295775;0.295775;-0.380282;-0.380282;-0.830986;-0.408451;0.239437;-0.408451;-0.15493;-0.408451;-0.605634;-0.0422535;-0.0704225;0.0422535;0.605634;0.0704226;-0.211268;-0.267606;-0.0140845;-0.239437;0.0985916;-0.15493;-0.183099;0.126761;-0.690141;0.126761;-0.971831;-0.183099;-0.43662;-0.15493;-0.0140845;-0.859155;-0.0704225;0.464789;0.126761;-0.859155;-1;0;0;0;0

4.35;-0.314286;-0.114286;-0.371429;-0.0857143;-0.542857;-0.2;0.2;-0.295775;-0.267606;-0.380282;-0.211268;-0.43662;-0.0985915;0.126761;-0.183099;-0.0140845;-0.408451;-0.464789;-0.0422535;0.211268;-0.295775;-0.352113;0.15493;-0.267606;-0.323944;0.295775;0.295775;-0.380282;-0.380282;-0.830986;-0.408451;0.239437;-0.408451;-0.15493;-0.408451;-0.605634;-0.0422535;-0.0704225;0.0422535;0.605634;0.0704226;-0.211268;-0.267606;-0.0140845;-0.239437;0.0985916;-0.15493;-0.183099;0.126761;-0.690141;0.126761;-0.971831;-0.183099;-0.43662;-0.15493;-0.0140845;-0.859155;-0.0704225;0.464789;0.126761;+1;0;0;0;0

4.39;-0.0285714;-0.314286;-0.114286;-0.371429;-0.0857143;-0.542857;-0.2;0.183099;-0.295775;-0.267606;-0.380282;-0.211268;-0.43662;-0.0985915;0.126761;-0.183099;-0.0140845;-0.408451;-0.464789;-0.0422535;0.211268;-0.295775;-0.352113;0.15493;-0.267606;-0.323944;0.295775;0.295775;-0.380282;-0.380282;-0.830986;-0.408451;0.239437;-0.408451;-0.15493;-0.408451;-0.605634;-0.0422535;-0.0704225;0.0422535;0.605634;0.0704226;-0.211268;-0.267606;-0.0140845;-0.239437;0.0985916;-0.15493;-0.183099;0.126761;-0.690141;0.126761;-0.971831;-0.183099;-0.43662;-0.15493;-0.0140845;-0.859155;-0.0704225;0.464789;+1;0;0;0;0

4.4;-0.114286;-0.0285714;-0.314286;-0.114286;-0.371429;-0.0857143;-0.542857;-0.211268;0.183099;-0.295775;-0.267606;-0.380282;-0.211268;-0.43662;-0.0985915;0.126761;-0.183099;-0.0140845;-0.408451;-0.464789;-0.0422535;0.211268;-0.295775;-0.352113;0.15493;-0.267606;-0.323944;0.295775;0.295775;-0.380282;-0.380282;-0.830986;-0.408451;0.239437;-0.408451;-0.15493;-0.408451;-0.605634;-0.0422535;-0.0704225;0.0422535;0.605634;0.0704226;-0.211268;-0.267606;-0.0140845;-0.239437;0.0985916;-0.15493;-0.183099;0.126761;-0.690141;0.126761;-0.971831;-0.183099;-0.43662;-0.15493;-0.0140845;-0.859155;-0.0704225;+1;0;0;0;0

4.43;-0.0571429;-0.114286;-0.0285714;-0.314286;-0.114286;-0.371429;-0.0857143;-0.549296;-0.211268;0.183099;-0.295775;-0.267606;-0.380282;-0.211268;-0.43662;-0.0985915;0.126761;-0.183099;-0.0140845;-0.408451;-0.464789;-0.0422535;0.211268;-0.295775;-0.352113;0.15493;-0.267606;-0.323944;0.295775;0.295775;-0.380282;-0.380282;-0.830986;-0.408451;0.239437;-0.408451;-0.15493;-0.408451;-0.605634;-0.0422535;-0.0704225;0.0422535;0.605634;0.0704226;-0.211268;-0.267606;-0.0140845;-0.239437;0.0985916;-0.15493;-0.183099;0.126761;-0.690141;0.126761;-0.971831;-0.183099;-0.43662;-0.15493;-0.0140845;-0.859155;-1;0;0;0;0

4.39;-0.257143;-0.0571429;-0.114286;-0.0285714;-0.314286;-0.114286;-0.371429;-0.0985915;-0.549296;-0.211268;0.183099;-0.295775;-0.267606;-0.380282;-0.211268;-0.43662;-0.0985915;0.126761;-0.183099;-0.0140845;-0.408451;-0.464789;-0.0422535;0.211268;-0.295775;-0.352113;0.15493;-0.267606;-0.323944;0.295775;0.295775;-0.380282;-0.380282;-0.830986;-0.408451;0.239437;-0.408451;-0.15493;-0.408451;-0.605634;-0.0422535;-0.0704225;0.0422535;0.605634;0.0704226;-0.211268;-0.267606;-0.0140845;-0.239437;0.0985916;-0.15493;-0.183099;0.126761;-0.690141;0.126761;-0.971831;-0.183099;-0.43662;-0.15493;-0.0140845;-1;0;0;0;0

4.38;-0.171429;-0.257143;-0.0571429;-0.114286;-0.0285714;-0.314286;-0.114286;-0.380282;-0.0985915;-0.549296;-0.211268;0.183099;-0.295775;-0.267606;-0.380282;-0.211268;-0.43662;-0.0985915;0.126761;-0.183099;-0.0140845;-0.408451;-0.464789;-0.0422535;0.211268;-0.295775;-0.352113;0.15493;-0.267606;-0.323944;0.295775;0.295775;-0.380282;-0.380282;-0.830986;-0.408451;0.239437;-0.408451;-0.15493;-0.408451;-0.605634;-0.0422535;-0.0704225;0.0422535;0.605634;0.0704226;-0.211268;-0.267606;-0.0140845;-0.239437;0.0985916;-0.15493;-0.183099;0.126761;-0.690141;0.126761;-0.971831;-0.183099;-0.43662;-0.15493;-1;0;0;0;0

4.26;-0.485714;-0.171429;-0.257143;-0.0571429;-0.114286;-0.0285714;-0.314286;-0.126761;-0.380282;-0.0985915;-0.549296;-0.211268;0.183099;-0.295775;-0.267606;-0.380282;-0.211268;-0.43662;-0.0985915;0.126761;-0.183099;-0.0140845;-0.408451;-0.464789;-0.0422535;0.211268;-0.295775;-0.352113;0.15493;-0.267606;-0.323944;0.295775;0.295775;-0.380282;-0.380282;-0.830986;-0.408451;0.239437;-0.408451;-0.15493;-0.408451;-0.605634;-0.0422535;-0.0704225;0.0422535;0.605634;0.0704226;-0.211268;-0.267606;-0.0140845;-0.239437;0.0985916;-0.15493;-0.183099;0.126761;-0.690141;0.126761;-0.971831;-0.183099;-0.43662;+1;0;0;0;0

4.3;-0.0285714;-0.485714;-0.171429;-0.257143;-0.0571429;-0.114286;-0.0285714;-0.323944;-0.126761;-0.380282;-0.0985915;-0.549296;-0.211268;0.183099;-0.295775;-0.267606;-0.380282;-0.211268;-0.43662;-0.0985915;0.126761;-0.183099;-0.0140845;-0.408451;-0.464789;-0.0422535;0.211268;-0.295775;-0.352113;0.15493;-0.267606;-0.323944;0.295775;0.295775;-0.380282;-0.380282;-0.830986;-0.408451;0.239437;-0.408451;-0.15493;-0.408451;-0.605634;-0.0422535;-0.0704225;0.0422535;0.605634;0.0704226;-0.211268;-0.267606;-0.0140845;-0.239437;0.0985916;-0.15493;-0.183099;0.126761;-0.690141;0.126761;-0.971831;-0.183099;+1;0;0;0;0

4.42;0.2;-0.0285714;-0.485714;-0.171429;-0.257143;-0.0571429;-0.114286;-0.0422535;-0.323944;-0.126761;-0.380282;-0.0985915;-0.549296;-0.211268;0.183099;-0.295775;-0.267606;-0.380282;-0.211268;-0.43662;-0.0985915;0.126761;-0.183099;-0.0140845;-0.408451;-0.464789;-0.0422535;0.211268;-0.295775;-0.352113;0.15493;-0.267606;-0.323944;0.295775;0.295775;-0.380282;-0.380282;-0.830986;-0.408451;0.239437;-0.408451;-0.15493;-0.408451;-0.605634;-0.0422535;-0.0704225;0.0422535;0.605634;0.0704226;-0.211268;-0.267606;-0.0140845;-0.239437;0.0985916;-0.15493;-0.183099;0.126761;-0.690141;0.126761;-0.971831;+1;0;0;0;0

4.61;0.4;0.2;-0.0285714;-0.485714;-0.171429;-0.257143;-0.0571429;-0.126761;-0.0422535;-0.323944;-0.126761;-0.380282;-0.0985915;-0.549296;-0.211268;0.183099;-0.295775;-0.267606;-0.380282;-0.211268;-0.43662;-0.0985915;0.126761;-0.183099;-0.0140845;-0.408451;-0.464789;-0.0422535;0.211268;-0.295775;-0.352113;0.15493;-0.267606;-0.323944;0.295775;0.295775;-0.380282;-0.380282;-0.830986;-0.408451;0.239437;-0.408451;-0.15493;-0.408451;-0.605634;-0.0422535;-0.0704225;0.0422535;0.605634;0.0704226;-0.211268;-0.267606;-0.0140845;-0.239437;0.0985916;-0.15493;-0.183099;0.126761;-0.690141;0.126761;-1;0;0;0;0

4.6;-0.171429;0.4;0.2;-0.0285714;-0.485714;-0.171429;-0.257143;-0.0704225;-0.126761;-0.0422535;-0.323944;-0.126761;-0.380282;-0.0985915;-0.549296;-0.211268;0.183099;-0.295775;-0.267606;-0.380282;-0.211268;-0.43662;-0.0985915;0.126761;-0.183099;-0.0140845;-0.408451;-0.464789;-0.0422535;0.211268;-0.295775;-0.352113;0.15493;-0.267606;-0.323944;0.295775;0.295775;-0.380282;-0.380282;-0.830986;-0.408451;0.239437;-0.408451;-0.15493;-0.408451;-0.605634;-0.0422535;-0.0704225;0.0422535;0.605634;0.0704226;-0.211268;-0.267606;-0.0140845;-0.239437;0.0985916;-0.15493;-0.183099;0.126761;-0.690141;+1;0;0;0;0

4.68;0.0857143;-0.171429;0.4;0.2;-0.0285714;-0.485714;-0.171429;-0.267606;-0.0704225;-0.126761;-0.0422535;-0.323944;-0.126761;-0.380282;-0.0985915;-0.549296;-0.211268;0.183099;-0.295775;-0.267606;-0.380282;-0.211268;-0.43662;-0.0985915;0.126761;-0.183099;-0.0140845;-0.408451;-0.464789;-0.0422535;0.211268;-0.295775;-0.352113;0.15493;-0.267606;-0.323944;0.295775;0.295775;-0.380282;-0.380282;-0.830986;-0.408451;0.239437;-0.408451;-0.15493;-0.408451;-0.605634;-0.0422535;-0.0704225;0.0422535;0.605634;0.0704226;-0.211268;-0.267606;-0.0140845;-0.239437;0.0985916;-0.15493;-0.183099;0.126761;-1;0;0;0;0

4.56;-0.485714;0.0857143;-0.171429;0.4;0.2;-0.0285714;-0.485714;-0.183099;-0.267606;-0.0704225;-0.126761;-0.0422535;-0.323944;-0.126761;-0.380282;-0.0985915;-0.549296;-0.211268;0.183099;-0.295775;-0.267606;-0.380282;-0.211268;-0.43662;-0.0985915;0.126761;-0.183099;-0.0140845;-0.408451;-0.464789;-0.0422535;0.211268;-0.295775;-0.352113;0.15493;-0.267606;-0.323944;0.295775;0.295775;-0.380282;-0.380282;-0.830986;-0.408451;0.239437;-0.408451;-0.15493;-0.408451;-0.605634;-0.0422535;-0.0704225;0.0422535;0.605634;0.0704226;-0.211268;-0.267606;-0.0140845;-0.239437;0.0985916;-0.15493;-0.183099;-1;0;0;0;0

4.56;-0.142857;-0.485714;0.0857143;-0.171429;0.4;0.2;-0.0285714;-0.492958;-0.183099;-0.267606;-0.0704225;-0.126761;-0.0422535;-0.323944;-0.126761;-0.380282;-0.0985915;-0.549296;-0.211268;0.183099;-0.295775;-0.267606;-0.380282;-0.211268;-0.43662;-0.0985915;0.126761;-0.183099;-0.0140845;-0.408451;-0.464789;-0.0422535;0.211268;-0.295775;-0.352113;0.15493;-0.267606;-0.323944;0.295775;0.295775;-0.380282;-0.380282;-0.830986;-0.408451;0.239437;-0.408451;-0.15493;-0.408451;-0.605634;-0.0422535;-0.0704225;0.0422535;0.605634;0.0704226;-0.211268;-0.267606;-0.0140845;-0.239437;0.0985916;-0.15493;+1;0;0;0;0

4.6;-0.0285714;-0.142857;-0.485714;0.0857143;-0.171429;0.4;0.2;-0.0422535;-0.492958;-0.183099;-0.267606;-0.0704225;-0.126761;-0.0422535;-0.323944;-0.126761;-0.380282;-0.0985915;-0.549296;-0.211268;0.183099;-0.295775;-0.267606;-0.380282;-0.211268;-0.43662;-0.0985915;0.126761;-0.183099;-0.0140845;-0.408451;-0.464789;-0.0422535;0.211268;-0.295775;-0.352113;0.15493;-0.267606;-0.323944;0.295775;0.295775;-0.380282;-0.380282;-0.830986;-0.408451;0.239437;-0.408451;-0.15493;-0.408451;-0.605634;-0.0422535;-0.0704225;0.0422535;0.605634;0.0704226;-0.211268;-0.267606;-0.0140845;-0.239437;0.0985916;-1;0;0;0;0

4.49;-0.457143;-0.0285714;-0.142857;-0.485714;0.0857143;-0.171429;0.4;0.183099;-0.0422535;-0.492958;-0.183099;-0.267606;-0.0704225;-0.126761;-0.0422535;-0.323944;-0.126761;-0.380282;-0.0985915;-0.549296;-0.211268;0.183099;-0.295775;-0.267606;-0.380282;-0.211268;-0.43662;-0.0985915;0.126761;-0.183099;-0.0140845;-0.408451;-0.464789;-0.0422535;0.211268;-0.295775;-0.352113;0.15493;-0.267606;-0.323944;0.295775;0.295775;-0.380282;-0.380282;-0.830986;-0.408451;0.239437;-0.408451;-0.15493;-0.408451;-0.605634;-0.0422535;-0.0704225;0.0422535;0.605634;0.0704226;-0.211268;-0.267606;-0.0140845;-0.239437;+1;0;0;0;0

4.53;-0.0285714;-0.457143;-0.0285714;-0.142857;-0.485714;0.0857143;-0.171429;0.380282;0.183099;-0.0422535;-0.492958;-0.183099;-0.267606;-0.0704225;-0.126761;-0.0422535;-0.323944;-0.126761;-0.380282;-0.0985915;-0.549296;-0.211268;0.183099;-0.295775;-0.267606;-0.380282;-0.211268;-0.43662;-0.0985915;0.126761;-0.183099;-0.0140845;-0.408451;-0.464789;-0.0422535;0.211268;-0.295775;-0.352113;0.15493;-0.267606;-0.323944;0.295775;0.295775;-0.380282;-0.380282;-0.830986;-0.408451;0.239437;-0.408451;-0.15493;-0.408451;-0.605634;-0.0422535;-0.0704225;0.0422535;0.605634;0.0704226;-0.211268;-0.267606;-0.0140845;+1;0;0;0;0

4.56;-0.0571429;-0.0285714;-0.457143;-0.0285714;-0.142857;-0.485714;0.0857143;-0.183099;0.380282;0.183099;-0.0422535;-0.492958;-0.183099;-0.267606;-0.0704225;-0.126761;-0.0422535;-0.323944;-0.126761;-0.380282;-0.0985915;-0.549296;-0.211268;0.183099;-0.295775;-0.267606;-0.380282;-0.211268;-0.43662;-0.0985915;0.126761;-0.183099;-0.0140845;-0.408451;-0.464789;-0.0422535;0.211268;-0.295775;-0.352113;0.15493;-0.267606;-0.323944;0.295775;0.295775;-0.380282;-0.380282;-0.830986;-0.408451;0.239437;-0.408451;-0.15493;-0.408451;-0.605634;-0.0422535;-0.0704225;0.0422535;0.605634;0.0704226;-0.211268;-0.267606;-1;0;0;0;0

4.48;-0.371429;-0.0571429;-0.0285714;-0.457143;-0.0285714;-0.142857;-0.485714;0.0704226;-0.183099;0.380282;0.183099;-0.0422535;-0.492958;-0.183099;-0.267606;-0.0704225;-0.126761;-0.0422535;-0.323944;-0.126761;-0.380282;-0.0985915;-0.549296;-0.211268;0.183099;-0.295775;-0.267606;-0.380282;-0.211268;-0.43662;-0.0985915;0.126761;-0.183099;-0.0140845;-0.408451;-0.464789;-0.0422535;0.211268;-0.295775;-0.352113;0.15493;-0.267606;-0.323944;0.295775;0.295775;-0.380282;-0.380282;-0.830986;-0.408451;0.239437;-0.408451;-0.15493;-0.408451;-0.605634;-0.0422535;-0.0704225;0.0422535;0.605634;0.0704226;-0.211268;+1;0;0;0;0

4.5;-0.0857143;-0.371429;-0.0571429;-0.0285714;-0.457143;-0.0285714;-0.142857;-0.492958;0.0704226;-0.183099;0.380282;0.183099;-0.0422535;-0.492958;-0.183099;-0.267606;-0.0704225;-0.126761;-0.0422535;-0.323944;-0.126761;-0.380282;-0.0985915;-0.549296;-0.211268;0.183099;-0.295775;-0.267606;-0.380282;-0.211268;-0.43662;-0.0985915;0.126761;-0.183099;-0.0140845;-0.408451;-0.464789;-0.0422535;0.211268;-0.295775;-0.352113;0.15493;-0.267606;-0.323944;0.295775;0.295775;-0.380282;-0.380282;-0.830986;-0.408451;0.239437;-0.408451;-0.15493;-0.408451;-0.605634;-0.0422535;-0.0704225;0.0422535;0.605634;0.0704226;-1;0;0;0;0

4.4;-0.428571;-0.0857143;-0.371429;-0.0571429;-0.0285714;-0.457143;-0.0285714;-0.15493;-0.492958;0.0704226;-0.183099;0.380282;0.183099;-0.0422535;-0.492958;-0.183099;-0.267606;-0.0704225;-0.126761;-0.0422535;-0.323944;-0.126761;-0.380282;-0.0985915;-0.549296;-0.211268;0.183099;-0.295775;-0.267606;-0.380282;-0.211268;-0.43662;-0.0985915;0.126761;-0.183099;-0.0140845;-0.408451;-0.464789;-0.0422535;0.211268;-0.295775;-0.352113;0.15493;-0.267606;-0.323944;0.295775;0.295775;-0.380282;-0.380282;-0.830986;-0.408451;0.239437;-0.408451;-0.15493;-0.408451;-0.605634;-0.0422535;-0.0704225;0.0422535;0.605634;+1;0;0;0;0

4.47;0.0571429;-0.428571;-0.0857143;-0.371429;-0.0571429;-0.0285714;-0.457143;-0.0422535;-0.15493;-0.492958;0.0704226;-0.183099;0.380282;0.183099;-0.0422535;-0.492958;-0.183099;-0.267606;-0.0704225;-0.126761;-0.0422535;-0.323944;-0.126761;-0.380282;-0.0985915;-0.549296;-0.211268;0.183099;-0.295775;-0.267606;-0.380282;-0.211268;-0.43662;-0.0985915;0.126761;-0.183099;-0.0140845;-0.408451;-0.464789;-0.0422535;0.211268;-0.295775;-0.352113;0.15493;-0.267606;-0.323944;0.295775;0.295775;-0.380282;-0.380282;-0.830986;-0.408451;0.239437;-0.408451;-0.15493;-0.408451;-0.605634;-0.0422535;-0.0704225;0.0422535;+1;0;0;0;0

4.55;0.0857143;0.0571429;-0.428571;-0.0857143;-0.371429;-0.0571429;-0.0285714;-0.464789;-0.0422535;-0.15493;-0.492958;0.0704226;-0.183099;0.380282;0.183099;-0.0422535;-0.492958;-0.183099;-0.267606;-0.0704225;-0.126761;-0.0422535;-0.323944;-0.126761;-0.380282;-0.0985915;-0.549296;-0.211268;0.183099;-0.295775;-0.267606;-0.380282;-0.211268;-0.43662;-0.0985915;0.126761;-0.183099;-0.0140845;-0.408451;-0.464789;-0.0422535;0.211268;-0.295775;-0.352113;0.15493;-0.267606;-0.323944;0.295775;0.295775;-0.380282;-0.380282;-0.830986;-0.408451;0.239437;-0.408451;-0.15493;-0.408451;-0.605634;-0.0422535;-0.0704225;+1;0;0;0;0

4.57;-0.0857143;0.0857143;0.0571429;-0.428571;-0.0857143;-0.371429;-0.0571429;-0.0422535;-0.464789;-0.0422535;-0.15493;-0.492958;0.0704226;-0.183099;0.380282;0.183099;-0.0422535;-0.492958;-0.183099;-0.267606;-0.0704225;-0.126761;-0.0422535;-0.323944;-0.126761;-0.380282;-0.0985915;-0.549296;-0.211268;0.183099;-0.295775;-0.267606;-0.380282;-0.211268;-0.43662;-0.0985915;0.126761;-0.183099;-0.0140845;-0.408451;-0.464789;-0.0422535;0.211268;-0.295775;-0.352113;0.15493;-0.267606;-0.323944;0.295775;0.295775;-0.380282;-0.380282;-0.830986;-0.408451;0.239437;-0.408451;-0.15493;-0.408451;-0.605634;-0.0422535;-1;0;0;0;0

4.54;-0.228571;-0.0857143;0.0857143;0.0571429;-0.428571;-0.0857143;-0.371429;-0.0704225;-0.0422535;-0.464789;-0.0422535;-0.15493;-0.492958;0.0704226;-0.183099;0.380282;0.183099;-0.0422535;-0.492958;-0.183099;-0.267606;-0.0704225;-0.126761;-0.0422535;-0.323944;-0.126761;-0.380282;-0.0985915;-0.549296;-0.211268;0.183099;-0.295775;-0.267606;-0.380282;-0.211268;-0.43662;-0.0985915;0.126761;-0.183099;-0.0140845;-0.408451;-0.464789;-0.0422535;0.211268;-0.295775;-0.352113;0.15493;-0.267606;-0.323944;0.295775;0.295775;-0.380282;-0.380282;-0.830986;-0.408451;0.239437;-0.408451;-0.15493;-0.408451;-0.605634;+1;0;0;0;0

4.58;-0.0285714;-0.228571;-0.0857143;0.0857143;0.0571429;-0.428571;-0.0857143;-0.380282;-0.0704225;-0.0422535;-0.464789;-0.0422535;-0.15493;-0.492958;0.0704226;-0.183099;0.380282;0.183099;-0.0422535;-0.492958;-0.183099;-0.267606;-0.0704225;-0.126761;-0.0422535;-0.323944;-0.126761;-0.380282;-0.0985915;-0.549296;-0.211268;0.183099;-0.295775;-0.267606;-0.380282;-0.211268;-0.43662;-0.0985915;0.126761;-0.183099;-0.0140845;-0.408451;-0.464789;-0.0422535;0.211268;-0.295775;-0.352113;0.15493;-0.267606;-0.323944;0.295775;0.295775;-0.380282;-0.380282;-0.830986;-0.408451;0.239437;-0.408451;-0.15493;-0.408451;+1;0;0;0;0

4.62;-0.0285714;-0.0285714;-0.228571;-0.0857143;0.0857143;0.0571429;-0.428571;-0.0985915;-0.380282;-0.0704225;-0.0422535;-0.464789;-0.0422535;-0.15493;-0.492958;0.0704226;-0.183099;0.380282;0.183099;-0.0422535;-0.492958;-0.183099;-0.267606;-0.0704225;-0.126761;-0.0422535;-0.323944;-0.126761;-0.380282;-0.0985915;-0.549296;-0.211268;0.183099;-0.295775;-0.267606;-0.380282;-0.211268;-0.43662;-0.0985915;0.126761;-0.183099;-0.0140845;-0.408451;-0.464789;-0.0422535;0.211268;-0.295775;-0.352113;0.15493;-0.267606;-0.323944;0.295775;0.295775;-0.380282;-0.380282;-0.830986;-0.408451;0.239437;-0.408451;-0.15493;-1;0;0;0;0

