34.9;-0.0819672;0.0983607;0.163934;0.47541;-0.180328;-0.540984;0.180328;0.770492;0.442623;-0.377049;-0.108197;-0.0590164;-0.291803;-0.196721;0.606557;-0.167213;-0.242623;0.0983607;0.390164;0.298361;-0.213115;0.262295;-0.662295;0.416393;-0.213115;-0.0163934;0.245902;0.377049;0.508197;-0.0163934;0.0819672;-0.0163934;-0.213115;0.0852459;0.439344;0.409836;0.295082;-0.357377;0.111475;0.285246;0.147541;0.236066;-0.796721;0.701639;0.606557;0.770492;0.27541;0.609836;0.937705;0.0459016;0.0163934;-0.196721;0.360656;0.508197;-0.0491803;0.0819672;-0.131148;0.131148;0.0491803;0.133333;-0.466667;0.0666667;0.15;0.3;0.383333;0.116667;0.167513;0.441624;-0.445008;-0.492386;0.326565;0.820643;-0.187817;0.573604;0.0626058;0.830795;0.218274;0.0829103;0.187817;0.316413;+1;0;+1;+1;-1

35.5;0.311475;-0.0819672;0.0983607;0.163934;0.47541;-0.180328;-0.540984;0.180328;0.770492;0.442623;-0.377049;-0.108197;-0.0590164;-0.291803;-0.196721;0.606557;-0.167213;-0.242623;0.0983607;0.390164;0.298361;-0.213115;0.262295;-0.662295;0.416393;-0.213115;-0.0163934;0.245902;0.377049;0.508197;-0.0163934;0.0819672;-0.0163934;-0.213115;0.0852459;0.439344;0.409836;0.295082;-0.357377;0.111475;0.285246;0.147541;0.236066;-0.796721;0.701639;0.606557;0.770492;0.27541;0.609836;0.937705;0.0459016;0.0163934;-0.196721;0.360656;0.508197;-0.0491803;0.0819672;-0.131148;0.131148;0.0666667;0.133333;-0.466667;0.0666667;0.15;0.3;0.383333;0.133672;0.167513;0.441624;-0.445008;-0.492386;0.326565;0.820643;-0.187817;0.573604;0.0626058;0.830795;0.218274;0.0829103;0.187817;+1;0;+1;+1;-1

36.35;0.393443;0.311475;-0.0819672;0.0983607;0.163934;0.47541;-0.180328;-0.540984;0.180328;0.770492;0.442623;-0.377049;-0.108197;-0.0590164;-0.291803;-0.196721;0.606557;-0.167213;-0.242623;0.0983607;0.390164;0.298361;-0.213115;0.262295;-0.662295;0.416393;-0.213115;-0.0163934;0.245902;0.377049;0.508197;-0.0163934;0.0819672;-0.0163934;-0.213115;0.0852459;0.439344;0.409836;0.295082;-0.357377;0.111475;0.285246;0.147541;0.236066;-0.796721;0.701639;0.606557;0.770492;0.27541;0.609836;0.937705;0.0459016;0.0163934;-0.196721;0.360656;0.508197;-0.0491803;0.0819672;-0.131148;0.15;0.0666667;0.133333;-0.466667;0.0666667;0.15;0.3;0.404399;0.133672;0.167513;0.441624;-0.445008;-0.492386;0.326565;0.820643;-0.187817;0.573604;0.0626058;0.830795;0.218274;0.0829103;+1;0;+1;+1;-1

38.59;0.84918;0.393443;0.311475;-0.0819672;0.0983607;0.163934;0.47541;-0.180328;-0.540984;0.180328;0.770492;0.442623;-0.377049;-0.108197;-0.0590164;-0.291803;-0.196721;0.606557;-0.167213;-0.242623;0.0983607;0.390164;0.298361;-0.213115;0.262295;-0.662295;0.416393;-0.213115;-0.0163934;0.245902;0.377049;0.508197;-0.0163934;0.0819672;-0.0163934;-0.213115;0.0852459;0.439344;0.409836;0.295082;-0.357377;0.111475;0.285246;0.147541;0.236066;-0.796721;0.701639;0.606557;0.770492;0.27541;0.609836;0.937705;0.0459016;0.0163934;-0.196721;0.360656;0.508197;-0.0491803;0.0819672;-0.116667;0.15;0.0666667;0.133333;-0.466667;0.0666667;0.15;0.319797;0.404399;0.133672;0.167513;0.441624;-0.445008;-0.492386;0.326565;0.820643;-0.187817;0.573604;0.0626058;0.830795;0.218274;+1;0;+1;+1;-1

39.45;0.396721;0.84918;0.393443;0.311475;-0.0819672;0.0983607;0.163934;0.47541;-0.180328;-0.540984;0.180328;0.770492;0.442623;-0.377049;-0.108197;-0.0590164;-0.291803;-0.196721;0.606557;-0.167213;-0.242623;0.0983607;0.390164;0.298361;-0.213115;0.262295;-0.662295;0.416393;-0.213115;-0.0163934;0.245902;0.377049;0.508197;-0.0163934;0.0819672;-0.0163934;-0.213115;0.0852459;0.439344;0.409836;0.295082;-0.357377;0.111475;0.285246;0.147541;0.236066;-0.796721;0.701639;0.606557;0.770492;0.27541;0.609836;0.937705;0.0459016;0.0163934;-0.196721;0.360656;0.508197;-0.0491803;0.1;-0.116667;0.15;0.0666667;0.133333;-0.466667;0.0666667;0.167513;0.319797;0.404399;0.133672;0.167513;0.441624;-0.445008;-0.492386;0.326565;0.820643;-0.187817;0.573604;0.0626058;0.830795;+1;0;+1;+1;-1

39.8;0.229508;0.396721;0.84918;0.393443;0.311475;-0.0819672;0.0983607;0.163934;0.47541;-0.180328;-0.540984;0.180328;0.770492;0.442623;-0.377049;-0.108197;-0.0590164;-0.291803;-0.196721;0.606557;-0.167213;-0.242623;0.0983607;0.390164;0.298361;-0.213115;0.262295;-0.662295;0.416393;-0.213115;-0.0163934;0.245902;0.377049;0.508197;-0.0163934;0.0819672;-0.0163934;-0.213115;0.0852459;0.439344;0.409836;0.295082;-0.357377;0.111475;0.285246;0.147541;0.236066;-0.796721;0.701639;0.606557;0.770492;0.27541;0.609836;0.937705;0.0459016;0.0163934;-0.196721;0.360656;0.508197;-0.0333333;0.1;-0.116667;0.15;0.0666667;0.133333;-0.466667;0.0829103;0.167513;0.319797;0.404399;0.133672;0.167513;0.441624;-0.445008;-0.492386;0.326565;0.820643;-0.187817;0.573604;0.0626058;-1;0;-1;+1;-1

39.8;0.114754;0.229508;0.396721;0.84918;0.393443;0.311475;-0.0819672;0.0983607;0.163934;0.47541;-0.180328;-0.540984;0.180328;0.770492;0.442623;-0.377049;-0.108197;-0.0590164;-0.291803;-0.196721;0.606557;-0.167213;-0.242623;0.0983607;0.390164;0.298361;-0.213115;0.262295;-0.662295;0.416393;-0.213115;-0.0163934;0.245902;0.377049;0.508197;-0.0163934;0.0819672;-0.0163934;-0.213115;0.0852459;0.439344;0.409836;0.295082;-0.357377;0.111475;0.285246;0.147541;0.236066;-0.796721;0.701639;0.606557;0.770492;0.27541;0.609836;0.937705;0.0459016;0.0163934;-0.196721;0.360656;0.533333;-0.0333333;0.1;-0.116667;0.15;0.0666667;0.133333;-0.458545;0.0829103;0.167513;0.319797;0.404399;0.133672;0.167513;0.441624;-0.445008;-0.492386;0.326565;0.820643;-0.187817;0.573604;-1;0;-1;+1;-1

39;-0.147541;0.114754;0.229508;0.396721;0.84918;0.393443;0.311475;-0.0819672;0.0983607;0.163934;0.47541;-0.180328;-0.540984;0.180328;0.770492;0.442623;-0.377049;-0.108197;-0.0590164;-0.291803;-0.196721;0.606557;-0.167213;-0.242623;0.0983607;0.390164;0.298361;-0.213115;0.262295;-0.662295;0.416393;-0.213115;-0.0163934;0.245902;0.377049;0.508197;-0.0163934;0.0819672;-0.0163934;-0.213115;0.0852459;0.439344;0.409836;0.295082;-0.357377;0.111475;0.285246;0.147541;0.236066;-0.796721;0.701639;0.606557;0.770492;0.27541;0.609836;0.937705;0.0459016;0.0163934;-0.196721;0.383333;0.533333;-0.0333333;0.1;-0.116667;0.15;0.0666667;0.150592;-0.458545;0.0829103;0.167513;0.319797;0.404399;0.133672;0.167513;0.441624;-0.445008;-0.492386;0.326565;0.820643;-0.187817;-1;0;-1;+1;-1

39;0.114754;-0.147541;0.114754;0.229508;0.396721;0.84918;0.393443;0.311475;-0.0819672;0.0983607;0.163934;0.47541;-0.180328;-0.540984;0.180328;0.770492;0.442623;-0.377049;-0.108197;-0.0590164;-0.291803;-0.196721;0.606557;-0.167213;-0.242623;0.0983607;0.390164;0.298361;-0.213115;0.262295;-0.662295;0.416393;-0.213115;-0.0163934;0.245902;0.377049;0.508197;-0.0163934;0.0819672;-0.0163934;-0.213115;0.0852459;0.439344;0.409836;0.295082;-0.357377;0.111475;0.285246;0.147541;0.236066;-0.796721;0.701639;0.606557;0.770492;0.27541;0.609836;0.937705;0.0459016;0.0163934;-0.183333;0.383333;0.533333;-0.0333333;0.1;-0.116667;0.15;0.0829103;0.150592;-0.458545;0.0829103;0.167513;0.319797;0.404399;0.133672;0.167513;0.441624;-0.445008;-0.492386;0.326565;0.820643;-1;0;-1;+1;-1

35.61;-0.996721;0.114754;-0.147541;0.114754;0.229508;0.396721;0.84918;0.393443;0.311475;-0.0819672;0.0983607;0.163934;0.47541;-0.180328;-0.540984;0.180328;0.770492;0.442623;-0.377049;-0.108197;-0.0590164;-0.291803;-0.196721;0.606557;-0.167213;-0.242623;0.0983607;0.390164;0.298361;-0.213115;0.262295;-0.662295;0.416393;-0.213115;-0.0163934;0.245902;0.377049;0.508197;-0.0163934;0.0819672;-0.0163934;-0.213115;0.0852459;0.439344;0.409836;0.295082;-0.357377;0.111475;0.285246;0.147541;0.236066;-0.796721;0.701639;0.606557;0.770492;0.27541;0.609836;0.937705;0.0459016;0.0333334;-0.183333;0.383333;0.533333;-0.0333333;0.1;-0.116667;0.167513;0.0829103;0.150592;-0.458545;0.0829103;0.167513;0.319797;0.404399;0.133672;0.167513;0.441624;-0.445008;-0.492386;0.326565;-1;0;-1;+1;-1

35.28;0.00655738;-0.996721;0.114754;-0.147541;0.114754;0.229508;0.396721;0.84918;0.393443;0.311475;-0.0819672;0.0983607;0.163934;0.47541;-0.180328;-0.540984;0.180328;0.770492;0.442623;-0.377049;-0.108197;-0.0590164;-0.291803;-0.196721;0.606557;-0.167213;-0.242623;0.0983607;0.390164;0.298361;-0.213115;0.262295;-0.662295;0.416393;-0.213115;-0.0163934;0.245902;0.377049;0.508197;-0.0163934;0.0819672;-0.0163934;-0.213115;0.0852459;0.439344;0.409836;0.295082;-0.357377;0.111475;0.285246;0.147541;0.236066;-0.796721;0.701639;0.606557;0.770492;0.27541;0.609836;0.937705;0.0633334;0.0333334;-0.183333;0.383333;0.533333;-0.0333333;0.1;-0.103215;0.167513;0.0829103;0.150592;-0.458545;0.0829103;0.167513;0.319797;0.404399;0.133672;0.167513;0.441624;-0.445008;-0.492386;-1;0;-1;-1;-1

33.11;-0.596721;0.00655738;-0.996721;0.114754;-0.147541;0.114754;0.229508;0.396721;0.84918;0.393443;0.311475;-0.0819672;0.0983607;0.163934;0.47541;-0.180328;-0.540984;0.180328;0.770492;0.442623;-0.377049;-0.108197;-0.0590164;-0.291803;-0.196721;0.606557;-0.167213;-0.242623;0.0983607;0.390164;0.298361;-0.213115;0.262295;-0.662295;0.416393;-0.213115;-0.0163934;0.245902;0.377049;0.508197;-0.0163934;0.0819672;-0.0163934;-0.213115;0.0852459;0.439344;0.409836;0.295082;-0.357377;0.111475;0.285246;0.147541;0.236066;-0.796721;0.701639;0.606557;0.770492;0.27541;0.609836;0.97;0.0633334;0.0333334;-0.183333;0.383333;0.533333;-0.0333333;0.116751;-0.103215;0.167513;0.0829103;0.150592;-0.458545;0.0829103;0.167513;0.319797;0.404399;0.133672;0.167513;0.441624;-0.445008;-1;0;-1;+1;-1

32.25;-0.167213;-0.596721;0.00655738;-0.996721;0.114754;-0.147541;0.114754;0.229508;0.396721;0.84918;0.393443;0.311475;-0.0819672;0.0983607;0.163934;0.47541;-0.180328;-0.540984;0.180328;0.770492;0.442623;-0.377049;-0.108197;-0.0590164;-0.291803;-0.196721;0.606557;-0.167213;-0.242623;0.0983607;0.390164;0.298361;-0.213115;0.262295;-0.662295;0.416393;-0.213115;-0.0163934;0.245902;0.377049;0.508197;-0.0163934;0.0819672;-0.0163934;-0.213115;0.0852459;0.439344;0.409836;0.295082;-0.357377;0.111475;0.285246;0.147541;0.236066;-0.796721;0.701639;0.606557;0.770492;0.27541;0.636667;0.97;0.0633334;0.0333334;-0.183333;0.383333;0.533333;-0.0186125;0.116751;-0.103215;0.167513;0.0829103;0.150592;-0.458545;0.0829103;0.167513;0.319797;0.404399;0.133672;0.167513;0.441624;-1;0;-1;+1;-1

32;0.0327869;-0.167213;-0.596721;0.00655738;-0.996721;0.114754;-0.147541;0.114754;0.229508;0.396721;0.84918;0.393443;0.311475;-0.0819672;0.0983607;0.163934;0.47541;-0.180328;-0.540984;0.180328;0.770492;0.442623;-0.377049;-0.108197;-0.0590164;-0.291803;-0.196721;0.606557;-0.167213;-0.242623;0.0983607;0.390164;0.298361;-0.213115;0.262295;-0.662295;0.416393;-0.213115;-0.0163934;0.245902;0.377049;0.508197;-0.0163934;0.0819672;-0.0163934;-0.213115;0.0852459;0.439344;0.409836;0.295082;-0.357377;0.111475;0.285246;0.147541;0.236066;-0.796721;0.701639;0.606557;0.770492;0.296667;0.636667;0.97;0.0633334;0.0333334;-0.183333;0.383333;0.556684;-0.0186125;0.116751;-0.103215;0.167513;0.0829103;0.150592;-0.458545;0.0829103;0.167513;0.319797;0.404399;0.133672;0.167513;-1;0;-1;+1;-1

29.15;-0.819672;0.0327869;-0.167213;-0.596721;0.00655738;-0.996721;0.114754;-0.147541;0.114754;0.229508;0.396721;0.84918;0.393443;0.311475;-0.0819672;0.0983607;0.163934;0.47541;-0.180328;-0.540984;0.180328;0.770492;0.442623;-0.377049;-0.108197;-0.0590164;-0.291803;-0.196721;0.606557;-0.167213;-0.242623;0.0983607;0.390164;0.298361;-0.213115;0.262295;-0.662295;0.416393;-0.213115;-0.0163934;0.245902;0.377049;0.508197;-0.0163934;0.0819672;-0.0163934;-0.213115;0.0852459;0.439344;0.409836;0.295082;-0.357377;0.111475;0.285246;0.147541;0.236066;-0.796721;0.701639;0.606557;0.8;0.296667;0.636667;0.97;0.0633334;0.0333334;-0.183333;0.404399;0.556684;-0.0186125;0.116751;-0.103215;0.167513;0.0829103;0.150592;-0.458545;0.0829103;0.167513;0.319797;0.404399;0.133672;+1;0;+1;+1;-1

29.3;0.163934;-0.819672;0.0327869;-0.167213;-0.596721;0.00655738;-0.996721;0.114754;-0.147541;0.114754;0.229508;0.396721;0.84918;0.393443;0.311475;-0.0819672;0.0983607;0.163934;0.47541;-0.180328;-0.540984;0.180328;0.770492;0.442623;-0.377049;-0.108197;-0.0590164;-0.291803;-0.196721;0.606557;-0.167213;-0.242623;0.0983607;0.390164;0.298361;-0.213115;0.262295;-0.662295;0.416393;-0.213115;-0.0163934;0.245902;0.377049;0.508197;-0.0163934;0.0819672;-0.0163934;-0.213115;0.0852459;0.439344;0.409836;0.295082;-0.357377;0.111475;0.285246;0.147541;0.236066;-0.796721;0.701639;0.633333;0.8;0.296667;0.636667;0.97;0.0633334;0.0333334;-0.170897;0.404399;0.556684;-0.0186125;0.116751;-0.103215;0.167513;0.0829103;0.150592;-0.458545;0.0829103;0.167513;0.319797;0.404399;-1;0;-1;-1;-1

26.75;-0.721311;0.163934;-0.819672;0.0327869;-0.167213;-0.596721;0.00655738;-0.996721;0.114754;-0.147541;0.114754;0.229508;0.396721;0.84918;0.393443;0.311475;-0.0819672;0.0983607;0.163934;0.47541;-0.180328;-0.540984;0.180328;0.770492;0.442623;-0.377049;-0.108197;-0.0590164;-0.291803;-0.196721;0.606557;-0.167213;-0.242623;0.0983607;0.390164;0.298361;-0.213115;0.262295;-0.662295;0.416393;-0.213115;-0.0163934;0.245902;0.377049;0.508197;-0.0163934;0.0819672;-0.0163934;-0.213115;0.0852459;0.439344;0.409836;0.295082;-0.357377;0.111475;0.285246;0.147541;0.236066;-0.796721;0.73;0.633333;0.8;0.296667;0.636667;0.97;0.0633334;0.0490694;-0.170897;0.404399;0.556684;-0.0186125;0.116751;-0.103215;0.167513;0.0829103;0.150592;-0.458545;0.0829103;0.167513;0.319797;+1;0;+1;+1;-1

28.25;0.606557;-0.721311;0.163934;-0.819672;0.0327869;-0.167213;-0.596721;0.00655738;-0.996721;0.114754;-0.147541;0.114754;0.229508;0.396721;0.84918;0.393443;0.311475;-0.0819672;0.0983607;0.163934;0.47541;-0.180328;-0.540984;0.180328;0.770492;0.442623;-0.377049;-0.108197;-0.0590164;-0.291803;-0.196721;0.606557;-0.167213;-0.242623;0.0983607;0.390164;0.298361;-0.213115;0.262295;-0.662295;0.416393;-0.213115;-0.0163934;0.245902;0.377049;0.508197;-0.0163934;0.0819672;-0.0163934;-0.213115;0.0852459;0.439344;0.409836;0.295082;-0.357377;0.111475;0.285246;0.147541;0.236066;-0.793333;0.73;0.633333;0.8;0.296667;0.636667;0.97;0.0795262;0.0490694;-0.170897;0.404399;0.556684;-0.0186125;0.116751;-0.103215;0.167513;0.0829103;0.150592;-0.458545;0.0829103;0.167513;+1;0;+1;+1;-1

30;0.688525;0.606557;-0.721311;0.163934;-0.819672;0.0327869;-0.167213;-0.596721;0.00655738;-0.996721;0.114754;-0.147541;0.114754;0.229508;0.396721;0.84918;0.393443;0.311475;-0.0819672;0.0983607;0.163934;0.47541;-0.180328;-0.540984;0.180328;0.770492;0.442623;-0.377049;-0.108197;-0.0590164;-0.291803;-0.196721;0.606557;-0.167213;-0.242623;0.0983607;0.390164;0.298361;-0.213115;0.262295;-0.662295;0.416393;-0.213115;-0.0163934;0.245902;0.377049;0.508197;-0.0163934;0.0819672;-0.0163934;-0.213115;0.0852459;0.439344;0.409836;0.295082;-0.357377;0.111475;0.285246;0.147541;0.256667;-0.793333;0.73;0.633333;0.8;0.296667;0.636667;1;0.0795262;0.0490694;-0.170897;0.404399;0.556684;-0.0186125;0.116751;-0.103215;0.167513;0.0829103;0.150592;-0.458545;0.0829103;-1;0;-1;+1;-1

29.65;9.77125e-009;0.688525;0.606557;-0.721311;0.163934;-0.819672;0.0327869;-0.167213;-0.596721;0.00655738;-0.996721;0.114754;-0.147541;0.114754;0.229508;0.396721;0.84918;0.393443;0.311475;-0.0819672;0.0983607;0.163934;0.47541;-0.180328;-0.540984;0.180328;0.770492;0.442623;-0.377049;-0.108197;-0.0590164;-0.291803;-0.196721;0.606557;-0.167213;-0.242623;0.0983607;0.390164;0.298361;-0.213115;0.262295;-0.662295;0.416393;-0.213115;-0.0163934;0.245902;0.377049;0.508197;-0.0163934;0.0819672;-0.0163934;-0.213115;0.0852459;0.439344;0.409836;0.295082;-0.357377;0.111475;0.285246;0.166667;0.256667;-0.793333;0.73;0.633333;0.8;0.296667;0.661591;1;0.0795262;0.0490694;-0.170897;0.404399;0.556684;-0.0186125;0.116751;-0.103215;0.167513;0.0829103;0.150592;-0.458545;-1;0;+1;+1;-1

28.5;-0.262295;9.77125e-009;0.688525;0.606557;-0.721311;0.163934;-0.819672;0.0327869;-0.167213;-0.596721;0.00655738;-0.996721;0.114754;-0.147541;0.114754;0.229508;0.396721;0.84918;0.393443;0.311475;-0.0819672;0.0983607;0.163934;0.47541;-0.180328;-0.540984;0.180328;0.770492;0.442623;-0.377049;-0.108197;-0.0590164;-0.291803;-0.196721;0.606557;-0.167213;-0.242623;0.0983607;0.390164;0.298361;-0.213115;0.262295;-0.662295;0.416393;-0.213115;-0.0163934;0.245902;0.377049;0.508197;-0.0163934;0.0819672;-0.0163934;-0.213115;0.0852459;0.439344;0.409836;0.295082;-0.357377;0.111475;0.306667;0.166667;0.256667;-0.793333;0.73;0.633333;0.8;0.316413;0.661591;1;0.0795262;0.0490694;-0.170897;0.404399;0.556684;-0.0186125;0.116751;-0.103215;0.167513;0.0829103;0.150592;+1;0;+1;+1;-1

31;0.934426;-0.262295;9.77125e-009;0.688525;0.606557;-0.721311;0.163934;-0.819672;0.0327869;-0.167213;-0.596721;0.00655738;-0.996721;0.114754;-0.147541;0.114754;0.229508;0.396721;0.84918;0.393443;0.311475;-0.0819672;0.0983607;0.163934;0.47541;-0.180328;-0.540984;0.180328;0.770492;0.442623;-0.377049;-0.108197;-0.0590164;-0.291803;-0.196721;0.606557;-0.167213;-0.242623;0.0983607;0.390164;0.298361;-0.213115;0.262295;-0.662295;0.416393;-0.213115;-0.0163934;0.245902;0.377049;0.508197;-0.0163934;0.0819672;-0.0163934;-0.213115;0.0852459;0.439344;0.409836;0.295082;-0.357377;0.13;0.306667;0.166667;0.256667;-0.793333;0.73;0.633333;0.827411;0.316413;0.661591;1;0.0795262;0.0490694;-0.170897;0.404399;0.556684;-0.0186125;0.116751;-0.103215;0.167513;0.0829103;+1;0;+1;+1;-1

33;0.770492;0.934426;-0.262295;9.77125e-009;0.688525;0.606557;-0.721311;0.163934;-0.819672;0.0327869;-0.167213;-0.596721;0.00655738;-0.996721;0.114754;-0.147541;0.114754;0.229508;0.396721;0.84918;0.393443;0.311475;-0.0819672;0.0983607;0.163934;0.47541;-0.180328;-0.540984;0.180328;0.770492;0.442623;-0.377049;-0.108197;-0.0590164;-0.291803;-0.196721;0.606557;-0.167213;-0.242623;0.0983607;0.390164;0.298361;-0.213115;0.262295;-0.662295;0.416393;-0.213115;-0.0163934;0.245902;0.377049;0.508197;-0.0163934;0.0819672;-0.0163934;-0.213115;0.0852459;0.439344;0.409836;0.295082;-0.346667;0.13;0.306667;0.166667;0.256667;-0.793333;0.73;0.658206;0.827411;0.316413;0.661591;1;0.0795262;0.0490694;-0.170897;0.404399;0.556684;-0.0186125;0.116751;-0.103215;0.167513;+1;0;+1;+1;+1

33.5;0.278689;0.770492;0.934426;-0.262295;9.77125e-009;0.688525;0.606557;-0.721311;0.163934;-0.819672;0.0327869;-0.167213;-0.596721;0.00655738;-0.996721;0.114754;-0.147541;0.114754;0.229508;0.396721;0.84918;0.393443;0.311475;-0.0819672;0.0983607;0.163934;0.47541;-0.180328;-0.540984;0.180328;0.770492;0.442623;-0.377049;-0.108197;-0.0590164;-0.291803;-0.196721;0.606557;-0.167213;-0.242623;0.0983607;0.390164;0.298361;-0.213115;0.262295;-0.662295;0.416393;-0.213115;-0.0163934;0.245902;0.377049;0.508197;-0.0163934;0.0819672;-0.0163934;-0.213115;0.0852459;0.439344;0.409836;0.316667;-0.346667;0.13;0.306667;0.166667;0.256667;-0.793333;0.756345;0.658206;0.827411;0.316413;0.661591;1;0.0795262;0.0490694;-0.170897;0.404399;0.556684;-0.0186125;0.116751;-0.103215;-1;0;-1;+1;-1

31.5;-0.540984;0.278689;0.770492;0.934426;-0.262295;9.77125e-009;0.688525;0.606557;-0.721311;0.163934;-0.819672;0.0327869;-0.167213;-0.596721;0.00655738;-0.996721;0.114754;-0.147541;0.114754;0.229508;0.396721;0.84918;0.393443;0.311475;-0.0819672;0.0983607;0.163934;0.47541;-0.180328;-0.540984;0.180328;0.770492;0.442623;-0.377049;-0.108197;-0.0590164;-0.291803;-0.196721;0.606557;-0.167213;-0.242623;0.0983607;0.390164;0.298361;-0.213115;0.262295;-0.662295;0.416393;-0.213115;-0.0163934;0.245902;0.377049;0.508197;-0.0163934;0.0819672;-0.0163934;-0.213115;0.0852459;0.439344;0.433333;0.316667;-0.346667;0.13;0.306667;0.166667;0.256667;-0.790186;0.756345;0.658206;0.827411;0.316413;0.661591;1;0.0795262;0.0490694;-0.170897;0.404399;0.556684;-0.0186125;0.116751;+1;0;+1;+1;-1

33.4;0.737705;-0.540984;0.278689;0.770492;0.934426;-0.262295;9.77125e-009;0.688525;0.606557;-0.721311;0.163934;-0.819672;0.0327869;-0.167213;-0.596721;0.00655738;-0.996721;0.114754;-0.147541;0.114754;0.229508;0.396721;0.84918;0.393443;0.311475;-0.0819672;0.0983607;0.163934;0.47541;-0.180328;-0.540984;0.180328;0.770492;0.442623;-0.377049;-0.108197;-0.0590164;-0.291803;-0.196721;0.606557;-0.167213;-0.242623;0.0983607;0.390164;0.298361;-0.213115;0.262295;-0.662295;0.416393;-0.213115;-0.0163934;0.245902;0.377049;0.508197;-0.0163934;0.0819672;-0.0163934;-0.213115;0.0852459;0.463333;0.433333;0.316667;-0.346667;0.13;0.306667;0.166667;0.275804;-0.790186;0.756345;0.658206;0.827411;0.316413;0.661591;1;0.0795262;0.0490694;-0.170897;0.404399;0.556684;-0.0186125;-1;0;-1;+1;-1

30;-1;0.737705;-0.540984;0.278689;0.770492;0.934426;-0.262295;9.77125e-009;0.688525;0.606557;-0.721311;0.163934;-0.819672;0.0327869;-0.167213;-0.596721;0.00655738;-0.996721;0.114754;-0.147541;0.114754;0.229508;0.396721;0.84918;0.393443;0.311475;-0.0819672;0.0983607;0.163934;0.47541;-0.180328;-0.540984;0.180328;0.770492;0.442623;-0.377049;-0.108197;-0.0590164;-0.291803;-0.196721;0.606557;-0.167213;-0.242623;0.0983607;0.390164;0.298361;-0.213115;0.262295;-0.662295;0.416393;-0.213115;-0.0163934;0.245902;0.377049;0.508197;-0.0163934;0.0819672;-0.0163934;-0.213115;0.103333;0.463333;0.433333;0.316667;-0.346667;0.13;0.306667;0.184433;0.275804;-0.790186;0.756345;0.658206;0.827411;0.316413;0.661591;1;0.0795262;0.0490694;-0.170897;0.404399;0.556684;+1;0;+1;+1;-1

31.29;0.537705;-1;0.737705;-0.540984;0.278689;0.770492;0.934426;-0.262295;9.77125e-009;0.688525;0.606557;-0.721311;0.163934;-0.819672;0.0327869;-0.167213;-0.596721;0.00655738;-0.996721;0.114754;-0.147541;0.114754;0.229508;0.396721;0.84918;0.393443;0.311475;-0.0819672;0.0983607;0.163934;0.47541;-0.180328;-0.540984;0.180328;0.770492;0.442623;-0.377049;-0.108197;-0.0590164;-0.291803;-0.196721;0.606557;-0.167213;-0.242623;0.0983607;0.390164;0.298361;-0.213115;0.262295;-0.662295;0.416393;-0.213115;-0.0163934;0.245902;0.377049;0.508197;-0.0163934;0.0819672;-0.0163934;-0.2;0.103333;0.463333;0.433333;0.316667;-0.346667;0.13;0.326565;0.184433;0.275804;-0.790186;0.756345;0.658206;0.827411;0.316413;0.661591;1;0.0795262;0.0490694;-0.170897;0.404399;-1;0;-1;+1;-1

30.5;-0.144262;0.537705;-1;0.737705;-0.540984;0.278689;0.770492;0.934426;-0.262295;9.77125e-009;0.688525;0.606557;-0.721311;0.163934;-0.819672;0.0327869;-0.167213;-0.596721;0.00655738;-0.996721;0.114754;-0.147541;0.114754;0.229508;0.396721;0.84918;0.393443;0.311475;-0.0819672;0.0983607;0.163934;0.47541;-0.180328;-0.540984;0.180328;0.770492;0.442623;-0.377049;-0.108197;-0.0590164;-0.291803;-0.196721;0.606557;-0.167213;-0.242623;0.0983607;0.390164;0.298361;-0.213115;0.262295;-0.662295;0.416393;-0.213115;-0.0163934;0.245902;0.377049;0.508197;-0.0163934;0.0819672;2.98023e-008;-0.2;0.103333;0.463333;0.433333;0.316667;-0.346667;0.147208;0.326565;0.184433;0.275804;-0.790186;0.756345;0.658206;0.827411;0.316413;0.661591;1;0.0795262;0.0490694;-0.170897;-1;0;-1;+1;-1

28.32;-0.6;-0.144262;0.537705;-1;0.737705;-0.540984;0.278689;0.770492;0.934426;-0.262295;9.77125e-009;0.688525;0.606557;-0.721311;0.163934;-0.819672;0.0327869;-0.167213;-0.596721;0.00655738;-0.996721;0.114754;-0.147541;0.114754;0.229508;0.396721;0.84918;0.393443;0.311475;-0.0819672;0.0983607;0.163934;0.47541;-0.180328;-0.540984;0.180328;0.770492;0.442623;-0.377049;-0.108197;-0.0590164;-0.291803;-0.196721;0.606557;-0.167213;-0.242623;0.0983607;0.390164;0.298361;-0.213115;0.262295;-0.662295;0.416393;-0.213115;-0.0163934;0.245902;0.377049;0.508197;-0.0163934;0.1;2.98023e-008;-0.2;0.103333;0.463333;0.433333;0.316667;-0.336717;0.147208;0.326565;0.184433;0.275804;-0.790186;0.756345;0.658206;0.827411;0.316413;0.661591;1;0.0795262;0.0490694;-1;0;-1;+1;-1

27;-0.318033;-0.6;-0.144262;0.537705;-1;0.737705;-0.540984;0.278689;0.770492;0.934426;-0.262295;9.77125e-009;0.688525;0.606557;-0.721311;0.163934;-0.819672;0.0327869;-0.167213;-0.596721;0.00655738;-0.996721;0.114754;-0.147541;0.114754;0.229508;0.396721;0.84918;0.393443;0.311475;-0.0819672;0.0983607;0.163934;0.47541;-0.180328;-0.540984;0.180328;0.770492;0.442623;-0.377049;-0.108197;-0.0590164;-0.291803;-0.196721;0.606557;-0.167213;-0.242623;0.0983607;0.390164;0.298361;-0.213115;0.262295;-0.662295;0.416393;-0.213115;-0.0163934;0.245902;0.377049;0.508197;2.98023e-008;0.1;2.98023e-008;-0.2;0.103333;0.463333;0.433333;0.336717;-0.336717;0.147208;0.326565;0.184433;0.275804;-0.790186;0.756345;0.658206;0.827411;0.316413;0.661591;1;0.0795262;-1;0;-1;-1;-1

24.8;-0.606557;-0.318033;-0.6;-0.144262;0.537705;-1;0.737705;-0.540984;0.278689;0.770492;0.934426;-0.262295;9.77125e-009;0.688525;0.606557;-0.721311;0.163934;-0.819672;0.0327869;-0.167213;-0.596721;0.00655738;-0.996721;0.114754;-0.147541;0.114754;0.229508;0.396721;0.84918;0.393443;0.311475;-0.0819672;0.0983607;0.163934;0.47541;-0.180328;-0.540984;0.180328;0.770492;0.442623;-0.377049;-0.108197;-0.0590164;-0.291803;-0.196721;0.606557;-0.167213;-0.242623;0.0983607;0.390164;0.298361;-0.213115;0.262295;-0.662295;0.416393;-0.213115;-0.0163934;0.245902;0.377049;0.533333;2.98023e-008;0.1;2.98023e-008;-0.2;0.103333;0.463333;0.455161;0.336717;-0.336717;0.147208;0.326565;0.184433;0.275804;-0.790186;0.756345;0.658206;0.827411;0.316413;0.661591;1;+1;0;-1;+1;-1

26.8;0.770492;-0.606557;-0.318033;-0.6;-0.144262;0.537705;-1;0.737705;-0.540984;0.278689;0.770492;0.934426;-0.262295;9.77125e-009;0.688525;0.606557;-0.721311;0.163934;-0.819672;0.0327869;-0.167213;-0.596721;0.00655738;-0.996721;0.114754;-0.147541;0.114754;0.229508;0.396721;0.84918;0.393443;0.311475;-0.0819672;0.0983607;0.163934;0.47541;-0.180328;-0.540984;0.180328;0.770492;0.442623;-0.377049;-0.108197;-0.0590164;-0.291803;-0.196721;0.606557;-0.167213;-0.242623;0.0983607;0.390164;0.298361;-0.213115;0.262295;-0.662295;0.416393;-0.213115;-0.0163934;0.245902;0.4;0.533333;2.98023e-008;0.1;2.98023e-008;-0.2;0.103333;0.485618;0.455161;0.336717;-0.336717;0.147208;0.326565;0.184433;0.275804;-0.790186;0.756345;0.658206;0.827411;0.316413;0.661591;+1;0;+1;+1;-1

27.25;0.262295;0.770492;-0.606557;-0.318033;-0.6;-0.144262;0.537705;-1;0.737705;-0.540984;0.278689;0.770492;0.934426;-0.262295;9.77125e-009;0.688525;0.606557;-0.721311;0.163934;-0.819672;0.0327869;-0.167213;-0.596721;0.00655738;-0.996721;0.114754;-0.147541;0.114754;0.229508;0.396721;0.84918;0.393443;0.311475;-0.0819672;0.0983607;0.163934;0.47541;-0.180328;-0.540984;0.180328;0.770492;0.442623;-0.377049;-0.108197;-0.0590164;-0.291803;-0.196721;0.606557;-0.167213;-0.242623;0.0983607;0.390164;0.298361;-0.213115;0.262295;-0.662295;0.416393;-0.213115;-0.0163934;0.266667;0.4;0.533333;2.98023e-008;0.1;2.98023e-008;-0.2;0.120135;0.485618;0.455161;0.336717;-0.336717;0.147208;0.326565;0.184433;0.275804;-0.790186;0.756345;0.658206;0.827411;0.316413;+1;0;-1;+1;-1

28.1;0.393443;0.262295;0.770492;-0.606557;-0.318033;-0.6;-0.144262;0.537705;-1;0.737705;-0.540984;0.278689;0.770492;0.934426;-0.262295;9.77125e-009;0.688525;0.606557;-0.721311;0.163934;-0.819672;0.0327869;-0.167213;-0.596721;0.00655738;-0.996721;0.114754;-0.147541;0.114754;0.229508;0.396721;0.84918;0.393443;0.311475;-0.0819672;0.0983607;0.163934;0.47541;-0.180328;-0.540984;0.180328;0.770492;0.442623;-0.377049;-0.108197;-0.0590164;-0.291803;-0.196721;0.606557;-0.167213;-0.242623;0.0983607;0.390164;0.298361;-0.213115;0.262295;-0.662295;0.416393;-0.213115;2.98023e-008;0.266667;0.4;0.533333;2.98023e-008;0.1;2.98023e-008;-0.187817;0.120135;0.485618;0.455161;0.336717;-0.336717;0.147208;0.326565;0.184433;0.275804;-0.790186;0.756345;0.658206;0.827411;+1;0;+1;+1;-1

30.39;0.865574;0.393443;0.262295;0.770492;-0.606557;-0.318033;-0.6;-0.144262;0.537705;-1;0.737705;-0.540984;0.278689;0.770492;0.934426;-0.262295;9.77125e-009;0.688525;0.606557;-0.721311;0.163934;-0.819672;0.0327869;-0.167213;-0.596721;0.00655738;-0.996721;0.114754;-0.147541;0.114754;0.229508;0.396721;0.84918;0.393443;0.311475;-0.0819672;0.0983607;0.163934;0.47541;-0.180328;-0.540984;0.180328;0.770492;0.442623;-0.377049;-0.108197;-0.0590164;-0.291803;-0.196721;0.606557;-0.167213;-0.242623;0.0983607;0.390164;0.298361;-0.213115;0.262295;-0.662295;0.416393;-0.2;2.98023e-008;0.266667;0.4;0.533333;2.98023e-008;0.1;0.0152284;-0.187817;0.120135;0.485618;0.455161;0.336717;-0.336717;0.147208;0.326565;0.184433;0.275804;-0.790186;0.756345;0.658206;-1;0;-1;-1;-1

30.25;0.0688525;0.865574;0.393443;0.262295;0.770492;-0.606557;-0.318033;-0.6;-0.144262;0.537705;-1;0.737705;-0.540984;0.278689;0.770492;0.934426;-0.262295;9.77125e-009;0.688525;0.606557;-0.721311;0.163934;-0.819672;0.0327869;-0.167213;-0.596721;0.00655738;-0.996721;0.114754;-0.147541;0.114754;0.229508;0.396721;0.84918;0.393443;0.311475;-0.0819672;0.0983607;0.163934;0.47541;-0.180328;-0.540984;0.180328;0.770492;0.442623;-0.377049;-0.108197;-0.0590164;-0.291803;-0.196721;0.606557;-0.167213;-0.242623;0.0983607;0.390164;0.298361;-0.213115;0.262295;-0.662295;0.44;-0.2;2.98023e-008;0.266667;0.4;0.533333;2.98023e-008;0.116751;0.0152284;-0.187817;0.120135;0.485618;0.455161;0.336717;-0.336717;0.147208;0.326565;0.184433;0.275804;-0.790186;0.756345;-1;0;-1;+1;-1

30.11;0.0688525;0.0688525;0.865574;0.393443;0.262295;0.770492;-0.606557;-0.318033;-0.6;-0.144262;0.537705;-1;0.737705;-0.540984;0.278689;0.770492;0.934426;-0.262295;9.77125e-009;0.688525;0.606557;-0.721311;0.163934;-0.819672;0.0327869;-0.167213;-0.596721;0.00655738;-0.996721;0.114754;-0.147541;0.114754;0.229508;0.396721;0.84918;0.393443;0.311475;-0.0819672;0.0983607;0.163934;0.47541;-0.180328;-0.540984;0.180328;0.770492;0.442623;-0.377049;-0.108197;-0.0590164;-0.291803;-0.196721;0.606557;-0.167213;-0.242623;0.0983607;0.390164;0.298361;-0.213115;0.262295;-0.656667;0.44;-0.2;2.98023e-008;0.266667;0.4;0.533333;0.0152284;0.116751;0.0152284;-0.187817;0.120135;0.485618;0.455161;0.336717;-0.336717;0.147208;0.326565;0.184433;0.275804;-0.790186;+1;0;+1;+1;-1

31;0.406557;0.0688525;0.0688525;0.865574;0.393443;0.262295;0.770492;-0.606557;-0.318033;-0.6;-0.144262;0.537705;-1;0.737705;-0.540984;0.278689;0.770492;0.934426;-0.262295;9.77125e-009;0.688525;0.606557;-0.721311;0.163934;-0.819672;0.0327869;-0.167213;-0.596721;0.00655738;-0.996721;0.114754;-0.147541;0.114754;0.229508;0.396721;0.84918;0.393443;0.311475;-0.0819672;0.0983607;0.163934;0.47541;-0.180328;-0.540984;0.180328;0.770492;0.442623;-0.377049;-0.108197;-0.0590164;-0.291803;-0.196721;0.606557;-0.167213;-0.242623;0.0983607;0.390164;0.298361;-0.213115;0.283333;-0.656667;0.44;-0.2;2.98023e-008;0.266667;0.4;0.556684;0.0152284;0.116751;0.0152284;-0.187817;0.120135;0.485618;0.455161;0.336717;-0.336717;0.147208;0.326565;0.184433;0.275804;+1;0;-1;+1;-1

31.15;0.163934;0.406557;0.0688525;0.0688525;0.865574;0.393443;0.262295;0.770492;-0.606557;-0.318033;-0.6;-0.144262;0.537705;-1;0.737705;-0.540984;0.278689;0.770492;0.934426;-0.262295;9.77125e-009;0.688525;0.606557;-0.721311;0.163934;-0.819672;0.0327869;-0.167213;-0.596721;0.00655738;-0.996721;0.114754;-0.147541;0.114754;0.229508;0.396721;0.84918;0.393443;0.311475;-0.0819672;0.0983607;0.163934;0.47541;-0.180328;-0.540984;0.180328;0.770492;0.442623;-0.377049;-0.108197;-0.0590164;-0.291803;-0.196721;0.606557;-0.167213;-0.242623;0.0983607;0.390164;0.298361;-0.2;0.283333;-0.656667;0.44;-0.2;2.98023e-008;0.266667;0.42132;0.556684;0.0152284;0.116751;0.0152284;-0.187817;0.120135;0.485618;0.455161;0.336717;-0.336717;0.147208;0.326565;0.184433;+1;0;+1;+1;-1

31.4;0.196721;0.163934;0.406557;0.0688525;0.0688525;0.865574;0.393443;0.262295;0.770492;-0.606557;-0.318033;-0.6;-0.144262;0.537705;-1;0.737705;-0.540984;0.278689;0.770492;0.934426;-0.262295;9.77125e-009;0.688525;0.606557;-0.721311;0.163934;-0.819672;0.0327869;-0.167213;-0.596721;0.00655738;-0.996721;0.114754;-0.147541;0.114754;0.229508;0.396721;0.84918;0.393443;0.311475;-0.0819672;0.0983607;0.163934;0.47541;-0.180328;-0.540984;0.180328;0.770492;0.442623;-0.377049;-0.108197;-0.0590164;-0.291803;-0.196721;0.606557;-0.167213;-0.242623;0.0983607;0.390164;0.32;-0.2;0.283333;-0.656667;0.44;-0.2;2.98023e-008;0.285956;0.42132;0.556684;0.0152284;0.116751;0.0152284;-0.187817;0.120135;0.485618;0.455161;0.336717;-0.336717;0.147208;0.326565;+1;0;-1;+1;-1

34;0.967213;0.196721;0.163934;0.406557;0.0688525;0.0688525;0.865574;0.393443;0.262295;0.770492;-0.606557;-0.318033;-0.6;-0.144262;0.537705;-1;0.737705;-0.540984;0.278689;0.770492;0.934426;-0.262295;9.77125e-009;0.688525;0.606557;-0.721311;0.163934;-0.819672;0.0327869;-0.167213;-0.596721;0.00655738;-0.996721;0.114754;-0.147541;0.114754;0.229508;0.396721;0.84918;0.393443;0.311475;-0.0819672;0.0983607;0.163934;0.47541;-0.180328;-0.540984;0.180328;0.770492;0.442623;-0.377049;-0.108197;-0.0590164;-0.291803;-0.196721;0.606557;-0.167213;-0.242623;0.0983607;0.413333;0.32;-0.2;0.283333;-0.656667;0.44;-0.2;0.0152284;0.285956;0.42132;0.556684;0.0152284;0.116751;0.0152284;-0.187817;0.120135;0.485618;0.455161;0.336717;-0.336717;0.147208;+1;0;+1;+1;-1

35.85;0.721311;0.967213;0.196721;0.163934;0.406557;0.0688525;0.0688525;0.865574;0.393443;0.262295;0.770492;-0.606557;-0.318033;-0.6;-0.144262;0.537705;-1;0.737705;-0.540984;0.278689;0.770492;0.934426;-0.262295;9.77125e-009;0.688525;0.606557;-0.721311;0.163934;-0.819672;0.0327869;-0.167213;-0.596721;0.00655738;-0.996721;0.114754;-0.147541;0.114754;0.229508;0.396721;0.84918;0.393443;0.311475;-0.0819672;0.0983607;0.163934;0.47541;-0.180328;-0.540984;0.180328;0.770492;0.442623;-0.377049;-0.108197;-0.0590164;-0.291803;-0.196721;0.606557;-0.167213;-0.242623;0.116667;0.413333;0.32;-0.2;0.283333;-0.656667;0.44;-0.187817;0.0152284;0.285956;0.42132;0.556684;0.0152284;0.116751;0.0152284;-0.187817;0.120135;0.485618;0.455161;0.336717;-0.336717;+1;0;+1;+1;-1

37.4;0.622951;0.721311;0.967213;0.196721;0.163934;0.406557;0.0688525;0.0688525;0.865574;0.393443;0.262295;0.770492;-0.606557;-0.318033;-0.6;-0.144262;0.537705;-1;0.737705;-0.540984;0.278689;0.770492;0.934426;-0.262295;9.77125e-009;0.688525;0.606557;-0.721311;0.163934;-0.819672;0.0327869;-0.167213;-0.596721;0.00655738;-0.996721;0.114754;-0.147541;0.114754;0.229508;0.396721;0.84918;0.393443;0.311475;-0.0819672;0.0983607;0.163934;0.47541;-0.180328;-0.540984;0.180328;0.770492;0.442623;-0.377049;-0.108197;-0.0590164;-0.291803;-0.196721;0.606557;-0.167213;-0.23;0.116667;0.413333;0.32;-0.2;0.283333;-0.656667;0.461929;-0.187817;0.0152284;0.285956;0.42132;0.556684;0.0152284;0.116751;0.0152284;-0.187817;0.120135;0.485618;0.455161;0.336717;-1;0;-1;+1;-1

35.98;-0.35082;0.622951;0.721311;0.967213;0.196721;0.163934;0.406557;0.0688525;0.0688525;0.865574;0.393443;0.262295;0.770492;-0.606557;-0.318033;-0.6;-0.144262;0.537705;-1;0.737705;-0.540984;0.278689;0.770492;0.934426;-0.262295;9.77125e-009;0.688525;0.606557;-0.721311;0.163934;-0.819672;0.0327869;-0.167213;-0.596721;0.00655738;-0.996721;0.114754;-0.147541;0.114754;0.229508;0.396721;0.84918;0.393443;0.311475;-0.0819672;0.0983607;0.163934;0.47541;-0.180328;-0.540984;0.180328;0.770492;0.442623;-0.377049;-0.108197;-0.0590164;-0.291803;-0.196721;0.606557;-0.153333;-0.23;0.116667;0.413333;0.32;-0.2;0.283333;-0.651438;0.461929;-0.187817;0.0152284;0.285956;0.42132;0.556684;0.0152284;0.116751;0.0152284;-0.187817;0.120135;0.485618;0.455161;-1;0;-1;+1;-1

32.8;-0.927869;-0.35082;0.622951;0.721311;0.967213;0.196721;0.163934;0.406557;0.0688525;0.0688525;0.865574;0.393443;0.262295;0.770492;-0.606557;-0.318033;-0.6;-0.144262;0.537705;-1;0.737705;-0.540984;0.278689;0.770492;0.934426;-0.262295;9.77125e-009;0.688525;0.606557;-0.721311;0.163934;-0.819672;0.0327869;-0.167213;-0.596721;0.00655738;-0.996721;0.114754;-0.147541;0.114754;0.229508;0.396721;0.84918;0.393443;0.311475;-0.0819672;0.0983607;0.163934;0.47541;-0.180328;-0.540984;0.180328;0.770492;0.442623;-0.377049;-0.108197;-0.0590164;-0.291803;-0.196721;0.633333;-0.153333;-0.23;0.116667;0.413333;0.32;-0.2;0.302877;-0.651438;0.461929;-0.187817;0.0152284;0.285956;0.42132;0.556684;0.0152284;0.116751;0.0152284;-0.187817;0.120135;0.485618;+1;0;-1;+1;-1

34.2;0.57377;-0.927869;-0.35082;0.622951;0.721311;0.967213;0.196721;0.163934;0.406557;0.0688525;0.0688525;0.865574;0.393443;0.262295;0.770492;-0.606557;-0.318033;-0.6;-0.144262;0.537705;-1;0.737705;-0.540984;0.278689;0.770492;0.934426;-0.262295;9.77125e-009;0.688525;0.606557;-0.721311;0.163934;-0.819672;0.0327869;-0.167213;-0.596721;0.00655738;-0.996721;0.114754;-0.147541;0.114754;0.229508;0.396721;0.84918;0.393443;0.311475;-0.0819672;0.0983607;0.163934;0.47541;-0.180328;-0.540984;0.180328;0.770492;0.442623;-0.377049;-0.108197;-0.0590164;-0.291803;-0.183333;0.633333;-0.153333;-0.23;0.116667;0.413333;0.32;-0.187817;0.302877;-0.651438;0.461929;-0.187817;0.0152284;0.285956;0.42132;0.556684;0.0152284;0.116751;0.0152284;-0.187817;0.120135;-1;0;-1;-1;-1

34.1;0.0819672;0.57377;-0.927869;-0.35082;0.622951;0.721311;0.967213;0.196721;0.163934;0.406557;0.0688525;0.0688525;0.865574;0.393443;0.262295;0.770492;-0.606557;-0.318033;-0.6;-0.144262;0.537705;-1;0.737705;-0.540984;0.278689;0.770492;0.934426;-0.262295;9.77125e-009;0.688525;0.606557;-0.721311;0.163934;-0.819672;0.0327869;-0.167213;-0.596721;0.00655738;-0.996721;0.114754;-0.147541;0.114754;0.229508;0.396721;0.84918;0.393443;0.311475;-0.0819672;0.0983607;0.163934;0.47541;-0.180328;-0.540984;0.180328;0.770492;0.442623;-0.377049;-0.108197;-0.0590164;-0.28;-0.183333;0.633333;-0.153333;-0.23;0.116667;0.413333;0.340102;-0.187817;0.302877;-0.651438;0.461929;-0.187817;0.0152284;0.285956;0.42132;0.556684;0.0152284;0.116751;0.0152284;-0.187817;+1;0;+1;+1;-1

36.8;1;0.0819672;0.57377;-0.927869;-0.35082;0.622951;0.721311;0.967213;0.196721;0.163934;0.406557;0.0688525;0.0688525;0.865574;0.393443;0.262295;0.770492;-0.606557;-0.318033;-0.6;-0.144262;0.537705;-1;0.737705;-0.540984;0.278689;0.770492;0.934426;-0.262295;9.77125e-009;0.688525;0.606557;-0.721311;0.163934;-0.819672;0.0327869;-0.167213;-0.596721;0.00655738;-0.996721;0.114754;-0.147541;0.114754;0.229508;0.396721;0.84918;0.393443;0.311475;-0.0819672;0.0983607;0.163934;0.47541;-0.180328;-0.540984;0.180328;0.770492;0.442623;-0.377049;-0.108197;-0.0433333;-0.28;-0.183333;0.633333;-0.153333;-0.23;0.116667;0.434856;0.340102;-0.187817;0.302877;-0.651438;0.461929;-0.187817;0.0152284;0.285956;0.42132;0.556684;0.0152284;0.116751;0.0152284;-1;0;-1;-1;-1

35.35;-0.360656;1;0.0819672;0.57377;-0.927869;-0.35082;0.622951;0.721311;0.967213;0.196721;0.163934;0.406557;0.0688525;0.0688525;0.865574;0.393443;0.262295;0.770492;-0.606557;-0.318033;-0.6;-0.144262;0.537705;-1;0.737705;-0.540984;0.278689;0.770492;0.934426;-0.262295;9.77125e-009;0.688525;0.606557;-0.721311;0.163934;-0.819672;0.0327869;-0.167213;-0.596721;0.00655738;-0.996721;0.114754;-0.147541;0.114754;0.229508;0.396721;0.84918;0.393443;0.311475;-0.0819672;0.0983607;0.163934;0.47541;-0.180328;-0.540984;0.180328;0.770492;0.442623;-0.377049;-0.0933333;-0.0433333;-0.28;-0.183333;0.633333;-0.153333;-0.23;0.133672;0.434856;0.340102;-0.187817;0.302877;-0.651438;0.461929;-0.187817;0.0152284;0.285956;0.42132;0.556684;0.0152284;0.116751;-1;0;-1;+1;-1

34.9;-0.0327869;-0.360656;1;0.0819672;0.57377;-0.927869;-0.35082;0.622951;0.721311;0.967213;0.196721;0.163934;0.406557;0.0688525;0.0688525;0.865574;0.393443;0.262295;0.770492;-0.606557;-0.318033;-0.6;-0.144262;0.537705;-1;0.737705;-0.540984;0.278689;0.770492;0.934426;-0.262295;9.77125e-009;0.688525;0.606557;-0.721311;0.163934;-0.819672;0.0327869;-0.167213;-0.596721;0.00655738;-0.996721;0.114754;-0.147541;0.114754;0.229508;0.396721;0.84918;0.393443;0.311475;-0.0819672;0.0983607;0.163934;0.47541;-0.180328;-0.540984;0.180328;0.770492;0.442623;-0.366667;-0.0933333;-0.0433333;-0.28;-0.183333;0.633333;-0.153333;-0.218274;0.133672;0.434856;0.340102;-0.187817;0.302877;-0.651438;0.461929;-0.187817;0.0152284;0.285956;0.42132;0.556684;0.0152284;-1;0;-1;+1;-1

33.98;-0.186885;-0.0327869;-0.360656;1;0.0819672;0.57377;-0.927869;-0.35082;0.622951;0.721311;0.967213;0.196721;0.163934;0.406557;0.0688525;0.0688525;0.865574;0.393443;0.262295;0.770492;-0.606557;-0.318033;-0.6;-0.144262;0.537705;-1;0.737705;-0.540984;0.278689;0.770492;0.934426;-0.262295;9.77125e-009;0.688525;0.606557;-0.721311;0.163934;-0.819672;0.0327869;-0.167213;-0.596721;0.00655738;-0.996721;0.114754;-0.147541;0.114754;0.229508;0.396721;0.84918;0.393443;0.311475;-0.0819672;0.0983607;0.163934;0.47541;-0.180328;-0.540984;0.180328;0.770492;0.466667;-0.366667;-0.0933333;-0.0433333;-0.28;-0.183333;0.633333;-0.14044;-0.218274;0.133672;0.434856;0.340102;-0.187817;0.302877;-0.651438;0.461929;-0.187817;0.0152284;0.285956;0.42132;0.556684;-1;0;-1;-1;-1

32.6;-0.337705;-0.186885;-0.0327869;-0.360656;1;0.0819672;0.57377;-0.927869;-0.35082;0.622951;0.721311;0.967213;0.196721;0.163934;0.406557;0.0688525;0.0688525;0.865574;0.393443;0.262295;0.770492;-0.606557;-0.318033;-0.6;-0.144262;0.537705;-1;0.737705;-0.540984;0.278689;0.770492;0.934426;-0.262295;9.77125e-009;0.688525;0.606557;-0.721311;0.163934;-0.819672;0.0327869;-0.167213;-0.596721;0.00655738;-0.996721;0.114754;-0.147541;0.114754;0.229508;0.396721;0.84918;0.393443;0.311475;-0.0819672;0.0983607;0.163934;0.47541;-0.180328;-0.540984;0.180328;0.8;0.466667;-0.366667;-0.0933333;-0.0433333;-0.28;-0.183333;0.658206;-0.14044;-0.218274;0.133672;0.434856;0.340102;-0.187817;0.302877;-0.651438;0.461929;-0.187817;0.0152284;0.285956;0.42132;-1;0;+1;+1;-1

31;-0.409836;-0.337705;-0.186885;-0.0327869;-0.360656;1;0.0819672;0.57377;-0.927869;-0.35082;0.622951;0.721311;0.967213;0.196721;0.163934;0.406557;0.0688525;0.0688525;0.865574;0.393443;0.262295;0.770492;-0.606557;-0.318033;-0.6;-0.144262;0.537705;-1;0.737705;-0.540984;0.278689;0.770492;0.934426;-0.262295;9.77125e-009;0.688525;0.606557;-0.721311;0.163934;-0.819672;0.0327869;-0.167213;-0.596721;0.00655738;-0.996721;0.114754;-0.147541;0.114754;0.229508;0.396721;0.84918;0.393443;0.311475;-0.0819672;0.0983607;0.163934;0.47541;-0.180328;-0.540984;0.2;0.8;0.466667;-0.366667;-0.0933333;-0.0433333;-0.28;-0.170897;0.658206;-0.14044;-0.218274;0.133672;0.434856;0.340102;-0.187817;0.302877;-0.651438;0.461929;-0.187817;0.0152284;0.285956;-1;0;-1;+1;-1

30.7;0.0163934;-0.409836;-0.337705;-0.186885;-0.0327869;-0.360656;1;0.0819672;0.57377;-0.927869;-0.35082;0.622951;0.721311;0.967213;0.196721;0.163934;0.406557;0.0688525;0.0688525;0.865574;0.393443;0.262295;0.770492;-0.606557;-0.318033;-0.6;-0.144262;0.537705;-1;0.737705;-0.540984;0.278689;0.770492;0.934426;-0.262295;9.77125e-009;0.688525;0.606557;-0.721311;0.163934;-0.819672;0.0327869;-0.167213;-0.596721;0.00655738;-0.996721;0.114754;-0.147541;0.114754;0.229508;0.396721;0.84918;0.393443;0.311475;-0.0819672;0.0983607;0.163934;0.47541;-0.180328;-0.533333;0.2;0.8;0.466667;-0.366667;-0.0933333;-0.0433333;-0.269036;-0.170897;0.658206;-0.14044;-0.218274;0.133672;0.434856;0.340102;-0.187817;0.302877;-0.651438;0.461929;-0.187817;0.0152284;-1;0;-1;+1;-1

30.2;-0.0491803;0.0163934;-0.409836;-0.337705;-0.186885;-0.0327869;-0.360656;1;0.0819672;0.57377;-0.927869;-0.35082;0.622951;0.721311;0.967213;0.196721;0.163934;0.406557;0.0688525;0.0688525;0.865574;0.393443;0.262295;0.770492;-0.606557;-0.318033;-0.6;-0.144262;0.537705;-1;0.737705;-0.540984;0.278689;0.770492;0.934426;-0.262295;9.77125e-009;0.688525;0.606557;-0.721311;0.163934;-0.819672;0.0327869;-0.167213;-0.596721;0.00655738;-0.996721;0.114754;-0.147541;0.114754;0.229508;0.396721;0.84918;0.393443;0.311475;-0.0819672;0.0983607;0.163934;0.47541;-0.166667;-0.533333;0.2;0.8;0.466667;-0.366667;-0.0933333;-0.0287648;-0.269036;-0.170897;0.658206;-0.14044;-0.218274;0.133672;0.434856;0.340102;-0.187817;0.302877;-0.651438;0.461929;-0.187817;-1;0;-1;+1;-1

29.5;-0.114754;-0.0491803;0.0163934;-0.409836;-0.337705;-0.186885;-0.0327869;-0.360656;1;0.0819672;0.57377;-0.927869;-0.35082;0.622951;0.721311;0.967213;0.196721;0.163934;0.406557;0.0688525;0.0688525;0.865574;0.393443;0.262295;0.770492;-0.606557;-0.318033;-0.6;-0.144262;0.537705;-1;0.737705;-0.540984;0.278689;0.770492;0.934426;-0.262295;9.77125e-009;0.688525;0.606557;-0.721311;0.163934;-0.819672;0.0327869;-0.167213;-0.596721;0.00655738;-0.996721;0.114754;-0.147541;0.114754;0.229508;0.396721;0.84918;0.393443;0.311475;-0.0819672;0.0983607;0.163934;0.5;-0.166667;-0.533333;0.2;0.8;0.466667;-0.366667;-0.0795262;-0.0287648;-0.269036;-0.170897;0.658206;-0.14044;-0.218274;0.133672;0.434856;0.340102;-0.187817;0.302877;-0.651438;0.461929;-1;0;-1;-1;-1

29;-0.0491803;-0.114754;-0.0491803;0.0163934;-0.409836;-0.337705;-0.186885;-0.0327869;-0.360656;1;0.0819672;0.57377;-0.927869;-0.35082;0.622951;0.721311;0.967213;0.196721;0.163934;0.406557;0.0688525;0.0688525;0.865574;0.393443;0.262295;0.770492;-0.606557;-0.318033;-0.6;-0.144262;0.537705;-1;0.737705;-0.540984;0.278689;0.770492;0.934426;-0.262295;9.77125e-009;0.688525;0.606557;-0.721311;0.163934;-0.819672;0.0327869;-0.167213;-0.596721;0.00655738;-0.996721;0.114754;-0.147541;0.114754;0.229508;0.396721;0.84918;0.393443;0.311475;-0.0819672;0.0983607;0.183333;0.5;-0.166667;-0.533333;0.2;0.8;0.466667;-0.357022;-0.0795262;-0.0287648;-0.269036;-0.170897;0.658206;-0.14044;-0.218274;0.133672;0.434856;0.340102;-0.187817;0.302877;-0.651438;+1;0;+1;+1;-1

29.49;0.27541;-0.0491803;-0.114754;-0.0491803;0.0163934;-0.409836;-0.337705;-0.186885;-0.0327869;-0.360656;1;0.0819672;0.57377;-0.927869;-0.35082;0.622951;0.721311;0.967213;0.196721;0.163934;0.406557;0.0688525;0.0688525;0.865574;0.393443;0.262295;0.770492;-0.606557;-0.318033;-0.6;-0.144262;0.537705;-1;0.737705;-0.540984;0.278689;0.770492;0.934426;-0.262295;9.77125e-009;0.688525;0.606557;-0.721311;0.163934;-0.819672;0.0327869;-0.167213;-0.596721;0.00655738;-0.996721;0.114754;-0.147541;0.114754;0.229508;0.396721;0.84918;0.393443;0.311475;-0.0819672;0.116667;0.183333;0.5;-0.166667;-0.533333;0.2;0.8;0.489002;-0.357022;-0.0795262;-0.0287648;-0.269036;-0.170897;0.658206;-0.14044;-0.218274;0.133672;0.434856;0.340102;-0.187817;0.302877;+1;0;-1;+1;-1

29.55;0.134426;0.27541;-0.0491803;-0.114754;-0.0491803;0.0163934;-0.409836;-0.337705;-0.186885;-0.0327869;-0.360656;1;0.0819672;0.57377;-0.927869;-0.35082;0.622951;0.721311;0.967213;0.196721;0.163934;0.406557;0.0688525;0.0688525;0.865574;0.393443;0.262295;0.770492;-0.606557;-0.318033;-0.6;-0.144262;0.537705;-1;0.737705;-0.540984;0.278689;0.770492;0.934426;-0.262295;9.77125e-009;0.688525;0.606557;-0.721311;0.163934;-0.819672;0.0327869;-0.167213;-0.596721;0.00655738;-0.996721;0.114754;-0.147541;0.114754;0.229508;0.396721;0.84918;0.393443;0.311475;-0.0666666;0.116667;0.183333;0.5;-0.166667;-0.533333;0.2;0.827411;0.489002;-0.357022;-0.0795262;-0.0287648;-0.269036;-0.170897;0.658206;-0.14044;-0.218274;0.133672;0.434856;0.340102;-0.187817;-1;0;-1;+1;-1

29.49;0.095082;0.134426;0.27541;-0.0491803;-0.114754;-0.0491803;0.0163934;-0.409836;-0.337705;-0.186885;-0.0327869;-0.360656;1;0.0819672;0.57377;-0.927869;-0.35082;0.622951;0.721311;0.967213;0.196721;0.163934;0.406557;0.0688525;0.0688525;0.865574;0.393443;0.262295;0.770492;-0.606557;-0.318033;-0.6;-0.144262;0.537705;-1;0.737705;-0.540984;0.278689;0.770492;0.934426;-0.262295;9.77125e-009;0.688525;0.606557;-0.721311;0.163934;-0.819672;0.0327869;-0.167213;-0.596721;0.00655738;-0.996721;0.114754;-0.147541;0.114754;0.229508;0.396721;0.84918;0.393443;0.333333;-0.0666666;0.116667;0.183333;0.5;-0.166667;-0.533333;0.218274;0.827411;0.489002;-0.357022;-0.0795262;-0.0287648;-0.269036;-0.170897;0.658206;-0.14044;-0.218274;0.133672;0.434856;0.340102;+1;0;+1;+1;-1

29.5;0.118033;0.095082;0.134426;0.27541;-0.0491803;-0.114754;-0.0491803;0.0163934;-0.409836;-0.337705;-0.186885;-0.0327869;-0.360656;1;0.0819672;0.57377;-0.927869;-0.35082;0.622951;0.721311;0.967213;0.196721;0.163934;0.406557;0.0688525;0.0688525;0.865574;0.393443;0.262295;0.770492;-0.606557;-0.318033;-0.6;-0.144262;0.537705;-1;0.737705;-0.540984;0.278689;0.770492;0.934426;-0.262295;9.77125e-009;0.688525;0.606557;-0.721311;0.163934;-0.819672;0.0327869;-0.167213;-0.596721;0.00655738;-0.996721;0.114754;-0.147541;0.114754;0.229508;0.396721;0.84918;0.416667;0.333333;-0.0666666;0.116667;0.183333;0.5;-0.166667;-0.526227;0.218274;0.827411;0.489002;-0.357022;-0.0795262;-0.0287648;-0.269036;-0.170897;0.658206;-0.14044;-0.218274;0.133672;0.434856;-1;0;-1;-1;-1

29.5;0.114754;0.118033;0.095082;0.134426;0.27541;-0.0491803;-0.114754;-0.0491803;0.0163934;-0.409836;-0.337705;-0.186885;-0.0327869;-0.360656;1;0.0819672;0.57377;-0.927869;-0.35082;0.622951;0.721311;0.967213;0.196721;0.163934;0.406557;0.0688525;0.0688525;0.865574;0.393443;0.262295;0.770492;-0.606557;-0.318033;-0.6;-0.144262;0.537705;-1;0.737705;-0.540984;0.278689;0.770492;0.934426;-0.262295;9.77125e-009;0.688525;0.606557;-0.721311;0.163934;-0.819672;0.0327869;-0.167213;-0.596721;0.00655738;-0.996721;0.114754;-0.147541;0.114754;0.229508;0.396721;0.88;0.416667;0.333333;-0.0666666;0.116667;0.183333;0.5;-0.153976;-0.526227;0.218274;0.827411;0.489002;-0.357022;-0.0795262;-0.0287648;-0.269036;-0.170897;0.658206;-0.14044;-0.218274;0.133672;-1;0;-1;+1;-1

29.5;0.114754;0.114754;0.118033;0.095082;0.134426;0.27541;-0.0491803;-0.114754;-0.0491803;0.0163934;-0.409836;-0.337705;-0.186885;-0.0327869;-0.360656;1;0.0819672;0.57377;-0.927869;-0.35082;0.622951;0.721311;0.967213;0.196721;0.163934;0.406557;0.0688525;0.0688525;0.865574;0.393443;0.262295;0.770492;-0.606557;-0.318033;-0.6;-0.144262;0.537705;-1;0.737705;-0.540984;0.278689;0.770492;0.934426;-0.262295;9.77125e-009;0.688525;0.606557;-0.721311;0.163934;-0.819672;0.0327869;-0.167213;-0.596721;0.00655738;-0.996721;0.114754;-0.147541;0.114754;0.229508;0.42;0.88;0.416667;0.333333;-0.0666666;0.116667;0.183333;0.522843;-0.153976;-0.526227;0.218274;0.827411;0.489002;-0.357022;-0.0795262;-0.0287648;-0.269036;-0.170897;0.658206;-0.14044;-0.218274;-1;0;-1;-1;-1

29.3;0.0491803;0.114754;0.114754;0.118033;0.095082;0.134426;0.27541;-0.0491803;-0.114754;-0.0491803;0.0163934;-0.409836;-0.337705;-0.186885;-0.0327869;-0.360656;1;0.0819672;0.57377;-0.927869;-0.35082;0.622951;0.721311;0.967213;0.196721;0.163934;0.406557;0.0688525;0.0688525;0.865574;0.393443;0.262295;0.770492;-0.606557;-0.318033;-0.6;-0.144262;0.537705;-1;0.737705;-0.540984;0.278689;0.770492;0.934426;-0.262295;9.77125e-009;0.688525;0.606557;-0.721311;0.163934;-0.819672;0.0327869;-0.167213;-0.596721;0.00655738;-0.996721;0.114754;-0.147541;0.114754;0.25;0.42;0.88;0.416667;0.333333;-0.0666666;0.116667;0.201354;0.522843;-0.153976;-0.526227;0.218274;0.827411;0.489002;-0.357022;-0.0795262;-0.0287648;-0.269036;-0.170897;0.658206;-0.14044;+1;0;+1;+1;-1

29.5;0.180328;0.0491803;0.114754;0.114754;0.118033;0.095082;0.134426;0.27541;-0.0491803;-0.114754;-0.0491803;0.0163934;-0.409836;-0.337705;-0.186885;-0.0327869;-0.360656;1;0.0819672;0.57377;-0.927869;-0.35082;0.622951;0.721311;0.967213;0.196721;0.163934;0.406557;0.0688525;0.0688525;0.865574;0.393443;0.262295;0.770492;-0.606557;-0.318033;-0.6;-0.144262;0.537705;-1;0.737705;-0.540984;0.278689;0.770492;0.934426;-0.262295;9.77125e-009;0.688525;0.606557;-0.721311;0.163934;-0.819672;0.0327869;-0.167213;-0.596721;0.00655738;-0.996721;0.114754;-0.147541;0.133333;0.25;0.42;0.88;0.416667;0.333333;-0.0666666;0.133672;0.201354;0.522843;-0.153976;-0.526227;0.218274;0.827411;0.489002;-0.357022;-0.0795262;-0.0287648;-0.269036;-0.170897;0.658206;-1;0;-1;+1;-1

29.48;0.108197;0.180328;0.0491803;0.114754;0.114754;0.118033;0.095082;0.134426;0.27541;-0.0491803;-0.114754;-0.0491803;0.0163934;-0.409836;-0.337705;-0.186885;-0.0327869;-0.360656;1;0.0819672;0.57377;-0.927869;-0.35082;0.622951;0.721311;0.967213;0.196721;0.163934;0.406557;0.0688525;0.0688525;0.865574;0.393443;0.262295;0.770492;-0.606557;-0.318033;-0.6;-0.144262;0.537705;-1;0.737705;-0.540984;0.278689;0.770492;0.934426;-0.262295;9.77125e-009;0.688525;0.606557;-0.721311;0.163934;-0.819672;0.0327869;-0.167213;-0.596721;0.00655738;-0.996721;0.114754;-0.133333;0.133333;0.25;0.42;0.88;0.416667;0.333333;-0.0524535;0.133672;0.201354;0.522843;-0.153976;-0.526227;0.218274;0.827411;0.489002;-0.357022;-0.0795262;-0.0287648;-0.269036;-0.170897;+1;0;+1;+1;-1

29.9;0.252459;0.108197;0.180328;0.0491803;0.114754;0.114754;0.118033;0.095082;0.134426;0.27541;-0.0491803;-0.114754;-0.0491803;0.0163934;-0.409836;-0.337705;-0.186885;-0.0327869;-0.360656;1;0.0819672;0.57377;-0.927869;-0.35082;0.622951;0.721311;0.967213;0.196721;0.163934;0.406557;0.0688525;0.0688525;0.865574;0.393443;0.262295;0.770492;-0.606557;-0.318033;-0.6;-0.144262;0.537705;-1;0.737705;-0.540984;0.278689;0.770492;0.934426;-0.262295;9.77125e-009;0.688525;0.606557;-0.721311;0.163934;-0.819672;0.0327869;-0.167213;-0.596721;0.00655738;-0.996721;0.133333;-0.133333;0.133333;0.25;0.42;0.88;0.416667;0.353638;-0.0524535;0.133672;0.201354;0.522843;-0.153976;-0.526227;0.218274;0.827411;0.489002;-0.357022;-0.0795262;-0.0287648;-0.269036;-1;0;-1;+1;-1

29.51;-0.0131147;0.252459;0.108197;0.180328;0.0491803;0.114754;0.114754;0.118033;0.095082;0.134426;0.27541;-0.0491803;-0.114754;-0.0491803;0.0163934;-0.409836;-0.337705;-0.186885;-0.0327869;-0.360656;1;0.0819672;0.57377;-0.927869;-0.35082;0.622951;0.721311;0.967213;0.196721;0.163934;0.406557;0.0688525;0.0688525;0.865574;0.393443;0.262295;0.770492;-0.606557;-0.318033;-0.6;-0.144262;0.537705;-1;0.737705;-0.540984;0.278689;0.770492;0.934426;-0.262295;9.77125e-009;0.688525;0.606557;-0.721311;0.163934;-0.819672;0.0327869;-0.167213;-0.596721;0.00655738;-0.996667;0.133333;-0.133333;0.133333;0.25;0.42;0.88;0.43824;0.353638;-0.0524535;0.133672;0.201354;0.522843;-0.153976;-0.526227;0.218274;0.827411;0.489002;-0.357022;-0.0795262;-0.0287648;+1;0;+1;+1;-1

30.05;0.291803;-0.0131147;0.252459;0.108197;0.180328;0.0491803;0.114754;0.114754;0.118033;0.095082;0.134426;0.27541;-0.0491803;-0.114754;-0.0491803;0.0163934;-0.409836;-0.337705;-0.186885;-0.0327869;-0.360656;1;0.0819672;0.57377;-0.927869;-0.35082;0.622951;0.721311;0.967213;0.196721;0.163934;0.406557;0.0688525;0.0688525;0.865574;0.393443;0.262295;0.770492;-0.606557;-0.318033;-0.6;-0.144262;0.537705;-1;0.737705;-0.540984;0.278689;0.770492;0.934426;-0.262295;9.77125e-009;0.688525;0.606557;-0.721311;0.163934;-0.819672;0.0327869;-0.167213;-0.596721;0.0233334;-0.996667;0.133333;-0.133333;0.133333;0.25;0.42;0.908629;0.43824;0.353638;-0.0524535;0.133672;0.201354;0.522843;-0.153976;-0.526227;0.218274;0.827411;0.489002;-0.357022;-0.0795262;+1;0;+1;+1;-1

31.3;0.52459;0.291803;-0.0131147;0.252459;0.108197;0.180328;0.0491803;0.114754;0.114754;0.118033;0.095082;0.134426;0.27541;-0.0491803;-0.114754;-0.0491803;0.0163934;-0.409836;-0.337705;-0.186885;-0.0327869;-0.360656;1;0.0819672;0.57377;-0.927869;-0.35082;0.622951;0.721311;0.967213;0.196721;0.163934;0.406557;0.0688525;0.0688525;0.865574;0.393443;0.262295;0.770492;-0.606557;-0.318033;-0.6;-0.144262;0.537705;-1;0.737705;-0.540984;0.278689;0.770492;0.934426;-0.262295;9.77125e-009;0.688525;0.606557;-0.721311;0.163934;-0.819672;0.0327869;-0.167213;-0.59;0.0233334;-0.996667;0.133333;-0.133333;0.133333;0.25;0.441624;0.908629;0.43824;0.353638;-0.0524535;0.133672;0.201354;0.522843;-0.153976;-0.526227;0.218274;0.827411;0.489002;-0.357022;+1;0;+1;+1;-1

32.4;0.47541;0.52459;0.291803;-0.0131147;0.252459;0.108197;0.180328;0.0491803;0.114754;0.114754;0.118033;0.095082;0.134426;0.27541;-0.0491803;-0.114754;-0.0491803;0.0163934;-0.409836;-0.337705;-0.186885;-0.0327869;-0.360656;1;0.0819672;0.57377;-0.927869;-0.35082;0.622951;0.721311;0.967213;0.196721;0.163934;0.406557;0.0688525;0.0688525;0.865574;0.393443;0.262295;0.770492;-0.606557;-0.318033;-0.6;-0.144262;0.537705;-1;0.737705;-0.540984;0.278689;0.770492;0.934426;-0.262295;9.77125e-009;0.688525;0.606557;-0.721311;0.163934;-0.819672;0.0327869;-0.153333;-0.59;0.0233334;-0.996667;0.133333;-0.133333;0.133333;0.269036;0.441624;0.908629;0.43824;0.353638;-0.0524535;0.133672;0.201354;0.522843;-0.153976;-0.526227;0.218274;0.827411;0.489002;-1;0;-1;+1;-1

32;-0.0163934;0.47541;0.52459;0.291803;-0.0131147;0.252459;0.108197;0.180328;0.0491803;0.114754;0.114754;0.118033;0.095082;0.134426;0.27541;-0.0491803;-0.114754;-0.0491803;0.0163934;-0.409836;-0.337705;-0.186885;-0.0327869;-0.360656;1;0.0819672;0.57377;-0.927869;-0.35082;0.622951;0.721311;0.967213;0.196721;0.163934;0.406557;0.0688525;0.0688525;0.865574;0.393443;0.262295;0.770492;-0.606557;-0.318033;-0.6;-0.144262;0.537705;-1;0.737705;-0.540984;0.278689;0.770492;0.934426;-0.262295;9.77125e-009;0.688525;0.606557;-0.721311;0.163934;-0.819672;0.05;-0.153333;-0.59;0.0233334;-0.996667;0.133333;-0.133333;0.150592;0.269036;0.441624;0.908629;0.43824;0.353638;-0.0524535;0.133672;0.201354;0.522843;-0.153976;-0.526227;0.218274;0.827411;+1;0;+1;+1;-1

32.15;0.163934;-0.0163934;0.47541;0.52459;0.291803;-0.0131147;0.252459;0.108197;0.180328;0.0491803;0.114754;0.114754;0.118033;0.095082;0.134426;0.27541;-0.0491803;-0.114754;-0.0491803;0.0163934;-0.409836;-0.337705;-0.186885;-0.0327869;-0.360656;1;0.0819672;0.57377;-0.927869;-0.35082;0.622951;0.721311;0.967213;0.196721;0.163934;0.406557;0.0688525;0.0688525;0.865574;0.393443;0.262295;0.770492;-0.606557;-0.318033;-0.6;-0.144262;0.537705;-1;0.737705;-0.540984;0.278689;0.770492;0.934426;-0.262295;9.77125e-009;0.688525;0.606557;-0.721311;0.163934;-0.816667;0.05;-0.153333;-0.59;0.0233334;-0.996667;0.133333;-0.120135;0.150592;0.269036;0.441624;0.908629;0.43824;0.353638;-0.0524535;0.133672;0.201354;0.522843;-0.153976;-0.526227;0.218274;+1;0;+1;+1;-1

34;0.721311;0.163934;-0.0163934;0.47541;0.52459;0.291803;-0.0131147;0.252459;0.108197;0.180328;0.0491803;0.114754;0.114754;0.118033;0.095082;0.134426;0.27541;-0.0491803;-0.114754;-0.0491803;0.0163934;-0.409836;-0.337705;-0.186885;-0.0327869;-0.360656;1;0.0819672;0.57377;-0.927869;-0.35082;0.622951;0.721311;0.967213;0.196721;0.163934;0.406557;0.0688525;0.0688525;0.865574;0.393443;0.262295;0.770492;-0.606557;-0.318033;-0.6;-0.144262;0.537705;-1;0.737705;-0.540984;0.278689;0.770492;0.934426;-0.262295;9.77125e-009;0.688525;0.606557;-0.721311;0.183333;-0.816667;0.05;-0.153333;-0.59;0.0233334;-0.996667;0.150592;-0.120135;0.150592;0.269036;0.441624;0.908629;0.43824;0.353638;-0.0524535;0.133672;0.201354;0.522843;-0.153976;-0.526227;+1;0;+1;+1;-1

34.65;0.327869;0.721311;0.163934;-0.0163934;0.47541;0.52459;0.291803;-0.0131147;0.252459;0.108197;0.180328;0.0491803;0.114754;0.114754;0.118033;0.095082;0.134426;0.27541;-0.0491803;-0.114754;-0.0491803;0.0163934;-0.409836;-0.337705;-0.186885;-0.0327869;-0.360656;1;0.0819672;0.57377;-0.927869;-0.35082;0.622951;0.721311;0.967213;0.196721;0.163934;0.406557;0.0688525;0.0688525;0.865574;0.393443;0.262295;0.770492;-0.606557;-0.318033;-0.6;-0.144262;0.537705;-1;0.737705;-0.540984;0.278689;0.770492;0.934426;-0.262295;9.77125e-009;0.688525;0.606557;-0.716667;0.183333;-0.816667;0.05;-0.153333;-0.59;0.0233334;-0.996616;0.150592;-0.120135;0.150592;0.269036;0.441624;0.908629;0.43824;0.353638;-0.0524535;0.133672;0.201354;0.522843;-0.153976;-1;0;-1;+1;-1

34.3;9.77125e-009;0.327869;0.721311;0.163934;-0.0163934;0.47541;0.52459;0.291803;-0.0131147;0.252459;0.108197;0.180328;0.0491803;0.114754;0.114754;0.118033;0.095082;0.134426;0.27541;-0.0491803;-0.114754;-0.0491803;0.0163934;-0.409836;-0.337705;-0.186885;-0.0327869;-0.360656;1;0.0819672;0.57377;-0.927869;-0.35082;0.622951;0.721311;0.967213;0.196721;0.163934;0.406557;0.0688525;0.0688525;0.865574;0.393443;0.262295;0.770492;-0.606557;-0.318033;-0.6;-0.144262;0.537705;-1;0.737705;-0.540984;0.278689;0.770492;0.934426;-0.262295;9.77125e-009;0.688525;0.633333;-0.716667;0.183333;-0.816667;0.05;-0.153333;-0.59;0.0389171;-0.996616;0.150592;-0.120135;0.150592;0.269036;0.441624;0.908629;0.43824;0.353638;-0.0524535;0.133672;0.201354;0.522843;-1;0;-1;-1;-1

34.24;0.095082;9.77125e-009;0.327869;0.721311;0.163934;-0.0163934;0.47541;0.52459;0.291803;-0.0131147;0.252459;0.108197;0.180328;0.0491803;0.114754;0.114754;0.118033;0.095082;0.134426;0.27541;-0.0491803;-0.114754;-0.0491803;0.0163934;-0.409836;-0.337705;-0.186885;-0.0327869;-0.360656;1;0.0819672;0.57377;-0.927869;-0.35082;0.622951;0.721311;0.967213;0.196721;0.163934;0.406557;0.0688525;0.0688525;0.865574;0.393443;0.262295;0.770492;-0.606557;-0.318033;-0.6;-0.144262;0.537705;-1;0.737705;-0.540984;0.278689;0.770492;0.934426;-0.262295;9.77125e-009;0.716667;0.633333;-0.716667;0.183333;-0.816667;0.05;-0.153333;-0.583756;0.0389171;-0.996616;0.150592;-0.120135;0.150592;0.269036;0.441624;0.908629;0.43824;0.353638;-0.0524535;0.133672;0.201354;-1;0;-1;-1;-1

33.65;-0.0786885;0.095082;9.77125e-009;0.327869;0.721311;0.163934;-0.0163934;0.47541;0.52459;0.291803;-0.0131147;0.252459;0.108197;0.180328;0.0491803;0.114754;0.114754;0.118033;0.095082;0.134426;0.27541;-0.0491803;-0.114754;-0.0491803;0.0163934;-0.409836;-0.337705;-0.186885;-0.0327869;-0.360656;1;0.0819672;0.57377;-0.927869;-0.35082;0.622951;0.721311;0.967213;0.196721;0.163934;0.406557;0.0688525;0.0688525;0.865574;0.393443;0.262295;0.770492;-0.606557;-0.318033;-0.6;-0.144262;0.537705;-1;0.737705;-0.540984;0.278689;0.770492;0.934426;-0.262295;0.0166667;0.716667;0.633333;-0.716667;0.183333;-0.816667;0.05;-0.14044;-0.583756;0.0389171;-0.996616;0.150592;-0.120135;0.150592;0.269036;0.441624;0.908629;0.43824;0.353638;-0.0524535;0.133672;-1;0;-1;+1;-1

33.5;0.0655738;-0.0786885;0.095082;9.77125e-009;0.327869;0.721311;0.163934;-0.0163934;0.47541;0.52459;0.291803;-0.0131147;0.252459;0.108197;0.180328;0.0491803;0.114754;0.114754;0.118033;0.095082;0.134426;0.27541;-0.0491803;-0.114754;-0.0491803;0.0163934;-0.409836;-0.337705;-0.186885;-0.0327869;-0.360656;1;0.0819672;0.57377;-0.927869;-0.35082;0.622951;0.721311;0.967213;0.196721;0.163934;0.406557;0.0688525;0.0688525;0.865574;0.393443;0.262295;0.770492;-0.606557;-0.318033;-0.6;-0.144262;0.537705;-1;0.737705;-0.540984;0.278689;0.770492;0.934426;-0.25;0.0166667;0.716667;0.633333;-0.716667;0.183333;-0.816667;0.0659899;-0.14044;-0.583756;0.0389171;-0.996616;0.150592;-0.120135;0.150592;0.269036;0.441624;0.908629;0.43824;0.353638;-0.0524535;-1;0;-1;-1;-1

33.3;0.0491803;0.0655738;-0.0786885;0.095082;9.77125e-009;0.327869;0.721311;0.163934;-0.0163934;0.47541;0.52459;0.291803;-0.0131147;0.252459;0.108197;0.180328;0.0491803;0.114754;0.114754;0.118033;0.095082;0.134426;0.27541;-0.0491803;-0.114754;-0.0491803;0.0163934;-0.409836;-0.337705;-0.186885;-0.0327869;-0.360656;1;0.0819672;0.57377;-0.927869;-0.35082;0.622951;0.721311;0.967213;0.196721;0.163934;0.406557;0.0688525;0.0688525;0.865574;0.393443;0.262295;0.770492;-0.606557;-0.318033;-0.6;-0.144262;0.537705;-1;0.737705;-0.540984;0.278689;0.770492;0.966667;-0.25;0.0166667;0.716667;0.633333;-0.716667;0.183333;-0.813875;0.0659899;-0.14044;-0.583756;0.0389171;-0.996616;0.150592;-0.120135;0.150592;0.269036;0.441624;0.908629;0.43824;0.353638;+1;0;+1;+1;-1

34.4;0.47541;0.0491803;0.0655738;-0.0786885;0.095082;9.77125e-009;0.327869;0.721311;0.163934;-0.0163934;0.47541;0.52459;0.291803;-0.0131147;0.252459;0.108197;0.180328;0.0491803;0.114754;0.114754;0.118033;0.095082;0.134426;0.27541;-0.0491803;-0.114754;-0.0491803;0.0163934;-0.409836;-0.337705;-0.186885;-0.0327869;-0.360656;1;0.0819672;0.57377;-0.927869;-0.35082;0.622951;0.721311;0.967213;0.196721;0.163934;0.406557;0.0688525;0.0688525;0.865574;0.393443;0.262295;0.770492;-0.606557;-0.318033;-0.6;-0.144262;0.537705;-1;0.737705;-0.540984;0.278689;0.8;0.966667;-0.25;0.0166667;0.716667;0.633333;-0.716667;0.201354;-0.813875;0.0659899;-0.14044;-0.583756;0.0389171;-0.996616;0.150592;-0.120135;0.150592;0.269036;0.441624;0.908629;0.43824;-1;0;-1;-1;-1

34.2;0.0491803;0.47541;0.0491803;0.0655738;-0.0786885;0.095082;9.77125e-009;0.327869;0.721311;0.163934;-0.0163934;0.47541;0.52459;0.291803;-0.0131147;0.252459;0.108197;0.180328;0.0491803;0.114754;0.114754;0.118033;0.095082;0.134426;0.27541;-0.0491803;-0.114754;-0.0491803;0.0163934;-0.409836;-0.337705;-0.186885;-0.0327869;-0.360656;1;0.0819672;0.57377;-0.927869;-0.35082;0.622951;0.721311;0.967213;0.196721;0.163934;0.406557;0.0688525;0.0688525;0.865574;0.393443;0.262295;0.770492;-0.606557;-0.318033;-0.6;-0.144262;0.537705;-1;0.737705;-0.540984;0.3;0.8;0.966667;-0.25;0.0166667;0.716667;0.633333;-0.712352;0.201354;-0.813875;0.0659899;-0.14044;-0.583756;0.0389171;-0.996616;0.150592;-0.120135;0.150592;0.269036;0.441624;0.908629;+1;0;+1;+1;-1

34.95;0.360656;0.0491803;0.47541;0.0491803;0.0655738;-0.0786885;0.095082;9.77125e-009;0.327869;0.721311;0.163934;-0.0163934;0.47541;0.52459;0.291803;-0.0131147;0.252459;0.108197;0.180328;0.0491803;0.114754;0.114754;0.118033;0.095082;0.134426;0.27541;-0.0491803;-0.114754;-0.0491803;0.0163934;-0.409836;-0.337705;-0.186885;-0.0327869;-0.360656;1;0.0819672;0.57377;-0.927869;-0.35082;0.622951;0.721311;0.967213;0.196721;0.163934;0.406557;0.0688525;0.0688525;0.865574;0.393443;0.262295;0.770492;-0.606557;-0.318033;-0.6;-0.144262;0.537705;-1;0.737705;-0.533333;0.3;0.8;0.966667;-0.25;0.0166667;0.716667;0.658206;-0.712352;0.201354;-0.813875;0.0659899;-0.14044;-0.583756;0.0389171;-0.996616;0.150592;-0.120135;0.150592;0.269036;0.441624;+1;0;+1;+1;-1

35.8;0.393443;0.360656;0.0491803;0.47541;0.0491803;0.0655738;-0.0786885;0.095082;9.77125e-009;0.327869;0.721311;0.163934;-0.0163934;0.47541;0.52459;0.291803;-0.0131147;0.252459;0.108197;0.180328;0.0491803;0.114754;0.114754;0.118033;0.095082;0.134426;0.27541;-0.0491803;-0.114754;-0.0491803;0.0163934;-0.409836;-0.337705;-0.186885;-0.0327869;-0.360656;1;0.0819672;0.57377;-0.927869;-0.35082;0.622951;0.721311;0.967213;0.196721;0.163934;0.406557;0.0688525;0.0688525;0.865574;0.393443;0.262295;0.770492;-0.606557;-0.318033;-0.6;-0.144262;0.537705;-1;0.766667;-0.533333;0.3;0.8;0.966667;-0.25;0.0166667;0.742809;0.658206;-0.712352;0.201354;-0.813875;0.0659899;-0.14044;-0.583756;0.0389171;-0.996616;0.150592;-0.120135;0.150592;0.269036;+1;0;-1;+1;-1

35.85;0.131148;0.393443;0.360656;0.0491803;0.47541;0.0491803;0.0655738;-0.0786885;0.095082;9.77125e-009;0.327869;0.721311;0.163934;-0.0163934;0.47541;0.52459;0.291803;-0.0131147;0.252459;0.108197;0.180328;0.0491803;0.114754;0.114754;0.118033;0.095082;0.134426;0.27541;-0.0491803;-0.114754;-0.0491803;0.0163934;-0.409836;-0.337705;-0.186885;-0.0327869;-0.360656;1;0.0819672;0.57377;-0.927869;-0.35082;0.622951;0.721311;0.967213;0.196721;0.163934;0.406557;0.0688525;0.0688525;0.865574;0.393443;0.262295;0.770492;-0.606557;-0.318033;-0.6;-0.144262;0.537705;-1;0.766667;-0.533333;0.3;0.8;0.966667;-0.25;0.0321489;0.742809;0.658206;-0.712352;0.201354;-0.813875;0.0659899;-0.14044;-0.583756;0.0389171;-0.996616;0.150592;-0.120135;0.150592;+1;0;+1;+1;-1

37.8;0.754098;0.131148;0.393443;0.360656;0.0491803;0.47541;0.0491803;0.0655738;-0.0786885;0.095082;9.77125e-009;0.327869;0.721311;0.163934;-0.0163934;0.47541;0.52459;0.291803;-0.0131147;0.252459;0.108197;0.180328;0.0491803;0.114754;0.114754;0.118033;0.095082;0.134426;0.27541;-0.0491803;-0.114754;-0.0491803;0.0163934;-0.409836;-0.337705;-0.186885;-0.0327869;-0.360656;1;0.0819672;0.57377;-0.927869;-0.35082;0.622951;0.721311;0.967213;0.196721;0.163934;0.406557;0.0688525;0.0688525;0.865574;0.393443;0.262295;0.770492;-0.606557;-0.318033;-0.6;-0.144262;0.563333;-1;0.766667;-0.533333;0.3;0.8;0.966667;-0.238579;0.0321489;0.742809;0.658206;-0.712352;0.201354;-0.813875;0.0659899;-0.14044;-0.583756;0.0389171;-0.996616;0.150592;-0.120135;-1;0;-1;+1;-1

37.5;0.0163934;0.754098;0.131148;0.393443;0.360656;0.0491803;0.47541;0.0491803;0.0655738;-0.0786885;0.095082;9.77125e-009;0.327869;0.721311;0.163934;-0.0163934;0.47541;0.52459;0.291803;-0.0131147;0.252459;0.108197;0.180328;0.0491803;0.114754;0.114754;0.118033;0.095082;0.134426;0.27541;-0.0491803;-0.114754;-0.0491803;0.0163934;-0.409836;-0.337705;-0.186885;-0.0327869;-0.360656;1;0.0819672;0.57377;-0.927869;-0.35082;0.622951;0.721311;0.967213;0.196721;0.163934;0.406557;0.0688525;0.0688525;0.865574;0.393443;0.262295;0.770492;-0.606557;-0.318033;-0.6;-0.13;0.563333;-1;0.766667;-0.533333;0.3;0.8;0.996616;-0.238579;0.0321489;0.742809;0.658206;-0.712352;0.201354;-0.813875;0.0659899;-0.14044;-0.583756;0.0389171;-0.996616;0.150592;+1;0;+1;+1;-1

38.1;0.311475;0.0163934;0.754098;0.131148;0.393443;0.360656;0.0491803;0.47541;0.0491803;0.0655738;-0.0786885;0.095082;9.77125e-009;0.327869;0.721311;0.163934;-0.0163934;0.47541;0.52459;0.291803;-0.0131147;0.252459;0.108197;0.180328;0.0491803;0.114754;0.114754;0.118033;0.095082;0.134426;0.27541;-0.0491803;-0.114754;-0.0491803;0.0163934;-0.409836;-0.337705;-0.186885;-0.0327869;-0.360656;1;0.0819672;0.57377;-0.927869;-0.35082;0.622951;0.721311;0.967213;0.196721;0.163934;0.406557;0.0688525;0.0688525;0.865574;0.393443;0.262295;0.770492;-0.606557;-0.318033;-0.593333;-0.13;0.563333;-1;0.766667;-0.533333;0.3;0.827411;0.996616;-0.238579;0.0321489;0.742809;0.658206;-0.712352;0.201354;-0.813875;0.0659899;-0.14044;-0.583756;0.0389171;-0.996616;+1;0;+1;+1;-1

38.4;0.213115;0.311475;0.0163934;0.754098;0.131148;0.393443;0.360656;0.0491803;0.47541;0.0491803;0.0655738;-0.0786885;0.095082;9.77125e-009;0.327869;0.721311;0.163934;-0.0163934;0.47541;0.52459;0.291803;-0.0131147;0.252459;0.108197;0.180328;0.0491803;0.114754;0.114754;0.118033;0.095082;0.134426;0.27541;-0.0491803;-0.114754;-0.0491803;0.0163934;-0.409836;-0.337705;-0.186885;-0.0327869;-0.360656;1;0.0819672;0.57377;-0.927869;-0.35082;0.622951;0.721311;0.967213;0.196721;0.163934;0.406557;0.0688525;0.0688525;0.865574;0.393443;0.262295;0.770492;-0.606557;-0.306667;-0.593333;-0.13;0.563333;-1;0.766667;-0.533333;0.319797;0.827411;0.996616;-0.238579;0.0321489;0.742809;0.658206;-0.712352;0.201354;-0.813875;0.0659899;-0.14044;-0.583756;0.0389171;-1;0;+1;+1;-1

37;-0.344262;0.213115;0.311475;0.0163934;0.754098;0.131148;0.393443;0.360656;0.0491803;0.47541;0.0491803;0.0655738;-0.0786885;0.095082;9.77125e-009;0.327869;0.721311;0.163934;-0.0163934;0.47541;0.52459;0.291803;-0.0131147;0.252459;0.108197;0.180328;0.0491803;0.114754;0.114754;0.118033;0.095082;0.134426;0.27541;-0.0491803;-0.114754;-0.0491803;0.0163934;-0.409836;-0.337705;-0.186885;-0.0327869;-0.360656;1;0.0819672;0.57377;-0.927869;-0.35082;0.622951;0.721311;0.967213;0.196721;0.163934;0.406557;0.0688525;0.0688525;0.865574;0.393443;0.262295;0.770492;-0.6;-0.306667;-0.593333;-0.13;0.563333;-1;0.766667;-0.526227;0.319797;0.827411;0.996616;-0.238579;0.0321489;0.742809;0.658206;-0.712352;0.201354;-0.813875;0.0659899;-0.14044;-0.583756;+1;0;+1;+1;-1

37.2;0.180328;-0.344262;0.213115;0.311475;0.0163934;0.754098;0.131148;0.393443;0.360656;0.0491803;0.47541;0.0491803;0.0655738;-0.0786885;0.095082;9.77125e-009;0.327869;0.721311;0.163934;-0.0163934;0.47541;0.52459;0.291803;-0.0131147;0.252459;0.108197;0.180328;0.0491803;0.114754;0.114754;0.118033;0.095082;0.134426;0.27541;-0.0491803;-0.114754;-0.0491803;0.0163934;-0.409836;-0.337705;-0.186885;-0.0327869;-0.360656;1;0.0819672;0.57377;-0.927869;-0.35082;0.622951;0.721311;0.967213;0.196721;0.163934;0.406557;0.0688525;0.0688525;0.865574;0.393443;0.262295;0.8;-0.6;-0.306667;-0.593333;-0.13;0.563333;-1;0.79357;-0.526227;0.319797;0.827411;0.996616;-0.238579;0.0321489;0.742809;0.658206;-0.712352;0.201354;-0.813875;0.0659899;-0.14044;-1;0;-1;-1;-1

35.29;-0.511475;0.180328;-0.344262;0.213115;0.311475;0.0163934;0.754098;0.131148;0.393443;0.360656;0.0491803;0.47541;0.0491803;0.0655738;-0.0786885;0.095082;9.77125e-009;0.327869;0.721311;0.163934;-0.0163934;0.47541;0.52459;0.291803;-0.0131147;0.252459;0.108197;0.180328;0.0491803;0.114754;0.114754;0.118033;0.095082;0.134426;0.27541;-0.0491803;-0.114754;-0.0491803;0.0163934;-0.409836;-0.337705;-0.186885;-0.0327869;-0.360656;1;0.0819672;0.57377;-0.927869;-0.35082;0.622951;0.721311;0.967213;0.196721;0.163934;0.406557;0.0688525;0.0688525;0.865574;0.393443;0.283333;0.8;-0.6;-0.306667;-0.593333;-0.13;0.563333;-1;0.79357;-0.526227;0.319797;0.827411;0.996616;-0.238579;0.0321489;0.742809;0.658206;-0.712352;0.201354;-0.813875;0.0659899;+1;0;+1;+1;-1

35.5;0.183607;-0.511475;0.180328;-0.344262;0.213115;0.311475;0.0163934;0.754098;0.131148;0.393443;0.360656;0.0491803;0.47541;0.0491803;0.0655738;-0.0786885;0.095082;9.77125e-009;0.327869;0.721311;0.163934;-0.0163934;0.47541;0.52459;0.291803;-0.0131147;0.252459;0.108197;0.180328;0.0491803;0.114754;0.114754;0.118033;0.095082;0.134426;0.27541;-0.0491803;-0.114754;-0.0491803;0.0163934;-0.409836;-0.337705;-0.186885;-0.0327869;-0.360656;1;0.0819672;0.57377;-0.927869;-0.35082;0.622951;0.721311;0.967213;0.196721;0.163934;0.406557;0.0688525;0.0688525;0.865574;0.416667;0.283333;0.8;-0.6;-0.306667;-0.593333;-0.13;0.58714;-1;0.79357;-0.526227;0.319797;0.827411;0.996616;-0.238579;0.0321489;0.742809;0.658206;-0.712352;0.201354;-0.813875;+1;0;+1;+1;-1

36.8;0.540984;0.183607;-0.511475;0.180328;-0.344262;0.213115;0.311475;0.0163934;0.754098;0.131148;0.393443;0.360656;0.0491803;0.47541;0.0491803;0.0655738;-0.0786885;0.095082;9.77125e-009;0.327869;0.721311;0.163934;-0.0163934;0.47541;0.52459;0.291803;-0.0131147;0.252459;0.108197;0.180328;0.0491803;0.114754;0.114754;0.118033;0.095082;0.134426;0.27541;-0.0491803;-0.114754;-0.0491803;0.0163934;-0.409836;-0.337705;-0.186885;-0.0327869;-0.360656;1;0.0819672;0.57377;-0.927869;-0.35082;0.622951;0.721311;0.967213;0.196721;0.163934;0.406557;0.0688525;0.0688525;0.896667;0.416667;0.283333;0.8;-0.6;-0.306667;-0.593333;-0.116751;0.58714;-1;0.79357;-0.526227;0.319797;0.827411;0.996616;-0.238579;0.0321489;0.742809;0.658206;-0.712352;0.201354;+1;0;-1;+1;-1

37.2;0.245902;0.540984;0.183607;-0.511475;0.180328;-0.344262;0.213115;0.311475;0.0163934;0.754098;0.131148;0.393443;0.360656;0.0491803;0.47541;0.0491803;0.0655738;-0.0786885;0.095082;9.77125e-009;0.327869;0.721311;0.163934;-0.0163934;0.47541;0.52459;0.291803;-0.0131147;0.252459;0.108197;0.180328;0.0491803;0.114754;0.114754;0.118033;0.095082;0.134426;0.27541;-0.0491803;-0.114754;-0.0491803;0.0163934;-0.409836;-0.337705;-0.186885;-0.0327869;-0.360656;1;0.0819672;0.57377;-0.927869;-0.35082;0.622951;0.721311;0.967213;0.196721;0.163934;0.406557;0.0688525;0.0866667;0.896667;0.416667;0.283333;0.8;-0.6;-0.306667;-0.58714;-0.116751;0.58714;-1;0.79357;-0.526227;0.319797;0.827411;0.996616;-0.238579;0.0321489;0.742809;0.658206;-0.712352;+1;0;+1;+1;-1

39;0.704918;0.245902;0.540984;0.183607;-0.511475;0.180328;-0.344262;0.213115;0.311475;0.0163934;0.754098;0.131148;0.393443;0.360656;0.0491803;0.47541;0.0491803;0.0655738;-0.0786885;0.095082;9.77125e-009;0.327869;0.721311;0.163934;-0.0163934;0.47541;0.52459;0.291803;-0.0131147;0.252459;0.108197;0.180328;0.0491803;0.114754;0.114754;0.118033;0.095082;0.134426;0.27541;-0.0491803;-0.114754;-0.0491803;0.0163934;-0.409836;-0.337705;-0.186885;-0.0327869;-0.360656;1;0.0819672;0.57377;-0.927869;-0.35082;0.622951;0.721311;0.967213;0.196721;0.163934;0.406557;0.0866667;0.0866667;0.896667;0.416667;0.283333;0.8;-0.6;-0.296108;-0.58714;-0.116751;0.58714;-1;0.79357;-0.526227;0.319797;0.827411;0.996616;-0.238579;0.0321489;0.742809;0.658206;-1;0;-1;-1;-1

38.5;-0.0491803;0.704918;0.245902;0.540984;0.183607;-0.511475;0.180328;-0.344262;0.213115;0.311475;0.0163934;0.754098;0.131148;0.393443;0.360656;0.0491803;0.47541;0.0491803;0.0655738;-0.0786885;0.095082;9.77125e-009;0.327869;0.721311;0.163934;-0.0163934;0.47541;0.52459;0.291803;-0.0131147;0.252459;0.108197;0.180328;0.0491803;0.114754;0.114754;0.118033;0.095082;0.134426;0.27541;-0.0491803;-0.114754;-0.0491803;0.0163934;-0.409836;-0.337705;-0.186885;-0.0327869;-0.360656;1;0.0819672;0.57377;-0.927869;-0.35082;0.622951;0.721311;0.967213;0.196721;0.163934;0.43;0.0866667;0.0866667;0.896667;0.416667;0.283333;0.8;-0.593909;-0.296108;-0.58714;-0.116751;0.58714;-1;0.79357;-0.526227;0.319797;0.827411;0.996616;-0.238579;0.0321489;0.742809;-1;0;-1;+1;-1

37.9;-0.0819672;-0.0491803;0.704918;0.245902;0.540984;0.183607;-0.511475;0.180328;-0.344262;0.213115;0.311475;0.0163934;0.754098;0.131148;0.393443;0.360656;0.0491803;0.47541;0.0491803;0.0655738;-0.0786885;0.095082;9.77125e-009;0.327869;0.721311;0.163934;-0.0163934;0.47541;0.52459;0.291803;-0.0131147;0.252459;0.108197;0.180328;0.0491803;0.114754;0.114754;0.118033;0.095082;0.134426;0.27541;-0.0491803;-0.114754;-0.0491803;0.0163934;-0.409836;-0.337705;-0.186885;-0.0327869;-0.360656;1;0.0819672;0.57377;-0.927869;-0.35082;0.622951;0.721311;0.967213;0.196721;0.183333;0.43;0.0866667;0.0866667;0.896667;0.416667;0.283333;0.827411;-0.593909;-0.296108;-0.58714;-0.116751;0.58714;-1;0.79357;-0.526227;0.319797;0.827411;0.996616;-0.238579;0.0321489;-1;0;-1;-1;-1

35.9;-0.540984;-0.0819672;-0.0491803;0.704918;0.245902;0.540984;0.183607;-0.511475;0.180328;-0.344262;0.213115;0.311475;0.0163934;0.754098;0.131148;0.393443;0.360656;0.0491803;0.47541;0.0491803;0.0655738;-0.0786885;0.095082;9.77125e-009;0.327869;0.721311;0.163934;-0.0163934;0.47541;0.52459;0.291803;-0.0131147;0.252459;0.108197;0.180328;0.0491803;0.114754;0.114754;0.118033;0.095082;0.134426;0.27541;-0.0491803;-0.114754;-0.0491803;0.0163934;-0.409836;-0.337705;-0.186885;-0.0327869;-0.360656;1;0.0819672;0.57377;-0.927869;-0.35082;0.622951;0.721311;0.967213;0.216667;0.183333;0.43;0.0866667;0.0866667;0.896667;0.416667;0.302877;0.827411;-0.593909;-0.296108;-0.58714;-0.116751;0.58714;-1;0.79357;-0.526227;0.319797;0.827411;0.996616;-0.238579;-1;0;-1;-1;-1

34.1;-0.47541;-0.540984;-0.0819672;-0.0491803;0.704918;0.245902;0.540984;0.183607;-0.511475;0.180328;-0.344262;0.213115;0.311475;0.0163934;0.754098;0.131148;0.393443;0.360656;0.0491803;0.47541;0.0491803;0.0655738;-0.0786885;0.095082;9.77125e-009;0.327869;0.721311;0.163934;-0.0163934;0.47541;0.52459;0.291803;-0.0131147;0.252459;0.108197;0.180328;0.0491803;0.114754;0.114754;0.118033;0.095082;0.134426;0.27541;-0.0491803;-0.114754;-0.0491803;0.0163934;-0.409836;-0.337705;-0.186885;-0.0327869;-0.360656;1;0.0819672;0.57377;-0.927869;-0.35082;0.622951;0.721311;1;0.216667;0.183333;0.43;0.0866667;0.0866667;0.896667;0.43824;0.302877;0.827411;-0.593909;-0.296108;-0.58714;-0.116751;0.58714;-1;0.79357;-0.526227;0.319797;0.827411;0.996616;-1;0;-1;+1;-1

34;0.0819672;-0.47541;-0.540984;-0.0819672;-0.0491803;0.704918;0.245902;0.540984;0.183607;-0.511475;0.180328;-0.344262;0.213115;0.311475;0.0163934;0.754098;0.131148;0.393443;0.360656;0.0491803;0.47541;0.0491803;0.0655738;-0.0786885;0.095082;9.77125e-009;0.327869;0.721311;0.163934;-0.0163934;0.47541;0.52459;0.291803;-0.0131147;0.252459;0.108197;0.180328;0.0491803;0.114754;0.114754;0.118033;0.095082;0.134426;0.27541;-0.0491803;-0.114754;-0.0491803;0.0163934;-0.409836;-0.337705;-0.186885;-0.0327869;-0.360656;1;0.0819672;0.57377;-0.927869;-0.35082;0.622951;0.75;1;0.216667;0.183333;0.43;0.0866667;0.0866667;0.92555;0.43824;0.302877;0.827411;-0.593909;-0.296108;-0.58714;-0.116751;0.58714;-1;0.79357;-0.526227;0.319797;0.827411;-1;0;-1;-1;-1

33.8;0.0491803;0.0819672;-0.47541;-0.540984;-0.0819672;-0.0491803;0.704918;0.245902;0.540984;0.183607;-0.511475;0.180328;-0.344262;0.213115;0.311475;0.0163934;0.754098;0.131148;0.393443;0.360656;0.0491803;0.47541;0.0491803;0.0655738;-0.0786885;0.095082;9.77125e-009;0.327869;0.721311;0.163934;-0.0163934;0.47541;0.52459;0.291803;-0.0131147;0.252459;0.108197;0.180328;0.0491803;0.114754;0.114754;0.118033;0.095082;0.134426;0.27541;-0.0491803;-0.114754;-0.0491803;0.0163934;-0.409836;-0.337705;-0.186885;-0.0327869;-0.360656;1;0.0819672;0.57377;-0.927869;-0.35082;0.65;0.75;1;0.216667;0.183333;0.43;0.0866667;0.103215;0.92555;0.43824;0.302877;0.827411;-0.593909;-0.296108;-0.58714;-0.116751;0.58714;-1;0.79357;-0.526227;0.319797;+1;0;+1;+1;-1

36.5;1;0.0491803;0.0819672;-0.47541;-0.540984;-0.0819672;-0.0491803;0.704918;0.245902;0.540984;0.183607;-0.511475;0.180328;-0.344262;0.213115;0.311475;0.0163934;0.754098;0.131148;0.393443;0.360656;0.0491803;0.47541;0.0491803;0.0655738;-0.0786885;0.095082;9.77125e-009;0.327869;0.721311;0.163934;-0.0163934;0.47541;0.52459;0.291803;-0.0131147;0.252459;0.108197;0.180328;0.0491803;0.114754;0.114754;0.118033;0.095082;0.134426;0.27541;-0.0491803;-0.114754;-0.0491803;0.0163934;-0.409836;-0.337705;-0.186885;-0.0327869;-0.360656;1;0.0819672;0.57377;-0.927869;-0.34;0.65;0.75;1;0.216667;0.183333;0.43;0.103215;0.103215;0.92555;0.43824;0.302877;0.827411;-0.593909;-0.296108;-0.58714;-0.116751;0.58714;-1;0.79357;-0.526227;+1;0;+1;+1;-1

36.7;0.180328;1;0.0491803;0.0819672;-0.47541;-0.540984;-0.0819672;-0.0491803;0.704918;0.245902;0.540984;0.183607;-0.511475;0.180328;-0.344262;0.213115;0.311475;0.0163934;0.754098;0.131148;0.393443;0.360656;0.0491803;0.47541;0.0491803;0.0655738;-0.0786885;0.095082;9.77125e-009;0.327869;0.721311;0.163934;-0.0163934;0.47541;0.52459;0.291803;-0.0131147;0.252459;0.108197;0.180328;0.0491803;0.114754;0.114754;0.118033;0.095082;0.134426;0.27541;-0.0491803;-0.114754;-0.0491803;0.0163934;-0.409836;-0.337705;-0.186885;-0.0327869;-0.360656;1;0.0819672;0.57377;-0.926667;-0.34;0.65;0.75;1;0.216667;0.183333;0.451777;0.103215;0.103215;0.92555;0.43824;0.302877;0.827411;-0.593909;-0.296108;-0.58714;-0.116751;0.58714;-1;0.79357;-1;0;-1;+1;-1

36.22;-0.0426229;0.180328;1;0.0491803;0.0819672;-0.47541;-0.540984;-0.0819672;-0.0491803;0.704918;0.245902;0.540984;0.183607;-0.511475;0.180328;-0.344262;0.213115;0.311475;0.0163934;0.754098;0.131148;0.393443;0.360656;0.0491803;0.47541;0.0491803;0.0655738;-0.0786885;0.095082;9.77125e-009;0.327869;0.721311;0.163934;-0.0163934;0.47541;0.52459;0.291803;-0.0131147;0.252459;0.108197;0.180328;0.0491803;0.114754;0.114754;0.118033;0.095082;0.134426;0.27541;-0.0491803;-0.114754;-0.0491803;0.0163934;-0.409836;-0.337705;-0.186885;-0.0327869;-0.360656;1;0.0819672;0.6;-0.926667;-0.34;0.65;0.75;1;0.216667;0.201354;0.451777;0.103215;0.103215;0.92555;0.43824;0.302877;0.827411;-0.593909;-0.296108;-0.58714;-0.116751;0.58714;-1;+1;0;+1;+1;-1

36.99;0.367213;-0.0426229;0.180328;1;0.0491803;0.0819672;-0.47541;-0.540984;-0.0819672;-0.0491803;0.704918;0.245902;0.540984;0.183607;-0.511475;0.180328;-0.344262;0.213115;0.311475;0.0163934;0.754098;0.131148;0.393443;0.360656;0.0491803;0.47541;0.0491803;0.0655738;-0.0786885;0.095082;9.77125e-009;0.327869;0.721311;0.163934;-0.0163934;0.47541;0.52459;0.291803;-0.0131147;0.252459;0.108197;0.180328;0.0491803;0.114754;0.114754;0.118033;0.095082;0.134426;0.27541;-0.0491803;-0.114754;-0.0491803;0.0163934;-0.409836;-0.337705;-0.186885;-0.0327869;-0.360656;1;0.1;0.6;-0.926667;-0.34;0.65;0.75;1;0.235195;0.201354;0.451777;0.103215;0.103215;0.92555;0.43824;0.302877;0.827411;-0.593909;-0.296108;-0.58714;-0.116751;0.58714;-1;0;-1;+1;-1

