54.01;0.11;-0.10;-3.00;-1;0;0;0;0

53.7;-0.31;0.11;-0.10;+1;0;0;0;0

57.2;3.50;-0.31;0.11;+1;0;0;0;0

57.8;0.60;3.50;-0.31;+1;0;0;0;0

58.7;0.90;0.60;3.50;-1;0;0;0;0

57.6;-1.10;0.90;0.60;-1;0;0;0;0

56.25;-1.35;-1.10;0.90;-1;0;0;0;0

54.1;-2.15;-1.35;-1.10;-1;0;0;0;0

53.8;-0.30;-2.15;-1.35;-1;0;0;0;0

52.8;-1.00;-0.30;-2.15;-1;0;0;0;0

52;-0.80;-1.00;-0.30;-1;0;0;0;0

50.8;-1.20;-0.80;-1.00;-1;0;0;0;0

49.9;-0.90;-1.20;-0.80;-1;0;0;0;0

47.7;-2.20;-0.90;-1.20;-1;0;0;0;0

47;-0.70;-2.20;-0.90;+1;0;0;0;0

49;2.00;-0.70;-2.20;-1;0;0;0;0

48;-1.00;2.00;-0.70;+1;0;0;0;0

50.5;2.50;-1.00;2.00;+1;0;0;0;0

52.5;2.00;2.50;-1.00;-1;0;0;0;0

52.4;-0.10;2.00;2.50;-1;0;0;0;0

50.99;-1.41;-0.10;2.00;+1;0;0;0;0

52.99;2.00;-1.41;-0.10;+1;0;0;0;0

54.97;1.98;2.00;-1.41;+1;0;0;0;0

56.5;1.53;1.98;2.00;-1;0;0;0;0

54;-2.50;1.53;1.98;-1;0;0;0;0

51.99;-2.01;-2.50;1.53;-1;0;0;0;0

49.99;-2.00;-2.01;-2.50;+1;0;0;0;0

53.5;3.51;-2.00;-2.01;-1;0;0;0;0

52.99;-0.51;3.51;-2.00;-1;0;0;0;0

50.8;-2.19;-0.51;3.51;-1;0;0;0;0

50.7;-0.10;-2.19;-0.51;-1;0;0;0;0

49.65;-1.05;-0.10;-2.19;+1;0;0;0;0

51.68;2.03;-1.05;-0.10;+1;0;0;0;0

53.4;1.72;2.03;-1.05;+1;0;0;0;0

54.63;1.23;1.72;2.03;+1;0;0;0;0

57;2.37;1.23;1.72;-1;0;0;0;0

56;-1.00;2.37;1.23;+1;0;0;0;0

56.8;0.80;-1.00;2.37;-1;0;0;0;0

56;-0.80;0.80;-1.00;-1;0;0;0;0

56;0.00;-0.80;0.80;-1;0;0;0;0

56;0.00;0.00;-0.80;+1;0;0;0;0

59.5;3.50;0.00;0.00;-1;0;0;0;0

59.15;-0.35;3.50;0.00;+1;0;0;0;0

59.6;0.45;-0.35;3.50;+1;0;0;0;0

61;1.40;0.45;-0.35;-1;0;0;0;0

60.5;-0.50;1.40;0.45;+1;0;0;0;0

61;0.50;-0.50;1.40;-1;0;0;0;0

59.5;-1.50;0.50;-0.50;+1;0;0;0;0

60;0.50;-1.50;0.50;-1;0;0;0;0

59.3;-0.70;0.50;-1.50;-1;0;0;0;0

58.49;-0.81;-0.70;0.50;-1;0;0;0;0

54.6;-3.89;-0.81;-0.70;-1;0;0;0;0

54.4;-0.20;-3.89;-0.81;-1;0;0;0;0

52.9;-1.50;-0.20;-3.89;+1;0;0;0;0

53;0.10;-1.50;-0.20;+1;0;0;0;0

56.7;3.70;0.10;-1.50;-1;0;0;0;0

55.8;-0.90;3.70;0.10;-1;0;0;0;0

54.7;-1.10;-0.90;3.70;+1;0;0;0;0

56;1.30;-1.10;-0.90;+1;0;0;0;0

58.49;2.49;1.30;-1.10;-1;0;0;0;0

58.38;-0.11;2.49;1.30;+1;0;0;0;0

58.99;0.61;-0.11;2.49;-1;0;0;0;0

58.64;-0.35;0.61;-0.11;+1;0;0;0;0

58.94;0.30;-0.35;0.61;-1;0;0;0;0

58.64;-0.30;0.30;-0.35;-1;0;0;0;0

58;-0.64;-0.30;0.30;+1;0;0;0;0

61.24;3.24;-0.64;-0.30;-1;0;0;0;0

60.7;-0.54;3.24;-0.64;-1;0;0;0;0

60.4;-0.30;-0.54;3.24;-1;0;0;0;0

59.5;-0.90;-0.30;-0.54;+1;0;0;0;0

60.9;1.40;-0.90;-0.30;+1;0;0;0;0

61.97;1.07;1.40;-0.90;-1;0;0;0;0

61;-0.97;1.07;1.40;+1;0;0;0;0

61.4;0.40;-0.97;1.07;+1;0;0;0;0

63;1.60;0.40;-0.97;+1;0;0;0;0

64.9;1.90;1.60;0.40;-1;0;0;0;0

64.5;-0.40;1.90;1.60;-1;0;0;0;0

63.5;-1.00;-0.40;1.90;-1;0;0;0;0

62;-1.50;-1.00;-0.40;+1;0;0;0;0

63;1.00;-1.50;-1.00;-1;0;0;0;0

60.99;-2.01;1.00;-1.50;-1;0;0;0;0

60.75;-0.24;-2.01;1.00;+1;0;0;0;0

60.86;0.11;-0.24;-2.01;+1;0;0;0;0

63.2;2.34;0.11;-0.24;+1;0;0;0;0

64.6;1.40;2.34;0.11;+1;0;0;0;0

66.1;1.50;1.40;2.34;+1;0;0;0;0

66.49;0.39;1.50;1.40;+1;0;0;0;0

67.39;0.90;0.39;1.50;+1;0;0;0;0

69.34;1.95;0.90;0.39;-1;0;0;0;0

67.5;-1.84;1.95;0.90;-1;0;0;0;0

66.51;-0.99;-1.84;1.95;+1;0;0;0;0

67.39;0.88;-0.99;-1.84;-1;0;0;0;0

67.2;-0.19;0.88;-0.99;+1;0;0;0;0

67.8;0.60;-0.19;0.88;+1;0;0;0;0

69.1;1.30;0.60;-0.19;+1;0;0;0;0

71.8;2.70;1.30;0.60;+1;0;0;0;0

72.35;0.55;2.70;1.30;-1;0;0;0;0

70.6;-1.75;0.55;2.70;-1;0;0;0;0

70.28;-0.32;-1.75;0.55;+1;0;0;0;0

70.5;0.22;-0.32;-1.75;-1;0;0;0;0

68.69;-1.81;0.22;-0.32;+1;0;0;0;0

70.03;1.34;-1.81;0.22;+1;0;0;0;0

72;1.97;1.34;-1.81;+1;0;0;0;0

73.1;1.10;1.97;1.34;-1;0;0;0;0

72.86;-0.24;1.10;1.97;-1;0;0;0;0

70.7;-2.16;-0.24;1.10;-1;0;0;0;0

68.8;-1.90;-2.16;-0.24;-1;0;0;0;0

