25.73;25.89;25.5;25.71;210207;0.13;0.15;-0.29;-0.46;0.02;-0.11;0.56;0.24;-1.04;0.55;-0.17;-0.50;-0.84;-0.52;0.01;-0.17;-0.20;-0.24;-0.13;0.23;0.14;0.02;0.00;-0.29;0.21;-0.19;0.29;0.20;0.23;-0.18;0.30;-0.26;-0.24;0.11;0.05;-0.43;-0.53;0.12;0.06;0.61;-1;0;0;0;0

25.45;25.78;25.43;25.7;179803;-0.28;0.13;0.15;-0.29;-0.46;0.02;-0.11;0.56;0.24;-1.04;0.55;-0.17;-0.50;-0.84;-0.52;0.01;-0.17;-0.20;-0.24;-0.13;0.23;0.14;0.02;0.00;-0.29;0.21;-0.19;0.29;0.20;0.23;-0.18;0.30;-0.26;-0.24;0.11;0.05;-0.43;-0.53;0.12;0.06;-1;0;0;0;0

25.32;25.63;25.2;25.59;256884;-0.13;-0.28;0.13;0.15;-0.29;-0.46;0.02;-0.11;0.56;0.24;-1.04;0.55;-0.17;-0.50;-0.84;-0.52;0.01;-0.17;-0.20;-0.24;-0.13;0.23;0.14;0.02;0.00;-0.29;0.21;-0.19;0.29;0.20;0.23;-0.18;0.30;-0.26;-0.24;0.11;0.05;-0.43;-0.53;0.12;-1;0;0;0;0

24.47;25.34;24.24;25.19;312539;-0.85;-0.13;-0.28;0.13;0.15;-0.29;-0.46;0.02;-0.11;0.56;0.24;-1.04;0.55;-0.17;-0.50;-0.84;-0.52;0.01;-0.17;-0.20;-0.24;-0.13;0.23;0.14;0.02;0.00;-0.29;0.21;-0.19;0.29;0.20;0.23;-0.18;0.30;-0.26;-0.24;0.11;0.05;-0.43;-0.53;-1;0;0;0;0

24.21;24.89;24.14;24.8;232808;-0.26;-0.85;-0.13;-0.28;0.13;0.15;-0.29;-0.46;0.02;-0.11;0.56;0.24;-1.04;0.55;-0.17;-0.50;-0.84;-0.52;0.01;-0.17;-0.20;-0.24;-0.13;0.23;0.14;0.02;0.00;-0.29;0.21;-0.19;0.29;0.20;0.23;-0.18;0.30;-0.26;-0.24;0.11;0.05;-0.43;+1;0;0;0;0

24.6;24.69;24.2;24.24;186945;0.39;-0.26;-0.85;-0.13;-0.28;0.13;0.15;-0.29;-0.46;0.02;-0.11;0.56;0.24;-1.04;0.55;-0.17;-0.50;-0.84;-0.52;0.01;-0.17;-0.20;-0.24;-0.13;0.23;0.14;0.02;0.00;-0.29;0.21;-0.19;0.29;0.20;0.23;-0.18;0.30;-0.26;-0.24;0.11;0.05;+1;0;0;0;0

24.68;24.86;24.51;24.72;127022;0.08;0.39;-0.26;-0.85;-0.13;-0.28;0.13;0.15;-0.29;-0.46;0.02;-0.11;0.56;0.24;-1.04;0.55;-0.17;-0.50;-0.84;-0.52;0.01;-0.17;-0.20;-0.24;-0.13;0.23;0.14;0.02;0.00;-0.29;0.21;-0.19;0.29;0.20;0.23;-0.18;0.30;-0.26;-0.24;0.11;-1;0;0;0;0

24.01;24.58;24.01;24.55;223341;-0.67;0.08;0.39;-0.26;-0.85;-0.13;-0.28;0.13;0.15;-0.29;-0.46;0.02;-0.11;0.56;0.24;-1.04;0.55;-0.17;-0.50;-0.84;-0.52;0.01;-0.17;-0.20;-0.24;-0.13;0.23;0.14;0.02;0.00;-0.29;0.21;-0.19;0.29;0.20;0.23;-0.18;0.30;-0.26;-0.24;-1;0;0;0;0

23.68;23.92;23.43;23.6;236629;-0.33;-0.67;0.08;0.39;-0.26;-0.85;-0.13;-0.28;0.13;0.15;-0.29;-0.46;0.02;-0.11;0.56;0.24;-1.04;0.55;-0.17;-0.50;-0.84;-0.52;0.01;-0.17;-0.20;-0.24;-0.13;0.23;0.14;0.02;0.00;-0.29;0.21;-0.19;0.29;0.20;0.23;-0.18;0.30;-0.26;-1;0;0;0;0

23.52;23.85;23.48;23.77;202898;-0.16;-0.33;-0.67;0.08;0.39;-0.26;-0.85;-0.13;-0.28;0.13;0.15;-0.29;-0.46;0.02;-0.11;0.56;0.24;-1.04;0.55;-0.17;-0.50;-0.84;-0.52;0.01;-0.17;-0.20;-0.24;-0.13;0.23;0.14;0.02;0.00;-0.29;0.21;-0.19;0.29;0.20;0.23;-0.18;0.30;+1;0;0;0;0

23.94;24.29;23.33;23.43;302132;0.42;-0.16;-0.33;-0.67;0.08;0.39;-0.26;-0.85;-0.13;-0.28;0.13;0.15;-0.29;-0.46;0.02;-0.11;0.56;0.24;-1.04;0.55;-0.17;-0.50;-0.84;-0.52;0.01;-0.17;-0.20;-0.24;-0.13;0.23;0.14;0.02;0.00;-0.29;0.21;-0.19;0.29;0.20;0.23;-0.18;+1;0;0;0;0

24.4;24.47;23.75;23.99;203877;0.46;0.42;-0.16;-0.33;-0.67;0.08;0.39;-0.26;-0.85;-0.13;-0.28;0.13;0.15;-0.29;-0.46;0.02;-0.11;0.56;0.24;-1.04;0.55;-0.17;-0.50;-0.84;-0.52;0.01;-0.17;-0.20;-0.24;-0.13;0.23;0.14;0.02;0.00;-0.29;0.21;-0.19;0.29;0.20;0.23;-1;0;0;0;0

24.1;24.68;24.1;24.47;188941;-0.30;0.46;0.42;-0.16;-0.33;-0.67;0.08;0.39;-0.26;-0.85;-0.13;-0.28;0.13;0.15;-0.29;-0.46;0.02;-0.11;0.56;0.24;-1.04;0.55;-0.17;-0.50;-0.84;-0.52;0.01;-0.17;-0.20;-0.24;-0.13;0.23;0.14;0.02;0.00;-0.29;0.21;-0.19;0.29;0.20;-1;0;0;0;0

23.64;24.39;23.64;24.25;178845;-0.46;-0.30;0.46;0.42;-0.16;-0.33;-0.67;0.08;0.39;-0.26;-0.85;-0.13;-0.28;0.13;0.15;-0.29;-0.46;0.02;-0.11;0.56;0.24;-1.04;0.55;-0.17;-0.50;-0.84;-0.52;0.01;-0.17;-0.20;-0.24;-0.13;0.23;0.14;0.02;0.00;-0.29;0.21;-0.19;0.29;+1;0;0;0;0

23.99;24.15;23.48;23.66;142812;0.35;-0.46;-0.30;0.46;0.42;-0.16;-0.33;-0.67;0.08;0.39;-0.26;-0.85;-0.13;-0.28;0.13;0.15;-0.29;-0.46;0.02;-0.11;0.56;0.24;-1.04;0.55;-0.17;-0.50;-0.84;-0.52;0.01;-0.17;-0.20;-0.24;-0.13;0.23;0.14;0.02;0.00;-0.29;0.21;-0.19;-1;0;0;0;0

23.6;23.7;23.41;23.5;150129;-0.39;0.35;-0.46;-0.30;0.46;0.42;-0.16;-0.33;-0.67;0.08;0.39;-0.26;-0.85;-0.13;-0.28;0.13;0.15;-0.29;-0.46;0.02;-0.11;0.56;0.24;-1.04;0.55;-0.17;-0.50;-0.84;-0.52;0.01;-0.17;-0.20;-0.24;-0.13;0.23;0.14;0.02;0.00;-0.29;0.21;+1;0;0;0;0

23.85;24.08;23.74;23.86;128694;0.25;-0.39;0.35;-0.46;-0.30;0.46;0.42;-0.16;-0.33;-0.67;0.08;0.39;-0.26;-0.85;-0.13;-0.28;0.13;0.15;-0.29;-0.46;0.02;-0.11;0.56;0.24;-1.04;0.55;-0.17;-0.50;-0.84;-0.52;0.01;-0.17;-0.20;-0.24;-0.13;0.23;0.14;0.02;0.00;-0.29;+1;0;0;0;0

23.9;24.21;23.65;23.83;125277;0.05;0.25;-0.39;0.35;-0.46;-0.30;0.46;0.42;-0.16;-0.33;-0.67;0.08;0.39;-0.26;-0.85;-0.13;-0.28;0.13;0.15;-0.29;-0.46;0.02;-0.11;0.56;0.24;-1.04;0.55;-0.17;-0.50;-0.84;-0.52;0.01;-0.17;-0.20;-0.24;-0.13;0.23;0.14;0.02;0.00;+1;0;0;0;0

24.2;24.2;23.76;24;170950;0.30;0.05;0.25;-0.39;0.35;-0.46;-0.30;0.46;0.42;-0.16;-0.33;-0.67;0.08;0.39;-0.26;-0.85;-0.13;-0.28;0.13;0.15;-0.29;-0.46;0.02;-0.11;0.56;0.24;-1.04;0.55;-0.17;-0.50;-0.84;-0.52;0.01;-0.17;-0.20;-0.24;-0.13;0.23;0.14;0.02;+1;0;0;0;0

24.29;24.44;24.14;24.32;138521;0.09;0.30;0.05;0.25;-0.39;0.35;-0.46;-0.30;0.46;0.42;-0.16;-0.33;-0.67;0.08;0.39;-0.26;-0.85;-0.13;-0.28;0.13;0.15;-0.29;-0.46;0.02;-0.11;0.56;0.24;-1.04;0.55;-0.17;-0.50;-0.84;-0.52;0.01;-0.17;-0.20;-0.24;-0.13;0.23;0.14;-1;0;0;0;0

24.08;24.32;24.05;24.32;36203;-0.21;0.09;0.30;0.05;0.25;-0.39;0.35;-0.46;-0.30;0.46;0.42;-0.16;-0.33;-0.67;0.08;0.39;-0.26;-0.85;-0.13;-0.28;0.13;0.15;-0.29;-0.46;0.02;-0.11;0.56;0.24;-1.04;0.55;-0.17;-0.50;-0.84;-0.52;0.01;-0.17;-0.20;-0.24;-0.13;0.23;+1;0;0;0;0

24.09;24.35;23.88;24.3;164225;0.01;-0.21;0.09;0.30;0.05;0.25;-0.39;0.35;-0.46;-0.30;0.46;0.42;-0.16;-0.33;-0.67;0.08;0.39;-0.26;-0.85;-0.13;-0.28;0.13;0.15;-0.29;-0.46;0.02;-0.11;0.56;0.24;-1.04;0.55;-0.17;-0.50;-0.84;-0.52;0.01;-0.17;-0.20;-0.24;-0.13;-1;0;0;0;0

24;24.14;23.83;24;180370;-0.09;0.01;-0.21;0.09;0.30;0.05;0.25;-0.39;0.35;-0.46;-0.30;0.46;0.42;-0.16;-0.33;-0.67;0.08;0.39;-0.26;-0.85;-0.13;-0.28;0.13;0.15;-0.29;-0.46;0.02;-0.11;0.56;0.24;-1.04;0.55;-0.17;-0.50;-0.84;-0.52;0.01;-0.17;-0.20;-0.24;-1;0;0;0;0

23.95;24.07;23.73;24.07;158736;-0.05;-0.09;0.01;-0.21;0.09;0.30;0.05;0.25;-0.39;0.35;-0.46;-0.30;0.46;0.42;-0.16;-0.33;-0.67;0.08;0.39;-0.26;-0.85;-0.13;-0.28;0.13;0.15;-0.29;-0.46;0.02;-0.11;0.56;0.24;-1.04;0.55;-0.17;-0.50;-0.84;-0.52;0.01;-0.17;-0.20;-1;0;0;0;0

23.78;24.16;23.67;23.78;155074;-0.17;-0.05;-0.09;0.01;-0.21;0.09;0.30;0.05;0.25;-0.39;0.35;-0.46;-0.30;0.46;0.42;-0.16;-0.33;-0.67;0.08;0.39;-0.26;-0.85;-0.13;-0.28;0.13;0.15;-0.29;-0.46;0.02;-0.11;0.56;0.24;-1.04;0.55;-0.17;-0.50;-0.84;-0.52;0.01;-0.17;-1;0;0;0;0

23.2;23.93;23.15;23.87;222517;-0.58;-0.17;-0.05;-0.09;0.01;-0.21;0.09;0.30;0.05;0.25;-0.39;0.35;-0.46;-0.30;0.46;0.42;-0.16;-0.33;-0.67;0.08;0.39;-0.26;-0.85;-0.13;-0.28;0.13;0.15;-0.29;-0.46;0.02;-0.11;0.56;0.24;-1.04;0.55;-0.17;-0.50;-0.84;-0.52;0.01;-1;0;0;0;0

23;23.37;22.94;23.36;235131;-0.20;-0.58;-0.17;-0.05;-0.09;0.01;-0.21;0.09;0.30;0.05;0.25;-0.39;0.35;-0.46;-0.30;0.46;0.42;-0.16;-0.33;-0.67;0.08;0.39;-0.26;-0.85;-0.13;-0.28;0.13;0.15;-0.29;-0.46;0.02;-0.11;0.56;0.24;-1.04;0.55;-0.17;-0.50;-0.84;-0.52;+1;0;0;0;0

23.2;23.45;22.85;22.95;218505;0.20;-0.20;-0.58;-0.17;-0.05;-0.09;0.01;-0.21;0.09;0.30;0.05;0.25;-0.39;0.35;-0.46;-0.30;0.46;0.42;-0.16;-0.33;-0.67;0.08;0.39;-0.26;-0.85;-0.13;-0.28;0.13;0.15;-0.29;-0.46;0.02;-0.11;0.56;0.24;-1.04;0.55;-0.17;-0.50;-0.84;+1;0;0;0;0

23.7;23.94;23.09;23.24;246992;0.50;0.20;-0.20;-0.58;-0.17;-0.05;-0.09;0.01;-0.21;0.09;0.30;0.05;0.25;-0.39;0.35;-0.46;-0.30;0.46;0.42;-0.16;-0.33;-0.67;0.08;0.39;-0.26;-0.85;-0.13;-0.28;0.13;0.15;-0.29;-0.46;0.02;-0.11;0.56;0.24;-1.04;0.55;-0.17;-0.50;+1;0;0;0;0

23.72;23.84;23.54;23.78;176718;0.02;0.50;0.20;-0.20;-0.58;-0.17;-0.05;-0.09;0.01;-0.21;0.09;0.30;0.05;0.25;-0.39;0.35;-0.46;-0.30;0.46;0.42;-0.16;-0.33;-0.67;0.08;0.39;-0.26;-0.85;-0.13;-0.28;0.13;0.15;-0.29;-0.46;0.02;-0.11;0.56;0.24;-1.04;0.55;-0.17;-1;0;0;0;0

23.33;23.82;23.26;23.77;122118;-0.39;0.02;0.50;0.20;-0.20;-0.58;-0.17;-0.05;-0.09;0.01;-0.21;0.09;0.30;0.05;0.25;-0.39;0.35;-0.46;-0.30;0.46;0.42;-0.16;-0.33;-0.67;0.08;0.39;-0.26;-0.85;-0.13;-0.28;0.13;0.15;-0.29;-0.46;0.02;-0.11;0.56;0.24;-1.04;0.55;+1;0;0;0;0

23.6;23.69;23.42;23.42;135965;0.27;-0.39;0.02;0.50;0.20;-0.20;-0.58;-0.17;-0.05;-0.09;0.01;-0.21;0.09;0.30;0.05;0.25;-0.39;0.35;-0.46;-0.30;0.46;0.42;-0.16;-0.33;-0.67;0.08;0.39;-0.26;-0.85;-0.13;-0.28;0.13;0.15;-0.29;-0.46;0.02;-0.11;0.56;0.24;-1.04;-1;0;0;0;0

23.3;23.55;23.15;23.29;207525;-0.30;0.27;-0.39;0.02;0.50;0.20;-0.20;-0.58;-0.17;-0.05;-0.09;0.01;-0.21;0.09;0.30;0.05;0.25;-0.39;0.35;-0.46;-0.30;0.46;0.42;-0.16;-0.33;-0.67;0.08;0.39;-0.26;-0.85;-0.13;-0.28;0.13;0.15;-0.29;-0.46;0.02;-0.11;0.56;0.24;-1;0;0;0;0

23.29;23.75;23.09;23.29;203382;-0.01;-0.30;0.27;-0.39;0.02;0.50;0.20;-0.20;-0.58;-0.17;-0.05;-0.09;0.01;-0.21;0.09;0.30;0.05;0.25;-0.39;0.35;-0.46;-0.30;0.46;0.42;-0.16;-0.33;-0.67;0.08;0.39;-0.26;-0.85;-0.13;-0.28;0.13;0.15;-0.29;-0.46;0.02;-0.11;0.56;-1;0;0;0;0

23.24;23.48;23.19;23.47;147583;-0.05;-0.01;-0.30;0.27;-0.39;0.02;0.50;0.20;-0.20;-0.58;-0.17;-0.05;-0.09;0.01;-0.21;0.09;0.30;0.05;0.25;-0.39;0.35;-0.46;-0.30;0.46;0.42;-0.16;-0.33;-0.67;0.08;0.39;-0.26;-0.85;-0.13;-0.28;0.13;0.15;-0.29;-0.46;0.02;-0.11;-1;0;0;0;0

23.1;23.44;23.06;23.2;192381;-0.14;-0.05;-0.01;-0.30;0.27;-0.39;0.02;0.50;0.20;-0.20;-0.58;-0.17;-0.05;-0.09;0.01;-0.21;0.09;0.30;0.05;0.25;-0.39;0.35;-0.46;-0.30;0.46;0.42;-0.16;-0.33;-0.67;0.08;0.39;-0.26;-0.85;-0.13;-0.28;0.13;0.15;-0.29;-0.46;0.02;+1;0;0;0;0

23.24;23.3;23.04;23.2;135981;0.14;-0.14;-0.05;-0.01;-0.30;0.27;-0.39;0.02;0.50;0.20;-0.20;-0.58;-0.17;-0.05;-0.09;0.01;-0.21;0.09;0.30;0.05;0.25;-0.39;0.35;-0.46;-0.30;0.46;0.42;-0.16;-0.33;-0.67;0.08;0.39;-0.26;-0.85;-0.13;-0.28;0.13;0.15;-0.29;-0.46;+1;0;0;0;0

23.26;23.67;23.17;23.2;188529;0.02;0.14;-0.14;-0.05;-0.01;-0.30;0.27;-0.39;0.02;0.50;0.20;-0.20;-0.58;-0.17;-0.05;-0.09;0.01;-0.21;0.09;0.30;0.05;0.25;-0.39;0.35;-0.46;-0.30;0.46;0.42;-0.16;-0.33;-0.67;0.08;0.39;-0.26;-0.85;-0.13;-0.28;0.13;0.15;-0.29;-1;0;0;0;0

22.87;23.21;22.85;23.17;162746;-0.39;0.02;0.14;-0.14;-0.05;-0.01;-0.30;0.27;-0.39;0.02;0.50;0.20;-0.20;-0.58;-0.17;-0.05;-0.09;0.01;-0.21;0.09;0.30;0.05;0.25;-0.39;0.35;-0.46;-0.30;0.46;0.42;-0.16;-0.33;-0.67;0.08;0.39;-0.26;-0.85;-0.13;-0.28;0.13;0.15;+1;0;0;0;0

23.08;23.19;22.87;23;151300;0.21;-0.39;0.02;0.14;-0.14;-0.05;-0.01;-0.30;0.27;-0.39;0.02;0.50;0.20;-0.20;-0.58;-0.17;-0.05;-0.09;0.01;-0.21;0.09;0.30;0.05;0.25;-0.39;0.35;-0.46;-0.30;0.46;0.42;-0.16;-0.33;-0.67;0.08;0.39;-0.26;-0.85;-0.13;-0.28;0.13;+1;0;0;0;0

23.45;23.45;23.1;23.17;159561;0.37;0.21;-0.39;0.02;0.14;-0.14;-0.05;-0.01;-0.30;0.27;-0.39;0.02;0.50;0.20;-0.20;-0.58;-0.17;-0.05;-0.09;0.01;-0.21;0.09;0.30;0.05;0.25;-0.39;0.35;-0.46;-0.30;0.46;0.42;-0.16;-0.33;-0.67;0.08;0.39;-0.26;-0.85;-0.13;-0.28;-1;0;0;0;0

23.38;23.54;23.2;23.5;144881;-0.07;0.37;0.21;-0.39;0.02;0.14;-0.14;-0.05;-0.01;-0.30;0.27;-0.39;0.02;0.50;0.20;-0.20;-0.58;-0.17;-0.05;-0.09;0.01;-0.21;0.09;0.30;0.05;0.25;-0.39;0.35;-0.46;-0.30;0.46;0.42;-0.16;-0.33;-0.67;0.08;0.39;-0.26;-0.85;-0.13;+1;0;0;0;0

23.72;23.72;23.5;23.59;162704;0.34;-0.07;0.37;0.21;-0.39;0.02;0.14;-0.14;-0.05;-0.01;-0.30;0.27;-0.39;0.02;0.50;0.20;-0.20;-0.58;-0.17;-0.05;-0.09;0.01;-0.21;0.09;0.30;0.05;0.25;-0.39;0.35;-0.46;-0.30;0.46;0.42;-0.16;-0.33;-0.67;0.08;0.39;-0.26;-0.85;+1;0;0;0;0

23.75;23.89;23.47;23.65;183665;0.03;0.34;-0.07;0.37;0.21;-0.39;0.02;0.14;-0.14;-0.05;-0.01;-0.30;0.27;-0.39;0.02;0.50;0.20;-0.20;-0.58;-0.17;-0.05;-0.09;0.01;-0.21;0.09;0.30;0.05;0.25;-0.39;0.35;-0.46;-0.30;0.46;0.42;-0.16;-0.33;-0.67;0.08;0.39;-0.26;+1;0;0;0;0

23.8;23.85;23.71;23.72;57812;0.05;0.03;0.34;-0.07;0.37;0.21;-0.39;0.02;0.14;-0.14;-0.05;-0.01;-0.30;0.27;-0.39;0.02;0.50;0.20;-0.20;-0.58;-0.17;-0.05;-0.09;0.01;-0.21;0.09;0.30;0.05;0.25;-0.39;0.35;-0.46;-0.30;0.46;0.42;-0.16;-0.33;-0.67;0.08;0.39;-1;0;0;0;0

23.56;23.98;23.51;23.8;130923;-0.24;0.05;0.03;0.34;-0.07;0.37;0.21;-0.39;0.02;0.14;-0.14;-0.05;-0.01;-0.30;0.27;-0.39;0.02;0.50;0.20;-0.20;-0.58;-0.17;-0.05;-0.09;0.01;-0.21;0.09;0.30;0.05;0.25;-0.39;0.35;-0.46;-0.30;0.46;0.42;-0.16;-0.33;-0.67;0.08;-1;0;0;0;0

23.51;23.65;23.29;23.45;132090;-0.05;-0.24;0.05;0.03;0.34;-0.07;0.37;0.21;-0.39;0.02;0.14;-0.14;-0.05;-0.01;-0.30;0.27;-0.39;0.02;0.50;0.20;-0.20;-0.58;-0.17;-0.05;-0.09;0.01;-0.21;0.09;0.30;0.05;0.25;-0.39;0.35;-0.46;-0.30;0.46;0.42;-0.16;-0.33;-0.67;+1;0;0;0;0

23.63;23.79;23.55;23.7;154900;0.12;-0.05;-0.24;0.05;0.03;0.34;-0.07;0.37;0.21;-0.39;0.02;0.14;-0.14;-0.05;-0.01;-0.30;0.27;-0.39;0.02;0.50;0.20;-0.20;-0.58;-0.17;-0.05;-0.09;0.01;-0.21;0.09;0.30;0.05;0.25;-0.39;0.35;-0.46;-0.30;0.46;0.42;-0.16;-0.33;-1;0;0;0;0

23.44;23.63;23.4;23.5;136684;-0.19;0.12;-0.05;-0.24;0.05;0.03;0.34;-0.07;0.37;0.21;-0.39;0.02;0.14;-0.14;-0.05;-0.01;-0.30;0.27;-0.39;0.02;0.50;0.20;-0.20;-0.58;-0.17;-0.05;-0.09;0.01;-0.21;0.09;0.30;0.05;0.25;-0.39;0.35;-0.46;-0.30;0.46;0.42;-0.16;-1;0;0;0;0

23.15;23.32;23.06;23.2;167274;-0.29;-0.19;0.12;-0.05;-0.24;0.05;0.03;0.34;-0.07;0.37;0.21;-0.39;0.02;0.14;-0.14;-0.05;-0.01;-0.30;0.27;-0.39;0.02;0.50;0.20;-0.20;-0.58;-0.17;-0.05;-0.09;0.01;-0.21;0.09;0.30;0.05;0.25;-0.39;0.35;-0.46;-0.30;0.46;0.42;-1;0;0;0;0

23.12;23.3;22.93;23.02;119358;-0.03;-0.29;-0.19;0.12;-0.05;-0.24;0.05;0.03;0.34;-0.07;0.37;0.21;-0.39;0.02;0.14;-0.14;-0.05;-0.01;-0.30;0.27;-0.39;0.02;0.50;0.20;-0.20;-0.58;-0.17;-0.05;-0.09;0.01;-0.21;0.09;0.30;0.05;0.25;-0.39;0.35;-0.46;-0.30;0.46;+1;0;0;0;0

23.39;23.44;23.13;23.29;158752;0.27;-0.03;-0.29;-0.19;0.12;-0.05;-0.24;0.05;0.03;0.34;-0.07;0.37;0.21;-0.39;0.02;0.14;-0.14;-0.05;-0.01;-0.30;0.27;-0.39;0.02;0.50;0.20;-0.20;-0.58;-0.17;-0.05;-0.09;0.01;-0.21;0.09;0.30;0.05;0.25;-0.39;0.35;-0.46;-0.30;-1;0;0;0;0

22.95;23.36;22.86;23.27;173394;-0.44;0.27;-0.03;-0.29;-0.19;0.12;-0.05;-0.24;0.05;0.03;0.34;-0.07;0.37;0.21;-0.39;0.02;0.14;-0.14;-0.05;-0.01;-0.30;0.27;-0.39;0.02;0.50;0.20;-0.20;-0.58;-0.17;-0.05;-0.09;0.01;-0.21;0.09;0.30;0.05;0.25;-0.39;0.35;-0.46;+1;0;0;0;0

22.99;23.11;22.86;23;158833;0.04;-0.44;0.27;-0.03;-0.29;-0.19;0.12;-0.05;-0.24;0.05;0.03;0.34;-0.07;0.37;0.21;-0.39;0.02;0.14;-0.14;-0.05;-0.01;-0.30;0.27;-0.39;0.02;0.50;0.20;-0.20;-0.58;-0.17;-0.05;-0.09;0.01;-0.21;0.09;0.30;0.05;0.25;-0.39;0.35;-1;0;0;0;0

22.76;23;22.53;22.81;192031;-0.23;0.04;-0.44;0.27;-0.03;-0.29;-0.19;0.12;-0.05;-0.24;0.05;0.03;0.34;-0.07;0.37;0.21;-0.39;0.02;0.14;-0.14;-0.05;-0.01;-0.30;0.27;-0.39;0.02;0.50;0.20;-0.20;-0.58;-0.17;-0.05;-0.09;0.01;-0.21;0.09;0.30;0.05;0.25;-0.39;-1;0;0;0;0

22.65;22.97;22.56;22.87;171920;-0.11;-0.23;0.04;-0.44;0.27;-0.03;-0.29;-0.19;0.12;-0.05;-0.24;0.05;0.03;0.34;-0.07;0.37;0.21;-0.39;0.02;0.14;-0.14;-0.05;-0.01;-0.30;0.27;-0.39;0.02;0.50;0.20;-0.20;-0.58;-0.17;-0.05;-0.09;0.01;-0.21;0.09;0.30;0.05;0.25;-1;0;0;0;0

22.38;22.81;22.38;22.75;191597;-0.27;-0.11;-0.23;0.04;-0.44;0.27;-0.03;-0.29;-0.19;0.12;-0.05;-0.24;0.05;0.03;0.34;-0.07;0.37;0.21;-0.39;0.02;0.14;-0.14;-0.05;-0.01;-0.30;0.27;-0.39;0.02;0.50;0.20;-0.20;-0.58;-0.17;-0.05;-0.09;0.01;-0.21;0.09;0.30;0.05;+1;0;0;0;0

23;23.11;22.43;22.48;191914;0.62;-0.27;-0.11;-0.23;0.04;-0.44;0.27;-0.03;-0.29;-0.19;0.12;-0.05;-0.24;0.05;0.03;0.34;-0.07;0.37;0.21;-0.39;0.02;0.14;-0.14;-0.05;-0.01;-0.30;0.27;-0.39;0.02;0.50;0.20;-0.20;-0.58;-0.17;-0.05;-0.09;0.01;-0.21;0.09;0.30;-1;0;0;0;0

22.97;23.27;22.85;23.02;135622;-0.03;0.62;-0.27;-0.11;-0.23;0.04;-0.44;0.27;-0.03;-0.29;-0.19;0.12;-0.05;-0.24;0.05;0.03;0.34;-0.07;0.37;0.21;-0.39;0.02;0.14;-0.14;-0.05;-0.01;-0.30;0.27;-0.39;0.02;0.50;0.20;-0.20;-0.58;-0.17;-0.05;-0.09;0.01;-0.21;0.09;+1;0;0;0;0

23.5;23.6;23.05;23.09;268398;0.53;-0.03;0.62;-0.27;-0.11;-0.23;0.04;-0.44;0.27;-0.03;-0.29;-0.19;0.12;-0.05;-0.24;0.05;0.03;0.34;-0.07;0.37;0.21;-0.39;0.02;0.14;-0.14;-0.05;-0.01;-0.30;0.27;-0.39;0.02;0.50;0.20;-0.20;-0.58;-0.17;-0.05;-0.09;0.01;-0.21;+1;0;0;0;0

23.66;23.92;23.48;23.59;255062;0.16;0.53;-0.03;0.62;-0.27;-0.11;-0.23;0.04;-0.44;0.27;-0.03;-0.29;-0.19;0.12;-0.05;-0.24;0.05;0.03;0.34;-0.07;0.37;0.21;-0.39;0.02;0.14;-0.14;-0.05;-0.01;-0.30;0.27;-0.39;0.02;0.50;0.20;-0.20;-0.58;-0.17;-0.05;-0.09;0.01;-1;0;0;0;0

23.59;23.78;23.41;23.59;223416;-0.07;0.16;0.53;-0.03;0.62;-0.27;-0.11;-0.23;0.04;-0.44;0.27;-0.03;-0.29;-0.19;0.12;-0.05;-0.24;0.05;0.03;0.34;-0.07;0.37;0.21;-0.39;0.02;0.14;-0.14;-0.05;-0.01;-0.30;0.27;-0.39;0.02;0.50;0.20;-0.20;-0.58;-0.17;-0.05;-0.09;-1;0;0;0;0

23.5;23.74;23.44;23.69;173459;-0.09;-0.07;0.16;0.53;-0.03;0.62;-0.27;-0.11;-0.23;0.04;-0.44;0.27;-0.03;-0.29;-0.19;0.12;-0.05;-0.24;0.05;0.03;0.34;-0.07;0.37;0.21;-0.39;0.02;0.14;-0.14;-0.05;-0.01;-0.30;0.27;-0.39;0.02;0.50;0.20;-0.20;-0.58;-0.17;-0.05;-1;0;0;0;0

23.5;23.54;23.17;23.18;138607;0.00;-0.09;-0.07;0.16;0.53;-0.03;0.62;-0.27;-0.11;-0.23;0.04;-0.44;0.27;-0.03;-0.29;-0.19;0.12;-0.05;-0.24;0.05;0.03;0.34;-0.07;0.37;0.21;-0.39;0.02;0.14;-0.14;-0.05;-0.01;-0.30;0.27;-0.39;0.02;0.50;0.20;-0.20;-0.58;-0.17;-1;0;0;0;0

23.5;23.75;23.42;23.66;153385;0.00;0.00;-0.09;-0.07;0.16;0.53;-0.03;0.62;-0.27;-0.11;-0.23;0.04;-0.44;0.27;-0.03;-0.29;-0.19;0.12;-0.05;-0.24;0.05;0.03;0.34;-0.07;0.37;0.21;-0.39;0.02;0.14;-0.14;-0.05;-0.01;-0.30;0.27;-0.39;0.02;0.50;0.20;-0.20;-0.58;-1;0;0;0;0

23.17;23.63;23.09;23.49;147241;-0.33;0.00;0.00;-0.09;-0.07;0.16;0.53;-0.03;0.62;-0.27;-0.11;-0.23;0.04;-0.44;0.27;-0.03;-0.29;-0.19;0.12;-0.05;-0.24;0.05;0.03;0.34;-0.07;0.37;0.21;-0.39;0.02;0.14;-0.14;-0.05;-0.01;-0.30;0.27;-0.39;0.02;0.50;0.20;-0.20;-1;0;0;0;0

22.29;23.08;22.25;23.05;256896;-0.88;-0.33;0.00;0.00;-0.09;-0.07;0.16;0.53;-0.03;0.62;-0.27;-0.11;-0.23;0.04;-0.44;0.27;-0.03;-0.29;-0.19;0.12;-0.05;-0.24;0.05;0.03;0.34;-0.07;0.37;0.21;-0.39;0.02;0.14;-0.14;-0.05;-0.01;-0.30;0.27;-0.39;0.02;0.50;0.20;-1;0;0;0;0

20.65;21.99;20.65;21.9;433043;-1.64;-0.88;-0.33;0.00;0.00;-0.09;-0.07;0.16;0.53;-0.03;0.62;-0.27;-0.11;-0.23;0.04;-0.44;0.27;-0.03;-0.29;-0.19;0.12;-0.05;-0.24;0.05;0.03;0.34;-0.07;0.37;0.21;-0.39;0.02;0.14;-0.14;-0.05;-0.01;-0.30;0.27;-0.39;0.02;0.50;-1;0;0;0;0

20.18;20.98;19.73;20.62;405217;-0.47;-1.64;-0.88;-0.33;0.00;0.00;-0.09;-0.07;0.16;0.53;-0.03;0.62;-0.27;-0.11;-0.23;0.04;-0.44;0.27;-0.03;-0.29;-0.19;0.12;-0.05;-0.24;0.05;0.03;0.34;-0.07;0.37;0.21;-0.39;0.02;0.14;-0.14;-0.05;-0.01;-0.30;0.27;-0.39;0.02;-1;0;0;0;0

18.65;19.48;18.37;19.22;408929;-1.53;-0.47;-1.64;-0.88;-0.33;0.00;0.00;-0.09;-0.07;0.16;0.53;-0.03;0.62;-0.27;-0.11;-0.23;0.04;-0.44;0.27;-0.03;-0.29;-0.19;0.12;-0.05;-0.24;0.05;0.03;0.34;-0.07;0.37;0.21;-0.39;0.02;0.14;-0.14;-0.05;-0.01;-0.30;0.27;-0.39;+1;0;0;0;0

19.15;19.67;18.62;18.83;458616;0.50;-1.53;-0.47;-1.64;-0.88;-0.33;0.00;0.00;-0.09;-0.07;0.16;0.53;-0.03;0.62;-0.27;-0.11;-0.23;0.04;-0.44;0.27;-0.03;-0.29;-0.19;0.12;-0.05;-0.24;0.05;0.03;0.34;-0.07;0.37;0.21;-0.39;0.02;0.14;-0.14;-0.05;-0.01;-0.30;0.27;+1;0;0;0;0

19.73;19.85;18.81;19.01;387046;0.58;0.50;-1.53;-0.47;-1.64;-0.88;-0.33;0.00;0.00;-0.09;-0.07;0.16;0.53;-0.03;0.62;-0.27;-0.11;-0.23;0.04;-0.44;0.27;-0.03;-0.29;-0.19;0.12;-0.05;-0.24;0.05;0.03;0.34;-0.07;0.37;0.21;-0.39;0.02;0.14;-0.14;-0.05;-0.01;-0.30;+1;0;0;0;0

20.21;20.47;19.42;19.95;389029;0.48;0.58;0.50;-1.53;-0.47;-1.64;-0.88;-0.33;0.00;0.00;-0.09;-0.07;0.16;0.53;-0.03;0.62;-0.27;-0.11;-0.23;0.04;-0.44;0.27;-0.03;-0.29;-0.19;0.12;-0.05;-0.24;0.05;0.03;0.34;-0.07;0.37;0.21;-0.39;0.02;0.14;-0.14;-0.05;-0.01;+1;0;0;0;0

20.3;20.52;20.09;20.23;333046;0.09;0.48;0.58;0.50;-1.53;-0.47;-1.64;-0.88;-0.33;0.00;0.00;-0.09;-0.07;0.16;0.53;-0.03;0.62;-0.27;-0.11;-0.23;0.04;-0.44;0.27;-0.03;-0.29;-0.19;0.12;-0.05;-0.24;0.05;0.03;0.34;-0.07;0.37;0.21;-0.39;0.02;0.14;-0.14;-0.05;+1;0;0;0;0

20.99;20.99;20.47;20.5;220248;0.69;0.09;0.48;0.58;0.50;-1.53;-0.47;-1.64;-0.88;-0.33;0.00;0.00;-0.09;-0.07;0.16;0.53;-0.03;0.62;-0.27;-0.11;-0.23;0.04;-0.44;0.27;-0.03;-0.29;-0.19;0.12;-0.05;-0.24;0.05;0.03;0.34;-0.07;0.37;0.21;-0.39;0.02;0.14;-0.14;-1;0;0;0;0

20.76;20.84;20.48;20.77;197084;-0.23;0.69;0.09;0.48;0.58;0.50;-1.53;-0.47;-1.64;-0.88;-0.33;0.00;0.00;-0.09;-0.07;0.16;0.53;-0.03;0.62;-0.27;-0.11;-0.23;0.04;-0.44;0.27;-0.03;-0.29;-0.19;0.12;-0.05;-0.24;0.05;0.03;0.34;-0.07;0.37;0.21;-0.39;0.02;0.14;+1;0;0;0;0

20.87;20.96;20.54;20.8;189240;0.11;-0.23;0.69;0.09;0.48;0.58;0.50;-1.53;-0.47;-1.64;-0.88;-0.33;0.00;0.00;-0.09;-0.07;0.16;0.53;-0.03;0.62;-0.27;-0.11;-0.23;0.04;-0.44;0.27;-0.03;-0.29;-0.19;0.12;-0.05;-0.24;0.05;0.03;0.34;-0.07;0.37;0.21;-0.39;0.02;-1;0;0;0;0

20.3;20.37;19.77;20.35;260048;-0.57;0.11;-0.23;0.69;0.09;0.48;0.58;0.50;-1.53;-0.47;-1.64;-0.88;-0.33;0.00;0.00;-0.09;-0.07;0.16;0.53;-0.03;0.62;-0.27;-0.11;-0.23;0.04;-0.44;0.27;-0.03;-0.29;-0.19;0.12;-0.05;-0.24;0.05;0.03;0.34;-0.07;0.37;0.21;-0.39;-1;0;0;0;0

19.7;20.35;19.7;19.93;239046;-0.60;-0.57;0.11;-0.23;0.69;0.09;0.48;0.58;0.50;-1.53;-0.47;-1.64;-0.88;-0.33;0.00;0.00;-0.09;-0.07;0.16;0.53;-0.03;0.62;-0.27;-0.11;-0.23;0.04;-0.44;0.27;-0.03;-0.29;-0.19;0.12;-0.05;-0.24;0.05;0.03;0.34;-0.07;0.37;0.21;-1;0;0;0;0

19.65;20.27;19.64;20.1;173085;-0.05;-0.60;-0.57;0.11;-0.23;0.69;0.09;0.48;0.58;0.50;-1.53;-0.47;-1.64;-0.88;-0.33;0.00;0.00;-0.09;-0.07;0.16;0.53;-0.03;0.62;-0.27;-0.11;-0.23;0.04;-0.44;0.27;-0.03;-0.29;-0.19;0.12;-0.05;-0.24;0.05;0.03;0.34;-0.07;0.37;+1;0;0;0;0

20.16;20.3;19.51;19.8;219933;0.51;-0.05;-0.60;-0.57;0.11;-0.23;0.69;0.09;0.48;0.58;0.50;-1.53;-0.47;-1.64;-0.88;-0.33;0.00;0.00;-0.09;-0.07;0.16;0.53;-0.03;0.62;-0.27;-0.11;-0.23;0.04;-0.44;0.27;-0.03;-0.29;-0.19;0.12;-0.05;-0.24;0.05;0.03;0.34;-0.07;+1;0;0;0;0

20.23;20.35;19.99;20.12;185330;0.07;0.51;-0.05;-0.60;-0.57;0.11;-0.23;0.69;0.09;0.48;0.58;0.50;-1.53;-0.47;-1.64;-0.88;-0.33;0.00;0.00;-0.09;-0.07;0.16;0.53;-0.03;0.62;-0.27;-0.11;-0.23;0.04;-0.44;0.27;-0.03;-0.29;-0.19;0.12;-0.05;-0.24;0.05;0.03;0.34;-1;0;0;0;0

19.86;20.29;19.78;20.15;194417;-0.37;0.07;0.51;-0.05;-0.60;-0.57;0.11;-0.23;0.69;0.09;0.48;0.58;0.50;-1.53;-0.47;-1.64;-0.88;-0.33;0.00;0.00;-0.09;-0.07;0.16;0.53;-0.03;0.62;-0.27;-0.11;-0.23;0.04;-0.44;0.27;-0.03;-0.29;-0.19;0.12;-0.05;-0.24;0.05;0.03;+1;0;0;0;0

19.9;20.07;19.58;19.71;178079;0.04;-0.37;0.07;0.51;-0.05;-0.60;-0.57;0.11;-0.23;0.69;0.09;0.48;0.58;0.50;-1.53;-0.47;-1.64;-0.88;-0.33;0.00;0.00;-0.09;-0.07;0.16;0.53;-0.03;0.62;-0.27;-0.11;-0.23;0.04;-0.44;0.27;-0.03;-0.29;-0.19;0.12;-0.05;-0.24;0.05;+1;0;0;0;0

20.49;20.63;20.17;20.18;164946;0.59;0.04;-0.37;0.07;0.51;-0.05;-0.60;-0.57;0.11;-0.23;0.69;0.09;0.48;0.58;0.50;-1.53;-0.47;-1.64;-0.88;-0.33;0.00;0.00;-0.09;-0.07;0.16;0.53;-0.03;0.62;-0.27;-0.11;-0.23;0.04;-0.44;0.27;-0.03;-0.29;-0.19;0.12;-0.05;-0.24;+1;0;0;0;0

20.55;20.73;20.3;20.38;171258;0.06;0.59;0.04;-0.37;0.07;0.51;-0.05;-0.60;-0.57;0.11;-0.23;0.69;0.09;0.48;0.58;0.50;-1.53;-0.47;-1.64;-0.88;-0.33;0.00;0.00;-0.09;-0.07;0.16;0.53;-0.03;0.62;-0.27;-0.11;-0.23;0.04;-0.44;0.27;-0.03;-0.29;-0.19;0.12;-0.05;+1;0;0;0;0

20.8;20.87;20.43;20.76;296365;0.25;0.06;0.59;0.04;-0.37;0.07;0.51;-0.05;-0.60;-0.57;0.11;-0.23;0.69;0.09;0.48;0.58;0.50;-1.53;-0.47;-1.64;-0.88;-0.33;0.00;0.00;-0.09;-0.07;0.16;0.53;-0.03;0.62;-0.27;-0.11;-0.23;0.04;-0.44;0.27;-0.03;-0.29;-0.19;0.12;+1;0;0;0;0

21.04;21.14;20.85;21.12;218463;0.24;0.25;0.06;0.59;0.04;-0.37;0.07;0.51;-0.05;-0.60;-0.57;0.11;-0.23;0.69;0.09;0.48;0.58;0.50;-1.53;-0.47;-1.64;-0.88;-0.33;0.00;0.00;-0.09;-0.07;0.16;0.53;-0.03;0.62;-0.27;-0.11;-0.23;0.04;-0.44;0.27;-0.03;-0.29;-0.19;-1;0;0;0;0

20.37;20.76;20.03;20.66;259202;-0.67;0.24;0.25;0.06;0.59;0.04;-0.37;0.07;0.51;-0.05;-0.60;-0.57;0.11;-0.23;0.69;0.09;0.48;0.58;0.50;-1.53;-0.47;-1.64;-0.88;-0.33;0.00;0.00;-0.09;-0.07;0.16;0.53;-0.03;0.62;-0.27;-0.11;-0.23;0.04;-0.44;0.27;-0.03;-0.29;-1;0;0;0;0

20.03;20.1;19.85;19.9;95707;-0.34;-0.67;0.24;0.25;0.06;0.59;0.04;-0.37;0.07;0.51;-0.05;-0.60;-0.57;0.11;-0.23;0.69;0.09;0.48;0.58;0.50;-1.53;-0.47;-1.64;-0.88;-0.33;0.00;0.00;-0.09;-0.07;0.16;0.53;-0.03;0.62;-0.27;-0.11;-0.23;0.04;-0.44;0.27;-0.03;+1;0;0;0;0

20.47;20.54;19.68;19.73;218969;0.44;-0.34;-0.67;0.24;0.25;0.06;0.59;0.04;-0.37;0.07;0.51;-0.05;-0.60;-0.57;0.11;-0.23;0.69;0.09;0.48;0.58;0.50;-1.53;-0.47;-1.64;-0.88;-0.33;0.00;0.00;-0.09;-0.07;0.16;0.53;-0.03;0.62;-0.27;-0.11;-0.23;0.04;-0.44;0.27;+1;0;0;0;0

20.66;20.88;20.57;20.75;162329;0.19;0.44;-0.34;-0.67;0.24;0.25;0.06;0.59;0.04;-0.37;0.07;0.51;-0.05;-0.60;-0.57;0.11;-0.23;0.69;0.09;0.48;0.58;0.50;-1.53;-0.47;-1.64;-0.88;-0.33;0.00;0.00;-0.09;-0.07;0.16;0.53;-0.03;0.62;-0.27;-0.11;-0.23;0.04;-0.44;-1;0;0;0;0

20.15;20.6;20.07;20.5;199727;-0.51;0.19;0.44;-0.34;-0.67;0.24;0.25;0.06;0.59;0.04;-0.37;0.07;0.51;-0.05;-0.60;-0.57;0.11;-0.23;0.69;0.09;0.48;0.58;0.50;-1.53;-0.47;-1.64;-0.88;-0.33;0.00;0.00;-0.09;-0.07;0.16;0.53;-0.03;0.62;-0.27;-0.11;-0.23;0.04;+1;0;0;0;0

20.34;20.34;19.72;19.8;168700;0.19;-0.51;0.19;0.44;-0.34;-0.67;0.24;0.25;0.06;0.59;0.04;-0.37;0.07;0.51;-0.05;-0.60;-0.57;0.11;-0.23;0.69;0.09;0.48;0.58;0.50;-1.53;-0.47;-1.64;-0.88;-0.33;0.00;0.00;-0.09;-0.07;0.16;0.53;-0.03;0.62;-0.27;-0.11;-0.23;-1;0;0;0;0

20.32;20.45;20.15;20.4;151031;-0.02;0.19;-0.51;0.19;0.44;-0.34;-0.67;0.24;0.25;0.06;0.59;0.04;-0.37;0.07;0.51;-0.05;-0.60;-0.57;0.11;-0.23;0.69;0.09;0.48;0.58;0.50;-1.53;-0.47;-1.64;-0.88;-0.33;0.00;0.00;-0.09;-0.07;0.16;0.53;-0.03;0.62;-0.27;-0.11;+1;0;0;0;0

20.52;20.82;20.18;20.35;198613;0.20;-0.02;0.19;-0.51;0.19;0.44;-0.34;-0.67;0.24;0.25;0.06;0.59;0.04;-0.37;0.07;0.51;-0.05;-0.60;-0.57;0.11;-0.23;0.69;0.09;0.48;0.58;0.50;-1.53;-0.47;-1.64;-0.88;-0.33;0.00;0.00;-0.09;-0.07;0.16;0.53;-0.03;0.62;-0.27;+1;0;0;0;0

20.55;20.78;20.47;20.7;132087;0.03;0.20;-0.02;0.19;-0.51;0.19;0.44;-0.34;-0.67;0.24;0.25;0.06;0.59;0.04;-0.37;0.07;0.51;-0.05;-0.60;-0.57;0.11;-0.23;0.69;0.09;0.48;0.58;0.50;-1.53;-0.47;-1.64;-0.88;-0.33;0.00;0.00;-0.09;-0.07;0.16;0.53;-0.03;0.62;+1;0;0;0;0

20.65;20.67;20.4;20.55;132039;0.10;0.03;0.20;-0.02;0.19;-0.51;0.19;0.44;-0.34;-0.67;0.24;0.25;0.06;0.59;0.04;-0.37;0.07;0.51;-0.05;-0.60;-0.57;0.11;-0.23;0.69;0.09;0.48;0.58;0.50;-1.53;-0.47;-1.64;-0.88;-0.33;0.00;0.00;-0.09;-0.07;0.16;0.53;-0.03;+1;0;0;0;0

20.8;20.82;20.32;20.33;203357;0.15;0.10;0.03;0.20;-0.02;0.19;-0.51;0.19;0.44;-0.34;-0.67;0.24;0.25;0.06;0.59;0.04;-0.37;0.07;0.51;-0.05;-0.60;-0.57;0.11;-0.23;0.69;0.09;0.48;0.58;0.50;-1.53;-0.47;-1.64;-0.88;-0.33;0.00;0.00;-0.09;-0.07;0.16;0.53;-1;0;0;0;0

20.6;21.08;20.58;20.78;150879;-0.20;0.15;0.10;0.03;0.20;-0.02;0.19;-0.51;0.19;0.44;-0.34;-0.67;0.24;0.25;0.06;0.59;0.04;-0.37;0.07;0.51;-0.05;-0.60;-0.57;0.11;-0.23;0.69;0.09;0.48;0.58;0.50;-1.53;-0.47;-1.64;-0.88;-0.33;0.00;0.00;-0.09;-0.07;0.16;-1;0;0;0;0

20.6;21.06;20.55;20.75;196033;0.00;-0.20;0.15;0.10;0.03;0.20;-0.02;0.19;-0.51;0.19;0.44;-0.34;-0.67;0.24;0.25;0.06;0.59;0.04;-0.37;0.07;0.51;-0.05;-0.60;-0.57;0.11;-0.23;0.69;0.09;0.48;0.58;0.50;-1.53;-0.47;-1.64;-0.88;-0.33;0.00;0.00;-0.09;-0.07;-1;0;0;0;0

19.5;20.17;19.3;20.02;317487;-1.10;0.00;-0.20;0.15;0.10;0.03;0.20;-0.02;0.19;-0.51;0.19;0.44;-0.34;-0.67;0.24;0.25;0.06;0.59;0.04;-0.37;0.07;0.51;-0.05;-0.60;-0.57;0.11;-0.23;0.69;0.09;0.48;0.58;0.50;-1.53;-0.47;-1.64;-0.88;-0.33;0.00;0.00;-0.09;-1;0;0;0;0

19.16;19.73;19.12;19.51;180730;-0.34;-1.10;0.00;-0.20;0.15;0.10;0.03;0.20;-0.02;0.19;-0.51;0.19;0.44;-0.34;-0.67;0.24;0.25;0.06;0.59;0.04;-0.37;0.07;0.51;-0.05;-0.60;-0.57;0.11;-0.23;0.69;0.09;0.48;0.58;0.50;-1.53;-0.47;-1.64;-0.88;-0.33;0.00;0.00;+1;0;0;0;0

19.78;19.78;18.97;19.35;176884;0.62;-0.34;-1.10;0.00;-0.20;0.15;0.10;0.03;0.20;-0.02;0.19;-0.51;0.19;0.44;-0.34;-0.67;0.24;0.25;0.06;0.59;0.04;-0.37;0.07;0.51;-0.05;-0.60;-0.57;0.11;-0.23;0.69;0.09;0.48;0.58;0.50;-1.53;-0.47;-1.64;-0.88;-0.33;0.00;-1;0;0;0;0

19.55;20.1;19.52;20.09;155865;-0.23;0.62;-0.34;-1.10;0.00;-0.20;0.15;0.10;0.03;0.20;-0.02;0.19;-0.51;0.19;0.44;-0.34;-0.67;0.24;0.25;0.06;0.59;0.04;-0.37;0.07;0.51;-0.05;-0.60;-0.57;0.11;-0.23;0.69;0.09;0.48;0.58;0.50;-1.53;-0.47;-1.64;-0.88;-0.33;-1;0;0;0;0

19.35;19.7;19.33;19.58;158577;-0.20;-0.23;0.62;-0.34;-1.10;0.00;-0.20;0.15;0.10;0.03;0.20;-0.02;0.19;-0.51;0.19;0.44;-0.34;-0.67;0.24;0.25;0.06;0.59;0.04;-0.37;0.07;0.51;-0.05;-0.60;-0.57;0.11;-0.23;0.69;0.09;0.48;0.58;0.50;-1.53;-0.47;-1.64;-0.88;+1;0;0;0;0

19.4;19.58;19.23;19.48;153695;0.05;-0.20;-0.23;0.62;-0.34;-1.10;0.00;-0.20;0.15;0.10;0.03;0.20;-0.02;0.19;-0.51;0.19;0.44;-0.34;-0.67;0.24;0.25;0.06;0.59;0.04;-0.37;0.07;0.51;-0.05;-0.60;-0.57;0.11;-0.23;0.69;0.09;0.48;0.58;0.50;-1.53;-0.47;-1.64;-1;0;0;0;0

19.1;19.38;18.93;19.18;205837;-0.30;0.05;-0.20;-0.23;0.62;-0.34;-1.10;0.00;-0.20;0.15;0.10;0.03;0.20;-0.02;0.19;-0.51;0.19;0.44;-0.34;-0.67;0.24;0.25;0.06;0.59;0.04;-0.37;0.07;0.51;-0.05;-0.60;-0.57;0.11;-0.23;0.69;0.09;0.48;0.58;0.50;-1.53;-0.47;-1;0;0;0;0

18.41;19.07;18.41;18.96;288005;-0.69;-0.30;0.05;-0.20;-0.23;0.62;-0.34;-1.10;0.00;-0.20;0.15;0.10;0.03;0.20;-0.02;0.19;-0.51;0.19;0.44;-0.34;-0.67;0.24;0.25;0.06;0.59;0.04;-0.37;0.07;0.51;-0.05;-0.60;-0.57;0.11;-0.23;0.69;0.09;0.48;0.58;0.50;-1.53;+1;0;0;0;0

18.55;18.55;17.9;18.25;302891;0.14;-0.69;-0.30;0.05;-0.20;-0.23;0.62;-0.34;-1.10;0.00;-0.20;0.15;0.10;0.03;0.20;-0.02;0.19;-0.51;0.19;0.44;-0.34;-0.67;0.24;0.25;0.06;0.59;0.04;-0.37;0.07;0.51;-0.05;-0.60;-0.57;0.11;-0.23;0.69;0.09;0.48;0.58;0.50;-1;0;0;0;0

18.21;18.75;18.05;18.4;207486;-0.34;0.14;-0.69;-0.30;0.05;-0.20;-0.23;0.62;-0.34;-1.10;0.00;-0.20;0.15;0.10;0.03;0.20;-0.02;0.19;-0.51;0.19;0.44;-0.34;-0.67;0.24;0.25;0.06;0.59;0.04;-0.37;0.07;0.51;-0.05;-0.60;-0.57;0.11;-0.23;0.69;0.09;0.48;0.58;+1;0;0;0;0

18.85;19.09;18.35;18.49;274206;0.64;-0.34;0.14;-0.69;-0.30;0.05;-0.20;-0.23;0.62;-0.34;-1.10;0.00;-0.20;0.15;0.10;0.03;0.20;-0.02;0.19;-0.51;0.19;0.44;-0.34;-0.67;0.24;0.25;0.06;0.59;0.04;-0.37;0.07;0.51;-0.05;-0.60;-0.57;0.11;-0.23;0.69;0.09;0.48;-1;0;0;0;0

18.3;19.07;18.21;19.07;217015;-0.55;0.64;-0.34;0.14;-0.69;-0.30;0.05;-0.20;-0.23;0.62;-0.34;-1.10;0.00;-0.20;0.15;0.10;0.03;0.20;-0.02;0.19;-0.51;0.19;0.44;-0.34;-0.67;0.24;0.25;0.06;0.59;0.04;-0.37;0.07;0.51;-0.05;-0.60;-0.57;0.11;-0.23;0.69;0.09;+1;0;0;0;0

18.91;18.98;18.35;18.5;178045;0.61;-0.55;0.64;-0.34;0.14;-0.69;-0.30;0.05;-0.20;-0.23;0.62;-0.34;-1.10;0.00;-0.20;0.15;0.10;0.03;0.20;-0.02;0.19;-0.51;0.19;0.44;-0.34;-0.67;0.24;0.25;0.06;0.59;0.04;-0.37;0.07;0.51;-0.05;-0.60;-0.57;0.11;-0.23;0.69;+1;0;0;0;0

19.16;19.21;18.55;18.7;298778;0.25;0.61;-0.55;0.64;-0.34;0.14;-0.69;-0.30;0.05;-0.20;-0.23;0.62;-0.34;-1.10;0.00;-0.20;0.15;0.10;0.03;0.20;-0.02;0.19;-0.51;0.19;0.44;-0.34;-0.67;0.24;0.25;0.06;0.59;0.04;-0.37;0.07;0.51;-0.05;-0.60;-0.57;0.11;-0.23;+1;0;0;0;0

19.39;19.54;18.98;19.4;272014;0.23;0.25;0.61;-0.55;0.64;-0.34;0.14;-0.69;-0.30;0.05;-0.20;-0.23;0.62;-0.34;-1.10;0.00;-0.20;0.15;0.10;0.03;0.20;-0.02;0.19;-0.51;0.19;0.44;-0.34;-0.67;0.24;0.25;0.06;0.59;0.04;-0.37;0.07;0.51;-0.05;-0.60;-0.57;0.11;+1;0;0;0;0

19.64;19.7;19.31;19.55;210370;0.25;0.23;0.25;0.61;-0.55;0.64;-0.34;0.14;-0.69;-0.30;0.05;-0.20;-0.23;0.62;-0.34;-1.10;0.00;-0.20;0.15;0.10;0.03;0.20;-0.02;0.19;-0.51;0.19;0.44;-0.34;-0.67;0.24;0.25;0.06;0.59;0.04;-0.37;0.07;0.51;-0.05;-0.60;-0.57;-1;0;0;0;0

19.3;19.7;18.98;19.45;229401;-0.34;0.25;0.23;0.25;0.61;-0.55;0.64;-0.34;0.14;-0.69;-0.30;0.05;-0.20;-0.23;0.62;-0.34;-1.10;0.00;-0.20;0.15;0.10;0.03;0.20;-0.02;0.19;-0.51;0.19;0.44;-0.34;-0.67;0.24;0.25;0.06;0.59;0.04;-0.37;0.07;0.51;-0.05;-0.60;+1;0;0;0;0

19.45;19.53;19.01;19.2;224155;0.15;-0.34;0.25;0.23;0.25;0.61;-0.55;0.64;-0.34;0.14;-0.69;-0.30;0.05;-0.20;-0.23;0.62;-0.34;-1.10;0.00;-0.20;0.15;0.10;0.03;0.20;-0.02;0.19;-0.51;0.19;0.44;-0.34;-0.67;0.24;0.25;0.06;0.59;0.04;-0.37;0.07;0.51;-0.05;-1;0;0;0;0

19.23;19.49;19.07;19.44;164571;-0.22;0.15;-0.34;0.25;0.23;0.25;0.61;-0.55;0.64;-0.34;0.14;-0.69;-0.30;0.05;-0.20;-0.23;0.62;-0.34;-1.10;0.00;-0.20;0.15;0.10;0.03;0.20;-0.02;0.19;-0.51;0.19;0.44;-0.34;-0.67;0.24;0.25;0.06;0.59;0.04;-0.37;0.07;0.51;-1;0;0;0;0

18.82;19.18;18.62;19.18;174324;-0.41;-0.22;0.15;-0.34;0.25;0.23;0.25;0.61;-0.55;0.64;-0.34;0.14;-0.69;-0.30;0.05;-0.20;-0.23;0.62;-0.34;-1.10;0.00;-0.20;0.15;0.10;0.03;0.20;-0.02;0.19;-0.51;0.19;0.44;-0.34;-0.67;0.24;0.25;0.06;0.59;0.04;-0.37;0.07;+1;0;0;0;0

19.27;19.38;18.93;18.96;188380;0.45;-0.41;-0.22;0.15;-0.34;0.25;0.23;0.25;0.61;-0.55;0.64;-0.34;0.14;-0.69;-0.30;0.05;-0.20;-0.23;0.62;-0.34;-1.10;0.00;-0.20;0.15;0.10;0.03;0.20;-0.02;0.19;-0.51;0.19;0.44;-0.34;-0.67;0.24;0.25;0.06;0.59;0.04;-0.37;+1;0;0;0;0

19.78;19.89;19.24;19.4;218820;0.51;0.45;-0.41;-0.22;0.15;-0.34;0.25;0.23;0.25;0.61;-0.55;0.64;-0.34;0.14;-0.69;-0.30;0.05;-0.20;-0.23;0.62;-0.34;-1.10;0.00;-0.20;0.15;0.10;0.03;0.20;-0.02;0.19;-0.51;0.19;0.44;-0.34;-0.67;0.24;0.25;0.06;0.59;0.04;+1;0;0;0;0

19.93;20.13;19.54;19.65;219198;0.15;0.51;0.45;-0.41;-0.22;0.15;-0.34;0.25;0.23;0.25;0.61;-0.55;0.64;-0.34;0.14;-0.69;-0.30;0.05;-0.20;-0.23;0.62;-0.34;-1.10;0.00;-0.20;0.15;0.10;0.03;0.20;-0.02;0.19;-0.51;0.19;0.44;-0.34;-0.67;0.24;0.25;0.06;0.59;+1;0;0;0;0

20.08;20.25;19.86;20.15;158602;0.15;0.15;0.51;0.45;-0.41;-0.22;0.15;-0.34;0.25;0.23;0.25;0.61;-0.55;0.64;-0.34;0.14;-0.69;-0.30;0.05;-0.20;-0.23;0.62;-0.34;-1.10;0.00;-0.20;0.15;0.10;0.03;0.20;-0.02;0.19;-0.51;0.19;0.44;-0.34;-0.67;0.24;0.25;0.06;+1;0;0;0;0

20.94;21.24;20.55;20.67;391891;0.86;0.15;0.15;0.51;0.45;-0.41;-0.22;0.15;-0.34;0.25;0.23;0.25;0.61;-0.55;0.64;-0.34;0.14;-0.69;-0.30;0.05;-0.20;-0.23;0.62;-0.34;-1.10;0.00;-0.20;0.15;0.10;0.03;0.20;-0.02;0.19;-0.51;0.19;0.44;-0.34;-0.67;0.24;0.25;+1;0;0;0;0

21.58;21.58;20.78;20.85;308893;0.64;0.86;0.15;0.15;0.51;0.45;-0.41;-0.22;0.15;-0.34;0.25;0.23;0.25;0.61;-0.55;0.64;-0.34;0.14;-0.69;-0.30;0.05;-0.20;-0.23;0.62;-0.34;-1.10;0.00;-0.20;0.15;0.10;0.03;0.20;-0.02;0.19;-0.51;0.19;0.44;-0.34;-0.67;0.24;-1;0;0;0;0

21.32;21.98;21.26;21.65;312241;-0.26;0.64;0.86;0.15;0.15;0.51;0.45;-0.41;-0.22;0.15;-0.34;0.25;0.23;0.25;0.61;-0.55;0.64;-0.34;0.14;-0.69;-0.30;0.05;-0.20;-0.23;0.62;-0.34;-1.10;0.00;-0.20;0.15;0.10;0.03;0.20;-0.02;0.19;-0.51;0.19;0.44;-0.34;-0.67;-1;0;0;0;0

21.13;21.25;20.4;20.4;280484;-0.19;-0.26;0.64;0.86;0.15;0.15;0.51;0.45;-0.41;-0.22;0.15;-0.34;0.25;0.23;0.25;0.61;-0.55;0.64;-0.34;0.14;-0.69;-0.30;0.05;-0.20;-0.23;0.62;-0.34;-1.10;0.00;-0.20;0.15;0.10;0.03;0.20;-0.02;0.19;-0.51;0.19;0.44;-0.34;+1;0;0;0;0

21.92;21.97;21.32;21.56;242213;0.79;-0.19;-0.26;0.64;0.86;0.15;0.15;0.51;0.45;-0.41;-0.22;0.15;-0.34;0.25;0.23;0.25;0.61;-0.55;0.64;-0.34;0.14;-0.69;-0.30;0.05;-0.20;-0.23;0.62;-0.34;-1.10;0.00;-0.20;0.15;0.10;0.03;0.20;-0.02;0.19;-0.51;0.19;0.44;+1;0;0;0;0

22.1;22.18;21.71;21.73;192537;0.18;0.79;-0.19;-0.26;0.64;0.86;0.15;0.15;0.51;0.45;-0.41;-0.22;0.15;-0.34;0.25;0.23;0.25;0.61;-0.55;0.64;-0.34;0.14;-0.69;-0.30;0.05;-0.20;-0.23;0.62;-0.34;-1.10;0.00;-0.20;0.15;0.10;0.03;0.20;-0.02;0.19;-0.51;0.19;+1;0;0;0;0

22.68;22.78;21.97;22.05;255948;0.58;0.18;0.79;-0.19;-0.26;0.64;0.86;0.15;0.15;0.51;0.45;-0.41;-0.22;0.15;-0.34;0.25;0.23;0.25;0.61;-0.55;0.64;-0.34;0.14;-0.69;-0.30;0.05;-0.20;-0.23;0.62;-0.34;-1.10;0.00;-0.20;0.15;0.10;0.03;0.20;-0.02;0.19;-0.51;-1;0;0;0;0

22.41;22.94;22.32;22.8;223350;-0.27;0.58;0.18;0.79;-0.19;-0.26;0.64;0.86;0.15;0.15;0.51;0.45;-0.41;-0.22;0.15;-0.34;0.25;0.23;0.25;0.61;-0.55;0.64;-0.34;0.14;-0.69;-0.30;0.05;-0.20;-0.23;0.62;-0.34;-1.10;0.00;-0.20;0.15;0.10;0.03;0.20;-0.02;0.19;-1;0;0;0;0

21.46;22.19;21.44;22.01;280205;-0.95;-0.27;0.58;0.18;0.79;-0.19;-0.26;0.64;0.86;0.15;0.15;0.51;0.45;-0.41;-0.22;0.15;-0.34;0.25;0.23;0.25;0.61;-0.55;0.64;-0.34;0.14;-0.69;-0.30;0.05;-0.20;-0.23;0.62;-0.34;-1.10;0.00;-0.20;0.15;0.10;0.03;0.20;-0.02;+1;0;0;0;0

21.51;21.9;21.51;21.75;155873;0.05;-0.95;-0.27;0.58;0.18;0.79;-0.19;-0.26;0.64;0.86;0.15;0.15;0.51;0.45;-0.41;-0.22;0.15;-0.34;0.25;0.23;0.25;0.61;-0.55;0.64;-0.34;0.14;-0.69;-0.30;0.05;-0.20;-0.23;0.62;-0.34;-1.10;0.00;-0.20;0.15;0.10;0.03;0.20;+1;0;0;0;0

21.96;22.15;21.79;21.89;167639;0.45;0.05;-0.95;-0.27;0.58;0.18;0.79;-0.19;-0.26;0.64;0.86;0.15;0.15;0.51;0.45;-0.41;-0.22;0.15;-0.34;0.25;0.23;0.25;0.61;-0.55;0.64;-0.34;0.14;-0.69;-0.30;0.05;-0.20;-0.23;0.62;-0.34;-1.10;0.00;-0.20;0.15;0.10;0.03;-1;0;0;0;0

21.92;22.05;21.63;21.86;129788;-0.04;0.45;0.05;-0.95;-0.27;0.58;0.18;0.79;-0.19;-0.26;0.64;0.86;0.15;0.15;0.51;0.45;-0.41;-0.22;0.15;-0.34;0.25;0.23;0.25;0.61;-0.55;0.64;-0.34;0.14;-0.69;-0.30;0.05;-0.20;-0.23;0.62;-0.34;-1.10;0.00;-0.20;0.15;0.10;+1;0;0;0;0

22.11;22.22;21.72;21.96;210536;0.19;-0.04;0.45;0.05;-0.95;-0.27;0.58;0.18;0.79;-0.19;-0.26;0.64;0.86;0.15;0.15;0.51;0.45;-0.41;-0.22;0.15;-0.34;0.25;0.23;0.25;0.61;-0.55;0.64;-0.34;0.14;-0.69;-0.30;0.05;-0.20;-0.23;0.62;-0.34;-1.10;0.00;-0.20;0.15;-1;0;0;0;0

21.52;22.12;21.49;21.96;226503;-0.59;0.19;-0.04;0.45;0.05;-0.95;-0.27;0.58;0.18;0.79;-0.19;-0.26;0.64;0.86;0.15;0.15;0.51;0.45;-0.41;-0.22;0.15;-0.34;0.25;0.23;0.25;0.61;-0.55;0.64;-0.34;0.14;-0.69;-0.30;0.05;-0.20;-0.23;0.62;-0.34;-1.10;0.00;-0.20;+1;0;0;0;0

21.75;21.87;21.47;21.7;202003;0.23;-0.59;0.19;-0.04;0.45;0.05;-0.95;-0.27;0.58;0.18;0.79;-0.19;-0.26;0.64;0.86;0.15;0.15;0.51;0.45;-0.41;-0.22;0.15;-0.34;0.25;0.23;0.25;0.61;-0.55;0.64;-0.34;0.14;-0.69;-0.30;0.05;-0.20;-0.23;0.62;-0.34;-1.10;0.00;+1;0;0;0;0

21.8;21.85;21.31;21.41;331852;0.05;0.23;-0.59;0.19;-0.04;0.45;0.05;-0.95;-0.27;0.58;0.18;0.79;-0.19;-0.26;0.64;0.86;0.15;0.15;0.51;0.45;-0.41;-0.22;0.15;-0.34;0.25;0.23;0.25;0.61;-0.55;0.64;-0.34;0.14;-0.69;-0.30;0.05;-0.20;-0.23;0.62;-0.34;-1.10;-1;0;0;0;0

21.68;21.98;21.62;21.74;199481;-0.12;0.05;0.23;-0.59;0.19;-0.04;0.45;0.05;-0.95;-0.27;0.58;0.18;0.79;-0.19;-0.26;0.64;0.86;0.15;0.15;0.51;0.45;-0.41;-0.22;0.15;-0.34;0.25;0.23;0.25;0.61;-0.55;0.64;-0.34;0.14;-0.69;-0.30;0.05;-0.20;-0.23;0.62;-0.34;-1;0;0;0;0

21.57;21.68;21.44;21.49;169342;-0.11;-0.12;0.05;0.23;-0.59;0.19;-0.04;0.45;0.05;-0.95;-0.27;0.58;0.18;0.79;-0.19;-0.26;0.64;0.86;0.15;0.15;0.51;0.45;-0.41;-0.22;0.15;-0.34;0.25;0.23;0.25;0.61;-0.55;0.64;-0.34;0.14;-0.69;-0.30;0.05;-0.20;-0.23;0.62;+1;0;0;0;0

21.67;21.8;21.53;21.74;102956;0.10;-0.11;-0.12;0.05;0.23;-0.59;0.19;-0.04;0.45;0.05;-0.95;-0.27;0.58;0.18;0.79;-0.19;-0.26;0.64;0.86;0.15;0.15;0.51;0.45;-0.41;-0.22;0.15;-0.34;0.25;0.23;0.25;0.61;-0.55;0.64;-0.34;0.14;-0.69;-0.30;0.05;-0.20;-0.23;-1;0;0;0;0

21.01;21.65;21.01;21.48;199440;-0.66;0.10;-0.11;-0.12;0.05;0.23;-0.59;0.19;-0.04;0.45;0.05;-0.95;-0.27;0.58;0.18;0.79;-0.19;-0.26;0.64;0.86;0.15;0.15;0.51;0.45;-0.41;-0.22;0.15;-0.34;0.25;0.23;0.25;0.61;-0.55;0.64;-0.34;0.14;-0.69;-0.30;0.05;-0.20;+1;0;0;0;0

21.5;21.68;21.36;21.51;151031;0.49;-0.66;0.10;-0.11;-0.12;0.05;0.23;-0.59;0.19;-0.04;0.45;0.05;-0.95;-0.27;0.58;0.18;0.79;-0.19;-0.26;0.64;0.86;0.15;0.15;0.51;0.45;-0.41;-0.22;0.15;-0.34;0.25;0.23;0.25;0.61;-0.55;0.64;-0.34;0.14;-0.69;-0.30;0.05;-1;0;0;0;0

21.41;21.89;21.32;21.52;218421;-0.09;0.49;-0.66;0.10;-0.11;-0.12;0.05;0.23;-0.59;0.19;-0.04;0.45;0.05;-0.95;-0.27;0.58;0.18;0.79;-0.19;-0.26;0.64;0.86;0.15;0.15;0.51;0.45;-0.41;-0.22;0.15;-0.34;0.25;0.23;0.25;0.61;-0.55;0.64;-0.34;0.14;-0.69;-0.30;+1;0;0;0;0

22.05;22.22;21.68;21.8;297615;0.64;-0.09;0.49;-0.66;0.10;-0.11;-0.12;0.05;0.23;-0.59;0.19;-0.04;0.45;0.05;-0.95;-0.27;0.58;0.18;0.79;-0.19;-0.26;0.64;0.86;0.15;0.15;0.51;0.45;-0.41;-0.22;0.15;-0.34;0.25;0.23;0.25;0.61;-0.55;0.64;-0.34;0.14;-0.69;+1;0;0;0;0

22.52;22.53;22.13;22.33;223974;0.47;0.64;-0.09;0.49;-0.66;0.10;-0.11;-0.12;0.05;0.23;-0.59;0.19;-0.04;0.45;0.05;-0.95;-0.27;0.58;0.18;0.79;-0.19;-0.26;0.64;0.86;0.15;0.15;0.51;0.45;-0.41;-0.22;0.15;-0.34;0.25;0.23;0.25;0.61;-0.55;0.64;-0.34;0.14;+1;0;0;0;0

22.53;22.73;22.35;22.62;176235;0.01;0.47;0.64;-0.09;0.49;-0.66;0.10;-0.11;-0.12;0.05;0.23;-0.59;0.19;-0.04;0.45;0.05;-0.95;-0.27;0.58;0.18;0.79;-0.19;-0.26;0.64;0.86;0.15;0.15;0.51;0.45;-0.41;-0.22;0.15;-0.34;0.25;0.23;0.25;0.61;-0.55;0.64;-0.34;+1;0;0;0;0

22.97;23.12;22.64;22.74;191581;0.44;0.01;0.47;0.64;-0.09;0.49;-0.66;0.10;-0.11;-0.12;0.05;0.23;-0.59;0.19;-0.04;0.45;0.05;-0.95;-0.27;0.58;0.18;0.79;-0.19;-0.26;0.64;0.86;0.15;0.15;0.51;0.45;-0.41;-0.22;0.15;-0.34;0.25;0.23;0.25;0.61;-0.55;0.64;+1;0;0;0;0

23.32;23.36;22.82;22.82;172905;0.35;0.44;0.01;0.47;0.64;-0.09;0.49;-0.66;0.10;-0.11;-0.12;0.05;0.23;-0.59;0.19;-0.04;0.45;0.05;-0.95;-0.27;0.58;0.18;0.79;-0.19;-0.26;0.64;0.86;0.15;0.15;0.51;0.45;-0.41;-0.22;0.15;-0.34;0.25;0.23;0.25;0.61;-0.55;-1;0;0;0;0

23.29;23.47;23.01;23.34;187703;-0.03;0.35;0.44;0.01;0.47;0.64;-0.09;0.49;-0.66;0.10;-0.11;-0.12;0.05;0.23;-0.59;0.19;-0.04;0.45;0.05;-0.95;-0.27;0.58;0.18;0.79;-0.19;-0.26;0.64;0.86;0.15;0.15;0.51;0.45;-0.41;-0.22;0.15;-0.34;0.25;0.23;0.25;0.61;-1;0;0;0;0

22.52;23.45;22.37;23.35;256065;-0.77;-0.03;0.35;0.44;0.01;0.47;0.64;-0.09;0.49;-0.66;0.10;-0.11;-0.12;0.05;0.23;-0.59;0.19;-0.04;0.45;0.05;-0.95;-0.27;0.58;0.18;0.79;-0.19;-0.26;0.64;0.86;0.15;0.15;0.51;0.45;-0.41;-0.22;0.15;-0.34;0.25;0.23;0.25;+1;0;0;0;0

23.02;23.15;22.6;22.71;177019;0.50;-0.77;-0.03;0.35;0.44;0.01;0.47;0.64;-0.09;0.49;-0.66;0.10;-0.11;-0.12;0.05;0.23;-0.59;0.19;-0.04;0.45;0.05;-0.95;-0.27;0.58;0.18;0.79;-0.19;-0.26;0.64;0.86;0.15;0.15;0.51;0.45;-0.41;-0.22;0.15;-0.34;0.25;0.23;-1;0;0;0;0

22.42;22.85;22.18;22.76;160373;-0.60;0.50;-0.77;-0.03;0.35;0.44;0.01;0.47;0.64;-0.09;0.49;-0.66;0.10;-0.11;-0.12;0.05;0.23;-0.59;0.19;-0.04;0.45;0.05;-0.95;-0.27;0.58;0.18;0.79;-0.19;-0.26;0.64;0.86;0.15;0.15;0.51;0.45;-0.41;-0.22;0.15;-0.34;0.25;-1;0;0;0;0

22.42;22.8;22.37;22.59;233322;0.00;-0.60;0.50;-0.77;-0.03;0.35;0.44;0.01;0.47;0.64;-0.09;0.49;-0.66;0.10;-0.11;-0.12;0.05;0.23;-0.59;0.19;-0.04;0.45;0.05;-0.95;-0.27;0.58;0.18;0.79;-0.19;-0.26;0.64;0.86;0.15;0.15;0.51;0.45;-0.41;-0.22;0.15;-0.34;-1;0;0;0;0

21.82;22.45;21.82;22.35;329811;-0.60;0.00;-0.60;0.50;-0.77;-0.03;0.35;0.44;0.01;0.47;0.64;-0.09;0.49;-0.66;0.10;-0.11;-0.12;0.05;0.23;-0.59;0.19;-0.04;0.45;0.05;-0.95;-0.27;0.58;0.18;0.79;-0.19;-0.26;0.64;0.86;0.15;0.15;0.51;0.45;-0.41;-0.22;0.15;-1;0;0;0;0

21.51;22.3;21.47;22.05;250033;-0.31;-0.60;0.00;-0.60;0.50;-0.77;-0.03;0.35;0.44;0.01;0.47;0.64;-0.09;0.49;-0.66;0.10;-0.11;-0.12;0.05;0.23;-0.59;0.19;-0.04;0.45;0.05;-0.95;-0.27;0.58;0.18;0.79;-0.19;-0.26;0.64;0.86;0.15;0.15;0.51;0.45;-0.41;-0.22;-1;0;0;0;0

21.3;21.71;21.3;21.6;213658;-0.21;-0.31;-0.60;0.00;-0.60;0.50;-0.77;-0.03;0.35;0.44;0.01;0.47;0.64;-0.09;0.49;-0.66;0.10;-0.11;-0.12;0.05;0.23;-0.59;0.19;-0.04;0.45;0.05;-0.95;-0.27;0.58;0.18;0.79;-0.19;-0.26;0.64;0.86;0.15;0.15;0.51;0.45;-0.41;-1;0;0;0;0

21.12;21.62;21.12;21.37;193644;-0.18;-0.21;-0.31;-0.60;0.00;-0.60;0.50;-0.77;-0.03;0.35;0.44;0.01;0.47;0.64;-0.09;0.49;-0.66;0.10;-0.11;-0.12;0.05;0.23;-0.59;0.19;-0.04;0.45;0.05;-0.95;-0.27;0.58;0.18;0.79;-0.19;-0.26;0.64;0.86;0.15;0.15;0.51;0.45;+1;0;0;0;0

22.1;22.1;21.31;21.4;249669;0.98;-0.18;-0.21;-0.31;-0.60;0.00;-0.60;0.50;-0.77;-0.03;0.35;0.44;0.01;0.47;0.64;-0.09;0.49;-0.66;0.10;-0.11;-0.12;0.05;0.23;-0.59;0.19;-0.04;0.45;0.05;-0.95;-0.27;0.58;0.18;0.79;-0.19;-0.26;0.64;0.86;0.15;0.15;0.51;-1;0;0;0;0

21.92;21.99;21.52;21.9;187596;-0.18;0.98;-0.18;-0.21;-0.31;-0.60;0.00;-0.60;0.50;-0.77;-0.03;0.35;0.44;0.01;0.47;0.64;-0.09;0.49;-0.66;0.10;-0.11;-0.12;0.05;0.23;-0.59;0.19;-0.04;0.45;0.05;-0.95;-0.27;0.58;0.18;0.79;-0.19;-0.26;0.64;0.86;0.15;0.15;+1;0;0;0;0

22.15;22.3;21.92;22.08;141568;0.23;-0.18;0.98;-0.18;-0.21;-0.31;-0.60;0.00;-0.60;0.50;-0.77;-0.03;0.35;0.44;0.01;0.47;0.64;-0.09;0.49;-0.66;0.10;-0.11;-0.12;0.05;0.23;-0.59;0.19;-0.04;0.45;0.05;-0.95;-0.27;0.58;0.18;0.79;-0.19;-0.26;0.64;0.86;0.15;+1;0;0;0;0

22.22;22.39;22.17;22.27;93594;0.07;0.23;-0.18;0.98;-0.18;-0.21;-0.31;-0.60;0.00;-0.60;0.50;-0.77;-0.03;0.35;0.44;0.01;0.47;0.64;-0.09;0.49;-0.66;0.10;-0.11;-0.12;0.05;0.23;-0.59;0.19;-0.04;0.45;0.05;-0.95;-0.27;0.58;0.18;0.79;-0.19;-0.26;0.64;0.86;-1;0;0;0;0

22.17;22.34;22.17;22.3;28729;-0.05;0.07;0.23;-0.18;0.98;-0.18;-0.21;-0.31;-0.60;0.00;-0.60;0.50;-0.77;-0.03;0.35;0.44;0.01;0.47;0.64;-0.09;0.49;-0.66;0.10;-0.11;-0.12;0.05;0.23;-0.59;0.19;-0.04;0.45;0.05;-0.95;-0.27;0.58;0.18;0.79;-0.19;-0.26;0.64;+1;0;0;0;0

22.2;22.32;22.14;22.17;93493;0.03;-0.05;0.07;0.23;-0.18;0.98;-0.18;-0.21;-0.31;-0.60;0.00;-0.60;0.50;-0.77;-0.03;0.35;0.44;0.01;0.47;0.64;-0.09;0.49;-0.66;0.10;-0.11;-0.12;0.05;0.23;-0.59;0.19;-0.04;0.45;0.05;-0.95;-0.27;0.58;0.18;0.79;-0.19;-0.26;-1;0;0;0;0

21.43;22.24;21.42;22.24;159491;-0.77;0.03;-0.05;0.07;0.23;-0.18;0.98;-0.18;-0.21;-0.31;-0.60;0.00;-0.60;0.50;-0.77;-0.03;0.35;0.44;0.01;0.47;0.64;-0.09;0.49;-0.66;0.10;-0.11;-0.12;0.05;0.23;-0.59;0.19;-0.04;0.45;0.05;-0.95;-0.27;0.58;0.18;0.79;-0.19;+1;0;0;0;0

21.49;21.59;21;21.59;219933;0.06;-0.77;0.03;-0.05;0.07;0.23;-0.18;0.98;-0.18;-0.21;-0.31;-0.60;0.00;-0.60;0.50;-0.77;-0.03;0.35;0.44;0.01;0.47;0.64;-0.09;0.49;-0.66;0.10;-0.11;-0.12;0.05;0.23;-0.59;0.19;-0.04;0.45;0.05;-0.95;-0.27;0.58;0.18;0.79;+1;0;0;0;0

21.73;22.12;21.26;21.51;204824;0.24;0.06;-0.77;0.03;-0.05;0.07;0.23;-0.18;0.98;-0.18;-0.21;-0.31;-0.60;0.00;-0.60;0.50;-0.77;-0.03;0.35;0.44;0.01;0.47;0.64;-0.09;0.49;-0.66;0.10;-0.11;-0.12;0.05;0.23;-0.59;0.19;-0.04;0.45;0.05;-0.95;-0.27;0.58;0.18;+1;0;0;0;0

22.41;22.41;21.81;21.83;230892;0.68;0.24;0.06;-0.77;0.03;-0.05;0.07;0.23;-0.18;0.98;-0.18;-0.21;-0.31;-0.60;0.00;-0.60;0.50;-0.77;-0.03;0.35;0.44;0.01;0.47;0.64;-0.09;0.49;-0.66;0.10;-0.11;-0.12;0.05;0.23;-0.59;0.19;-0.04;0.45;0.05;-0.95;-0.27;0.58;+1;0;0;0;0

22.57;22.58;21.98;22.18;190268;0.16;0.68;0.24;0.06;-0.77;0.03;-0.05;0.07;0.23;-0.18;0.98;-0.18;-0.21;-0.31;-0.60;0.00;-0.60;0.50;-0.77;-0.03;0.35;0.44;0.01;0.47;0.64;-0.09;0.49;-0.66;0.10;-0.11;-0.12;0.05;0.23;-0.59;0.19;-0.04;0.45;0.05;-0.95;-0.27;-1;0;0;0;0

22.31;22.61;22.15;22.39;195899;-0.26;0.16;0.68;0.24;0.06;-0.77;0.03;-0.05;0.07;0.23;-0.18;0.98;-0.18;-0.21;-0.31;-0.60;0.00;-0.60;0.50;-0.77;-0.03;0.35;0.44;0.01;0.47;0.64;-0.09;0.49;-0.66;0.10;-0.11;-0.12;0.05;0.23;-0.59;0.19;-0.04;0.45;0.05;-0.95;+1;0;0;0;0

22.33;22.58;22.25;22.47;140468;0.02;-0.26;0.16;0.68;0.24;0.06;-0.77;0.03;-0.05;0.07;0.23;-0.18;0.98;-0.18;-0.21;-0.31;-0.60;0.00;-0.60;0.50;-0.77;-0.03;0.35;0.44;0.01;0.47;0.64;-0.09;0.49;-0.66;0.10;-0.11;-0.12;0.05;0.23;-0.59;0.19;-0.04;0.45;0.05;+1;0;0;0;0

22.63;22.63;22.28;22.44;150620;0.30;0.02;-0.26;0.16;0.68;0.24;0.06;-0.77;0.03;-0.05;0.07;0.23;-0.18;0.98;-0.18;-0.21;-0.31;-0.60;0.00;-0.60;0.50;-0.77;-0.03;0.35;0.44;0.01;0.47;0.64;-0.09;0.49;-0.66;0.10;-0.11;-0.12;0.05;0.23;-0.59;0.19;-0.04;0.45;+1;0;0;0;0

22.9;23.02;22.79;22.94;212424;0.27;0.30;0.02;-0.26;0.16;0.68;0.24;0.06;-0.77;0.03;-0.05;0.07;0.23;-0.18;0.98;-0.18;-0.21;-0.31;-0.60;0.00;-0.60;0.50;-0.77;-0.03;0.35;0.44;0.01;0.47;0.64;-0.09;0.49;-0.66;0.10;-0.11;-0.12;0.05;0.23;-0.59;0.19;-0.04;+1;0;0;0;0

22.91;23;22.65;22.89;199573;0.01;0.27;0.30;0.02;-0.26;0.16;0.68;0.24;0.06;-0.77;0.03;-0.05;0.07;0.23;-0.18;0.98;-0.18;-0.21;-0.31;-0.60;0.00;-0.60;0.50;-0.77;-0.03;0.35;0.44;0.01;0.47;0.64;-0.09;0.49;-0.66;0.10;-0.11;-0.12;0.05;0.23;-0.59;0.19;+1;0;0;0;0

23.08;23.27;22.78;22.99;289127;0.17;0.01;0.27;0.30;0.02;-0.26;0.16;0.68;0.24;0.06;-0.77;0.03;-0.05;0.07;0.23;-0.18;0.98;-0.18;-0.21;-0.31;-0.60;0.00;-0.60;0.50;-0.77;-0.03;0.35;0.44;0.01;0.47;0.64;-0.09;0.49;-0.66;0.10;-0.11;-0.12;0.05;0.23;-0.59;-1;0;0;0;0

23.05;23.1;22.85;22.95;272330;-0.03;0.17;0.01;0.27;0.30;0.02;-0.26;0.16;0.68;0.24;0.06;-0.77;0.03;-0.05;0.07;0.23;-0.18;0.98;-0.18;-0.21;-0.31;-0.60;0.00;-0.60;0.50;-0.77;-0.03;0.35;0.44;0.01;0.47;0.64;-0.09;0.49;-0.66;0.10;-0.11;-0.12;0.05;0.23;+1;0;0;0;0

23.65;23.7;23.02;23.05;302247;0.60;-0.03;0.17;0.01;0.27;0.30;0.02;-0.26;0.16;0.68;0.24;0.06;-0.77;0.03;-0.05;0.07;0.23;-0.18;0.98;-0.18;-0.21;-0.31;-0.60;0.00;-0.60;0.50;-0.77;-0.03;0.35;0.44;0.01;0.47;0.64;-0.09;0.49;-0.66;0.10;-0.11;-0.12;0.05;+1;0;0;0;0

23.8;24.13;23.7;23.97;271585;0.15;0.60;-0.03;0.17;0.01;0.27;0.30;0.02;-0.26;0.16;0.68;0.24;0.06;-0.77;0.03;-0.05;0.07;0.23;-0.18;0.98;-0.18;-0.21;-0.31;-0.60;0.00;-0.60;0.50;-0.77;-0.03;0.35;0.44;0.01;0.47;0.64;-0.09;0.49;-0.66;0.10;-0.11;-0.12;+1;0;0;0;0

24.37;24.46;23.82;23.82;259053;0.57;0.15;0.60;-0.03;0.17;0.01;0.27;0.30;0.02;-0.26;0.16;0.68;0.24;0.06;-0.77;0.03;-0.05;0.07;0.23;-0.18;0.98;-0.18;-0.21;-0.31;-0.60;0.00;-0.60;0.50;-0.77;-0.03;0.35;0.44;0.01;0.47;0.64;-0.09;0.49;-0.66;0.10;-0.11;-1;0;0;0;0

24.21;24.54;24.21;24.4;230226;-0.16;0.57;0.15;0.60;-0.03;0.17;0.01;0.27;0.30;0.02;-0.26;0.16;0.68;0.24;0.06;-0.77;0.03;-0.05;0.07;0.23;-0.18;0.98;-0.18;-0.21;-0.31;-0.60;0.00;-0.60;0.50;-0.77;-0.03;0.35;0.44;0.01;0.47;0.64;-0.09;0.49;-0.66;0.10;+1;0;0;0;0

24.22;24.22;23.88;24.1;167570;0.01;-0.16;0.57;0.15;0.60;-0.03;0.17;0.01;0.27;0.30;0.02;-0.26;0.16;0.68;0.24;0.06;-0.77;0.03;-0.05;0.07;0.23;-0.18;0.98;-0.18;-0.21;-0.31;-0.60;0.00;-0.60;0.50;-0.77;-0.03;0.35;0.44;0.01;0.47;0.64;-0.09;0.49;-0.66;+1;0;0;0;0

25.13;25.49;24.04;24.09;366858;0.91;0.01;-0.16;0.57;0.15;0.60;-0.03;0.17;0.01;0.27;0.30;0.02;-0.26;0.16;0.68;0.24;0.06;-0.77;0.03;-0.05;0.07;0.23;-0.18;0.98;-0.18;-0.21;-0.31;-0.60;0.00;-0.60;0.50;-0.77;-0.03;0.35;0.44;0.01;0.47;0.64;-0.09;0.49;+1;0;0;0;0

25.4;25.78;24.95;25.05;373213;0.27;0.91;0.01;-0.16;0.57;0.15;0.60;-0.03;0.17;0.01;0.27;0.30;0.02;-0.26;0.16;0.68;0.24;0.06;-0.77;0.03;-0.05;0.07;0.23;-0.18;0.98;-0.18;-0.21;-0.31;-0.60;0.00;-0.60;0.50;-0.77;-0.03;0.35;0.44;0.01;0.47;0.64;-0.09;-1;0;0;0;0

24.92;25.89;24.92;25.73;307301;-0.48;0.27;0.91;0.01;-0.16;0.57;0.15;0.60;-0.03;0.17;0.01;0.27;0.30;0.02;-0.26;0.16;0.68;0.24;0.06;-0.77;0.03;-0.05;0.07;0.23;-0.18;0.98;-0.18;-0.21;-0.31;-0.60;0.00;-0.60;0.50;-0.77;-0.03;0.35;0.44;0.01;0.47;0.64;-1;0;0;0;0

24.67;25.15;24.62;25.08;178210;-0.25;-0.48;0.27;0.91;0.01;-0.16;0.57;0.15;0.60;-0.03;0.17;0.01;0.27;0.30;0.02;-0.26;0.16;0.68;0.24;0.06;-0.77;0.03;-0.05;0.07;0.23;-0.18;0.98;-0.18;-0.21;-0.31;-0.60;0.00;-0.60;0.50;-0.77;-0.03;0.35;0.44;0.01;0.47;-1;0;0;0;0

24.57;24.63;24.35;24.43;171073;-0.10;-0.25;-0.48;0.27;0.91;0.01;-0.16;0.57;0.15;0.60;-0.03;0.17;0.01;0.27;0.30;0.02;-0.26;0.16;0.68;0.24;0.06;-0.77;0.03;-0.05;0.07;0.23;-0.18;0.98;-0.18;-0.21;-0.31;-0.60;0.00;-0.60;0.50;-0.77;-0.03;0.35;0.44;0.01;-1;0;0;0;0

24.57;24.94;24.33;24.75;293389;0.00;-0.10;-0.25;-0.48;0.27;0.91;0.01;-0.16;0.57;0.15;0.60;-0.03;0.17;0.01;0.27;0.30;0.02;-0.26;0.16;0.68;0.24;0.06;-0.77;0.03;-0.05;0.07;0.23;-0.18;0.98;-0.18;-0.21;-0.31;-0.60;0.00;-0.60;0.50;-0.77;-0.03;0.35;0.44;+1;0;0;0;0

24.95;25.17;24.63;24.7;245470;0.38;0.00;-0.10;-0.25;-0.48;0.27;0.91;0.01;-0.16;0.57;0.15;0.60;-0.03;0.17;0.01;0.27;0.30;0.02;-0.26;0.16;0.68;0.24;0.06;-0.77;0.03;-0.05;0.07;0.23;-0.18;0.98;-0.18;-0.21;-0.31;-0.60;0.00;-0.60;0.50;-0.77;-0.03;0.35;-1;0;0;0;0

24.53;25.22;24.45;24.88;268635;-0.42;0.38;0.00;-0.10;-0.25;-0.48;0.27;0.91;0.01;-0.16;0.57;0.15;0.60;-0.03;0.17;0.01;0.27;0.30;0.02;-0.26;0.16;0.68;0.24;0.06;-0.77;0.03;-0.05;0.07;0.23;-0.18;0.98;-0.18;-0.21;-0.31;-0.60;0.00;-0.60;0.50;-0.77;-0.03;+1;0;0;0;0

24.61;24.93;24.37;24.47;204223;0.08;-0.42;0.38;0.00;-0.10;-0.25;-0.48;0.27;0.91;0.01;-0.16;0.57;0.15;0.60;-0.03;0.17;0.01;0.27;0.30;0.02;-0.26;0.16;0.68;0.24;0.06;-0.77;0.03;-0.05;0.07;0.23;-0.18;0.98;-0.18;-0.21;-0.31;-0.60;0.00;-0.60;0.50;-0.77;+1;0;0;0;0

24.86;24.86;24.4;24.49;145637;0.25;0.08;-0.42;0.38;0.00;-0.10;-0.25;-0.48;0.27;0.91;0.01;-0.16;0.57;0.15;0.60;-0.03;0.17;0.01;0.27;0.30;0.02;-0.26;0.16;0.68;0.24;0.06;-0.77;0.03;-0.05;0.07;0.23;-0.18;0.98;-0.18;-0.21;-0.31;-0.60;0.00;-0.60;0.50;+1;0;0;0;0

25.6;25.64;24.72;24.72;296655;0.74;0.25;0.08;-0.42;0.38;0.00;-0.10;-0.25;-0.48;0.27;0.91;0.01;-0.16;0.57;0.15;0.60;-0.03;0.17;0.01;0.27;0.30;0.02;-0.26;0.16;0.68;0.24;0.06;-0.77;0.03;-0.05;0.07;0.23;-0.18;0.98;-0.18;-0.21;-0.31;-0.60;0.00;-0.60;-1;0;0;0;0

25.43;25.88;25.3;25.65;249101;-0.17;0.74;0.25;0.08;-0.42;0.38;0.00;-0.10;-0.25;-0.48;0.27;0.91;0.01;-0.16;0.57;0.15;0.60;-0.03;0.17;0.01;0.27;0.30;0.02;-0.26;0.16;0.68;0.24;0.06;-0.77;0.03;-0.05;0.07;0.23;-0.18;0.98;-0.18;-0.21;-0.31;-0.60;0.00;+1;0;0;0;0

25.5;25.74;25.17;25.48;238417;0.07;-0.17;0.74;0.25;0.08;-0.42;0.38;0.00;-0.10;-0.25;-0.48;0.27;0.91;0.01;-0.16;0.57;0.15;0.60;-0.03;0.17;0.01;0.27;0.30;0.02;-0.26;0.16;0.68;0.24;0.06;-0.77;0.03;-0.05;0.07;0.23;-0.18;0.98;-0.18;-0.21;-0.31;-0.60;-1;0;0;0;0

23.5;24.55;23.5;24.24;887496;-2.00;0.07;-0.17;0.74;0.25;0.08;-0.42;0.38;0.00;-0.10;-0.25;-0.48;0.27;0.91;0.01;-0.16;0.57;0.15;0.60;-0.03;0.17;0.01;0.27;0.30;0.02;-0.26;0.16;0.68;0.24;0.06;-0.77;0.03;-0.05;0.07;0.23;-0.18;0.98;-0.18;-0.21;-0.31;+1;0;0;0;0

24.36;24.54;23.62;23.8;469444;0.86;-2.00;0.07;-0.17;0.74;0.25;0.08;-0.42;0.38;0.00;-0.10;-0.25;-0.48;0.27;0.91;0.01;-0.16;0.57;0.15;0.60;-0.03;0.17;0.01;0.27;0.30;0.02;-0.26;0.16;0.68;0.24;0.06;-0.77;0.03;-0.05;0.07;0.23;-0.18;0.98;-0.18;-0.21;-1;0;0;0;0

23.21;24.36;23.1;24.36;425875;-1.15;0.86;-2.00;0.07;-0.17;0.74;0.25;0.08;-0.42;0.38;0.00;-0.10;-0.25;-0.48;0.27;0.91;0.01;-0.16;0.57;0.15;0.60;-0.03;0.17;0.01;0.27;0.30;0.02;-0.26;0.16;0.68;0.24;0.06;-0.77;0.03;-0.05;0.07;0.23;-0.18;0.98;-0.18;-1;0;0;0;0

23.1;23.59;22.71;23.49;403303;-0.11;-1.15;0.86;-2.00;0.07;-0.17;0.74;0.25;0.08;-0.42;0.38;0.00;-0.10;-0.25;-0.48;0.27;0.91;0.01;-0.16;0.57;0.15;0.60;-0.03;0.17;0.01;0.27;0.30;0.02;-0.26;0.16;0.68;0.24;0.06;-0.77;0.03;-0.05;0.07;0.23;-0.18;0.98;+1;0;0;0;0

23.88;23.93;22.83;22.95;369452;0.78;-0.11;-1.15;0.86;-2.00;0.07;-0.17;0.74;0.25;0.08;-0.42;0.38;0.00;-0.10;-0.25;-0.48;0.27;0.91;0.01;-0.16;0.57;0.15;0.60;-0.03;0.17;0.01;0.27;0.30;0.02;-0.26;0.16;0.68;0.24;0.06;-0.77;0.03;-0.05;0.07;0.23;-0.18;+1;0;0;0;0

24.05;24.15;23.65;24.1;244132;0.17;0.78;-0.11;-1.15;0.86;-2.00;0.07;-0.17;0.74;0.25;0.08;-0.42;0.38;0.00;-0.10;-0.25;-0.48;0.27;0.91;0.01;-0.16;0.57;0.15;0.60;-0.03;0.17;0.01;0.27;0.30;0.02;-0.26;0.16;0.68;0.24;0.06;-0.77;0.03;-0.05;0.07;0.23;-1;0;0;0;0

23.89;24.13;23.74;23.92;173204;-0.16;0.17;0.78;-0.11;-1.15;0.86;-2.00;0.07;-0.17;0.74;0.25;0.08;-0.42;0.38;0.00;-0.10;-0.25;-0.48;0.27;0.91;0.01;-0.16;0.57;0.15;0.60;-0.03;0.17;0.01;0.27;0.30;0.02;-0.26;0.16;0.68;0.24;0.06;-0.77;0.03;-0.05;0.07;+1;0;0;0;0

23.92;24.09;23.67;23.68;211286;0.03;-0.16;0.17;0.78;-0.11;-1.15;0.86;-2.00;0.07;-0.17;0.74;0.25;0.08;-0.42;0.38;0.00;-0.10;-0.25;-0.48;0.27;0.91;0.01;-0.16;0.57;0.15;0.60;-0.03;0.17;0.01;0.27;0.30;0.02;-0.26;0.16;0.68;0.24;0.06;-0.77;0.03;-0.05;+1;0;0;0;0

24.48;24.59;24.11;24.15;238589;0.56;0.03;-0.16;0.17;0.78;-0.11;-1.15;0.86;-2.00;0.07;-0.17;0.74;0.25;0.08;-0.42;0.38;0.00;-0.10;-0.25;-0.48;0.27;0.91;0.01;-0.16;0.57;0.15;0.60;-0.03;0.17;0.01;0.27;0.30;0.02;-0.26;0.16;0.68;0.24;0.06;-0.77;0.03;-1;0;0;0;0

24.35;24.92;24.29;24.65;303537;-0.13;0.56;0.03;-0.16;0.17;0.78;-0.11;-1.15;0.86;-2.00;0.07;-0.17;0.74;0.25;0.08;-0.42;0.38;0.00;-0.10;-0.25;-0.48;0.27;0.91;0.01;-0.16;0.57;0.15;0.60;-0.03;0.17;0.01;0.27;0.30;0.02;-0.26;0.16;0.68;0.24;0.06;-0.77;-1;0;0;0;0

24.33;24.69;24.33;24.51;236123;-0.02;-0.13;0.56;0.03;-0.16;0.17;0.78;-0.11;-1.15;0.86;-2.00;0.07;-0.17;0.74;0.25;0.08;-0.42;0.38;0.00;-0.10;-0.25;-0.48;0.27;0.91;0.01;-0.16;0.57;0.15;0.60;-0.03;0.17;0.01;0.27;0.30;0.02;-0.26;0.16;0.68;0.24;0.06;-1;0;0;0;0

24.31;24.64;24.24;24.5;238211;-0.02;-0.02;-0.13;0.56;0.03;-0.16;0.17;0.78;-0.11;-1.15;0.86;-2.00;0.07;-0.17;0.74;0.25;0.08;-0.42;0.38;0.00;-0.10;-0.25;-0.48;0.27;0.91;0.01;-0.16;0.57;0.15;0.60;-0.03;0.17;0.01;0.27;0.30;0.02;-0.26;0.16;0.68;0.24;+1;0;0;0;0

24.88;24.88;24.46;24.51;188180;0.57;-0.02;-0.02;-0.13;0.56;0.03;-0.16;0.17;0.78;-0.11;-1.15;0.86;-2.00;0.07;-0.17;0.74;0.25;0.08;-0.42;0.38;0.00;-0.10;-0.25;-0.48;0.27;0.91;0.01;-0.16;0.57;0.15;0.60;-0.03;0.17;0.01;0.27;0.30;0.02;-0.26;0.16;0.68;+1;0;0;0;0

25.3;25.3;24.86;24.94;201822;0.42;0.57;-0.02;-0.02;-0.13;0.56;0.03;-0.16;0.17;0.78;-0.11;-1.15;0.86;-2.00;0.07;-0.17;0.74;0.25;0.08;-0.42;0.38;0.00;-0.10;-0.25;-0.48;0.27;0.91;0.01;-0.16;0.57;0.15;0.60;-0.03;0.17;0.01;0.27;0.30;0.02;-0.26;0.16;-1;0;0;0;0

24.59;25.24;24.45;25.15;228487;-0.71;0.42;0.57;-0.02;-0.02;-0.13;0.56;0.03;-0.16;0.17;0.78;-0.11;-1.15;0.86;-2.00;0.07;-0.17;0.74;0.25;0.08;-0.42;0.38;0.00;-0.10;-0.25;-0.48;0.27;0.91;0.01;-0.16;0.57;0.15;0.60;-0.03;0.17;0.01;0.27;0.30;0.02;-0.26;-1;0;0;0;0

23.75;24.13;23.59;24.1;253314;-0.84;-0.71;0.42;0.57;-0.02;-0.02;-0.13;0.56;0.03;-0.16;0.17;0.78;-0.11;-1.15;0.86;-2.00;0.07;-0.17;0.74;0.25;0.08;-0.42;0.38;0.00;-0.10;-0.25;-0.48;0.27;0.91;0.01;-0.16;0.57;0.15;0.60;-0.03;0.17;0.01;0.27;0.30;0.02;+1;0;0;0;0

23.98;24.15;23.76;24.05;165097;0.23;-0.84;-0.71;0.42;0.57;-0.02;-0.02;-0.13;0.56;0.03;-0.16;0.17;0.78;-0.11;-1.15;0.86;-2.00;0.07;-0.17;0.74;0.25;0.08;-0.42;0.38;0.00;-0.10;-0.25;-0.48;0.27;0.91;0.01;-0.16;0.57;0.15;0.60;-0.03;0.17;0.01;0.27;0.30;+1;0;0;0;0

24.09;24.45;23.91;24.42;139424;0.11;0.23;-0.84;-0.71;0.42;0.57;-0.02;-0.02;-0.13;0.56;0.03;-0.16;0.17;0.78;-0.11;-1.15;0.86;-2.00;0.07;-0.17;0.74;0.25;0.08;-0.42;0.38;0.00;-0.10;-0.25;-0.48;0.27;0.91;0.01;-0.16;0.57;0.15;0.60;-0.03;0.17;0.01;0.27;-1;0;0;0;0

23.71;24.25;23.71;24.1;150274;-0.38;0.11;0.23;-0.84;-0.71;0.42;0.57;-0.02;-0.02;-0.13;0.56;0.03;-0.16;0.17;0.78;-0.11;-1.15;0.86;-2.00;0.07;-0.17;0.74;0.25;0.08;-0.42;0.38;0.00;-0.10;-0.25;-0.48;0.27;0.91;0.01;-0.16;0.57;0.15;0.60;-0.03;0.17;0.01;-1;0;0;0;0

23.43;23.76;23.36;23.55;140085;-0.28;-0.38;0.11;0.23;-0.84;-0.71;0.42;0.57;-0.02;-0.02;-0.13;0.56;0.03;-0.16;0.17;0.78;-0.11;-1.15;0.86;-2.00;0.07;-0.17;0.74;0.25;0.08;-0.42;0.38;0.00;-0.10;-0.25;-0.48;0.27;0.91;0.01;-0.16;0.57;0.15;0.60;-0.03;0.17;+1;0;0;0;0

24.43;24.43;23.48;23.65;273536;1.00;-0.28;-0.38;0.11;0.23;-0.84;-0.71;0.42;0.57;-0.02;-0.02;-0.13;0.56;0.03;-0.16;0.17;0.78;-0.11;-1.15;0.86;-2.00;0.07;-0.17;0.74;0.25;0.08;-0.42;0.38;0.00;-0.10;-0.25;-0.48;0.27;0.91;0.01;-0.16;0.57;0.15;0.60;-0.03;+1;0;0;0;0

24.83;25.08;24.28;24.4;349394;0.40;1.00;-0.28;-0.38;0.11;0.23;-0.84;-0.71;0.42;0.57;-0.02;-0.02;-0.13;0.56;0.03;-0.16;0.17;0.78;-0.11;-1.15;0.86;-2.00;0.07;-0.17;0.74;0.25;0.08;-0.42;0.38;0.00;-0.10;-0.25;-0.48;0.27;0.91;0.01;-0.16;0.57;0.15;0.60;-1;0;0;0;0

24.22;24.99;24.17;24.68;269506;-0.61;0.40;1.00;-0.28;-0.38;0.11;0.23;-0.84;-0.71;0.42;0.57;-0.02;-0.02;-0.13;0.56;0.03;-0.16;0.17;0.78;-0.11;-1.15;0.86;-2.00;0.07;-0.17;0.74;0.25;0.08;-0.42;0.38;0.00;-0.10;-0.25;-0.48;0.27;0.91;0.01;-0.16;0.57;0.15;+1;0;0;0;0

24.35;24.45;23.62;24.25;388840;0.13;-0.61;0.40;1.00;-0.28;-0.38;0.11;0.23;-0.84;-0.71;0.42;0.57;-0.02;-0.02;-0.13;0.56;0.03;-0.16;0.17;0.78;-0.11;-1.15;0.86;-2.00;0.07;-0.17;0.74;0.25;0.08;-0.42;0.38;0.00;-0.10;-0.25;-0.48;0.27;0.91;0.01;-0.16;0.57;+1;0;0;0;0

24.51;24.67;24.02;24.27;379539;0.16;0.13;-0.61;0.40;1.00;-0.28;-0.38;0.11;0.23;-0.84;-0.71;0.42;0.57;-0.02;-0.02;-0.13;0.56;0.03;-0.16;0.17;0.78;-0.11;-1.15;0.86;-2.00;0.07;-0.17;0.74;0.25;0.08;-0.42;0.38;0.00;-0.10;-0.25;-0.48;0.27;0.91;0.01;-0.16;-1;0;0;0;0

24.27;24.31;23.97;24.01;176884;-0.24;0.16;0.13;-0.61;0.40;1.00;-0.28;-0.38;0.11;0.23;-0.84;-0.71;0.42;0.57;-0.02;-0.02;-0.13;0.56;0.03;-0.16;0.17;0.78;-0.11;-1.15;0.86;-2.00;0.07;-0.17;0.74;0.25;0.08;-0.42;0.38;0.00;-0.10;-0.25;-0.48;0.27;0.91;0.01;-1;0;0;0;0

24.11;24.4;24.07;24.21;125550;-0.16;-0.24;0.16;0.13;-0.61;0.40;1.00;-0.28;-0.38;0.11;0.23;-0.84;-0.71;0.42;0.57;-0.02;-0.02;-0.13;0.56;0.03;-0.16;0.17;0.78;-0.11;-1.15;0.86;-2.00;0.07;-0.17;0.74;0.25;0.08;-0.42;0.38;0.00;-0.10;-0.25;-0.48;0.27;0.91;-1;0;0;0;0

23.8;24.05;23.7;23.99;165990;-0.31;-0.16;-0.24;0.16;0.13;-0.61;0.40;1.00;-0.28;-0.38;0.11;0.23;-0.84;-0.71;0.42;0.57;-0.02;-0.02;-0.13;0.56;0.03;-0.16;0.17;0.78;-0.11;-1.15;0.86;-2.00;0.07;-0.17;0.74;0.25;0.08;-0.42;0.38;0.00;-0.10;-0.25;-0.48;0.27;-1;0;0;0;0

23.7;24.1;23.67;23.93;162733;-0.10;-0.31;-0.16;-0.24;0.16;0.13;-0.61;0.40;1.00;-0.28;-0.38;0.11;0.23;-0.84;-0.71;0.42;0.57;-0.02;-0.02;-0.13;0.56;0.03;-0.16;0.17;0.78;-0.11;-1.15;0.86;-2.00;0.07;-0.17;0.74;0.25;0.08;-0.42;0.38;0.00;-0.10;-0.25;-0.48;+1;0;0;0;0

24.21;24.28;23.86;23.94;148420;0.51;-0.10;-0.31;-0.16;-0.24;0.16;0.13;-0.61;0.40;1.00;-0.28;-0.38;0.11;0.23;-0.84;-0.71;0.42;0.57;-0.02;-0.02;-0.13;0.56;0.03;-0.16;0.17;0.78;-0.11;-1.15;0.86;-2.00;0.07;-0.17;0.74;0.25;0.08;-0.42;0.38;0.00;-0.10;-0.25;-1;0;0;0;0

23.8;24.29;23.8;24.21;207742;-0.41;0.51;-0.10;-0.31;-0.16;-0.24;0.16;0.13;-0.61;0.40;1.00;-0.28;-0.38;0.11;0.23;-0.84;-0.71;0.42;0.57;-0.02;-0.02;-0.13;0.56;0.03;-0.16;0.17;0.78;-0.11;-1.15;0.86;-2.00;0.07;-0.17;0.74;0.25;0.08;-0.42;0.38;0.00;-0.10;-1;0;0;0;0

23.39;23.8;23.21;23.79;198673;-0.41;-0.41;0.51;-0.10;-0.31;-0.16;-0.24;0.16;0.13;-0.61;0.40;1.00;-0.28;-0.38;0.11;0.23;-0.84;-0.71;0.42;0.57;-0.02;-0.02;-0.13;0.56;0.03;-0.16;0.17;0.78;-0.11;-1.15;0.86;-2.00;0.07;-0.17;0.74;0.25;0.08;-0.42;0.38;0.00;-1;0;0;0;0

23.32;23.4;22.93;23.21;236393;-0.07;-0.41;-0.41;0.51;-0.10;-0.31;-0.16;-0.24;0.16;0.13;-0.61;0.40;1.00;-0.28;-0.38;0.11;0.23;-0.84;-0.71;0.42;0.57;-0.02;-0.02;-0.13;0.56;0.03;-0.16;0.17;0.78;-0.11;-1.15;0.86;-2.00;0.07;-0.17;0.74;0.25;0.08;-0.42;0.38;+1;0;0;0;0

23.35;23.54;23.11;23.5;178211;0.03;-0.07;-0.41;-0.41;0.51;-0.10;-0.31;-0.16;-0.24;0.16;0.13;-0.61;0.40;1.00;-0.28;-0.38;0.11;0.23;-0.84;-0.71;0.42;0.57;-0.02;-0.02;-0.13;0.56;0.03;-0.16;0.17;0.78;-0.11;-1.15;0.86;-2.00;0.07;-0.17;0.74;0.25;0.08;-0.42;-1;0;0;0;0

