160;-0.60;0.60;-0.50;-3.00;1.00;7.50;2.90;8.10;4.50;-1.50;-0.50;7.00;-9.50;-6.20;-12.80;-0.50;5.00;4.40;5.70;2.50;2.90;5.00;-10.00;4.90;8.10;8.50;-2.95;6.40;8.35;0.25;4.45;1.10;-1.10;2.00;3.20;-0.45;-3.25;-2.60;-1.10;-0.85;-2.95;2.42;5.28;1.80;3.50;-0.75;-2.25;-4.00;-0.01;-8.99;4.00;6.50;4.50;4.40;-2.00;-5.40;7.60;2.40;4.00;3.75;-1;0;0;0;0

159.5;-0.50;-0.60;0.60;-0.50;-3.00;1.00;7.50;2.90;8.10;4.50;-1.50;-0.50;7.00;-9.50;-6.20;-12.80;-0.50;5.00;4.40;5.70;2.50;2.90;5.00;-10.00;4.90;8.10;8.50;-2.95;6.40;8.35;0.25;4.45;1.10;-1.10;2.00;3.20;-0.45;-3.25;-2.60;-1.10;-0.85;-2.95;2.42;5.28;1.80;3.50;-0.75;-2.25;-4.00;-0.01;-8.99;4.00;6.50;4.50;4.40;-2.00;-5.40;7.60;2.40;4.00;+1;0;0;0;0

163;3.50;-0.50;-0.60;0.60;-0.50;-3.00;1.00;7.50;2.90;8.10;4.50;-1.50;-0.50;7.00;-9.50;-6.20;-12.80;-0.50;5.00;4.40;5.70;2.50;2.90;5.00;-10.00;4.90;8.10;8.50;-2.95;6.40;8.35;0.25;4.45;1.10;-1.10;2.00;3.20;-0.45;-3.25;-2.60;-1.10;-0.85;-2.95;2.42;5.28;1.80;3.50;-0.75;-2.25;-4.00;-0.01;-8.99;4.00;6.50;4.50;4.40;-2.00;-5.40;7.60;2.40;+1;0;0;0;0

178.51;15.51;3.50;-0.50;-0.60;0.60;-0.50;-3.00;1.00;7.50;2.90;8.10;4.50;-1.50;-0.50;7.00;-9.50;-6.20;-12.80;-0.50;5.00;4.40;5.70;2.50;2.90;5.00;-10.00;4.90;8.10;8.50;-2.95;6.40;8.35;0.25;4.45;1.10;-1.10;2.00;3.20;-0.45;-3.25;-2.60;-1.10;-0.85;-2.95;2.42;5.28;1.80;3.50;-0.75;-2.25;-4.00;-0.01;-8.99;4.00;6.50;4.50;4.40;-2.00;-5.40;7.60;+1;0;0;0;0

180.5;1.99;15.51;3.50;-0.50;-0.60;0.60;-0.50;-3.00;1.00;7.50;2.90;8.10;4.50;-1.50;-0.50;7.00;-9.50;-6.20;-12.80;-0.50;5.00;4.40;5.70;2.50;2.90;5.00;-10.00;4.90;8.10;8.50;-2.95;6.40;8.35;0.25;4.45;1.10;-1.10;2.00;3.20;-0.45;-3.25;-2.60;-1.10;-0.85;-2.95;2.42;5.28;1.80;3.50;-0.75;-2.25;-4.00;-0.01;-8.99;4.00;6.50;4.50;4.40;-2.00;-5.40;-1;0;0;0;0

177;-3.50;1.99;15.51;3.50;-0.50;-0.60;0.60;-0.50;-3.00;1.00;7.50;2.90;8.10;4.50;-1.50;-0.50;7.00;-9.50;-6.20;-12.80;-0.50;5.00;4.40;5.70;2.50;2.90;5.00;-10.00;4.90;8.10;8.50;-2.95;6.40;8.35;0.25;4.45;1.10;-1.10;2.00;3.20;-0.45;-3.25;-2.60;-1.10;-0.85;-2.95;2.42;5.28;1.80;3.50;-0.75;-2.25;-4.00;-0.01;-8.99;4.00;6.50;4.50;4.40;-2.00;-1;0;0;0;0

174.9;-2.10;-3.50;1.99;15.51;3.50;-0.50;-0.60;0.60;-0.50;-3.00;1.00;7.50;2.90;8.10;4.50;-1.50;-0.50;7.00;-9.50;-6.20;-12.80;-0.50;5.00;4.40;5.70;2.50;2.90;5.00;-10.00;4.90;8.10;8.50;-2.95;6.40;8.35;0.25;4.45;1.10;-1.10;2.00;3.20;-0.45;-3.25;-2.60;-1.10;-0.85;-2.95;2.42;5.28;1.80;3.50;-0.75;-2.25;-4.00;-0.01;-8.99;4.00;6.50;4.50;4.40;+1;0;0;0;0

178;3.10;-2.10;-3.50;1.99;15.51;3.50;-0.50;-0.60;0.60;-0.50;-3.00;1.00;7.50;2.90;8.10;4.50;-1.50;-0.50;7.00;-9.50;-6.20;-12.80;-0.50;5.00;4.40;5.70;2.50;2.90;5.00;-10.00;4.90;8.10;8.50;-2.95;6.40;8.35;0.25;4.45;1.10;-1.10;2.00;3.20;-0.45;-3.25;-2.60;-1.10;-0.85;-2.95;2.42;5.28;1.80;3.50;-0.75;-2.25;-4.00;-0.01;-8.99;4.00;6.50;4.50;-1;0;0;0;0

173.01;-4.99;3.10;-2.10;-3.50;1.99;15.51;3.50;-0.50;-0.60;0.60;-0.50;-3.00;1.00;7.50;2.90;8.10;4.50;-1.50;-0.50;7.00;-9.50;-6.20;-12.80;-0.50;5.00;4.40;5.70;2.50;2.90;5.00;-10.00;4.90;8.10;8.50;-2.95;6.40;8.35;0.25;4.45;1.10;-1.10;2.00;3.20;-0.45;-3.25;-2.60;-1.10;-0.85;-2.95;2.42;5.28;1.80;3.50;-0.75;-2.25;-4.00;-0.01;-8.99;4.00;6.50;-1;0;0;0;0

158;-15.01;-4.99;3.10;-2.10;-3.50;1.99;15.51;3.50;-0.50;-0.60;0.60;-0.50;-3.00;1.00;7.50;2.90;8.10;4.50;-1.50;-0.50;7.00;-9.50;-6.20;-12.80;-0.50;5.00;4.40;5.70;2.50;2.90;5.00;-10.00;4.90;8.10;8.50;-2.95;6.40;8.35;0.25;4.45;1.10;-1.10;2.00;3.20;-0.45;-3.25;-2.60;-1.10;-0.85;-2.95;2.42;5.28;1.80;3.50;-0.75;-2.25;-4.00;-0.01;-8.99;4.00;+1;0;0;0;0

160;2.00;-15.01;-4.99;3.10;-2.10;-3.50;1.99;15.51;3.50;-0.50;-0.60;0.60;-0.50;-3.00;1.00;7.50;2.90;8.10;4.50;-1.50;-0.50;7.00;-9.50;-6.20;-12.80;-0.50;5.00;4.40;5.70;2.50;2.90;5.00;-10.00;4.90;8.10;8.50;-2.95;6.40;8.35;0.25;4.45;1.10;-1.10;2.00;3.20;-0.45;-3.25;-2.60;-1.10;-0.85;-2.95;2.42;5.28;1.80;3.50;-0.75;-2.25;-4.00;-0.01;-8.99;-1;0;0;0;0

153.5;-6.50;2.00;-15.01;-4.99;3.10;-2.10;-3.50;1.99;15.51;3.50;-0.50;-0.60;0.60;-0.50;-3.00;1.00;7.50;2.90;8.10;4.50;-1.50;-0.50;7.00;-9.50;-6.20;-12.80;-0.50;5.00;4.40;5.70;2.50;2.90;5.00;-10.00;4.90;8.10;8.50;-2.95;6.40;8.35;0.25;4.45;1.10;-1.10;2.00;3.20;-0.45;-3.25;-2.60;-1.10;-0.85;-2.95;2.42;5.28;1.80;3.50;-0.75;-2.25;-4.00;-0.01;-1;0;0;0;0

144.1;-9.40;-6.50;2.00;-15.01;-4.99;3.10;-2.10;-3.50;1.99;15.51;3.50;-0.50;-0.60;0.60;-0.50;-3.00;1.00;7.50;2.90;8.10;4.50;-1.50;-0.50;7.00;-9.50;-6.20;-12.80;-0.50;5.00;4.40;5.70;2.50;2.90;5.00;-10.00;4.90;8.10;8.50;-2.95;6.40;8.35;0.25;4.45;1.10;-1.10;2.00;3.20;-0.45;-3.25;-2.60;-1.10;-0.85;-2.95;2.42;5.28;1.80;3.50;-0.75;-2.25;-4.00;+1;0;0;0;0

146.9;2.80;-9.40;-6.50;2.00;-15.01;-4.99;3.10;-2.10;-3.50;1.99;15.51;3.50;-0.50;-0.60;0.60;-0.50;-3.00;1.00;7.50;2.90;8.10;4.50;-1.50;-0.50;7.00;-9.50;-6.20;-12.80;-0.50;5.00;4.40;5.70;2.50;2.90;5.00;-10.00;4.90;8.10;8.50;-2.95;6.40;8.35;0.25;4.45;1.10;-1.10;2.00;3.20;-0.45;-3.25;-2.60;-1.10;-0.85;-2.95;2.42;5.28;1.80;3.50;-0.75;-2.25;-1;0;0;0;0

133;-13.90;2.80;-9.40;-6.50;2.00;-15.01;-4.99;3.10;-2.10;-3.50;1.99;15.51;3.50;-0.50;-0.60;0.60;-0.50;-3.00;1.00;7.50;2.90;8.10;4.50;-1.50;-0.50;7.00;-9.50;-6.20;-12.80;-0.50;5.00;4.40;5.70;2.50;2.90;5.00;-10.00;4.90;8.10;8.50;-2.95;6.40;8.35;0.25;4.45;1.10;-1.10;2.00;3.20;-0.45;-3.25;-2.60;-1.10;-0.85;-2.95;2.42;5.28;1.80;3.50;-0.75;-1;0;0;0;0

127;-6.00;-13.90;2.80;-9.40;-6.50;2.00;-15.01;-4.99;3.10;-2.10;-3.50;1.99;15.51;3.50;-0.50;-0.60;0.60;-0.50;-3.00;1.00;7.50;2.90;8.10;4.50;-1.50;-0.50;7.00;-9.50;-6.20;-12.80;-0.50;5.00;4.40;5.70;2.50;2.90;5.00;-10.00;4.90;8.10;8.50;-2.95;6.40;8.35;0.25;4.45;1.10;-1.10;2.00;3.20;-0.45;-3.25;-2.60;-1.10;-0.85;-2.95;2.42;5.28;1.80;3.50;-1;0;0;0;0

119.01;-7.99;-6.00;-13.90;2.80;-9.40;-6.50;2.00;-15.01;-4.99;3.10;-2.10;-3.50;1.99;15.51;3.50;-0.50;-0.60;0.60;-0.50;-3.00;1.00;7.50;2.90;8.10;4.50;-1.50;-0.50;7.00;-9.50;-6.20;-12.80;-0.50;5.00;4.40;5.70;2.50;2.90;5.00;-10.00;4.90;8.10;8.50;-2.95;6.40;8.35;0.25;4.45;1.10;-1.10;2.00;3.20;-0.45;-3.25;-2.60;-1.10;-0.85;-2.95;2.42;5.28;1.80;+1;0;0;0;0

134;14.99;-7.99;-6.00;-13.90;2.80;-9.40;-6.50;2.00;-15.01;-4.99;3.10;-2.10;-3.50;1.99;15.51;3.50;-0.50;-0.60;0.60;-0.50;-3.00;1.00;7.50;2.90;8.10;4.50;-1.50;-0.50;7.00;-9.50;-6.20;-12.80;-0.50;5.00;4.40;5.70;2.50;2.90;5.00;-10.00;4.90;8.10;8.50;-2.95;6.40;8.35;0.25;4.45;1.10;-1.10;2.00;3.20;-0.45;-3.25;-2.60;-1.10;-0.85;-2.95;2.42;5.28;+1;0;0;0;0

145.03;11.03;14.99;-7.99;-6.00;-13.90;2.80;-9.40;-6.50;2.00;-15.01;-4.99;3.10;-2.10;-3.50;1.99;15.51;3.50;-0.50;-0.60;0.60;-0.50;-3.00;1.00;7.50;2.90;8.10;4.50;-1.50;-0.50;7.00;-9.50;-6.20;-12.80;-0.50;5.00;4.40;5.70;2.50;2.90;5.00;-10.00;4.90;8.10;8.50;-2.95;6.40;8.35;0.25;4.45;1.10;-1.10;2.00;3.20;-0.45;-3.25;-2.60;-1.10;-0.85;-2.95;2.42;+1;0;0;0;0

148.2;3.17;11.03;14.99;-7.99;-6.00;-13.90;2.80;-9.40;-6.50;2.00;-15.01;-4.99;3.10;-2.10;-3.50;1.99;15.51;3.50;-0.50;-0.60;0.60;-0.50;-3.00;1.00;7.50;2.90;8.10;4.50;-1.50;-0.50;7.00;-9.50;-6.20;-12.80;-0.50;5.00;4.40;5.70;2.50;2.90;5.00;-10.00;4.90;8.10;8.50;-2.95;6.40;8.35;0.25;4.45;1.10;-1.10;2.00;3.20;-0.45;-3.25;-2.60;-1.10;-0.85;-2.95;-1;0;0;0;0

135.51;-12.69;3.17;11.03;14.99;-7.99;-6.00;-13.90;2.80;-9.40;-6.50;2.00;-15.01;-4.99;3.10;-2.10;-3.50;1.99;15.51;3.50;-0.50;-0.60;0.60;-0.50;-3.00;1.00;7.50;2.90;8.10;4.50;-1.50;-0.50;7.00;-9.50;-6.20;-12.80;-0.50;5.00;4.40;5.70;2.50;2.90;5.00;-10.00;4.90;8.10;8.50;-2.95;6.40;8.35;0.25;4.45;1.10;-1.10;2.00;3.20;-0.45;-3.25;-2.60;-1.10;-0.85;+1;0;0;0;0

143.5;7.99;-12.69;3.17;11.03;14.99;-7.99;-6.00;-13.90;2.80;-9.40;-6.50;2.00;-15.01;-4.99;3.10;-2.10;-3.50;1.99;15.51;3.50;-0.50;-0.60;0.60;-0.50;-3.00;1.00;7.50;2.90;8.10;4.50;-1.50;-0.50;7.00;-9.50;-6.20;-12.80;-0.50;5.00;4.40;5.70;2.50;2.90;5.00;-10.00;4.90;8.10;8.50;-2.95;6.40;8.35;0.25;4.45;1.10;-1.10;2.00;3.20;-0.45;-3.25;-2.60;-1.10;-1;0;0;0;0

139;-4.50;7.99;-12.69;3.17;11.03;14.99;-7.99;-6.00;-13.90;2.80;-9.40;-6.50;2.00;-15.01;-4.99;3.10;-2.10;-3.50;1.99;15.51;3.50;-0.50;-0.60;0.60;-0.50;-3.00;1.00;7.50;2.90;8.10;4.50;-1.50;-0.50;7.00;-9.50;-6.20;-12.80;-0.50;5.00;4.40;5.70;2.50;2.90;5.00;-10.00;4.90;8.10;8.50;-2.95;6.40;8.35;0.25;4.45;1.10;-1.10;2.00;3.20;-0.45;-3.25;-2.60;+1;0;0;0;0

140;1.00;-4.50;7.99;-12.69;3.17;11.03;14.99;-7.99;-6.00;-13.90;2.80;-9.40;-6.50;2.00;-15.01;-4.99;3.10;-2.10;-3.50;1.99;15.51;3.50;-0.50;-0.60;0.60;-0.50;-3.00;1.00;7.50;2.90;8.10;4.50;-1.50;-0.50;7.00;-9.50;-6.20;-12.80;-0.50;5.00;4.40;5.70;2.50;2.90;5.00;-10.00;4.90;8.10;8.50;-2.95;6.40;8.35;0.25;4.45;1.10;-1.10;2.00;3.20;-0.45;-3.25;-1;0;0;0;0

130;-10.00;1.00;-4.50;7.99;-12.69;3.17;11.03;14.99;-7.99;-6.00;-13.90;2.80;-9.40;-6.50;2.00;-15.01;-4.99;3.10;-2.10;-3.50;1.99;15.51;3.50;-0.50;-0.60;0.60;-0.50;-3.00;1.00;7.50;2.90;8.10;4.50;-1.50;-0.50;7.00;-9.50;-6.20;-12.80;-0.50;5.00;4.40;5.70;2.50;2.90;5.00;-10.00;4.90;8.10;8.50;-2.95;6.40;8.35;0.25;4.45;1.10;-1.10;2.00;3.20;-0.45;+1;0;0;0;0

132.01;2.01;-10.00;1.00;-4.50;7.99;-12.69;3.17;11.03;14.99;-7.99;-6.00;-13.90;2.80;-9.40;-6.50;2.00;-15.01;-4.99;3.10;-2.10;-3.50;1.99;15.51;3.50;-0.50;-0.60;0.60;-0.50;-3.00;1.00;7.50;2.90;8.10;4.50;-1.50;-0.50;7.00;-9.50;-6.20;-12.80;-0.50;5.00;4.40;5.70;2.50;2.90;5.00;-10.00;4.90;8.10;8.50;-2.95;6.40;8.35;0.25;4.45;1.10;-1.10;2.00;3.20;-1;0;0;0;0

128.6;-3.41;2.01;-10.00;1.00;-4.50;7.99;-12.69;3.17;11.03;14.99;-7.99;-6.00;-13.90;2.80;-9.40;-6.50;2.00;-15.01;-4.99;3.10;-2.10;-3.50;1.99;15.51;3.50;-0.50;-0.60;0.60;-0.50;-3.00;1.00;7.50;2.90;8.10;4.50;-1.50;-0.50;7.00;-9.50;-6.20;-12.80;-0.50;5.00;4.40;5.70;2.50;2.90;5.00;-10.00;4.90;8.10;8.50;-2.95;6.40;8.35;0.25;4.45;1.10;-1.10;2.00;-1;0;0;0;0

121;-7.60;-3.41;2.01;-10.00;1.00;-4.50;7.99;-12.69;3.17;11.03;14.99;-7.99;-6.00;-13.90;2.80;-9.40;-6.50;2.00;-15.01;-4.99;3.10;-2.10;-3.50;1.99;15.51;3.50;-0.50;-0.60;0.60;-0.50;-3.00;1.00;7.50;2.90;8.10;4.50;-1.50;-0.50;7.00;-9.50;-6.20;-12.80;-0.50;5.00;4.40;5.70;2.50;2.90;5.00;-10.00;4.90;8.10;8.50;-2.95;6.40;8.35;0.25;4.45;1.10;-1.10;+1;0;0;0;0

124.5;3.50;-7.60;-3.41;2.01;-10.00;1.00;-4.50;7.99;-12.69;3.17;11.03;14.99;-7.99;-6.00;-13.90;2.80;-9.40;-6.50;2.00;-15.01;-4.99;3.10;-2.10;-3.50;1.99;15.51;3.50;-0.50;-0.60;0.60;-0.50;-3.00;1.00;7.50;2.90;8.10;4.50;-1.50;-0.50;7.00;-9.50;-6.20;-12.80;-0.50;5.00;4.40;5.70;2.50;2.90;5.00;-10.00;4.90;8.10;8.50;-2.95;6.40;8.35;0.25;4.45;1.10;-1;0;0;0;0

118.9;-5.60;3.50;-7.60;-3.41;2.01;-10.00;1.00;-4.50;7.99;-12.69;3.17;11.03;14.99;-7.99;-6.00;-13.90;2.80;-9.40;-6.50;2.00;-15.01;-4.99;3.10;-2.10;-3.50;1.99;15.51;3.50;-0.50;-0.60;0.60;-0.50;-3.00;1.00;7.50;2.90;8.10;4.50;-1.50;-0.50;7.00;-9.50;-6.20;-12.80;-0.50;5.00;4.40;5.70;2.50;2.90;5.00;-10.00;4.90;8.10;8.50;-2.95;6.40;8.35;0.25;4.45;-1;0;0;0;0

116.5;-2.40;-5.60;3.50;-7.60;-3.41;2.01;-10.00;1.00;-4.50;7.99;-12.69;3.17;11.03;14.99;-7.99;-6.00;-13.90;2.80;-9.40;-6.50;2.00;-15.01;-4.99;3.10;-2.10;-3.50;1.99;15.51;3.50;-0.50;-0.60;0.60;-0.50;-3.00;1.00;7.50;2.90;8.10;4.50;-1.50;-0.50;7.00;-9.50;-6.20;-12.80;-0.50;5.00;4.40;5.70;2.50;2.90;5.00;-10.00;4.90;8.10;8.50;-2.95;6.40;8.35;0.25;+1;0;0;0;0

120;3.50;-2.40;-5.60;3.50;-7.60;-3.41;2.01;-10.00;1.00;-4.50;7.99;-12.69;3.17;11.03;14.99;-7.99;-6.00;-13.90;2.80;-9.40;-6.50;2.00;-15.01;-4.99;3.10;-2.10;-3.50;1.99;15.51;3.50;-0.50;-0.60;0.60;-0.50;-3.00;1.00;7.50;2.90;8.10;4.50;-1.50;-0.50;7.00;-9.50;-6.20;-12.80;-0.50;5.00;4.40;5.70;2.50;2.90;5.00;-10.00;4.90;8.10;8.50;-2.95;6.40;8.35;+1;0;0;0;0

126.9;6.90;3.50;-2.40;-5.60;3.50;-7.60;-3.41;2.01;-10.00;1.00;-4.50;7.99;-12.69;3.17;11.03;14.99;-7.99;-6.00;-13.90;2.80;-9.40;-6.50;2.00;-15.01;-4.99;3.10;-2.10;-3.50;1.99;15.51;3.50;-0.50;-0.60;0.60;-0.50;-3.00;1.00;7.50;2.90;8.10;4.50;-1.50;-0.50;7.00;-9.50;-6.20;-12.80;-0.50;5.00;4.40;5.70;2.50;2.90;5.00;-10.00;4.90;8.10;8.50;-2.95;6.40;+1;0;0;0;0

128;1.10;6.90;3.50;-2.40;-5.60;3.50;-7.60;-3.41;2.01;-10.00;1.00;-4.50;7.99;-12.69;3.17;11.03;14.99;-7.99;-6.00;-13.90;2.80;-9.40;-6.50;2.00;-15.01;-4.99;3.10;-2.10;-3.50;1.99;15.51;3.50;-0.50;-0.60;0.60;-0.50;-3.00;1.00;7.50;2.90;8.10;4.50;-1.50;-0.50;7.00;-9.50;-6.20;-12.80;-0.50;5.00;4.40;5.70;2.50;2.90;5.00;-10.00;4.90;8.10;8.50;-2.95;-1;0;0;0;0

128;0.00;1.10;6.90;3.50;-2.40;-5.60;3.50;-7.60;-3.41;2.01;-10.00;1.00;-4.50;7.99;-12.69;3.17;11.03;14.99;-7.99;-6.00;-13.90;2.80;-9.40;-6.50;2.00;-15.01;-4.99;3.10;-2.10;-3.50;1.99;15.51;3.50;-0.50;-0.60;0.60;-0.50;-3.00;1.00;7.50;2.90;8.10;4.50;-1.50;-0.50;7.00;-9.50;-6.20;-12.80;-0.50;5.00;4.40;5.70;2.50;2.90;5.00;-10.00;4.90;8.10;8.50;+1;0;0;0;0

134;6.00;0.00;1.10;6.90;3.50;-2.40;-5.60;3.50;-7.60;-3.41;2.01;-10.00;1.00;-4.50;7.99;-12.69;3.17;11.03;14.99;-7.99;-6.00;-13.90;2.80;-9.40;-6.50;2.00;-15.01;-4.99;3.10;-2.10;-3.50;1.99;15.51;3.50;-0.50;-0.60;0.60;-0.50;-3.00;1.00;7.50;2.90;8.10;4.50;-1.50;-0.50;7.00;-9.50;-6.20;-12.80;-0.50;5.00;4.40;5.70;2.50;2.90;5.00;-10.00;4.90;8.10;-1;0;0;0;0

131;-3.00;6.00;0.00;1.10;6.90;3.50;-2.40;-5.60;3.50;-7.60;-3.41;2.01;-10.00;1.00;-4.50;7.99;-12.69;3.17;11.03;14.99;-7.99;-6.00;-13.90;2.80;-9.40;-6.50;2.00;-15.01;-4.99;3.10;-2.10;-3.50;1.99;15.51;3.50;-0.50;-0.60;0.60;-0.50;-3.00;1.00;7.50;2.90;8.10;4.50;-1.50;-0.50;7.00;-9.50;-6.20;-12.80;-0.50;5.00;4.40;5.70;2.50;2.90;5.00;-10.00;4.90;+1;0;0;0;0

131.5;0.50;-3.00;6.00;0.00;1.10;6.90;3.50;-2.40;-5.60;3.50;-7.60;-3.41;2.01;-10.00;1.00;-4.50;7.99;-12.69;3.17;11.03;14.99;-7.99;-6.00;-13.90;2.80;-9.40;-6.50;2.00;-15.01;-4.99;3.10;-2.10;-3.50;1.99;15.51;3.50;-0.50;-0.60;0.60;-0.50;-3.00;1.00;7.50;2.90;8.10;4.50;-1.50;-0.50;7.00;-9.50;-6.20;-12.80;-0.50;5.00;4.40;5.70;2.50;2.90;5.00;-10.00;-1;0;0;0;0

130;-1.50;0.50;-3.00;6.00;0.00;1.10;6.90;3.50;-2.40;-5.60;3.50;-7.60;-3.41;2.01;-10.00;1.00;-4.50;7.99;-12.69;3.17;11.03;14.99;-7.99;-6.00;-13.90;2.80;-9.40;-6.50;2.00;-15.01;-4.99;3.10;-2.10;-3.50;1.99;15.51;3.50;-0.50;-0.60;0.60;-0.50;-3.00;1.00;7.50;2.90;8.10;4.50;-1.50;-0.50;7.00;-9.50;-6.20;-12.80;-0.50;5.00;4.40;5.70;2.50;2.90;5.00;-1;0;0;0;0

123.9;-6.10;-1.50;0.50;-3.00;6.00;0.00;1.10;6.90;3.50;-2.40;-5.60;3.50;-7.60;-3.41;2.01;-10.00;1.00;-4.50;7.99;-12.69;3.17;11.03;14.99;-7.99;-6.00;-13.90;2.80;-9.40;-6.50;2.00;-15.01;-4.99;3.10;-2.10;-3.50;1.99;15.51;3.50;-0.50;-0.60;0.60;-0.50;-3.00;1.00;7.50;2.90;8.10;4.50;-1.50;-0.50;7.00;-9.50;-6.20;-12.80;-0.50;5.00;4.40;5.70;2.50;2.90;+1;0;0;0;0

127.89;3.99;-6.10;-1.50;0.50;-3.00;6.00;0.00;1.10;6.90;3.50;-2.40;-5.60;3.50;-7.60;-3.41;2.01;-10.00;1.00;-4.50;7.99;-12.69;3.17;11.03;14.99;-7.99;-6.00;-13.90;2.80;-9.40;-6.50;2.00;-15.01;-4.99;3.10;-2.10;-3.50;1.99;15.51;3.50;-0.50;-0.60;0.60;-0.50;-3.00;1.00;7.50;2.90;8.10;4.50;-1.50;-0.50;7.00;-9.50;-6.20;-12.80;-0.50;5.00;4.40;5.70;2.50;+1;0;0;0;0

134;6.11;3.99;-6.10;-1.50;0.50;-3.00;6.00;0.00;1.10;6.90;3.50;-2.40;-5.60;3.50;-7.60;-3.41;2.01;-10.00;1.00;-4.50;7.99;-12.69;3.17;11.03;14.99;-7.99;-6.00;-13.90;2.80;-9.40;-6.50;2.00;-15.01;-4.99;3.10;-2.10;-3.50;1.99;15.51;3.50;-0.50;-0.60;0.60;-0.50;-3.00;1.00;7.50;2.90;8.10;4.50;-1.50;-0.50;7.00;-9.50;-6.20;-12.80;-0.50;5.00;4.40;5.70;+1;0;0;0;0

139.5;5.50;6.11;3.99;-6.10;-1.50;0.50;-3.00;6.00;0.00;1.10;6.90;3.50;-2.40;-5.60;3.50;-7.60;-3.41;2.01;-10.00;1.00;-4.50;7.99;-12.69;3.17;11.03;14.99;-7.99;-6.00;-13.90;2.80;-9.40;-6.50;2.00;-15.01;-4.99;3.10;-2.10;-3.50;1.99;15.51;3.50;-0.50;-0.60;0.60;-0.50;-3.00;1.00;7.50;2.90;8.10;4.50;-1.50;-0.50;7.00;-9.50;-6.20;-12.80;-0.50;5.00;4.40;+1;0;0;0;0

143.46;3.96;5.50;6.11;3.99;-6.10;-1.50;0.50;-3.00;6.00;0.00;1.10;6.90;3.50;-2.40;-5.60;3.50;-7.60;-3.41;2.01;-10.00;1.00;-4.50;7.99;-12.69;3.17;11.03;14.99;-7.99;-6.00;-13.90;2.80;-9.40;-6.50;2.00;-15.01;-4.99;3.10;-2.10;-3.50;1.99;15.51;3.50;-0.50;-0.60;0.60;-0.50;-3.00;1.00;7.50;2.90;8.10;4.50;-1.50;-0.50;7.00;-9.50;-6.20;-12.80;-0.50;5.00;-1;0;0;0;0

138.54;-4.92;3.96;5.50;6.11;3.99;-6.10;-1.50;0.50;-3.00;6.00;0.00;1.10;6.90;3.50;-2.40;-5.60;3.50;-7.60;-3.41;2.01;-10.00;1.00;-4.50;7.99;-12.69;3.17;11.03;14.99;-7.99;-6.00;-13.90;2.80;-9.40;-6.50;2.00;-15.01;-4.99;3.10;-2.10;-3.50;1.99;15.51;3.50;-0.50;-0.60;0.60;-0.50;-3.00;1.00;7.50;2.90;8.10;4.50;-1.50;-0.50;7.00;-9.50;-6.20;-12.80;-0.50;-1;0;0;0;0

137;-1.54;-4.92;3.96;5.50;6.11;3.99;-6.10;-1.50;0.50;-3.00;6.00;0.00;1.10;6.90;3.50;-2.40;-5.60;3.50;-7.60;-3.41;2.01;-10.00;1.00;-4.50;7.99;-12.69;3.17;11.03;14.99;-7.99;-6.00;-13.90;2.80;-9.40;-6.50;2.00;-15.01;-4.99;3.10;-2.10;-3.50;1.99;15.51;3.50;-0.50;-0.60;0.60;-0.50;-3.00;1.00;7.50;2.90;8.10;4.50;-1.50;-0.50;7.00;-9.50;-6.20;-12.80;+1;0;0;0;0

139.9;2.90;-1.54;-4.92;3.96;5.50;6.11;3.99;-6.10;-1.50;0.50;-3.00;6.00;0.00;1.10;6.90;3.50;-2.40;-5.60;3.50;-7.60;-3.41;2.01;-10.00;1.00;-4.50;7.99;-12.69;3.17;11.03;14.99;-7.99;-6.00;-13.90;2.80;-9.40;-6.50;2.00;-15.01;-4.99;3.10;-2.10;-3.50;1.99;15.51;3.50;-0.50;-0.60;0.60;-0.50;-3.00;1.00;7.50;2.90;8.10;4.50;-1.50;-0.50;7.00;-9.50;-6.20;+1;0;0;0;0

140;0.10;2.90;-1.54;-4.92;3.96;5.50;6.11;3.99;-6.10;-1.50;0.50;-3.00;6.00;0.00;1.10;6.90;3.50;-2.40;-5.60;3.50;-7.60;-3.41;2.01;-10.00;1.00;-4.50;7.99;-12.69;3.17;11.03;14.99;-7.99;-6.00;-13.90;2.80;-9.40;-6.50;2.00;-15.01;-4.99;3.10;-2.10;-3.50;1.99;15.51;3.50;-0.50;-0.60;0.60;-0.50;-3.00;1.00;7.50;2.90;8.10;4.50;-1.50;-0.50;7.00;-9.50;-1;0;0;0;0

137.5;-2.50;0.10;2.90;-1.54;-4.92;3.96;5.50;6.11;3.99;-6.10;-1.50;0.50;-3.00;6.00;0.00;1.10;6.90;3.50;-2.40;-5.60;3.50;-7.60;-3.41;2.01;-10.00;1.00;-4.50;7.99;-12.69;3.17;11.03;14.99;-7.99;-6.00;-13.90;2.80;-9.40;-6.50;2.00;-15.01;-4.99;3.10;-2.10;-3.50;1.99;15.51;3.50;-0.50;-0.60;0.60;-0.50;-3.00;1.00;7.50;2.90;8.10;4.50;-1.50;-0.50;7.00;+1;0;0;0;0

139;1.50;-2.50;0.10;2.90;-1.54;-4.92;3.96;5.50;6.11;3.99;-6.10;-1.50;0.50;-3.00;6.00;0.00;1.10;6.90;3.50;-2.40;-5.60;3.50;-7.60;-3.41;2.01;-10.00;1.00;-4.50;7.99;-12.69;3.17;11.03;14.99;-7.99;-6.00;-13.90;2.80;-9.40;-6.50;2.00;-15.01;-4.99;3.10;-2.10;-3.50;1.99;15.51;3.50;-0.50;-0.60;0.60;-0.50;-3.00;1.00;7.50;2.90;8.10;4.50;-1.50;-0.50;-1;0;0;0;0

138;-1.00;1.50;-2.50;0.10;2.90;-1.54;-4.92;3.96;5.50;6.11;3.99;-6.10;-1.50;0.50;-3.00;6.00;0.00;1.10;6.90;3.50;-2.40;-5.60;3.50;-7.60;-3.41;2.01;-10.00;1.00;-4.50;7.99;-12.69;3.17;11.03;14.99;-7.99;-6.00;-13.90;2.80;-9.40;-6.50;2.00;-15.01;-4.99;3.10;-2.10;-3.50;1.99;15.51;3.50;-0.50;-0.60;0.60;-0.50;-3.00;1.00;7.50;2.90;8.10;4.50;-1.50;-1;0;0;0;0

134.47;-3.53;-1.00;1.50;-2.50;0.10;2.90;-1.54;-4.92;3.96;5.50;6.11;3.99;-6.10;-1.50;0.50;-3.00;6.00;0.00;1.10;6.90;3.50;-2.40;-5.60;3.50;-7.60;-3.41;2.01;-10.00;1.00;-4.50;7.99;-12.69;3.17;11.03;14.99;-7.99;-6.00;-13.90;2.80;-9.40;-6.50;2.00;-15.01;-4.99;3.10;-2.10;-3.50;1.99;15.51;3.50;-0.50;-0.60;0.60;-0.50;-3.00;1.00;7.50;2.90;8.10;4.50;+1;0;0;0;0

139.8;5.33;-3.53;-1.00;1.50;-2.50;0.10;2.90;-1.54;-4.92;3.96;5.50;6.11;3.99;-6.10;-1.50;0.50;-3.00;6.00;0.00;1.10;6.90;3.50;-2.40;-5.60;3.50;-7.60;-3.41;2.01;-10.00;1.00;-4.50;7.99;-12.69;3.17;11.03;14.99;-7.99;-6.00;-13.90;2.80;-9.40;-6.50;2.00;-15.01;-4.99;3.10;-2.10;-3.50;1.99;15.51;3.50;-0.50;-0.60;0.60;-0.50;-3.00;1.00;7.50;2.90;8.10;+1;0;0;0;0

142.99;3.19;5.33;-3.53;-1.00;1.50;-2.50;0.10;2.90;-1.54;-4.92;3.96;5.50;6.11;3.99;-6.10;-1.50;0.50;-3.00;6.00;0.00;1.10;6.90;3.50;-2.40;-5.60;3.50;-7.60;-3.41;2.01;-10.00;1.00;-4.50;7.99;-12.69;3.17;11.03;14.99;-7.99;-6.00;-13.90;2.80;-9.40;-6.50;2.00;-15.01;-4.99;3.10;-2.10;-3.50;1.99;15.51;3.50;-0.50;-0.60;0.60;-0.50;-3.00;1.00;7.50;2.90;+1;0;0;0;0

149.88;6.89;3.19;5.33;-3.53;-1.00;1.50;-2.50;0.10;2.90;-1.54;-4.92;3.96;5.50;6.11;3.99;-6.10;-1.50;0.50;-3.00;6.00;0.00;1.10;6.90;3.50;-2.40;-5.60;3.50;-7.60;-3.41;2.01;-10.00;1.00;-4.50;7.99;-12.69;3.17;11.03;14.99;-7.99;-6.00;-13.90;2.80;-9.40;-6.50;2.00;-15.01;-4.99;3.10;-2.10;-3.50;1.99;15.51;3.50;-0.50;-0.60;0.60;-0.50;-3.00;1.00;7.50;+1;0;0;0;0

150.5;0.62;6.89;3.19;5.33;-3.53;-1.00;1.50;-2.50;0.10;2.90;-1.54;-4.92;3.96;5.50;6.11;3.99;-6.10;-1.50;0.50;-3.00;6.00;0.00;1.10;6.90;3.50;-2.40;-5.60;3.50;-7.60;-3.41;2.01;-10.00;1.00;-4.50;7.99;-12.69;3.17;11.03;14.99;-7.99;-6.00;-13.90;2.80;-9.40;-6.50;2.00;-15.01;-4.99;3.10;-2.10;-3.50;1.99;15.51;3.50;-0.50;-0.60;0.60;-0.50;-3.00;1.00;-1;0;0;0;0

146.51;-3.99;0.62;6.89;3.19;5.33;-3.53;-1.00;1.50;-2.50;0.10;2.90;-1.54;-4.92;3.96;5.50;6.11;3.99;-6.10;-1.50;0.50;-3.00;6.00;0.00;1.10;6.90;3.50;-2.40;-5.60;3.50;-7.60;-3.41;2.01;-10.00;1.00;-4.50;7.99;-12.69;3.17;11.03;14.99;-7.99;-6.00;-13.90;2.80;-9.40;-6.50;2.00;-15.01;-4.99;3.10;-2.10;-3.50;1.99;15.51;3.50;-0.50;-0.60;0.60;-0.50;-3.00;+1;0;0;0;0

147;0.49;-3.99;0.62;6.89;3.19;5.33;-3.53;-1.00;1.50;-2.50;0.10;2.90;-1.54;-4.92;3.96;5.50;6.11;3.99;-6.10;-1.50;0.50;-3.00;6.00;0.00;1.10;6.90;3.50;-2.40;-5.60;3.50;-7.60;-3.41;2.01;-10.00;1.00;-4.50;7.99;-12.69;3.17;11.03;14.99;-7.99;-6.00;-13.90;2.80;-9.40;-6.50;2.00;-15.01;-4.99;3.10;-2.10;-3.50;1.99;15.51;3.50;-0.50;-0.60;0.60;-0.50;+1;0;0;0;0

149;2.00;0.49;-3.99;0.62;6.89;3.19;5.33;-3.53;-1.00;1.50;-2.50;0.10;2.90;-1.54;-4.92;3.96;5.50;6.11;3.99;-6.10;-1.50;0.50;-3.00;6.00;0.00;1.10;6.90;3.50;-2.40;-5.60;3.50;-7.60;-3.41;2.01;-10.00;1.00;-4.50;7.99;-12.69;3.17;11.03;14.99;-7.99;-6.00;-13.90;2.80;-9.40;-6.50;2.00;-15.01;-4.99;3.10;-2.10;-3.50;1.99;15.51;3.50;-0.50;-0.60;0.60;+1;0;0;0;0

149.5;0.50;2.00;0.49;-3.99;0.62;6.89;3.19;5.33;-3.53;-1.00;1.50;-2.50;0.10;2.90;-1.54;-4.92;3.96;5.50;6.11;3.99;-6.10;-1.50;0.50;-3.00;6.00;0.00;1.10;6.90;3.50;-2.40;-5.60;3.50;-7.60;-3.41;2.01;-10.00;1.00;-4.50;7.99;-12.69;3.17;11.03;14.99;-7.99;-6.00;-13.90;2.80;-9.40;-6.50;2.00;-15.01;-4.99;3.10;-2.10;-3.50;1.99;15.51;3.50;-0.50;-0.60;-1;0;0;0;0

149;-0.50;0.50;2.00;0.49;-3.99;0.62;6.89;3.19;5.33;-3.53;-1.00;1.50;-2.50;0.10;2.90;-1.54;-4.92;3.96;5.50;6.11;3.99;-6.10;-1.50;0.50;-3.00;6.00;0.00;1.10;6.90;3.50;-2.40;-5.60;3.50;-7.60;-3.41;2.01;-10.00;1.00;-4.50;7.99;-12.69;3.17;11.03;14.99;-7.99;-6.00;-13.90;2.80;-9.40;-6.50;2.00;-15.01;-4.99;3.10;-2.10;-3.50;1.99;15.51;3.50;-0.50;+1;0;0;0;0

152;3.00;-0.50;0.50;2.00;0.49;-3.99;0.62;6.89;3.19;5.33;-3.53;-1.00;1.50;-2.50;0.10;2.90;-1.54;-4.92;3.96;5.50;6.11;3.99;-6.10;-1.50;0.50;-3.00;6.00;0.00;1.10;6.90;3.50;-2.40;-5.60;3.50;-7.60;-3.41;2.01;-10.00;1.00;-4.50;7.99;-12.69;3.17;11.03;14.99;-7.99;-6.00;-13.90;2.80;-9.40;-6.50;2.00;-15.01;-4.99;3.10;-2.10;-3.50;1.99;15.51;3.50;-1;0;0;0;0

143;-9.00;3.00;-0.50;0.50;2.00;0.49;-3.99;0.62;6.89;3.19;5.33;-3.53;-1.00;1.50;-2.50;0.10;2.90;-1.54;-4.92;3.96;5.50;6.11;3.99;-6.10;-1.50;0.50;-3.00;6.00;0.00;1.10;6.90;3.50;-2.40;-5.60;3.50;-7.60;-3.41;2.01;-10.00;1.00;-4.50;7.99;-12.69;3.17;11.03;14.99;-7.99;-6.00;-13.90;2.80;-9.40;-6.50;2.00;-15.01;-4.99;3.10;-2.10;-3.50;1.99;15.51;-1;0;0;0;0

140.75;-2.25;-9.00;3.00;-0.50;0.50;2.00;0.49;-3.99;0.62;6.89;3.19;5.33;-3.53;-1.00;1.50;-2.50;0.10;2.90;-1.54;-4.92;3.96;5.50;6.11;3.99;-6.10;-1.50;0.50;-3.00;6.00;0.00;1.10;6.90;3.50;-2.40;-5.60;3.50;-7.60;-3.41;2.01;-10.00;1.00;-4.50;7.99;-12.69;3.17;11.03;14.99;-7.99;-6.00;-13.90;2.80;-9.40;-6.50;2.00;-15.01;-4.99;3.10;-2.10;-3.50;1.99;-1;0;0;0;0

134.6;-6.15;-2.25;-9.00;3.00;-0.50;0.50;2.00;0.49;-3.99;0.62;6.89;3.19;5.33;-3.53;-1.00;1.50;-2.50;0.10;2.90;-1.54;-4.92;3.96;5.50;6.11;3.99;-6.10;-1.50;0.50;-3.00;6.00;0.00;1.10;6.90;3.50;-2.40;-5.60;3.50;-7.60;-3.41;2.01;-10.00;1.00;-4.50;7.99;-12.69;3.17;11.03;14.99;-7.99;-6.00;-13.90;2.80;-9.40;-6.50;2.00;-15.01;-4.99;3.10;-2.10;-3.50;+1;0;0;0;0

144;9.40;-6.15;-2.25;-9.00;3.00;-0.50;0.50;2.00;0.49;-3.99;0.62;6.89;3.19;5.33;-3.53;-1.00;1.50;-2.50;0.10;2.90;-1.54;-4.92;3.96;5.50;6.11;3.99;-6.10;-1.50;0.50;-3.00;6.00;0.00;1.10;6.90;3.50;-2.40;-5.60;3.50;-7.60;-3.41;2.01;-10.00;1.00;-4.50;7.99;-12.69;3.17;11.03;14.99;-7.99;-6.00;-13.90;2.80;-9.40;-6.50;2.00;-15.01;-4.99;3.10;-2.10;+1;0;0;0;0

146.07;2.07;9.40;-6.15;-2.25;-9.00;3.00;-0.50;0.50;2.00;0.49;-3.99;0.62;6.89;3.19;5.33;-3.53;-1.00;1.50;-2.50;0.10;2.90;-1.54;-4.92;3.96;5.50;6.11;3.99;-6.10;-1.50;0.50;-3.00;6.00;0.00;1.10;6.90;3.50;-2.40;-5.60;3.50;-7.60;-3.41;2.01;-10.00;1.00;-4.50;7.99;-12.69;3.17;11.03;14.99;-7.99;-6.00;-13.90;2.80;-9.40;-6.50;2.00;-15.01;-4.99;3.10;-1;0;0;0;0

143.8;-2.27;2.07;9.40;-6.15;-2.25;-9.00;3.00;-0.50;0.50;2.00;0.49;-3.99;0.62;6.89;3.19;5.33;-3.53;-1.00;1.50;-2.50;0.10;2.90;-1.54;-4.92;3.96;5.50;6.11;3.99;-6.10;-1.50;0.50;-3.00;6.00;0.00;1.10;6.90;3.50;-2.40;-5.60;3.50;-7.60;-3.41;2.01;-10.00;1.00;-4.50;7.99;-12.69;3.17;11.03;14.99;-7.99;-6.00;-13.90;2.80;-9.40;-6.50;2.00;-15.01;-4.99;-1;0;0;0;0

142;-1.80;-2.27;2.07;9.40;-6.15;-2.25;-9.00;3.00;-0.50;0.50;2.00;0.49;-3.99;0.62;6.89;3.19;5.33;-3.53;-1.00;1.50;-2.50;0.10;2.90;-1.54;-4.92;3.96;5.50;6.11;3.99;-6.10;-1.50;0.50;-3.00;6.00;0.00;1.10;6.90;3.50;-2.40;-5.60;3.50;-7.60;-3.41;2.01;-10.00;1.00;-4.50;7.99;-12.69;3.17;11.03;14.99;-7.99;-6.00;-13.90;2.80;-9.40;-6.50;2.00;-15.01;-1;0;0;0;0

141.9;-0.10;-1.80;-2.27;2.07;9.40;-6.15;-2.25;-9.00;3.00;-0.50;0.50;2.00;0.49;-3.99;0.62;6.89;3.19;5.33;-3.53;-1.00;1.50;-2.50;0.10;2.90;-1.54;-4.92;3.96;5.50;6.11;3.99;-6.10;-1.50;0.50;-3.00;6.00;0.00;1.10;6.90;3.50;-2.40;-5.60;3.50;-7.60;-3.41;2.01;-10.00;1.00;-4.50;7.99;-12.69;3.17;11.03;14.99;-7.99;-6.00;-13.90;2.80;-9.40;-6.50;2.00;-1;0;0;0;0

134.87;-7.03;-0.10;-1.80;-2.27;2.07;9.40;-6.15;-2.25;-9.00;3.00;-0.50;0.50;2.00;0.49;-3.99;0.62;6.89;3.19;5.33;-3.53;-1.00;1.50;-2.50;0.10;2.90;-1.54;-4.92;3.96;5.50;6.11;3.99;-6.10;-1.50;0.50;-3.00;6.00;0.00;1.10;6.90;3.50;-2.40;-5.60;3.50;-7.60;-3.41;2.01;-10.00;1.00;-4.50;7.99;-12.69;3.17;11.03;14.99;-7.99;-6.00;-13.90;2.80;-9.40;-6.50;-1;0;0;0;0

132.5;-2.37;-7.03;-0.10;-1.80;-2.27;2.07;9.40;-6.15;-2.25;-9.00;3.00;-0.50;0.50;2.00;0.49;-3.99;0.62;6.89;3.19;5.33;-3.53;-1.00;1.50;-2.50;0.10;2.90;-1.54;-4.92;3.96;5.50;6.11;3.99;-6.10;-1.50;0.50;-3.00;6.00;0.00;1.10;6.90;3.50;-2.40;-5.60;3.50;-7.60;-3.41;2.01;-10.00;1.00;-4.50;7.99;-12.69;3.17;11.03;14.99;-7.99;-6.00;-13.90;2.80;-9.40;-1;0;0;0;0

125.1;-7.40;-2.37;-7.03;-0.10;-1.80;-2.27;2.07;9.40;-6.15;-2.25;-9.00;3.00;-0.50;0.50;2.00;0.49;-3.99;0.62;6.89;3.19;5.33;-3.53;-1.00;1.50;-2.50;0.10;2.90;-1.54;-4.92;3.96;5.50;6.11;3.99;-6.10;-1.50;0.50;-3.00;6.00;0.00;1.10;6.90;3.50;-2.40;-5.60;3.50;-7.60;-3.41;2.01;-10.00;1.00;-4.50;7.99;-12.69;3.17;11.03;14.99;-7.99;-6.00;-13.90;2.80;-1;0;0;0;0

118.5;-6.60;-7.40;-2.37;-7.03;-0.10;-1.80;-2.27;2.07;9.40;-6.15;-2.25;-9.00;3.00;-0.50;0.50;2.00;0.49;-3.99;0.62;6.89;3.19;5.33;-3.53;-1.00;1.50;-2.50;0.10;2.90;-1.54;-4.92;3.96;5.50;6.11;3.99;-6.10;-1.50;0.50;-3.00;6.00;0.00;1.10;6.90;3.50;-2.40;-5.60;3.50;-7.60;-3.41;2.01;-10.00;1.00;-4.50;7.99;-12.69;3.17;11.03;14.99;-7.99;-6.00;-13.90;+1;0;0;0;0

125.52;7.02;-6.60;-7.40;-2.37;-7.03;-0.10;-1.80;-2.27;2.07;9.40;-6.15;-2.25;-9.00;3.00;-0.50;0.50;2.00;0.49;-3.99;0.62;6.89;3.19;5.33;-3.53;-1.00;1.50;-2.50;0.10;2.90;-1.54;-4.92;3.96;5.50;6.11;3.99;-6.10;-1.50;0.50;-3.00;6.00;0.00;1.10;6.90;3.50;-2.40;-5.60;3.50;-7.60;-3.41;2.01;-10.00;1.00;-4.50;7.99;-12.69;3.17;11.03;14.99;-7.99;-6.00;+1;0;0;0;0

128;2.48;7.02;-6.60;-7.40;-2.37;-7.03;-0.10;-1.80;-2.27;2.07;9.40;-6.15;-2.25;-9.00;3.00;-0.50;0.50;2.00;0.49;-3.99;0.62;6.89;3.19;5.33;-3.53;-1.00;1.50;-2.50;0.10;2.90;-1.54;-4.92;3.96;5.50;6.11;3.99;-6.10;-1.50;0.50;-3.00;6.00;0.00;1.10;6.90;3.50;-2.40;-5.60;3.50;-7.60;-3.41;2.01;-10.00;1.00;-4.50;7.99;-12.69;3.17;11.03;14.99;-7.99;-1;0;0;0;0

121;-7.00;2.48;7.02;-6.60;-7.40;-2.37;-7.03;-0.10;-1.80;-2.27;2.07;9.40;-6.15;-2.25;-9.00;3.00;-0.50;0.50;2.00;0.49;-3.99;0.62;6.89;3.19;5.33;-3.53;-1.00;1.50;-2.50;0.10;2.90;-1.54;-4.92;3.96;5.50;6.11;3.99;-6.10;-1.50;0.50;-3.00;6.00;0.00;1.10;6.90;3.50;-2.40;-5.60;3.50;-7.60;-3.41;2.01;-10.00;1.00;-4.50;7.99;-12.69;3.17;11.03;14.99;-1;0;0;0;0

120.4;-0.60;-7.00;2.48;7.02;-6.60;-7.40;-2.37;-7.03;-0.10;-1.80;-2.27;2.07;9.40;-6.15;-2.25;-9.00;3.00;-0.50;0.50;2.00;0.49;-3.99;0.62;6.89;3.19;5.33;-3.53;-1.00;1.50;-2.50;0.10;2.90;-1.54;-4.92;3.96;5.50;6.11;3.99;-6.10;-1.50;0.50;-3.00;6.00;0.00;1.10;6.90;3.50;-2.40;-5.60;3.50;-7.60;-3.41;2.01;-10.00;1.00;-4.50;7.99;-12.69;3.17;11.03;-1;0;0;0;0

118;-2.40;-0.60;-7.00;2.48;7.02;-6.60;-7.40;-2.37;-7.03;-0.10;-1.80;-2.27;2.07;9.40;-6.15;-2.25;-9.00;3.00;-0.50;0.50;2.00;0.49;-3.99;0.62;6.89;3.19;5.33;-3.53;-1.00;1.50;-2.50;0.10;2.90;-1.54;-4.92;3.96;5.50;6.11;3.99;-6.10;-1.50;0.50;-3.00;6.00;0.00;1.10;6.90;3.50;-2.40;-5.60;3.50;-7.60;-3.41;2.01;-10.00;1.00;-4.50;7.99;-12.69;3.17;-1;0;0;0;0

116.31;-1.69;-2.40;-0.60;-7.00;2.48;7.02;-6.60;-7.40;-2.37;-7.03;-0.10;-1.80;-2.27;2.07;9.40;-6.15;-2.25;-9.00;3.00;-0.50;0.50;2.00;0.49;-3.99;0.62;6.89;3.19;5.33;-3.53;-1.00;1.50;-2.50;0.10;2.90;-1.54;-4.92;3.96;5.50;6.11;3.99;-6.10;-1.50;0.50;-3.00;6.00;0.00;1.10;6.90;3.50;-2.40;-5.60;3.50;-7.60;-3.41;2.01;-10.00;1.00;-4.50;7.99;-12.69;-1;0;0;0;0

110;-6.31;-1.69;-2.40;-0.60;-7.00;2.48;7.02;-6.60;-7.40;-2.37;-7.03;-0.10;-1.80;-2.27;2.07;9.40;-6.15;-2.25;-9.00;3.00;-0.50;0.50;2.00;0.49;-3.99;0.62;6.89;3.19;5.33;-3.53;-1.00;1.50;-2.50;0.10;2.90;-1.54;-4.92;3.96;5.50;6.11;3.99;-6.10;-1.50;0.50;-3.00;6.00;0.00;1.10;6.90;3.50;-2.40;-5.60;3.50;-7.60;-3.41;2.01;-10.00;1.00;-4.50;7.99;+1;0;0;0;0

114;4.00;-6.31;-1.69;-2.40;-0.60;-7.00;2.48;7.02;-6.60;-7.40;-2.37;-7.03;-0.10;-1.80;-2.27;2.07;9.40;-6.15;-2.25;-9.00;3.00;-0.50;0.50;2.00;0.49;-3.99;0.62;6.89;3.19;5.33;-3.53;-1.00;1.50;-2.50;0.10;2.90;-1.54;-4.92;3.96;5.50;6.11;3.99;-6.10;-1.50;0.50;-3.00;6.00;0.00;1.10;6.90;3.50;-2.40;-5.60;3.50;-7.60;-3.41;2.01;-10.00;1.00;-4.50;+1;0;0;0;0

119.65;5.65;4.00;-6.31;-1.69;-2.40;-0.60;-7.00;2.48;7.02;-6.60;-7.40;-2.37;-7.03;-0.10;-1.80;-2.27;2.07;9.40;-6.15;-2.25;-9.00;3.00;-0.50;0.50;2.00;0.49;-3.99;0.62;6.89;3.19;5.33;-3.53;-1.00;1.50;-2.50;0.10;2.90;-1.54;-4.92;3.96;5.50;6.11;3.99;-6.10;-1.50;0.50;-3.00;6.00;0.00;1.10;6.90;3.50;-2.40;-5.60;3.50;-7.60;-3.41;2.01;-10.00;1.00;+1;0;0;0;0

120;0.35;5.65;4.00;-6.31;-1.69;-2.40;-0.60;-7.00;2.48;7.02;-6.60;-7.40;-2.37;-7.03;-0.10;-1.80;-2.27;2.07;9.40;-6.15;-2.25;-9.00;3.00;-0.50;0.50;2.00;0.49;-3.99;0.62;6.89;3.19;5.33;-3.53;-1.00;1.50;-2.50;0.10;2.90;-1.54;-4.92;3.96;5.50;6.11;3.99;-6.10;-1.50;0.50;-3.00;6.00;0.00;1.10;6.90;3.50;-2.40;-5.60;3.50;-7.60;-3.41;2.01;-10.00;-1;0;0;0;0

114.26;-5.74;0.35;5.65;4.00;-6.31;-1.69;-2.40;-0.60;-7.00;2.48;7.02;-6.60;-7.40;-2.37;-7.03;-0.10;-1.80;-2.27;2.07;9.40;-6.15;-2.25;-9.00;3.00;-0.50;0.50;2.00;0.49;-3.99;0.62;6.89;3.19;5.33;-3.53;-1.00;1.50;-2.50;0.10;2.90;-1.54;-4.92;3.96;5.50;6.11;3.99;-6.10;-1.50;0.50;-3.00;6.00;0.00;1.10;6.90;3.50;-2.40;-5.60;3.50;-7.60;-3.41;2.01;-1;0;0;0;0

109.78;-4.48;-5.74;0.35;5.65;4.00;-6.31;-1.69;-2.40;-0.60;-7.00;2.48;7.02;-6.60;-7.40;-2.37;-7.03;-0.10;-1.80;-2.27;2.07;9.40;-6.15;-2.25;-9.00;3.00;-0.50;0.50;2.00;0.49;-3.99;0.62;6.89;3.19;5.33;-3.53;-1.00;1.50;-2.50;0.10;2.90;-1.54;-4.92;3.96;5.50;6.11;3.99;-6.10;-1.50;0.50;-3.00;6.00;0.00;1.10;6.90;3.50;-2.40;-5.60;3.50;-7.60;-3.41;+1;0;0;0;0

113;3.22;-4.48;-5.74;0.35;5.65;4.00;-6.31;-1.69;-2.40;-0.60;-7.00;2.48;7.02;-6.60;-7.40;-2.37;-7.03;-0.10;-1.80;-2.27;2.07;9.40;-6.15;-2.25;-9.00;3.00;-0.50;0.50;2.00;0.49;-3.99;0.62;6.89;3.19;5.33;-3.53;-1.00;1.50;-2.50;0.10;2.90;-1.54;-4.92;3.96;5.50;6.11;3.99;-6.10;-1.50;0.50;-3.00;6.00;0.00;1.10;6.90;3.50;-2.40;-5.60;3.50;-7.60;-1;0;0;0;0

38.01;-74.99;3.22;-4.48;-5.74;0.35;5.65;4.00;-6.31;-1.69;-2.40;-0.60;-7.00;2.48;7.02;-6.60;-7.40;-2.37;-7.03;-0.10;-1.80;-2.27;2.07;9.40;-6.15;-2.25;-9.00;3.00;-0.50;0.50;2.00;0.49;-3.99;0.62;6.89;3.19;5.33;-3.53;-1.00;1.50;-2.50;0.10;2.90;-1.54;-4.92;3.96;5.50;6.11;3.99;-6.10;-1.50;0.50;-3.00;6.00;0.00;1.10;6.90;3.50;-2.40;-5.60;3.50;+1;0;0;0;0

39.8;1.79;-74.99;3.22;-4.48;-5.74;0.35;5.65;4.00;-6.31;-1.69;-2.40;-0.60;-7.00;2.48;7.02;-6.60;-7.40;-2.37;-7.03;-0.10;-1.80;-2.27;2.07;9.40;-6.15;-2.25;-9.00;3.00;-0.50;0.50;2.00;0.49;-3.99;0.62;6.89;3.19;5.33;-3.53;-1.00;1.50;-2.50;0.10;2.90;-1.54;-4.92;3.96;5.50;6.11;3.99;-6.10;-1.50;0.50;-3.00;6.00;0.00;1.10;6.90;3.50;-2.40;-5.60;-1;0;0;0;0

38.65;-1.15;1.79;-74.99;3.22;-4.48;-5.74;0.35;5.65;4.00;-6.31;-1.69;-2.40;-0.60;-7.00;2.48;7.02;-6.60;-7.40;-2.37;-7.03;-0.10;-1.80;-2.27;2.07;9.40;-6.15;-2.25;-9.00;3.00;-0.50;0.50;2.00;0.49;-3.99;0.62;6.89;3.19;5.33;-3.53;-1.00;1.50;-2.50;0.10;2.90;-1.54;-4.92;3.96;5.50;6.11;3.99;-6.10;-1.50;0.50;-3.00;6.00;0.00;1.10;6.90;3.50;-2.40;-1;0;0;0;0

38;-0.65;-1.15;1.79;-74.99;3.22;-4.48;-5.74;0.35;5.65;4.00;-6.31;-1.69;-2.40;-0.60;-7.00;2.48;7.02;-6.60;-7.40;-2.37;-7.03;-0.10;-1.80;-2.27;2.07;9.40;-6.15;-2.25;-9.00;3.00;-0.50;0.50;2.00;0.49;-3.99;0.62;6.89;3.19;5.33;-3.53;-1.00;1.50;-2.50;0.10;2.90;-1.54;-4.92;3.96;5.50;6.11;3.99;-6.10;-1.50;0.50;-3.00;6.00;0.00;1.10;6.90;3.50;-1;0;0;0;0

38;0.00;-0.65;-1.15;1.79;-74.99;3.22;-4.48;-5.74;0.35;5.65;4.00;-6.31;-1.69;-2.40;-0.60;-7.00;2.48;7.02;-6.60;-7.40;-2.37;-7.03;-0.10;-1.80;-2.27;2.07;9.40;-6.15;-2.25;-9.00;3.00;-0.50;0.50;2.00;0.49;-3.99;0.62;6.89;3.19;5.33;-3.53;-1.00;1.50;-2.50;0.10;2.90;-1.54;-4.92;3.96;5.50;6.11;3.99;-6.10;-1.50;0.50;-3.00;6.00;0.00;1.10;6.90;-1;0;0;0;0

36.4;-1.60;0.00;-0.65;-1.15;1.79;-74.99;3.22;-4.48;-5.74;0.35;5.65;4.00;-6.31;-1.69;-2.40;-0.60;-7.00;2.48;7.02;-6.60;-7.40;-2.37;-7.03;-0.10;-1.80;-2.27;2.07;9.40;-6.15;-2.25;-9.00;3.00;-0.50;0.50;2.00;0.49;-3.99;0.62;6.89;3.19;5.33;-3.53;-1.00;1.50;-2.50;0.10;2.90;-1.54;-4.92;3.96;5.50;6.11;3.99;-6.10;-1.50;0.50;-3.00;6.00;0.00;1.10;+1;0;0;0;0

36.49;0.09;-1.60;0.00;-0.65;-1.15;1.79;-74.99;3.22;-4.48;-5.74;0.35;5.65;4.00;-6.31;-1.69;-2.40;-0.60;-7.00;2.48;7.02;-6.60;-7.40;-2.37;-7.03;-0.10;-1.80;-2.27;2.07;9.40;-6.15;-2.25;-9.00;3.00;-0.50;0.50;2.00;0.49;-3.99;0.62;6.89;3.19;5.33;-3.53;-1.00;1.50;-2.50;0.10;2.90;-1.54;-4.92;3.96;5.50;6.11;3.99;-6.10;-1.50;0.50;-3.00;6.00;0.00;+1;0;0;0;0

37.7;1.21;0.09;-1.60;0.00;-0.65;-1.15;1.79;-74.99;3.22;-4.48;-5.74;0.35;5.65;4.00;-6.31;-1.69;-2.40;-0.60;-7.00;2.48;7.02;-6.60;-7.40;-2.37;-7.03;-0.10;-1.80;-2.27;2.07;9.40;-6.15;-2.25;-9.00;3.00;-0.50;0.50;2.00;0.49;-3.99;0.62;6.89;3.19;5.33;-3.53;-1.00;1.50;-2.50;0.10;2.90;-1.54;-4.92;3.96;5.50;6.11;3.99;-6.10;-1.50;0.50;-3.00;6.00;-1;0;0;0;0

36.3;-1.40;1.21;0.09;-1.60;0.00;-0.65;-1.15;1.79;-74.99;3.22;-4.48;-5.74;0.35;5.65;4.00;-6.31;-1.69;-2.40;-0.60;-7.00;2.48;7.02;-6.60;-7.40;-2.37;-7.03;-0.10;-1.80;-2.27;2.07;9.40;-6.15;-2.25;-9.00;3.00;-0.50;0.50;2.00;0.49;-3.99;0.62;6.89;3.19;5.33;-3.53;-1.00;1.50;-2.50;0.10;2.90;-1.54;-4.92;3.96;5.50;6.11;3.99;-6.10;-1.50;0.50;-3.00;-1;0;0;0;0

35.8;-0.50;-1.40;1.21;0.09;-1.60;0.00;-0.65;-1.15;1.79;-74.99;3.22;-4.48;-5.74;0.35;5.65;4.00;-6.31;-1.69;-2.40;-0.60;-7.00;2.48;7.02;-6.60;-7.40;-2.37;-7.03;-0.10;-1.80;-2.27;2.07;9.40;-6.15;-2.25;-9.00;3.00;-0.50;0.50;2.00;0.49;-3.99;0.62;6.89;3.19;5.33;-3.53;-1.00;1.50;-2.50;0.10;2.90;-1.54;-4.92;3.96;5.50;6.11;3.99;-6.10;-1.50;0.50;-1;0;0;0;0

35;-0.80;-0.50;-1.40;1.21;0.09;-1.60;0.00;-0.65;-1.15;1.79;-74.99;3.22;-4.48;-5.74;0.35;5.65;4.00;-6.31;-1.69;-2.40;-0.60;-7.00;2.48;7.02;-6.60;-7.40;-2.37;-7.03;-0.10;-1.80;-2.27;2.07;9.40;-6.15;-2.25;-9.00;3.00;-0.50;0.50;2.00;0.49;-3.99;0.62;6.89;3.19;5.33;-3.53;-1.00;1.50;-2.50;0.10;2.90;-1.54;-4.92;3.96;5.50;6.11;3.99;-6.10;-1.50;-1;0;0;0;0

34.05;-0.95;-0.80;-0.50;-1.40;1.21;0.09;-1.60;0.00;-0.65;-1.15;1.79;-74.99;3.22;-4.48;-5.74;0.35;5.65;4.00;-6.31;-1.69;-2.40;-0.60;-7.00;2.48;7.02;-6.60;-7.40;-2.37;-7.03;-0.10;-1.80;-2.27;2.07;9.40;-6.15;-2.25;-9.00;3.00;-0.50;0.50;2.00;0.49;-3.99;0.62;6.89;3.19;5.33;-3.53;-1.00;1.50;-2.50;0.10;2.90;-1.54;-4.92;3.96;5.50;6.11;3.99;-6.10;-1;0;0;0;0

32.25;-1.80;-0.95;-0.80;-0.50;-1.40;1.21;0.09;-1.60;0.00;-0.65;-1.15;1.79;-74.99;3.22;-4.48;-5.74;0.35;5.65;4.00;-6.31;-1.69;-2.40;-0.60;-7.00;2.48;7.02;-6.60;-7.40;-2.37;-7.03;-0.10;-1.80;-2.27;2.07;9.40;-6.15;-2.25;-9.00;3.00;-0.50;0.50;2.00;0.49;-3.99;0.62;6.89;3.19;5.33;-3.53;-1.00;1.50;-2.50;0.10;2.90;-1.54;-4.92;3.96;5.50;6.11;3.99;-1;0;0;0;0

30.5;-1.75;-1.80;-0.95;-0.80;-0.50;-1.40;1.21;0.09;-1.60;0.00;-0.65;-1.15;1.79;-74.99;3.22;-4.48;-5.74;0.35;5.65;4.00;-6.31;-1.69;-2.40;-0.60;-7.00;2.48;7.02;-6.60;-7.40;-2.37;-7.03;-0.10;-1.80;-2.27;2.07;9.40;-6.15;-2.25;-9.00;3.00;-0.50;0.50;2.00;0.49;-3.99;0.62;6.89;3.19;5.33;-3.53;-1.00;1.50;-2.50;0.10;2.90;-1.54;-4.92;3.96;5.50;6.11;-1;0;0;0;0

29.7;-0.80;-1.75;-1.80;-0.95;-0.80;-0.50;-1.40;1.21;0.09;-1.60;0.00;-0.65;-1.15;1.79;-74.99;3.22;-4.48;-5.74;0.35;5.65;4.00;-6.31;-1.69;-2.40;-0.60;-7.00;2.48;7.02;-6.60;-7.40;-2.37;-7.03;-0.10;-1.80;-2.27;2.07;9.40;-6.15;-2.25;-9.00;3.00;-0.50;0.50;2.00;0.49;-3.99;0.62;6.89;3.19;5.33;-3.53;-1.00;1.50;-2.50;0.10;2.90;-1.54;-4.92;3.96;5.50;-1;0;0;0;0

27.8;-1.90;-0.80;-1.75;-1.80;-0.95;-0.80;-0.50;-1.40;1.21;0.09;-1.60;0.00;-0.65;-1.15;1.79;-74.99;3.22;-4.48;-5.74;0.35;5.65;4.00;-6.31;-1.69;-2.40;-0.60;-7.00;2.48;7.02;-6.60;-7.40;-2.37;-7.03;-0.10;-1.80;-2.27;2.07;9.40;-6.15;-2.25;-9.00;3.00;-0.50;0.50;2.00;0.49;-3.99;0.62;6.89;3.19;5.33;-3.53;-1.00;1.50;-2.50;0.10;2.90;-1.54;-4.92;3.96;+1;0;0;0;0

29.95;2.15;-1.90;-0.80;-1.75;-1.80;-0.95;-0.80;-0.50;-1.40;1.21;0.09;-1.60;0.00;-0.65;-1.15;1.79;-74.99;3.22;-4.48;-5.74;0.35;5.65;4.00;-6.31;-1.69;-2.40;-0.60;-7.00;2.48;7.02;-6.60;-7.40;-2.37;-7.03;-0.10;-1.80;-2.27;2.07;9.40;-6.15;-2.25;-9.00;3.00;-0.50;0.50;2.00;0.49;-3.99;0.62;6.89;3.19;5.33;-3.53;-1.00;1.50;-2.50;0.10;2.90;-1.54;-4.92;+1;0;0;0;0

32.6;2.65;2.15;-1.90;-0.80;-1.75;-1.80;-0.95;-0.80;-0.50;-1.40;1.21;0.09;-1.60;0.00;-0.65;-1.15;1.79;-74.99;3.22;-4.48;-5.74;0.35;5.65;4.00;-6.31;-1.69;-2.40;-0.60;-7.00;2.48;7.02;-6.60;-7.40;-2.37;-7.03;-0.10;-1.80;-2.27;2.07;9.40;-6.15;-2.25;-9.00;3.00;-0.50;0.50;2.00;0.49;-3.99;0.62;6.89;3.19;5.33;-3.53;-1.00;1.50;-2.50;0.10;2.90;-1.54;+1;0;0;0;0

35.8;3.20;2.65;2.15;-1.90;-0.80;-1.75;-1.80;-0.95;-0.80;-0.50;-1.40;1.21;0.09;-1.60;0.00;-0.65;-1.15;1.79;-74.99;3.22;-4.48;-5.74;0.35;5.65;4.00;-6.31;-1.69;-2.40;-0.60;-7.00;2.48;7.02;-6.60;-7.40;-2.37;-7.03;-0.10;-1.80;-2.27;2.07;9.40;-6.15;-2.25;-9.00;3.00;-0.50;0.50;2.00;0.49;-3.99;0.62;6.89;3.19;5.33;-3.53;-1.00;1.50;-2.50;0.10;2.90;-1;0;0;0;0

35.05;-0.75;3.20;2.65;2.15;-1.90;-0.80;-1.75;-1.80;-0.95;-0.80;-0.50;-1.40;1.21;0.09;-1.60;0.00;-0.65;-1.15;1.79;-74.99;3.22;-4.48;-5.74;0.35;5.65;4.00;-6.31;-1.69;-2.40;-0.60;-7.00;2.48;7.02;-6.60;-7.40;-2.37;-7.03;-0.10;-1.80;-2.27;2.07;9.40;-6.15;-2.25;-9.00;3.00;-0.50;0.50;2.00;0.49;-3.99;0.62;6.89;3.19;5.33;-3.53;-1.00;1.50;-2.50;0.10;-1;0;0;0;0

