33.9;-0.285714;-0.285714;-0.673469;-0.22449;-0.355102;-0.489796;-0.477551;0.17551;0.0489796;-0.128065;-0.188011;-0.0517711;-0.504087;-0.373297;-0.0463215;0.0354224;-0.542234;-0.580381;-0.247956;0.258856;0.0245232;-0.00817436;-0.155313;0.771117;0.356948;0.013624;-0.264305;-0.373297;0.00817441;-0.400545;0.226158;0.19891;0.100817;-0.640327;0.128065;-0.809264;-0.100817;-0.237057;-0.400545;0.253406;-0.509537;-0.0190735;0.694823;0.138965;-0.509537;0.362398;-0.0190735;0.144414;-0.182561;0.0354224;0.0899183;-0.591281;0.444142;-0.0735695;0.00817441;0.111717;0.0956522;-0.315942;0.0898551;-0.373913;-0.2;-0.350725;-0.0202898;-0.46087;-0.142029;-0.489855;-0.493507;0.155844;-0.149351;-0.123377;-0.0324675;0.246753;-0.0844156;-0.012987;-0.0779221;-0.495082;0.206557;-0.691803;0.134426;0.291803;+1;0;0;0;0

34.2;-0.22449;-0.285714;-0.285714;-0.673469;-0.22449;-0.355102;-0.489796;-0.477551;0.17551;0.400545;-0.128065;-0.188011;-0.0517711;-0.504087;-0.373297;-0.0463215;0.0354224;-0.542234;-0.580381;-0.247956;0.258856;0.0245232;-0.00817436;-0.155313;0.771117;0.356948;0.013624;-0.264305;-0.373297;0.00817441;-0.400545;0.226158;0.19891;0.100817;-0.640327;0.128065;-0.809264;-0.100817;-0.237057;-0.400545;0.253406;-0.509537;-0.0190735;0.694823;0.138965;-0.509537;0.362398;-0.0190735;0.144414;-0.182561;0.0354224;0.0899183;-0.591281;0.444142;-0.0735695;0.00817441;0.0550725;0.0956522;-0.315942;0.0898551;-0.373913;-0.2;-0.350725;-0.0202898;-0.46087;-0.142029;-0.428571;-0.493507;0.155844;-0.149351;-0.123377;-0.0324675;0.246753;-0.0844156;-0.012987;-0.0688524;-0.495082;0.206557;-0.691803;0.134426;+1;0;0;0;0

34.89;-0.0653061;-0.22449;-0.285714;-0.285714;-0.673469;-0.22449;-0.355102;-0.489796;-0.477551;0.569482;0.400545;-0.128065;-0.188011;-0.0517711;-0.504087;-0.373297;-0.0463215;0.0354224;-0.542234;-0.580381;-0.247956;0.258856;0.0245232;-0.00817436;-0.155313;0.771117;0.356948;0.013624;-0.264305;-0.373297;0.00817441;-0.400545;0.226158;0.19891;0.100817;-0.640327;0.128065;-0.809264;-0.100817;-0.237057;-0.400545;0.253406;-0.509537;-0.0190735;0.694823;0.138965;-0.509537;0.362398;-0.0190735;0.144414;-0.182561;0.0354224;0.0899183;-0.591281;0.444142;-0.0735695;-0.0550724;0.0550725;0.0956522;-0.315942;0.0898551;-0.373913;-0.2;-0.350725;-0.0202898;-0.46087;-0.0389611;-0.428571;-0.493507;0.155844;-0.149351;-0.123377;-0.0324675;0.246753;-0.0844156;-0.00327868;-0.0688524;-0.495082;0.206557;-0.691803;+1;0;0;0;0

36.56;0.334694;-0.0653061;-0.22449;-0.285714;-0.285714;-0.673469;-0.22449;-0.355102;-0.489796;-0.302452;0.569482;0.400545;-0.128065;-0.188011;-0.0517711;-0.504087;-0.373297;-0.0463215;0.0354224;-0.542234;-0.580381;-0.247956;0.258856;0.0245232;-0.00817436;-0.155313;0.771117;0.356948;0.013624;-0.264305;-0.373297;0.00817441;-0.400545;0.226158;0.19891;0.100817;-0.640327;0.128065;-0.809264;-0.100817;-0.237057;-0.400545;0.253406;-0.509537;-0.0190735;0.694823;0.138965;-0.509537;0.362398;-0.0190735;0.144414;-0.182561;0.0354224;0.0899183;-0.591281;0.444142;-0.142029;-0.0550724;0.0550725;0.0956522;-0.315942;0.0898551;-0.373913;-0.2;-0.350725;-0.0202898;-0.396104;-0.0389611;-0.428571;-0.493507;0.155844;-0.149351;-0.123377;-0.0324675;0.246753;-0.0754098;-0.00327868;-0.0688524;-0.495082;0.206557;-1;0;0;0;0

36.01;-0.571429;0.334694;-0.0653061;-0.22449;-0.285714;-0.285714;-0.673469;-0.22449;-0.355102;-0.318801;-0.302452;0.569482;0.400545;-0.128065;-0.188011;-0.0517711;-0.504087;-0.373297;-0.0463215;0.0354224;-0.542234;-0.580381;-0.247956;0.258856;0.0245232;-0.00817436;-0.155313;0.771117;0.356948;0.013624;-0.264305;-0.373297;0.00817441;-0.400545;0.226158;0.19891;0.100817;-0.640327;0.128065;-0.809264;-0.100817;-0.237057;-0.400545;0.253406;-0.509537;-0.0190735;0.694823;0.138965;-0.509537;0.362398;-0.0190735;0.144414;-0.182561;0.0354224;0.0899183;-0.591281;0.408696;-0.142029;-0.0550724;0.0550725;0.0956522;-0.315942;0.0898551;-0.373913;-0.2;-0.350725;0.0974026;-0.396104;-0.0389611;-0.428571;-0.493507;0.155844;-0.149351;-0.123377;-0.0324675;0.259016;-0.0754098;-0.00327868;-0.0688524;-0.495082;-1;0;0;0;0

35.99;-0.355102;-0.571429;0.334694;-0.0653061;-0.22449;-0.285714;-0.285714;-0.673469;-0.22449;-0.138965;-0.318801;-0.302452;0.569482;0.400545;-0.128065;-0.188011;-0.0517711;-0.504087;-0.373297;-0.0463215;0.0354224;-0.542234;-0.580381;-0.247956;0.258856;0.0245232;-0.00817436;-0.155313;0.771117;0.356948;0.013624;-0.264305;-0.373297;0.00817441;-0.400545;0.226158;0.19891;0.100817;-0.640327;0.128065;-0.809264;-0.100817;-0.237057;-0.400545;0.253406;-0.509537;-0.0190735;0.694823;0.138965;-0.509537;0.362398;-0.0190735;0.144414;-0.182561;0.0354224;0.0899183;-0.692754;0.408696;-0.142029;-0.0550724;0.0550725;0.0956522;-0.315942;0.0898551;-0.373913;-0.2;-0.272727;0.0974026;-0.396104;-0.0389611;-0.428571;-0.493507;0.155844;-0.149351;-0.123377;-0.0229508;0.259016;-0.0754098;-0.00327868;-0.0688524;-1;0;0;0;0

35.1;-0.710204;-0.355102;-0.571429;0.334694;-0.0653061;-0.22449;-0.285714;-0.285714;-0.673469;0.0354224;-0.138965;-0.318801;-0.302452;0.569482;0.400545;-0.128065;-0.188011;-0.0517711;-0.504087;-0.373297;-0.0463215;0.0354224;-0.542234;-0.580381;-0.247956;0.258856;0.0245232;-0.00817436;-0.155313;0.771117;0.356948;0.013624;-0.264305;-0.373297;0.00817441;-0.400545;0.226158;0.19891;0.100817;-0.640327;0.128065;-0.809264;-0.100817;-0.237057;-0.400545;0.253406;-0.509537;-0.0190735;0.694823;0.138965;-0.509537;0.362398;-0.0190735;0.144414;-0.182561;0.0354224;0.0318841;-0.692754;0.408696;-0.142029;-0.0550724;0.0550725;0.0956522;-0.315942;0.0898551;-0.373913;-0.103896;-0.272727;0.0974026;-0.396104;-0.0389611;-0.428571;-0.493507;0.155844;-0.149351;-0.114754;-0.0229508;0.259016;-0.0754098;-0.00327868;-1;0;0;0;0

34.95;-0.408163;-0.710204;-0.355102;-0.571429;0.334694;-0.0653061;-0.22449;-0.285714;-0.285714;-0.564033;0.0354224;-0.138965;-0.318801;-0.302452;0.569482;0.400545;-0.128065;-0.188011;-0.0517711;-0.504087;-0.373297;-0.0463215;0.0354224;-0.542234;-0.580381;-0.247956;0.258856;0.0245232;-0.00817436;-0.155313;0.771117;0.356948;0.013624;-0.264305;-0.373297;0.00817441;-0.400545;0.226158;0.19891;0.100817;-0.640327;0.128065;-0.809264;-0.100817;-0.237057;-0.400545;0.253406;-0.509537;-0.0190735;0.694823;0.138965;-0.509537;0.362398;-0.0190735;0.144414;-0.182561;-0.0260869;0.0318841;-0.692754;0.408696;-0.142029;-0.0550724;0.0550725;0.0956522;-0.315942;0.0898551;-0.298701;-0.103896;-0.272727;0.0974026;-0.396104;-0.0389611;-0.428571;-0.493507;0.155844;-0.140984;-0.114754;-0.0229508;0.259016;-0.0754098;-1;0;0;0;0

33.9;-0.77551;-0.408163;-0.710204;-0.355102;-0.571429;0.334694;-0.0653061;-0.22449;-0.285714;-0.0463215;-0.564033;0.0354224;-0.138965;-0.318801;-0.302452;0.569482;0.400545;-0.128065;-0.188011;-0.0517711;-0.504087;-0.373297;-0.0463215;0.0354224;-0.542234;-0.580381;-0.247956;0.258856;0.0245232;-0.00817436;-0.155313;0.771117;0.356948;0.013624;-0.264305;-0.373297;0.00817441;-0.400545;0.226158;0.19891;0.100817;-0.640327;0.128065;-0.809264;-0.100817;-0.237057;-0.400545;0.253406;-0.509537;-0.0190735;0.694823;0.138965;-0.509537;0.362398;-0.0190735;0.144414;-0.257971;-0.0260869;0.0318841;-0.692754;0.408696;-0.142029;-0.0550724;0.0550725;0.0956522;-0.315942;0.220779;-0.298701;-0.103896;-0.272727;0.0974026;-0.396104;-0.0389611;-0.428571;-0.493507;0.167213;-0.140984;-0.114754;-0.0229508;0.259016;-1;0;0;0;0

32.95;-0.734694;-0.77551;-0.408163;-0.710204;-0.355102;-0.571429;0.334694;-0.0653061;-0.22449;-0.0463215;-0.0463215;-0.564033;0.0354224;-0.138965;-0.318801;-0.302452;0.569482;0.400545;-0.128065;-0.188011;-0.0517711;-0.504087;-0.373297;-0.0463215;0.0354224;-0.542234;-0.580381;-0.247956;0.258856;0.0245232;-0.00817436;-0.155313;0.771117;0.356948;0.013624;-0.264305;-0.373297;0.00817441;-0.400545;0.226158;0.19891;0.100817;-0.640327;0.128065;-0.809264;-0.100817;-0.237057;-0.400545;0.253406;-0.509537;-0.0190735;0.694823;0.138965;-0.509537;0.362398;-0.0190735;0.0898551;-0.257971;-0.0260869;0.0318841;-0.692754;0.408696;-0.142029;-0.0550724;0.0550725;0.0956522;-0.233766;0.220779;-0.298701;-0.103896;-0.272727;0.0974026;-0.396104;-0.0389611;-0.428571;-0.488525;0.167213;-0.140984;-0.114754;-0.0229508;+1;0;0;0;0

33;-0.326531;-0.734694;-0.77551;-0.408163;-0.710204;-0.355102;-0.571429;0.334694;-0.0653061;0.0354224;-0.0463215;-0.0463215;-0.564033;0.0354224;-0.138965;-0.318801;-0.302452;0.569482;0.400545;-0.128065;-0.188011;-0.0517711;-0.504087;-0.373297;-0.0463215;0.0354224;-0.542234;-0.580381;-0.247956;0.258856;0.0245232;-0.00817436;-0.155313;0.771117;0.356948;0.013624;-0.264305;-0.373297;0.00817441;-0.400545;0.226158;0.19891;0.100817;-0.640327;0.128065;-0.809264;-0.100817;-0.237057;-0.400545;0.253406;-0.509537;-0.0190735;0.694823;0.138965;-0.509537;0.362398;-0.0840579;0.0898551;-0.257971;-0.0260869;0.0318841;-0.692754;0.408696;-0.142029;-0.0550724;0.0550725;0.227273;-0.233766;0.220779;-0.298701;-0.103896;-0.272727;0.0974026;-0.396104;-0.0389611;-0.422951;-0.488525;0.167213;-0.140984;-0.114754;-1;0;0;0;0

32;-0.755102;-0.326531;-0.734694;-0.77551;-0.408163;-0.710204;-0.355102;-0.571429;0.334694;0.247956;0.0354224;-0.0463215;-0.0463215;-0.564033;0.0354224;-0.138965;-0.318801;-0.302452;0.569482;0.400545;-0.128065;-0.188011;-0.0517711;-0.504087;-0.373297;-0.0463215;0.0354224;-0.542234;-0.580381;-0.247956;0.258856;0.0245232;-0.00817436;-0.155313;0.771117;0.356948;0.013624;-0.264305;-0.373297;0.00817441;-0.400545;0.226158;0.19891;0.100817;-0.640327;0.128065;-0.809264;-0.100817;-0.237057;-0.400545;0.253406;-0.509537;-0.0190735;0.694823;0.138965;-0.509537;0.321739;-0.0840579;0.0898551;-0.257971;-0.0260869;0.0318841;-0.692754;0.408696;-0.142029;-0.0550724;0.181818;0.227273;-0.233766;0.220779;-0.298701;-0.103896;-0.272727;0.0974026;-0.396104;-0.0295082;-0.422951;-0.488525;0.167213;-0.140984;-1;0;0;0;0

31.25;-0.653061;-0.755102;-0.326531;-0.734694;-0.77551;-0.408163;-0.710204;-0.355102;-0.571429;0.782016;0.247956;0.0354224;-0.0463215;-0.0463215;-0.564033;0.0354224;-0.138965;-0.318801;-0.302452;0.569482;0.400545;-0.128065;-0.188011;-0.0517711;-0.504087;-0.373297;-0.0463215;0.0354224;-0.542234;-0.580381;-0.247956;0.258856;0.0245232;-0.00817436;-0.155313;0.771117;0.356948;0.013624;-0.264305;-0.373297;0.00817441;-0.400545;0.226158;0.19891;0.100817;-0.640327;0.128065;-0.809264;-0.100817;-0.237057;-0.400545;0.253406;-0.509537;-0.0190735;0.694823;0.138965;-0.605797;0.321739;-0.0840579;0.0898551;-0.257971;-0.0260869;0.0318841;-0.692754;0.408696;-0.142029;0.0584415;0.181818;0.227273;-0.233766;0.220779;-0.298701;-0.103896;-0.272727;0.0974026;-0.390164;-0.0295082;-0.422951;-0.488525;0.167213;+1;0;0;0;0

31.85;-0.102041;-0.653061;-0.755102;-0.326531;-0.734694;-0.77551;-0.408163;-0.710204;-0.355102;-0.427793;0.782016;0.247956;0.0354224;-0.0463215;-0.0463215;-0.564033;0.0354224;-0.138965;-0.318801;-0.302452;0.569482;0.400545;-0.128065;-0.188011;-0.0517711;-0.504087;-0.373297;-0.0463215;0.0354224;-0.542234;-0.580381;-0.247956;0.258856;0.0245232;-0.00817436;-0.155313;0.771117;0.356948;0.013624;-0.264305;-0.373297;0.00817441;-0.400545;0.226158;0.19891;0.100817;-0.640327;0.128065;-0.809264;-0.100817;-0.237057;-0.400545;0.253406;-0.509537;-0.0190735;0.694823;0.084058;-0.605797;0.321739;-0.0840579;0.0898551;-0.257971;-0.0260869;0.0318841;-0.692754;0.408696;-0.0389611;0.0584415;0.181818;0.227273;-0.233766;0.220779;-0.298701;-0.103896;-0.272727;0.108197;-0.390164;-0.0295082;-0.422951;-0.488525;-1;0;0;0;0

30.8;-0.77551;-0.102041;-0.653061;-0.755102;-0.326531;-0.734694;-0.77551;-0.408163;-0.710204;-0.138965;-0.427793;0.782016;0.247956;0.0354224;-0.0463215;-0.0463215;-0.564033;0.0354224;-0.138965;-0.318801;-0.302452;0.569482;0.400545;-0.128065;-0.188011;-0.0517711;-0.504087;-0.373297;-0.0463215;0.0354224;-0.542234;-0.580381;-0.247956;0.258856;0.0245232;-0.00817436;-0.155313;0.771117;0.356948;0.013624;-0.264305;-0.373297;0.00817441;-0.400545;0.226158;0.19891;0.100817;-0.640327;0.128065;-0.809264;-0.100817;-0.237057;-0.400545;0.253406;-0.509537;-0.0190735;0.675362;0.084058;-0.605797;0.321739;-0.0840579;0.0898551;-0.257971;-0.0260869;0.0318841;-0.692754;0.577922;-0.0389611;0.0584415;0.181818;0.227273;-0.233766;0.220779;-0.298701;-0.103896;-0.265574;0.108197;-0.390164;-0.0295082;-0.422951;+1;0;0;0;0

31.27;-0.155102;-0.77551;-0.102041;-0.653061;-0.755102;-0.326531;-0.734694;-0.77551;-0.408163;-0.613079;-0.138965;-0.427793;0.782016;0.247956;0.0354224;-0.0463215;-0.0463215;-0.564033;0.0354224;-0.138965;-0.318801;-0.302452;0.569482;0.400545;-0.128065;-0.188011;-0.0517711;-0.504087;-0.373297;-0.0463215;0.0354224;-0.542234;-0.580381;-0.247956;0.258856;0.0245232;-0.00817436;-0.155313;0.771117;0.356948;0.013624;-0.264305;-0.373297;0.00817441;-0.400545;0.226158;0.19891;0.100817;-0.640327;0.128065;-0.809264;-0.100817;-0.237057;-0.400545;0.253406;-0.509537;-0.0840579;0.675362;0.084058;-0.605797;0.321739;-0.0840579;0.0898551;-0.257971;-0.0260869;0.0318841;-0.655844;0.577922;-0.0389611;0.0584415;0.181818;0.227273;-0.233766;0.220779;-0.298701;-0.095082;-0.265574;0.108197;-0.390164;-0.0295082;+1;0;0;0;0

31.85;-0.110204;-0.155102;-0.77551;-0.102041;-0.653061;-0.755102;-0.326531;-0.734694;-0.77551;-0.209809;-0.613079;-0.138965;-0.427793;0.782016;0.247956;0.0354224;-0.0463215;-0.0463215;-0.564033;0.0354224;-0.138965;-0.318801;-0.302452;0.569482;0.400545;-0.128065;-0.188011;-0.0517711;-0.504087;-0.373297;-0.0463215;0.0354224;-0.542234;-0.580381;-0.247956;0.258856;0.0245232;-0.00817436;-0.155313;0.771117;0.356948;0.013624;-0.264305;-0.373297;0.00817441;-0.400545;0.226158;0.19891;0.100817;-0.640327;0.128065;-0.809264;-0.100817;-0.237057;-0.400545;0.253406;-0.605797;-0.0840579;0.675362;0.084058;-0.605797;0.321739;-0.0840579;0.0898551;-0.257971;-0.0260869;0.155844;-0.655844;0.577922;-0.0389611;0.0584415;0.181818;0.227273;-0.233766;0.220779;-0.291803;-0.095082;-0.265574;0.108197;-0.390164;+1;0;0;0;0

32.99;0.118367;-0.110204;-0.155102;-0.77551;-0.102041;-0.653061;-0.755102;-0.326531;-0.734694;-0.700272;-0.209809;-0.613079;-0.138965;-0.427793;0.782016;0.247956;0.0354224;-0.0463215;-0.0463215;-0.564033;0.0354224;-0.138965;-0.318801;-0.302452;0.569482;0.400545;-0.128065;-0.188011;-0.0517711;-0.504087;-0.373297;-0.0463215;0.0354224;-0.542234;-0.580381;-0.247956;0.258856;0.0245232;-0.00817436;-0.155313;0.771117;0.356948;0.013624;-0.264305;-0.373297;0.00817441;-0.400545;0.226158;0.19891;0.100817;-0.640327;0.128065;-0.809264;-0.100817;-0.237057;-0.400545;0.205797;-0.605797;-0.0840579;0.675362;0.084058;-0.605797;0.321739;-0.0840579;0.0898551;-0.257971;0.0909091;0.155844;-0.655844;0.577922;-0.0389611;0.0584415;0.181818;0.227273;-0.233766;0.232787;-0.291803;-0.095082;-0.265574;0.108197;+1;0;0;0;0

33.48;-0.146939;0.118367;-0.110204;-0.155102;-0.77551;-0.102041;-0.653061;-0.755102;-0.326531;-0.645777;-0.700272;-0.209809;-0.613079;-0.138965;-0.427793;0.782016;0.247956;0.0354224;-0.0463215;-0.0463215;-0.564033;0.0354224;-0.138965;-0.318801;-0.302452;0.569482;0.400545;-0.128065;-0.188011;-0.0517711;-0.504087;-0.373297;-0.0463215;0.0354224;-0.542234;-0.580381;-0.247956;0.258856;0.0245232;-0.00817436;-0.155313;0.771117;0.356948;0.013624;-0.264305;-0.373297;0.00817441;-0.400545;0.226158;0.19891;0.100817;-0.640327;0.128065;-0.809264;-0.100817;-0.237057;-0.489855;0.205797;-0.605797;-0.0840579;0.675362;0.084058;-0.605797;0.321739;-0.0840579;0.0898551;-0.168831;0.0909091;0.155844;-0.655844;0.577922;-0.0389611;0.0584415;0.181818;0.227273;-0.22623;0.232787;-0.291803;-0.095082;-0.265574;-1;0;0;0;0

32.95;-0.563265;-0.146939;0.118367;-0.110204;-0.155102;-0.77551;-0.102041;-0.653061;-0.755102;-0.100817;-0.645777;-0.700272;-0.209809;-0.613079;-0.138965;-0.427793;0.782016;0.247956;0.0354224;-0.0463215;-0.0463215;-0.564033;0.0354224;-0.138965;-0.318801;-0.302452;0.569482;0.400545;-0.128065;-0.188011;-0.0517711;-0.504087;-0.373297;-0.0463215;0.0354224;-0.542234;-0.580381;-0.247956;0.258856;0.0245232;-0.00817436;-0.155313;0.771117;0.356948;0.013624;-0.264305;-0.373297;0.00817441;-0.400545;0.226158;0.19891;0.100817;-0.640327;0.128065;-0.809264;-0.100817;-0.315942;-0.489855;0.205797;-0.605797;-0.0840579;0.675362;0.084058;-0.605797;0.321739;-0.0840579;0.220779;-0.168831;0.0909091;0.155844;-0.655844;0.577922;-0.0389611;0.0584415;0.181818;0.239344;-0.22623;0.232787;-0.291803;-0.095082;-1;0;0;0;0

32.5;-0.530612;-0.563265;-0.146939;0.118367;-0.110204;-0.155102;-0.77551;-0.102041;-0.653061;-0.673025;-0.100817;-0.645777;-0.700272;-0.209809;-0.613079;-0.138965;-0.427793;0.782016;0.247956;0.0354224;-0.0463215;-0.0463215;-0.564033;0.0354224;-0.138965;-0.318801;-0.302452;0.569482;0.400545;-0.128065;-0.188011;-0.0517711;-0.504087;-0.373297;-0.0463215;0.0354224;-0.542234;-0.580381;-0.247956;0.258856;0.0245232;-0.00817436;-0.155313;0.771117;0.356948;0.013624;-0.264305;-0.373297;0.00817441;-0.400545;0.226158;0.19891;0.100817;-0.640327;0.128065;-0.809264;-0.171014;-0.315942;-0.489855;0.205797;-0.605797;-0.0840579;0.675362;0.084058;-0.605797;0.321739;0.025974;0.220779;-0.168831;0.0909091;0.155844;-0.655844;0.577922;-0.0389611;0.0584415;0.193443;0.239344;-0.22623;0.232787;-0.291803;+1;0;0;0;0

33.8;0.183673;-0.530612;-0.563265;-0.146939;0.118367;-0.110204;-0.155102;-0.77551;-0.102041;-0.536785;-0.673025;-0.100817;-0.645777;-0.700272;-0.209809;-0.613079;-0.138965;-0.427793;0.782016;0.247956;0.0354224;-0.0463215;-0.0463215;-0.564033;0.0354224;-0.138965;-0.318801;-0.302452;0.569482;0.400545;-0.128065;-0.188011;-0.0517711;-0.504087;-0.373297;-0.0463215;0.0354224;-0.542234;-0.580381;-0.247956;0.258856;0.0245232;-0.00817436;-0.155313;0.771117;0.356948;0.013624;-0.264305;-0.373297;0.00817441;-0.400545;0.226158;0.19891;0.100817;-0.640327;0.128065;-0.924638;-0.171014;-0.315942;-0.489855;0.205797;-0.605797;-0.0840579;0.675362;0.084058;-0.605797;0.480519;0.025974;0.220779;-0.168831;0.0909091;0.155844;-0.655844;0.577922;-0.0389611;0.0688525;0.193443;0.239344;-0.22623;0.232787;-1;0;0;0;0

33.52;-0.461224;0.183673;-0.530612;-0.563265;-0.146939;0.118367;-0.110204;-0.155102;-0.77551;0.19891;-0.536785;-0.673025;-0.100817;-0.645777;-0.700272;-0.209809;-0.613079;-0.138965;-0.427793;0.782016;0.247956;0.0354224;-0.0463215;-0.0463215;-0.564033;0.0354224;-0.138965;-0.318801;-0.302452;0.569482;0.400545;-0.128065;-0.188011;-0.0517711;-0.504087;-0.373297;-0.0463215;0.0354224;-0.542234;-0.580381;-0.247956;0.258856;0.0245232;-0.00817436;-0.155313;0.771117;0.356948;0.013624;-0.264305;-0.373297;0.00817441;-0.400545;0.226158;0.19891;0.100817;-0.640327;0.0724638;-0.924638;-0.171014;-0.315942;-0.489855;0.205797;-0.605797;-0.0840579;0.675362;0.084058;-0.558442;0.480519;0.025974;0.220779;-0.168831;0.0909091;0.155844;-0.655844;0.577922;-0.0295082;0.0688525;0.193443;0.239344;-0.22623;+1;0;0;0;0

34.48;0.044898;-0.461224;0.183673;-0.530612;-0.563265;-0.146939;0.118367;-0.110204;-0.155102;-0.700272;0.19891;-0.536785;-0.673025;-0.100817;-0.645777;-0.700272;-0.209809;-0.613079;-0.138965;-0.427793;0.782016;0.247956;0.0354224;-0.0463215;-0.0463215;-0.564033;0.0354224;-0.138965;-0.318801;-0.302452;0.569482;0.400545;-0.128065;-0.188011;-0.0517711;-0.504087;-0.373297;-0.0463215;0.0354224;-0.542234;-0.580381;-0.247956;0.258856;0.0245232;-0.00817436;-0.155313;0.771117;0.356948;0.013624;-0.264305;-0.373297;0.00817441;-0.400545;0.226158;0.19891;0.100817;-0.744928;0.0724638;-0.924638;-0.171014;-0.315942;-0.489855;0.205797;-0.605797;-0.0840579;0.675362;0.214286;-0.558442;0.480519;0.025974;0.220779;-0.168831;0.0909091;0.155844;-0.655844;0.593443;-0.0295082;0.0688525;0.193443;0.239344;-1;0;0;0;0

33.1;-0.910204;0.044898;-0.461224;0.183673;-0.530612;-0.563265;-0.146939;0.118367;-0.110204;0.128065;-0.700272;0.19891;-0.536785;-0.673025;-0.100817;-0.645777;-0.700272;-0.209809;-0.613079;-0.138965;-0.427793;0.782016;0.247956;0.0354224;-0.0463215;-0.0463215;-0.564033;0.0354224;-0.138965;-0.318801;-0.302452;0.569482;0.400545;-0.128065;-0.188011;-0.0517711;-0.504087;-0.373297;-0.0463215;0.0354224;-0.542234;-0.580381;-0.247956;0.258856;0.0245232;-0.00817436;-0.155313;0.771117;0.356948;0.013624;-0.264305;-0.373297;0.00817441;-0.400545;0.226158;0.19891;0.0434783;-0.744928;0.0724638;-0.924638;-0.171014;-0.315942;-0.489855;0.205797;-0.605797;-0.0840579;0.876623;0.214286;-0.558442;0.480519;0.025974;0.220779;-0.168831;0.0909091;0.155844;-0.652459;0.593443;-0.0295082;0.0688525;0.193443;-1;0;0;0;0

32.15;-0.734694;-0.910204;0.044898;-0.461224;0.183673;-0.530612;-0.563265;-0.146939;0.118367;0.188011;0.128065;-0.700272;0.19891;-0.536785;-0.673025;-0.100817;-0.645777;-0.700272;-0.209809;-0.613079;-0.138965;-0.427793;0.782016;0.247956;0.0354224;-0.0463215;-0.0463215;-0.564033;0.0354224;-0.138965;-0.318801;-0.302452;0.569482;0.400545;-0.128065;-0.188011;-0.0517711;-0.504087;-0.373297;-0.0463215;0.0354224;-0.542234;-0.580381;-0.247956;0.258856;0.0245232;-0.00817436;-0.155313;0.771117;0.356948;0.013624;-0.264305;-0.373297;0.00817441;-0.400545;0.226158;0.147826;0.0434783;-0.744928;0.0724638;-0.924638;-0.171014;-0.315942;-0.489855;0.205797;-0.605797;0.025974;0.876623;0.214286;-0.558442;0.480519;0.025974;0.220779;-0.168831;0.0909091;0.167213;-0.652459;0.593443;-0.0295082;0.0688525;-1;0;0;0;0

31;-0.816326;-0.734694;-0.910204;0.044898;-0.461224;0.183673;-0.530612;-0.563265;-0.146939;0.493188;0.188011;0.128065;-0.700272;0.19891;-0.536785;-0.673025;-0.100817;-0.645777;-0.700272;-0.209809;-0.613079;-0.138965;-0.427793;0.782016;0.247956;0.0354224;-0.0463215;-0.0463215;-0.564033;0.0354224;-0.138965;-0.318801;-0.302452;0.569482;0.400545;-0.128065;-0.188011;-0.0517711;-0.504087;-0.373297;-0.0463215;0.0354224;-0.542234;-0.580381;-0.247956;0.258856;0.0245232;-0.00817436;-0.155313;0.771117;0.356948;0.013624;-0.264305;-0.373297;0.00817441;-0.400545;0.176812;0.147826;0.0434783;-0.744928;0.0724638;-0.924638;-0.171014;-0.315942;-0.489855;0.205797;-0.558442;0.025974;0.876623;0.214286;-0.558442;0.480519;0.025974;0.220779;-0.168831;0.101639;0.167213;-0.652459;0.593443;-0.0295082;+1;0;0;0;0

31.7;-0.0612245;-0.816326;-0.734694;-0.910204;0.044898;-0.461224;0.183673;-0.530612;-0.563265;0.138965;0.493188;0.188011;0.128065;-0.700272;0.19891;-0.536785;-0.673025;-0.100817;-0.645777;-0.700272;-0.209809;-0.613079;-0.138965;-0.427793;0.782016;0.247956;0.0354224;-0.0463215;-0.0463215;-0.564033;0.0354224;-0.138965;-0.318801;-0.302452;0.569482;0.400545;-0.128065;-0.188011;-0.0517711;-0.504087;-0.373297;-0.0463215;0.0354224;-0.542234;-0.580381;-0.247956;0.258856;0.0245232;-0.00817436;-0.155313;0.771117;0.356948;0.013624;-0.264305;-0.373297;0.00817441;-0.489855;0.176812;0.147826;0.0434783;-0.744928;0.0724638;-0.924638;-0.171014;-0.315942;-0.489855;0.350649;-0.558442;0.025974;0.876623;0.214286;-0.558442;0.480519;0.025974;0.220779;-0.160656;0.101639;0.167213;-0.652459;0.593443;+1;0;0;0;0

31.81;-0.302041;-0.0612245;-0.816326;-0.734694;-0.910204;0.044898;-0.461224;0.183673;-0.530612;-0.416894;0.138965;0.493188;0.188011;0.128065;-0.700272;0.19891;-0.536785;-0.673025;-0.100817;-0.645777;-0.700272;-0.209809;-0.613079;-0.138965;-0.427793;0.782016;0.247956;0.0354224;-0.0463215;-0.0463215;-0.564033;0.0354224;-0.138965;-0.318801;-0.302452;0.569482;0.400545;-0.128065;-0.188011;-0.0517711;-0.504087;-0.373297;-0.0463215;0.0354224;-0.542234;-0.580381;-0.247956;0.258856;0.0245232;-0.00817436;-0.155313;0.771117;0.356948;0.013624;-0.264305;-0.373297;-0.0550724;-0.489855;0.176812;0.147826;0.0434783;-0.744928;0.0724638;-0.924638;-0.171014;-0.315942;-0.428571;0.350649;-0.558442;0.025974;0.876623;0.214286;-0.558442;0.480519;0.025974;0.232787;-0.160656;0.101639;0.167213;-0.652459;-1;0;0;0;0

30.99;-0.681633;-0.302041;-0.0612245;-0.816326;-0.734694;-0.910204;0.044898;-0.461224;0.183673;-0.373297;-0.416894;0.138965;0.493188;0.188011;0.128065;-0.700272;0.19891;-0.536785;-0.673025;-0.100817;-0.645777;-0.700272;-0.209809;-0.613079;-0.138965;-0.427793;0.782016;0.247956;0.0354224;-0.0463215;-0.0463215;-0.564033;0.0354224;-0.138965;-0.318801;-0.302452;0.569482;0.400545;-0.128065;-0.188011;-0.0517711;-0.504087;-0.373297;-0.0463215;0.0354224;-0.542234;-0.580381;-0.247956;0.258856;0.0245232;-0.00817436;-0.155313;0.771117;0.356948;0.013624;-0.264305;-0.46087;-0.0550724;-0.489855;0.176812;0.147826;0.0434783;-0.744928;0.0724638;-0.924638;-0.171014;-0.233766;-0.428571;0.350649;-0.558442;0.025974;0.876623;0.214286;-0.558442;0.480519;0.0360656;0.232787;-0.160656;0.101639;0.167213;-1;0;0;0;0

29.95;-0.771429;-0.681633;-0.302041;-0.0612245;-0.816326;-0.734694;-0.910204;0.044898;-0.461224;0.580381;-0.373297;-0.416894;0.138965;0.493188;0.188011;0.128065;-0.700272;0.19891;-0.536785;-0.673025;-0.100817;-0.645777;-0.700272;-0.209809;-0.613079;-0.138965;-0.427793;0.782016;0.247956;0.0354224;-0.0463215;-0.0463215;-0.564033;0.0354224;-0.138965;-0.318801;-0.302452;0.569482;0.400545;-0.128065;-0.188011;-0.0517711;-0.504087;-0.373297;-0.0463215;0.0354224;-0.542234;-0.580381;-0.247956;0.258856;0.0245232;-0.00817436;-0.155313;0.771117;0.356948;0.013624;-0.344928;-0.46087;-0.0550724;-0.489855;0.176812;0.147826;0.0434783;-0.744928;0.0724638;-0.924638;-0.0714286;-0.233766;-0.428571;0.350649;-0.558442;0.025974;0.876623;0.214286;-0.558442;0.495082;0.0360656;0.232787;-0.160656;0.101639;+1;0;0;0;0

30;-0.326531;-0.771429;-0.681633;-0.302041;-0.0612245;-0.816326;-0.734694;-0.910204;0.044898;-0.280654;0.580381;-0.373297;-0.416894;0.138965;0.493188;0.188011;0.128065;-0.700272;0.19891;-0.536785;-0.673025;-0.100817;-0.645777;-0.700272;-0.209809;-0.613079;-0.138965;-0.427793;0.782016;0.247956;0.0354224;-0.0463215;-0.0463215;-0.564033;0.0354224;-0.138965;-0.318801;-0.302452;0.569482;0.400545;-0.128065;-0.188011;-0.0517711;-0.504087;-0.373297;-0.0463215;0.0354224;-0.542234;-0.580381;-0.247956;0.258856;0.0245232;-0.00817436;-0.155313;0.771117;0.356948;-0.0492753;-0.344928;-0.46087;-0.0550724;-0.489855;0.176812;0.147826;0.0434783;-0.744928;0.0724638;-0.915584;-0.0714286;-0.233766;-0.428571;0.350649;-0.558442;0.025974;0.876623;0.214286;-0.554098;0.495082;0.0360656;0.232787;-0.160656;+1;0;0;0;0

31.7;0.346939;-0.326531;-0.771429;-0.681633;-0.302041;-0.0612245;-0.816326;-0.734694;-0.910204;0.395095;-0.280654;0.580381;-0.373297;-0.416894;0.138965;0.493188;0.188011;0.128065;-0.700272;0.19891;-0.536785;-0.673025;-0.100817;-0.645777;-0.700272;-0.209809;-0.613079;-0.138965;-0.427793;0.782016;0.247956;0.0354224;-0.0463215;-0.0463215;-0.564033;0.0354224;-0.138965;-0.318801;-0.302452;0.569482;0.400545;-0.128065;-0.188011;-0.0517711;-0.504087;-0.373297;-0.0463215;0.0354224;-0.542234;-0.580381;-0.247956;0.258856;0.0245232;-0.00817436;-0.155313;0.771117;0.315942;-0.0492753;-0.344928;-0.46087;-0.0550724;-0.489855;0.176812;0.147826;0.0434783;-0.744928;0.201299;-0.915584;-0.0714286;-0.233766;-0.428571;0.350649;-0.558442;0.025974;0.876623;0.22623;-0.554098;0.495082;0.0360656;0.232787;-1;0;0;0;0

31.58;-0.395918;0.346939;-0.326531;-0.771429;-0.681633;-0.302041;-0.0612245;-0.816326;-0.734694;-0.880109;0.395095;-0.280654;0.580381;-0.373297;-0.416894;0.138965;0.493188;0.188011;0.128065;-0.700272;0.19891;-0.536785;-0.673025;-0.100817;-0.645777;-0.700272;-0.209809;-0.613079;-0.138965;-0.427793;0.782016;0.247956;0.0354224;-0.0463215;-0.0463215;-0.564033;0.0354224;-0.138965;-0.318801;-0.302452;0.569482;0.400545;-0.128065;-0.188011;-0.0517711;-0.504087;-0.373297;-0.0463215;0.0354224;-0.542234;-0.580381;-0.247956;0.258856;0.0245232;-0.00817436;-0.155313;0.756522;0.315942;-0.0492753;-0.344928;-0.46087;-0.0550724;-0.489855;0.176812;0.147826;0.0434783;-0.714286;0.201299;-0.915584;-0.0714286;-0.233766;-0.428571;0.350649;-0.558442;0.025974;0.895082;0.22623;-0.554098;0.495082;0.0360656;-1;0;0;0;0

31.3;-0.461224;-0.395918;0.346939;-0.326531;-0.771429;-0.681633;-0.302041;-0.0612245;-0.816326;-0.645777;-0.880109;0.395095;-0.280654;0.580381;-0.373297;-0.416894;0.138965;0.493188;0.188011;0.128065;-0.700272;0.19891;-0.536785;-0.673025;-0.100817;-0.645777;-0.700272;-0.209809;-0.613079;-0.138965;-0.427793;0.782016;0.247956;0.0354224;-0.0463215;-0.0463215;-0.564033;0.0354224;-0.138965;-0.318801;-0.302452;0.569482;0.400545;-0.128065;-0.188011;-0.0517711;-0.504087;-0.373297;-0.0463215;0.0354224;-0.542234;-0.580381;-0.247956;0.258856;0.0245232;-0.00817436;-0.228985;0.756522;0.315942;-0.0492753;-0.344928;-0.46087;-0.0550724;-0.489855;0.176812;0.147826;0.168831;-0.714286;0.201299;-0.915584;-0.0714286;-0.233766;-0.428571;0.350649;-0.558442;0.0360656;0.895082;0.22623;-0.554098;0.495082;+1;0;0;0;0

32.7;0.22449;-0.461224;-0.395918;0.346939;-0.326531;-0.771429;-0.681633;-0.302041;-0.0612245;-0.754768;-0.645777;-0.880109;0.395095;-0.280654;0.580381;-0.373297;-0.416894;0.138965;0.493188;0.188011;0.128065;-0.700272;0.19891;-0.536785;-0.673025;-0.100817;-0.645777;-0.700272;-0.209809;-0.613079;-0.138965;-0.427793;0.782016;0.247956;0.0354224;-0.0463215;-0.0463215;-0.564033;0.0354224;-0.138965;-0.318801;-0.302452;0.569482;0.400545;-0.128065;-0.188011;-0.0517711;-0.504087;-0.373297;-0.0463215;0.0354224;-0.542234;-0.580381;-0.247956;0.258856;0.0245232;-0.0724638;-0.228985;0.756522;0.315942;-0.0492753;-0.344928;-0.46087;-0.0550724;-0.489855;0.176812;0.285714;0.168831;-0.714286;0.201299;-0.915584;-0.0714286;-0.233766;-0.428571;0.350649;-0.554098;0.0360656;0.895082;0.22623;-0.554098;+1;0;0;0;0

33;-0.22449;0.22449;-0.461224;-0.395918;0.346939;-0.326531;-0.771429;-0.681633;-0.302041;0.253406;-0.754768;-0.645777;-0.880109;0.395095;-0.280654;0.580381;-0.373297;-0.416894;0.138965;0.493188;0.188011;0.128065;-0.700272;0.19891;-0.536785;-0.673025;-0.100817;-0.645777;-0.700272;-0.209809;-0.613079;-0.138965;-0.427793;0.782016;0.247956;0.0354224;-0.0463215;-0.0463215;-0.564033;0.0354224;-0.138965;-0.318801;-0.302452;0.569482;0.400545;-0.128065;-0.188011;-0.0517711;-0.504087;-0.373297;-0.0463215;0.0354224;-0.542234;-0.580381;-0.247956;0.258856;-0.0376811;-0.0724638;-0.228985;0.756522;0.315942;-0.0492753;-0.344928;-0.46087;-0.0550724;-0.489855;0.318182;0.285714;0.168831;-0.714286;0.201299;-0.915584;-0.0714286;-0.233766;-0.428571;0.363934;-0.554098;0.0360656;0.895082;0.22623;-1;0;0;0;0

32.81;-0.42449;-0.22449;0.22449;-0.461224;-0.395918;0.346939;-0.326531;-0.771429;-0.681633;-0.0681199;0.253406;-0.754768;-0.645777;-0.880109;0.395095;-0.280654;0.580381;-0.373297;-0.416894;0.138965;0.493188;0.188011;0.128065;-0.700272;0.19891;-0.536785;-0.673025;-0.100817;-0.645777;-0.700272;-0.209809;-0.613079;-0.138965;-0.427793;0.782016;0.247956;0.0354224;-0.0463215;-0.0463215;-0.564033;0.0354224;-0.138965;-0.318801;-0.302452;0.569482;0.400545;-0.128065;-0.188011;-0.0517711;-0.504087;-0.373297;-0.0463215;0.0354224;-0.542234;-0.580381;-0.247956;0.211594;-0.0376811;-0.0724638;-0.228985;0.756522;0.315942;-0.0492753;-0.344928;-0.46087;-0.0550724;-0.428571;0.318182;0.285714;0.168831;-0.714286;0.201299;-0.915584;-0.0714286;-0.233766;-0.422951;0.363934;-0.554098;0.0360656;0.895082;-1;0;0;0;0

32.5;-0.473469;-0.42449;-0.22449;0.22449;-0.461224;-0.395918;0.346939;-0.326531;-0.771429;-0.574932;-0.0681199;0.253406;-0.754768;-0.645777;-0.880109;0.395095;-0.280654;0.580381;-0.373297;-0.416894;0.138965;0.493188;0.188011;0.128065;-0.700272;0.19891;-0.536785;-0.673025;-0.100817;-0.645777;-0.700272;-0.209809;-0.613079;-0.138965;-0.427793;0.782016;0.247956;0.0354224;-0.0463215;-0.0463215;-0.564033;0.0354224;-0.138965;-0.318801;-0.302452;0.569482;0.400545;-0.128065;-0.188011;-0.0517711;-0.504087;-0.373297;-0.0463215;0.0354224;-0.542234;-0.580381;-0.327536;0.211594;-0.0376811;-0.0724638;-0.228985;0.756522;0.315942;-0.0492753;-0.344928;-0.46087;0.0584415;-0.428571;0.318182;0.285714;0.168831;-0.714286;0.201299;-0.915584;-0.0714286;-0.22623;-0.422951;0.363934;-0.554098;0.0360656;-1;0;0;0;0

32.1;-0.510204;-0.473469;-0.42449;-0.22449;0.22449;-0.461224;-0.395918;0.346939;-0.326531;-0.694823;-0.574932;-0.0681199;0.253406;-0.754768;-0.645777;-0.880109;0.395095;-0.280654;0.580381;-0.373297;-0.416894;0.138965;0.493188;0.188011;0.128065;-0.700272;0.19891;-0.536785;-0.673025;-0.100817;-0.645777;-0.700272;-0.209809;-0.613079;-0.138965;-0.427793;0.782016;0.247956;0.0354224;-0.0463215;-0.0463215;-0.564033;0.0354224;-0.138965;-0.318801;-0.302452;0.569482;0.400545;-0.128065;-0.188011;-0.0517711;-0.504087;-0.373297;-0.0463215;0.0354224;-0.542234;-0.681159;-0.327536;0.211594;-0.0376811;-0.0724638;-0.228985;0.756522;0.315942;-0.0492753;-0.344928;-0.396104;0.0584415;-0.428571;0.318182;0.285714;0.168831;-0.714286;0.201299;-0.915584;-0.0622951;-0.22623;-0.422951;0.363934;-0.554098;-1;0;0;0;0

31.3;-0.673469;-0.510204;-0.473469;-0.42449;-0.22449;0.22449;-0.461224;-0.395918;0.346939;-0.100817;-0.694823;-0.574932;-0.0681199;0.253406;-0.754768;-0.645777;-0.880109;0.395095;-0.280654;0.580381;-0.373297;-0.416894;0.138965;0.493188;0.188011;0.128065;-0.700272;0.19891;-0.536785;-0.673025;-0.100817;-0.645777;-0.700272;-0.209809;-0.613079;-0.138965;-0.427793;0.782016;0.247956;0.0354224;-0.0463215;-0.0463215;-0.564033;0.0354224;-0.138965;-0.318801;-0.302452;0.569482;0.400545;-0.128065;-0.188011;-0.0517711;-0.504087;-0.373297;-0.0463215;0.0354224;-0.64058;-0.681159;-0.327536;0.211594;-0.0376811;-0.0724638;-0.228985;0.756522;0.315942;-0.0492753;-0.266234;-0.396104;0.0584415;-0.428571;0.318182;0.285714;0.168831;-0.714286;0.201299;-0.914754;-0.0622951;-0.22623;-0.422951;0.363934;+1;0;0;0;0

33.37;0.497959;-0.673469;-0.510204;-0.473469;-0.42449;-0.22449;0.22449;-0.461224;-0.395918;0.798365;-0.100817;-0.694823;-0.574932;-0.0681199;0.253406;-0.754768;-0.645777;-0.880109;0.395095;-0.280654;0.580381;-0.373297;-0.416894;0.138965;0.493188;0.188011;0.128065;-0.700272;0.19891;-0.536785;-0.673025;-0.100817;-0.645777;-0.700272;-0.209809;-0.613079;-0.138965;-0.427793;0.782016;0.247956;0.0354224;-0.0463215;-0.0463215;-0.564033;0.0354224;-0.138965;-0.318801;-0.302452;0.569482;0.400545;-0.128065;-0.188011;-0.0517711;-0.504087;-0.373297;-0.0463215;-0.0260869;-0.64058;-0.681159;-0.327536;0.211594;-0.0376811;-0.0724638;-0.228985;0.756522;0.315942;0.064935;-0.266234;-0.396104;0.0584415;-0.428571;0.318182;0.285714;0.168831;-0.714286;0.213115;-0.914754;-0.0622951;-0.22623;-0.422951;+1;0;0;0;0

33.9;-0.130612;0.497959;-0.673469;-0.510204;-0.473469;-0.42449;-0.22449;0.22449;-0.461224;-0.19346;0.798365;-0.100817;-0.694823;-0.574932;-0.0681199;0.253406;-0.754768;-0.645777;-0.880109;0.395095;-0.280654;0.580381;-0.373297;-0.416894;0.138965;0.493188;0.188011;0.128065;-0.700272;0.19891;-0.536785;-0.673025;-0.100817;-0.645777;-0.700272;-0.209809;-0.613079;-0.138965;-0.427793;0.782016;0.247956;0.0354224;-0.0463215;-0.0463215;-0.564033;0.0354224;-0.138965;-0.318801;-0.302452;0.569482;0.400545;-0.128065;-0.188011;-0.0517711;-0.504087;-0.373297;-0.113043;-0.0260869;-0.64058;-0.681159;-0.327536;0.211594;-0.0376811;-0.0724638;-0.228985;0.756522;0.474026;0.064935;-0.266234;-0.396104;0.0584415;-0.428571;0.318182;0.285714;0.168831;-0.711475;0.213115;-0.914754;-0.0622951;-0.22623;+1;0;0;0;0

34;-0.306122;-0.130612;0.497959;-0.673469;-0.510204;-0.473469;-0.42449;-0.22449;0.22449;-0.280654;-0.19346;0.798365;-0.100817;-0.694823;-0.574932;-0.0681199;0.253406;-0.754768;-0.645777;-0.880109;0.395095;-0.280654;0.580381;-0.373297;-0.416894;0.138965;0.493188;0.188011;0.128065;-0.700272;0.19891;-0.536785;-0.673025;-0.100817;-0.645777;-0.700272;-0.209809;-0.613079;-0.138965;-0.427793;0.782016;0.247956;0.0354224;-0.0463215;-0.0463215;-0.564033;0.0354224;-0.138965;-0.318801;-0.302452;0.569482;0.400545;-0.128065;-0.188011;-0.0517711;-0.504087;-0.46087;-0.113043;-0.0260869;-0.64058;-0.681159;-0.327536;0.211594;-0.0376811;-0.0724638;-0.228985;0.967532;0.474026;0.064935;-0.266234;-0.396104;0.0584415;-0.428571;0.318182;0.285714;0.180328;-0.711475;0.213115;-0.914754;-0.0622951;-1;0;0;0;0

33.83;-0.416327;-0.306122;-0.130612;0.497959;-0.673469;-0.510204;-0.473469;-0.42449;-0.22449;0.634877;-0.280654;-0.19346;0.798365;-0.100817;-0.694823;-0.574932;-0.0681199;0.253406;-0.754768;-0.645777;-0.880109;0.395095;-0.280654;0.580381;-0.373297;-0.416894;0.138965;0.493188;0.188011;0.128065;-0.700272;0.19891;-0.536785;-0.673025;-0.100817;-0.645777;-0.700272;-0.209809;-0.613079;-0.138965;-0.427793;0.782016;0.247956;0.0354224;-0.0463215;-0.0463215;-0.564033;0.0354224;-0.138965;-0.318801;-0.302452;0.569482;0.400545;-0.128065;-0.188011;-0.0517711;-0.6;-0.46087;-0.113043;-0.0260869;-0.64058;-0.681159;-0.327536;0.211594;-0.0376811;-0.0724638;-0.136364;0.967532;0.474026;0.064935;-0.266234;-0.396104;0.0584415;-0.428571;0.318182;0.298361;0.180328;-0.711475;0.213115;-0.914754;+1;0;0;0;0

34;-0.277551;-0.416327;-0.306122;-0.130612;0.497959;-0.673469;-0.510204;-0.473469;-0.42449;0.0354224;0.634877;-0.280654;-0.19346;0.798365;-0.100817;-0.694823;-0.574932;-0.0681199;0.253406;-0.754768;-0.645777;-0.880109;0.395095;-0.280654;0.580381;-0.373297;-0.416894;0.138965;0.493188;0.188011;0.128065;-0.700272;0.19891;-0.536785;-0.673025;-0.100817;-0.645777;-0.700272;-0.209809;-0.613079;-0.138965;-0.427793;0.782016;0.247956;0.0354224;-0.0463215;-0.0463215;-0.564033;0.0354224;-0.138965;-0.318801;-0.302452;0.569482;0.400545;-0.128065;-0.188011;-0.118841;-0.6;-0.46087;-0.113043;-0.0260869;-0.64058;-0.681159;-0.327536;0.211594;-0.0376811;0.038961;-0.136364;0.967532;0.474026;0.064935;-0.266234;-0.396104;0.0584415;-0.428571;0.331148;0.298361;0.180328;-0.711475;0.213115;+1;0;0;0;0

34.02;-0.338775;-0.277551;-0.416327;-0.306122;-0.130612;0.497959;-0.673469;-0.510204;-0.473469;-0.231608;0.0354224;0.634877;-0.280654;-0.19346;0.798365;-0.100817;-0.694823;-0.574932;-0.0681199;0.253406;-0.754768;-0.645777;-0.880109;0.395095;-0.280654;0.580381;-0.373297;-0.416894;0.138965;0.493188;0.188011;0.128065;-0.700272;0.19891;-0.536785;-0.673025;-0.100817;-0.645777;-0.700272;-0.209809;-0.613079;-0.138965;-0.427793;0.782016;0.247956;0.0354224;-0.0463215;-0.0463215;-0.564033;0.0354224;-0.138965;-0.318801;-0.302452;0.569482;0.400545;-0.128065;-0.263768;-0.118841;-0.6;-0.46087;-0.113043;-0.0260869;-0.64058;-0.681159;-0.327536;0.211594;0.0779221;0.038961;-0.136364;0.967532;0.474026;0.064935;-0.266234;-0.396104;0.0584415;-0.422951;0.331148;0.298361;0.180328;-0.711475;-1;0;0;0;0

33.4;-0.6;-0.338775;-0.277551;-0.416327;-0.306122;-0.130612;0.497959;-0.673469;-0.510204;-0.297003;-0.231608;0.0354224;0.634877;-0.280654;-0.19346;0.798365;-0.100817;-0.694823;-0.574932;-0.0681199;0.253406;-0.754768;-0.645777;-0.880109;0.395095;-0.280654;0.580381;-0.373297;-0.416894;0.138965;0.493188;0.188011;0.128065;-0.700272;0.19891;-0.536785;-0.673025;-0.100817;-0.645777;-0.700272;-0.209809;-0.613079;-0.138965;-0.427793;0.782016;0.247956;0.0354224;-0.0463215;-0.0463215;-0.564033;0.0354224;-0.138965;-0.318801;-0.302452;0.569482;0.400545;-0.2;-0.263768;-0.118841;-0.6;-0.46087;-0.113043;-0.0260869;-0.64058;-0.681159;-0.327536;0.357143;0.0779221;0.038961;-0.136364;0.967532;0.474026;0.064935;-0.266234;-0.396104;0.0688525;-0.422951;0.331148;0.298361;0.180328;+1;0;0;0;0

33.6;-0.265306;-0.6;-0.338775;-0.277551;-0.416327;-0.306122;-0.130612;0.497959;-0.673469;-0.346049;-0.297003;-0.231608;0.0354224;0.634877;-0.280654;-0.19346;0.798365;-0.100817;-0.694823;-0.574932;-0.0681199;0.253406;-0.754768;-0.645777;-0.880109;0.395095;-0.280654;0.580381;-0.373297;-0.416894;0.138965;0.493188;0.188011;0.128065;-0.700272;0.19891;-0.536785;-0.673025;-0.100817;-0.645777;-0.700272;-0.209809;-0.613079;-0.138965;-0.427793;0.782016;0.247956;0.0354224;-0.0463215;-0.0463215;-0.564033;0.0354224;-0.138965;-0.318801;-0.302452;0.569482;0.362319;-0.2;-0.263768;-0.118841;-0.6;-0.46087;-0.113043;-0.0260869;-0.64058;-0.681159;-0.246753;0.357143;0.0779221;0.038961;-0.136364;0.967532;0.474026;0.064935;-0.266234;-0.390164;0.0688525;-0.422951;0.331148;0.298361;+1;0;0;0;0

34;-0.183673;-0.265306;-0.6;-0.338775;-0.277551;-0.416327;-0.306122;-0.130612;0.497959;-0.564033;-0.346049;-0.297003;-0.231608;0.0354224;0.634877;-0.280654;-0.19346;0.798365;-0.100817;-0.694823;-0.574932;-0.0681199;0.253406;-0.754768;-0.645777;-0.880109;0.395095;-0.280654;0.580381;-0.373297;-0.416894;0.138965;0.493188;0.188011;0.128065;-0.700272;0.19891;-0.536785;-0.673025;-0.100817;-0.645777;-0.700272;-0.209809;-0.613079;-0.138965;-0.427793;0.782016;0.247956;0.0354224;-0.0463215;-0.0463215;-0.564033;0.0354224;-0.138965;-0.318801;-0.302452;0.542029;0.362319;-0.2;-0.263768;-0.118841;-0.6;-0.46087;-0.113043;-0.0260869;-0.64058;-0.642857;-0.246753;0.357143;0.0779221;0.038961;-0.136364;0.967532;0.474026;0.064935;-0.259016;-0.390164;0.0688525;-0.422951;0.331148;+1;0;0;0;0

34.7;-0.0612245;-0.183673;-0.265306;-0.6;-0.338775;-0.277551;-0.416327;-0.306122;-0.130612;1;-0.564033;-0.346049;-0.297003;-0.231608;0.0354224;0.634877;-0.280654;-0.19346;0.798365;-0.100817;-0.694823;-0.574932;-0.0681199;0.253406;-0.754768;-0.645777;-0.880109;0.395095;-0.280654;0.580381;-0.373297;-0.416894;0.138965;0.493188;0.188011;0.128065;-0.700272;0.19891;-0.536785;-0.673025;-0.100817;-0.645777;-0.700272;-0.209809;-0.613079;-0.138965;-0.427793;0.782016;0.247956;0.0354224;-0.0463215;-0.0463215;-0.564033;0.0354224;-0.138965;-0.318801;-0.385507;0.542029;0.362319;-0.2;-0.263768;-0.118841;-0.6;-0.46087;-0.113043;-0.0260869;-0.597403;-0.642857;-0.246753;0.357143;0.0779221;0.038961;-0.136364;0.967532;0.474026;0.0754098;-0.259016;-0.390164;0.0688525;-0.422951;-1;0;0;0;0

33.1;-1;-0.0612245;-0.183673;-0.265306;-0.6;-0.338775;-0.277551;-0.416327;-0.306122;0.160763;1;-0.564033;-0.346049;-0.297003;-0.231608;0.0354224;0.634877;-0.280654;-0.19346;0.798365;-0.100817;-0.694823;-0.574932;-0.0681199;0.253406;-0.754768;-0.645777;-0.880109;0.395095;-0.280654;0.580381;-0.373297;-0.416894;0.138965;0.493188;0.188011;0.128065;-0.700272;0.19891;-0.536785;-0.673025;-0.100817;-0.645777;-0.700272;-0.209809;-0.613079;-0.138965;-0.427793;0.782016;0.247956;0.0354224;-0.0463215;-0.0463215;-0.564033;0.0354224;-0.138965;-0.402899;-0.385507;0.542029;0.362319;-0.2;-0.263768;-0.118841;-0.6;-0.46087;-0.113043;0.0909091;-0.597403;-0.642857;-0.246753;0.357143;0.0779221;0.038961;-0.136364;0.967532;0.488525;0.0754098;-0.259016;-0.390164;0.0688525;-1;0;0;0;0

33;-0.387755;-1;-0.0612245;-0.183673;-0.265306;-0.6;-0.338775;-0.277551;-0.416327;-0.0735695;0.160763;1;-0.564033;-0.346049;-0.297003;-0.231608;0.0354224;0.634877;-0.280654;-0.19346;0.798365;-0.100817;-0.694823;-0.574932;-0.0681199;0.253406;-0.754768;-0.645777;-0.880109;0.395095;-0.280654;0.580381;-0.373297;-0.416894;0.138965;0.493188;0.188011;0.128065;-0.700272;0.19891;-0.536785;-0.673025;-0.100817;-0.645777;-0.700272;-0.209809;-0.613079;-0.138965;-0.427793;0.782016;0.247956;0.0354224;-0.0463215;-0.0463215;-0.564033;0.0354224;-0.211594;-0.402899;-0.385507;0.542029;0.362319;-0.2;-0.263768;-0.118841;-0.6;-0.46087;-0.00649352;0.0909091;-0.597403;-0.642857;-0.246753;0.357143;0.0779221;0.038961;-0.136364;0.986885;0.488525;0.0754098;-0.259016;-0.390164;-1;0;0;0;0

32.6;-0.510204;-0.387755;-1;-0.0612245;-0.183673;-0.265306;-0.6;-0.338775;-0.277551;-0.220708;-0.0735695;0.160763;1;-0.564033;-0.346049;-0.297003;-0.231608;0.0354224;0.634877;-0.280654;-0.19346;0.798365;-0.100817;-0.694823;-0.574932;-0.0681199;0.253406;-0.754768;-0.645777;-0.880109;0.395095;-0.280654;0.580381;-0.373297;-0.416894;0.138965;0.493188;0.188011;0.128065;-0.700272;0.19891;-0.536785;-0.673025;-0.100817;-0.645777;-0.700272;-0.209809;-0.613079;-0.138965;-0.427793;0.782016;0.247956;0.0354224;-0.0463215;-0.0463215;-0.564033;-0.0260869;-0.211594;-0.402899;-0.385507;0.542029;0.362319;-0.2;-0.263768;-0.118841;-0.6;-0.396104;-0.00649352;0.0909091;-0.597403;-0.642857;-0.246753;0.357143;0.0779221;0.038961;-0.127869;0.986885;0.488525;0.0754098;-0.259016;+1;0;0;0;0

32.7;-0.306122;-0.510204;-0.387755;-1;-0.0612245;-0.183673;-0.265306;-0.6;-0.338775;-0.0354223;-0.220708;-0.0735695;0.160763;1;-0.564033;-0.346049;-0.297003;-0.231608;0.0354224;0.634877;-0.280654;-0.19346;0.798365;-0.100817;-0.694823;-0.574932;-0.0681199;0.253406;-0.754768;-0.645777;-0.880109;0.395095;-0.280654;0.580381;-0.373297;-0.416894;0.138965;0.493188;0.188011;0.128065;-0.700272;0.19891;-0.536785;-0.673025;-0.100817;-0.645777;-0.700272;-0.209809;-0.613079;-0.138965;-0.427793;0.782016;0.247956;0.0354224;-0.0463215;-0.0463215;-0.663768;-0.0260869;-0.211594;-0.402899;-0.385507;0.542029;0.362319;-0.2;-0.263768;-0.118841;-0.551948;-0.396104;-0.00649352;0.0909091;-0.597403;-0.642857;-0.246753;0.357143;0.0779221;0.0491803;-0.127869;0.986885;0.488525;0.0754098;+1;0;0;0;0

34.22;0.273469;-0.306122;-0.510204;-0.387755;-1;-0.0612245;-0.183673;-0.265306;-0.6;-0.117166;-0.0354223;-0.220708;-0.0735695;0.160763;1;-0.564033;-0.346049;-0.297003;-0.231608;0.0354224;0.634877;-0.280654;-0.19346;0.798365;-0.100817;-0.694823;-0.574932;-0.0681199;0.253406;-0.754768;-0.645777;-0.880109;0.395095;-0.280654;0.580381;-0.373297;-0.416894;0.138965;0.493188;0.188011;0.128065;-0.700272;0.19891;-0.536785;-0.673025;-0.100817;-0.645777;-0.700272;-0.209809;-0.613079;-0.138965;-0.427793;0.782016;0.247956;0.0354224;-0.0463215;-0.113043;-0.663768;-0.0260869;-0.211594;-0.402899;-0.385507;0.542029;0.362319;-0.2;-0.263768;-0.012987;-0.551948;-0.396104;-0.00649352;0.0909091;-0.597403;-0.642857;-0.246753;0.357143;0.0885246;0.0491803;-0.127869;0.986885;0.488525;-1;0;0;0;0

33;-0.844898;0.273469;-0.306122;-0.510204;-0.387755;-1;-0.0612245;-0.183673;-0.265306;-0.46594;-0.117166;-0.0354223;-0.220708;-0.0735695;0.160763;1;-0.564033;-0.346049;-0.297003;-0.231608;0.0354224;0.634877;-0.280654;-0.19346;0.798365;-0.100817;-0.694823;-0.574932;-0.0681199;0.253406;-0.754768;-0.645777;-0.880109;0.395095;-0.280654;0.580381;-0.373297;-0.416894;0.138965;0.493188;0.188011;0.128065;-0.700272;0.19891;-0.536785;-0.673025;-0.100817;-0.645777;-0.700272;-0.209809;-0.613079;-0.138965;-0.427793;0.782016;0.247956;0.0354224;-0.113043;-0.113043;-0.663768;-0.0260869;-0.211594;-0.402899;-0.385507;0.542029;0.362319;-0.2;-0.175325;-0.012987;-0.551948;-0.396104;-0.00649352;0.0909091;-0.597403;-0.642857;-0.246753;0.370492;0.0885246;0.0491803;-0.127869;0.986885;-1;0;0;0;0

32.9;-0.387755;-0.844898;0.273469;-0.306122;-0.510204;-0.387755;-1;-0.0612245;-0.183673;-0.0190735;-0.46594;-0.117166;-0.0354223;-0.220708;-0.0735695;0.160763;1;-0.564033;-0.346049;-0.297003;-0.231608;0.0354224;0.634877;-0.280654;-0.19346;0.798365;-0.100817;-0.694823;-0.574932;-0.0681199;0.253406;-0.754768;-0.645777;-0.880109;0.395095;-0.280654;0.580381;-0.373297;-0.416894;0.138965;0.493188;0.188011;0.128065;-0.700272;0.19891;-0.536785;-0.673025;-0.100817;-0.645777;-0.700272;-0.209809;-0.613079;-0.138965;-0.427793;0.782016;0.247956;-0.0260869;-0.113043;-0.113043;-0.663768;-0.0260869;-0.211594;-0.402899;-0.385507;0.542029;0.362319;-0.103896;-0.175325;-0.012987;-0.551948;-0.396104;-0.00649352;0.0909091;-0.597403;-0.642857;-0.239344;0.370492;0.0885246;0.0491803;-0.127869;+1;0;0;0;0

33.35;-0.163265;-0.387755;-0.844898;0.273469;-0.306122;-0.510204;-0.387755;-1;-0.0612245;0.0899183;-0.0190735;-0.46594;-0.117166;-0.0354223;-0.220708;-0.0735695;0.160763;1;-0.564033;-0.346049;-0.297003;-0.231608;0.0354224;0.634877;-0.280654;-0.19346;0.798365;-0.100817;-0.694823;-0.574932;-0.0681199;0.253406;-0.754768;-0.645777;-0.880109;0.395095;-0.280654;0.580381;-0.373297;-0.416894;0.138965;0.493188;0.188011;0.128065;-0.700272;0.19891;-0.536785;-0.673025;-0.100817;-0.645777;-0.700272;-0.209809;-0.613079;-0.138965;-0.427793;0.782016;0.2;-0.0260869;-0.113043;-0.113043;-0.663768;-0.0260869;-0.211594;-0.402899;-0.385507;0.542029;0.525974;-0.103896;-0.175325;-0.012987;-0.551948;-0.396104;-0.00649352;0.0909091;-0.597403;-0.639344;-0.239344;0.370492;0.0885246;0.0491803;+1;0;0;0;0

33.85;-0.142857;-0.163265;-0.387755;-0.844898;0.273469;-0.306122;-0.510204;-0.387755;-1;0.253406;0.0899183;-0.0190735;-0.46594;-0.117166;-0.0354223;-0.220708;-0.0735695;0.160763;1;-0.564033;-0.346049;-0.297003;-0.231608;0.0354224;0.634877;-0.280654;-0.19346;0.798365;-0.100817;-0.694823;-0.574932;-0.0681199;0.253406;-0.754768;-0.645777;-0.880109;0.395095;-0.280654;0.580381;-0.373297;-0.416894;0.138965;0.493188;0.188011;0.128065;-0.700272;0.19891;-0.536785;-0.673025;-0.100817;-0.645777;-0.700272;-0.209809;-0.613079;-0.138965;-0.427793;0.768116;0.2;-0.0260869;-0.113043;-0.113043;-0.663768;-0.0260869;-0.211594;-0.402899;-0.385507;0.727273;0.525974;-0.103896;-0.175325;-0.012987;-0.551948;-0.396104;-0.00649352;0.0909091;-0.593443;-0.639344;-0.239344;0.370492;0.0885246;+1;0;0;0;0

33.9;-0.326531;-0.142857;-0.163265;-0.387755;-0.844898;0.273469;-0.306122;-0.510204;-0.387755;-1;0.253406;0.0899183;-0.0190735;-0.46594;-0.117166;-0.0354223;-0.220708;-0.0735695;0.160763;1;-0.564033;-0.346049;-0.297003;-0.231608;0.0354224;0.634877;-0.280654;-0.19346;0.798365;-0.100817;-0.694823;-0.574932;-0.0681199;0.253406;-0.754768;-0.645777;-0.880109;0.395095;-0.280654;0.580381;-0.373297;-0.416894;0.138965;0.493188;0.188011;0.128065;-0.700272;0.19891;-0.536785;-0.673025;-0.100817;-0.645777;-0.700272;-0.209809;-0.613079;-0.138965;-0.518841;0.768116;0.2;-0.0260869;-0.113043;-0.113043;-0.663768;-0.0260869;-0.211594;-0.402899;-0.311688;0.727273;0.525974;-0.103896;-0.175325;-0.012987;-0.551948;-0.396104;-0.00649352;0.101639;-0.593443;-0.639344;-0.239344;0.370492;+1;0;0;0;0

33.98;-0.314286;-0.326531;-0.142857;-0.163265;-0.387755;-0.844898;0.273469;-0.306122;-0.510204;-0.182561;-1;0.253406;0.0899183;-0.0190735;-0.46594;-0.117166;-0.0354223;-0.220708;-0.0735695;0.160763;1;-0.564033;-0.346049;-0.297003;-0.231608;0.0354224;0.634877;-0.280654;-0.19346;0.798365;-0.100817;-0.694823;-0.574932;-0.0681199;0.253406;-0.754768;-0.645777;-0.880109;0.395095;-0.280654;0.580381;-0.373297;-0.416894;0.138965;0.493188;0.188011;0.128065;-0.700272;0.19891;-0.536785;-0.673025;-0.100817;-0.645777;-0.700272;-0.209809;-0.613079;-0.211594;-0.518841;0.768116;0.2;-0.0260869;-0.113043;-0.113043;-0.663768;-0.0260869;-0.211594;-0.331169;-0.311688;0.727273;0.525974;-0.103896;-0.175325;-0.012987;-0.551948;-0.396104;0.00327871;0.101639;-0.593443;-0.639344;-0.239344;-1;0;0;0;0

33.7;-0.461224;-0.314286;-0.326531;-0.142857;-0.163265;-0.387755;-0.844898;0.273469;-0.306122;-0.346049;-0.182561;-1;0.253406;0.0899183;-0.0190735;-0.46594;-0.117166;-0.0354223;-0.220708;-0.0735695;0.160763;1;-0.564033;-0.346049;-0.297003;-0.231608;0.0354224;0.634877;-0.280654;-0.19346;0.798365;-0.100817;-0.694823;-0.574932;-0.0681199;0.253406;-0.754768;-0.645777;-0.880109;0.395095;-0.280654;0.580381;-0.373297;-0.416894;0.138965;0.493188;0.188011;0.128065;-0.700272;0.19891;-0.536785;-0.673025;-0.100817;-0.645777;-0.700272;-0.209809;-0.715942;-0.211594;-0.518841;0.768116;0.2;-0.0260869;-0.113043;-0.113043;-0.663768;-0.0260869;-0.116883;-0.331169;-0.311688;0.727273;0.525974;-0.103896;-0.175325;-0.012987;-0.551948;-0.390164;0.00327871;0.101639;-0.593443;-0.639344;-1;0;0;0;0

33.69;-0.35102;-0.461224;-0.314286;-0.326531;-0.142857;-0.163265;-0.387755;-0.844898;0.273469;-0.0735695;-0.346049;-0.182561;-1;0.253406;0.0899183;-0.0190735;-0.46594;-0.117166;-0.0354223;-0.220708;-0.0735695;0.160763;1;-0.564033;-0.346049;-0.297003;-0.231608;0.0354224;0.634877;-0.280654;-0.19346;0.798365;-0.100817;-0.694823;-0.574932;-0.0681199;0.253406;-0.754768;-0.645777;-0.880109;0.395095;-0.280654;0.580381;-0.373297;-0.416894;0.138965;0.493188;0.188011;0.128065;-0.700272;0.19891;-0.536785;-0.673025;-0.100817;-0.645777;-0.700272;-0.286957;-0.715942;-0.211594;-0.518841;0.768116;0.2;-0.0260869;-0.113043;-0.113043;-0.663768;0.0909091;-0.116883;-0.331169;-0.311688;0.727273;0.525974;-0.103896;-0.175325;-0.012987;-0.547541;-0.390164;0.00327871;0.101639;-0.593443;-1;0;0;0;0

32.9;-0.669388;-0.35102;-0.461224;-0.314286;-0.326531;-0.142857;-0.163265;-0.387755;-0.844898;0.700273;-0.0735695;-0.346049;-0.182561;-1;0.253406;0.0899183;-0.0190735;-0.46594;-0.117166;-0.0354223;-0.220708;-0.0735695;0.160763;1;-0.564033;-0.346049;-0.297003;-0.231608;0.0354224;0.634877;-0.280654;-0.19346;0.798365;-0.100817;-0.694823;-0.574932;-0.0681199;0.253406;-0.754768;-0.645777;-0.880109;0.395095;-0.280654;0.580381;-0.373297;-0.416894;0.138965;0.493188;0.188011;0.128065;-0.700272;0.19891;-0.536785;-0.673025;-0.100817;-0.645777;-0.808696;-0.286957;-0.715942;-0.211594;-0.518841;0.768116;0.2;-0.0260869;-0.113043;-0.113043;-0.623377;0.0909091;-0.116883;-0.331169;-0.311688;0.727273;0.525974;-0.103896;-0.175325;-0.00327868;-0.547541;-0.390164;0.00327871;0.101639;+1;0;0;0;0

33.6;-0.0612245;-0.669388;-0.35102;-0.461224;-0.314286;-0.326531;-0.142857;-0.163265;-0.387755;-0.792916;0.700273;-0.0735695;-0.346049;-0.182561;-1;0.253406;0.0899183;-0.0190735;-0.46594;-0.117166;-0.0354223;-0.220708;-0.0735695;0.160763;1;-0.564033;-0.346049;-0.297003;-0.231608;0.0354224;0.634877;-0.280654;-0.19346;0.798365;-0.100817;-0.694823;-0.574932;-0.0681199;0.253406;-0.754768;-0.645777;-0.880109;0.395095;-0.280654;0.580381;-0.373297;-0.416894;0.138965;0.493188;0.188011;0.128065;-0.700272;0.19891;-0.536785;-0.673025;-0.100817;-0.750725;-0.808696;-0.286957;-0.715942;-0.211594;-0.518841;0.768116;0.2;-0.0260869;-0.113043;-0.00649352;-0.623377;0.0909091;-0.116883;-0.331169;-0.311688;0.727273;0.525974;-0.103896;-0.167213;-0.00327868;-0.547541;-0.390164;0.00327871;+1;0;0;0;0

34.61;0.0653061;-0.0612245;-0.669388;-0.35102;-0.461224;-0.314286;-0.326531;-0.142857;-0.163265;-0.182561;-0.792916;0.700273;-0.0735695;-0.346049;-0.182561;-1;0.253406;0.0899183;-0.0190735;-0.46594;-0.117166;-0.0354223;-0.220708;-0.0735695;0.160763;1;-0.564033;-0.346049;-0.297003;-0.231608;0.0354224;0.634877;-0.280654;-0.19346;0.798365;-0.100817;-0.694823;-0.574932;-0.0681199;0.253406;-0.754768;-0.645777;-0.880109;0.395095;-0.280654;0.580381;-0.373297;-0.416894;0.138965;0.493188;0.188011;0.128065;-0.700272;0.19891;-0.536785;-0.673025;-0.171014;-0.750725;-0.808696;-0.286957;-0.715942;-0.211594;-0.518841;0.768116;0.2;-0.0260869;-0.00649352;-0.00649352;-0.623377;0.0909091;-0.116883;-0.331169;-0.311688;0.727273;0.525974;-0.095082;-0.167213;-0.00327868;-0.547541;-0.390164;-1;0;0;0;0

33.36;-0.857143;0.0653061;-0.0612245;-0.669388;-0.35102;-0.461224;-0.314286;-0.326531;-0.142857;0.117166;-0.182561;-0.792916;0.700273;-0.0735695;-0.346049;-0.182561;-1;0.253406;0.0899183;-0.0190735;-0.46594;-0.117166;-0.0354223;-0.220708;-0.0735695;0.160763;1;-0.564033;-0.346049;-0.297003;-0.231608;0.0354224;0.634877;-0.280654;-0.19346;0.798365;-0.100817;-0.694823;-0.574932;-0.0681199;0.253406;-0.754768;-0.645777;-0.880109;0.395095;-0.280654;0.580381;-0.373297;-0.416894;0.138965;0.493188;0.188011;0.128065;-0.700272;0.19891;-0.536785;-0.77971;-0.171014;-0.750725;-0.808696;-0.286957;-0.715942;-0.211594;-0.518841;0.768116;0.2;0.0909091;-0.00649352;-0.00649352;-0.623377;0.0909091;-0.116883;-0.331169;-0.311688;0.727273;0.540984;-0.095082;-0.167213;-0.00327868;-0.547541;+1;0;0;0;0

33.8;-0.167347;-0.857143;0.0653061;-0.0612245;-0.669388;-0.35102;-0.461224;-0.314286;-0.326531;0.144414;0.117166;-0.182561;-0.792916;0.700273;-0.0735695;-0.346049;-0.182561;-1;0.253406;0.0899183;-0.0190735;-0.46594;-0.117166;-0.0354223;-0.220708;-0.0735695;0.160763;1;-0.564033;-0.346049;-0.297003;-0.231608;0.0354224;0.634877;-0.280654;-0.19346;0.798365;-0.100817;-0.694823;-0.574932;-0.0681199;0.253406;-0.754768;-0.645777;-0.880109;0.395095;-0.280654;0.580381;-0.373297;-0.416894;0.138965;0.493188;0.188011;0.128065;-0.700272;0.19891;-0.634783;-0.77971;-0.171014;-0.750725;-0.808696;-0.286957;-0.715942;-0.211594;-0.518841;0.768116;0.344156;0.0909091;-0.00649352;-0.00649352;-0.623377;0.0909091;-0.116883;-0.331169;-0.311688;0.744262;0.540984;-0.095082;-0.167213;-0.00327868;-1;0;0;0;0

33.1;-0.632653;-0.167347;-0.857143;0.0653061;-0.0612245;-0.669388;-0.35102;-0.461224;-0.314286;-0.100817;0.144414;0.117166;-0.182561;-0.792916;0.700273;-0.0735695;-0.346049;-0.182561;-1;0.253406;0.0899183;-0.0190735;-0.46594;-0.117166;-0.0354223;-0.220708;-0.0735695;0.160763;1;-0.564033;-0.346049;-0.297003;-0.231608;0.0354224;0.634877;-0.280654;-0.19346;0.798365;-0.100817;-0.694823;-0.574932;-0.0681199;0.253406;-0.754768;-0.645777;-0.880109;0.395095;-0.280654;0.580381;-0.373297;-0.416894;0.138965;0.493188;0.188011;0.128065;-0.700272;0.147826;-0.634783;-0.77971;-0.171014;-0.750725;-0.808696;-0.286957;-0.715942;-0.211594;-0.518841;0.980519;0.344156;0.0909091;-0.00649352;-0.00649352;-0.623377;0.0909091;-0.116883;-0.331169;-0.304918;0.744262;0.540984;-0.095082;-0.167213;-1;0;0;0;0

32.65;-0.530612;-0.632653;-0.167347;-0.857143;0.0653061;-0.0612245;-0.669388;-0.35102;-0.461224;-0.0844686;-0.100817;0.144414;0.117166;-0.182561;-0.792916;0.700273;-0.0735695;-0.346049;-0.182561;-1;0.253406;0.0899183;-0.0190735;-0.46594;-0.117166;-0.0354223;-0.220708;-0.0735695;0.160763;1;-0.564033;-0.346049;-0.297003;-0.231608;0.0354224;0.634877;-0.280654;-0.19346;0.798365;-0.100817;-0.694823;-0.574932;-0.0681199;0.253406;-0.754768;-0.645777;-0.880109;0.395095;-0.280654;0.580381;-0.373297;-0.416894;0.138965;0.493188;0.188011;0.128065;-0.808696;0.147826;-0.634783;-0.77971;-0.171014;-0.750725;-0.808696;-0.286957;-0.715942;-0.211594;-0.461039;0.980519;0.344156;0.0909091;-0.00649352;-0.00649352;-0.623377;0.0909091;-0.116883;-0.32459;-0.304918;0.744262;0.540984;-0.095082;+1;0;0;0;0

32.76;-0.302041;-0.530612;-0.632653;-0.167347;-0.857143;0.0653061;-0.0612245;-0.669388;-0.35102;-0.280654;-0.0844686;-0.100817;0.144414;0.117166;-0.182561;-0.792916;0.700273;-0.0735695;-0.346049;-0.182561;-1;0.253406;0.0899183;-0.0190735;-0.46594;-0.117166;-0.0354223;-0.220708;-0.0735695;0.160763;1;-0.564033;-0.346049;-0.297003;-0.231608;0.0354224;0.634877;-0.280654;-0.19346;0.798365;-0.100817;-0.694823;-0.574932;-0.0681199;0.253406;-0.754768;-0.645777;-0.880109;0.395095;-0.280654;0.580381;-0.373297;-0.416894;0.138965;0.493188;0.188011;0.0724638;-0.808696;0.147826;-0.634783;-0.77971;-0.171014;-0.750725;-0.808696;-0.286957;-0.715942;-0.116883;-0.461039;0.980519;0.344156;0.0909091;-0.00649352;-0.00649352;-0.623377;0.0909091;-0.108197;-0.32459;-0.304918;0.744262;0.540984;+1;0;0;0;0

33;-0.24898;-0.302041;-0.530612;-0.632653;-0.167347;-0.857143;0.0653061;-0.0612245;-0.669388;-0.133515;-0.280654;-0.0844686;-0.100817;0.144414;0.117166;-0.182561;-0.792916;0.700273;-0.0735695;-0.346049;-0.182561;-1;0.253406;0.0899183;-0.0190735;-0.46594;-0.117166;-0.0354223;-0.220708;-0.0735695;0.160763;1;-0.564033;-0.346049;-0.297003;-0.231608;0.0354224;0.634877;-0.280654;-0.19346;0.798365;-0.100817;-0.694823;-0.574932;-0.0681199;0.253406;-0.754768;-0.645777;-0.880109;0.395095;-0.280654;0.580381;-0.373297;-0.416894;0.138965;0.493188;0.136232;0.0724638;-0.808696;0.147826;-0.634783;-0.77971;-0.171014;-0.750725;-0.808696;-0.286957;-0.681818;-0.116883;-0.461039;0.980519;0.344156;0.0909091;-0.00649352;-0.00649352;-0.623377;0.101639;-0.108197;-0.32459;-0.304918;0.744262;+1;0;0;0;0

33.05;-0.326531;-0.24898;-0.302041;-0.530612;-0.632653;-0.167347;-0.857143;0.0653061;-0.0612245;-0.558583;-0.133515;-0.280654;-0.0844686;-0.100817;0.144414;0.117166;-0.182561;-0.792916;0.700273;-0.0735695;-0.346049;-0.182561;-1;0.253406;0.0899183;-0.0190735;-0.46594;-0.117166;-0.0354223;-0.220708;-0.0735695;0.160763;1;-0.564033;-0.346049;-0.297003;-0.231608;0.0354224;0.634877;-0.280654;-0.19346;0.798365;-0.100817;-0.694823;-0.574932;-0.0681199;0.253406;-0.754768;-0.645777;-0.880109;0.395095;-0.280654;0.580381;-0.373297;-0.416894;0.138965;0.46087;0.136232;0.0724638;-0.808696;0.147826;-0.634783;-0.77971;-0.171014;-0.750725;-0.808696;-0.201299;-0.681818;-0.116883;-0.461039;0.980519;0.344156;0.0909091;-0.00649352;-0.00649352;-0.619672;0.101639;-0.108197;-0.32459;-0.304918;+1;0;0;0;0

34.11;0.0857143;-0.326531;-0.24898;-0.302041;-0.530612;-0.632653;-0.167347;-0.857143;0.0653061;0.253406;-0.558583;-0.133515;-0.280654;-0.0844686;-0.100817;0.144414;0.117166;-0.182561;-0.792916;0.700273;-0.0735695;-0.346049;-0.182561;-1;0.253406;0.0899183;-0.0190735;-0.46594;-0.117166;-0.0354223;-0.220708;-0.0735695;0.160763;1;-0.564033;-0.346049;-0.297003;-0.231608;0.0354224;0.634877;-0.280654;-0.19346;0.798365;-0.100817;-0.694823;-0.574932;-0.0681199;0.253406;-0.754768;-0.645777;-0.880109;0.395095;-0.280654;0.580381;-0.373297;-0.416894;0.084058;0.46087;0.136232;0.0724638;-0.808696;0.147826;-0.634783;-0.77971;-0.171014;-0.750725;-0.785714;-0.201299;-0.681818;-0.116883;-0.461039;0.980519;0.344156;0.0909091;-0.00649352;0.00327871;-0.619672;0.101639;-0.108197;-0.32459;+1;0;0;0;0

35.5;0.220408;0.0857143;-0.326531;-0.24898;-0.302041;-0.530612;-0.632653;-0.167347;-0.857143;0.422343;0.253406;-0.558583;-0.133515;-0.280654;-0.0844686;-0.100817;0.144414;0.117166;-0.182561;-0.792916;0.700273;-0.0735695;-0.346049;-0.182561;-1;0.253406;0.0899183;-0.0190735;-0.46594;-0.117166;-0.0354223;-0.220708;-0.0735695;0.160763;1;-0.564033;-0.346049;-0.297003;-0.231608;0.0354224;0.634877;-0.280654;-0.19346;0.798365;-0.100817;-0.694823;-0.574932;-0.0681199;0.253406;-0.754768;-0.645777;-0.880109;0.395095;-0.280654;0.580381;-0.373297;-0.507246;0.084058;0.46087;0.136232;0.0724638;-0.808696;0.147826;-0.634783;-0.77971;-0.171014;-0.720779;-0.785714;-0.201299;-0.681818;-0.116883;-0.461039;0.980519;0.344156;0.0909091;0.00327871;0.00327871;-0.619672;0.101639;-0.108197;-1;0;0;0;0

35.26;-0.444898;0.220408;0.0857143;-0.326531;-0.24898;-0.302041;-0.530612;-0.632653;-0.167347;-0.809264;0.422343;0.253406;-0.558583;-0.133515;-0.280654;-0.0844686;-0.100817;0.144414;0.117166;-0.182561;-0.792916;0.700273;-0.0735695;-0.346049;-0.182561;-1;0.253406;0.0899183;-0.0190735;-0.46594;-0.117166;-0.0354223;-0.220708;-0.0735695;0.160763;1;-0.564033;-0.346049;-0.297003;-0.231608;0.0354224;0.634877;-0.280654;-0.19346;0.798365;-0.100817;-0.694823;-0.574932;-0.0681199;0.253406;-0.754768;-0.645777;-0.880109;0.395095;-0.280654;0.580381;-0.46087;-0.507246;0.084058;0.46087;0.136232;0.0724638;-0.808696;0.147826;-0.634783;-0.77971;-0.0714286;-0.720779;-0.785714;-0.201299;-0.681818;-0.116883;-0.461039;0.980519;0.344156;0.101639;0.00327871;0.00327871;-0.619672;0.101639;+1;0;0;0;0

36.15;0.0163265;-0.444898;0.220408;0.0857143;-0.326531;-0.24898;-0.302041;-0.530612;-0.632653;0.111717;-0.809264;0.422343;0.253406;-0.558583;-0.133515;-0.280654;-0.0844686;-0.100817;0.144414;0.117166;-0.182561;-0.792916;0.700273;-0.0735695;-0.346049;-0.182561;-1;0.253406;0.0899183;-0.0190735;-0.46594;-0.117166;-0.0354223;-0.220708;-0.0735695;0.160763;1;-0.564033;-0.346049;-0.297003;-0.231608;0.0354224;0.634877;-0.280654;-0.19346;0.798365;-0.100817;-0.694823;-0.574932;-0.0681199;0.253406;-0.754768;-0.645777;-0.880109;0.395095;-0.280654;0.553623;-0.46087;-0.507246;0.084058;0.46087;0.136232;0.0724638;-0.808696;0.147826;-0.634783;-0.753247;-0.0714286;-0.720779;-0.785714;-0.201299;-0.681818;-0.116883;-0.461039;0.980519;0.357377;0.101639;0.00327871;0.00327871;-0.619672;-1;0;0;0;0

35.1;-0.77551;0.0163265;-0.444898;0.220408;0.0857143;-0.326531;-0.24898;-0.302041;-0.530612;-0.509537;0.111717;-0.809264;0.422343;0.253406;-0.558583;-0.133515;-0.280654;-0.0844686;-0.100817;0.144414;0.117166;-0.182561;-0.792916;0.700273;-0.0735695;-0.346049;-0.182561;-1;0.253406;0.0899183;-0.0190735;-0.46594;-0.117166;-0.0354223;-0.220708;-0.0735695;0.160763;1;-0.564033;-0.346049;-0.297003;-0.231608;0.0354224;0.634877;-0.280654;-0.19346;0.798365;-0.100817;-0.694823;-0.574932;-0.0681199;0.253406;-0.754768;-0.645777;-0.880109;0.395095;-0.362319;0.553623;-0.46087;-0.507246;0.084058;0.46087;0.136232;0.0724638;-0.808696;0.147826;-0.590909;-0.753247;-0.0714286;-0.720779;-0.785714;-0.201299;-0.681818;-0.116883;-0.461039;1;0.357377;0.101639;0.00327871;0.00327871;-1;0;0;0;0

34.85;-0.44898;-0.77551;0.0163265;-0.444898;0.220408;0.0857143;-0.326531;-0.24898;-0.302041;-0.373297;-0.509537;0.111717;-0.809264;0.422343;0.253406;-0.558583;-0.133515;-0.280654;-0.0844686;-0.100817;0.144414;0.117166;-0.182561;-0.792916;0.700273;-0.0735695;-0.346049;-0.182561;-1;0.253406;0.0899183;-0.0190735;-0.46594;-0.117166;-0.0354223;-0.220708;-0.0735695;0.160763;1;-0.564033;-0.346049;-0.297003;-0.231608;0.0354224;0.634877;-0.280654;-0.19346;0.798365;-0.100817;-0.694823;-0.574932;-0.0681199;0.253406;-0.754768;-0.645777;-0.880109;0.356522;-0.362319;0.553623;-0.46087;-0.507246;0.084058;0.46087;0.136232;0.0724638;-0.808696;0.285714;-0.590909;-0.753247;-0.0714286;-0.720779;-0.785714;-0.201299;-0.681818;-0.116883;-0.455738;1;0.357377;0.101639;0.00327871;-1;0;0;0;0

34;-0.693878;-0.44898;-0.77551;0.0163265;-0.444898;0.220408;0.0857143;-0.326531;-0.24898;-0.0681199;-0.373297;-0.509537;0.111717;-0.809264;0.422343;0.253406;-0.558583;-0.133515;-0.280654;-0.0844686;-0.100817;0.144414;0.117166;-0.182561;-0.792916;0.700273;-0.0735695;-0.346049;-0.182561;-1;0.253406;0.0899183;-0.0190735;-0.46594;-0.117166;-0.0354223;-0.220708;-0.0735695;0.160763;1;-0.564033;-0.346049;-0.297003;-0.231608;0.0354224;0.634877;-0.280654;-0.19346;0.798365;-0.100817;-0.694823;-0.574932;-0.0681199;0.253406;-0.754768;-0.645777;-1;0.356522;-0.362319;0.553623;-0.46087;-0.507246;0.084058;0.46087;0.136232;0.0724638;-0.785714;0.285714;-0.590909;-0.753247;-0.0714286;-0.720779;-0.785714;-0.201299;-0.681818;-0.108197;-0.455738;1;0.357377;0.101639;+1;0;0;0;0

35;0.0612245;-0.693878;-0.44898;-0.77551;0.0163265;-0.444898;0.220408;0.0857143;-0.326531;0.00272482;-0.0681199;-0.373297;-0.509537;0.111717;-0.809264;0.422343;0.253406;-0.558583;-0.133515;-0.280654;-0.0844686;-0.100817;0.144414;0.117166;-0.182561;-0.792916;0.700273;-0.0735695;-0.346049;-0.182561;-1;0.253406;0.0899183;-0.0190735;-0.46594;-0.117166;-0.0354223;-0.220708;-0.0735695;0.160763;1;-0.564033;-0.346049;-0.297003;-0.231608;0.0354224;0.634877;-0.280654;-0.19346;0.798365;-0.100817;-0.694823;-0.574932;-0.0681199;0.253406;-0.754768;-0.750725;-1;0.356522;-0.362319;0.553623;-0.46087;-0.507246;0.084058;0.46087;0.136232;0.201299;-0.785714;0.285714;-0.590909;-0.753247;-0.0714286;-0.720779;-0.785714;-0.201299;-0.678689;-0.108197;-0.455738;1;0.357377;+1;0;0;0;0

35.05;-0.326531;0.0612245;-0.693878;-0.44898;-0.77551;0.0163265;-0.444898;0.220408;0.0857143;-0.100817;0.00272482;-0.0681199;-0.373297;-0.509537;0.111717;-0.809264;0.422343;0.253406;-0.558583;-0.133515;-0.280654;-0.0844686;-0.100817;0.144414;0.117166;-0.182561;-0.792916;0.700273;-0.0735695;-0.346049;-0.182561;-1;0.253406;0.0899183;-0.0190735;-0.46594;-0.117166;-0.0354223;-0.220708;-0.0735695;0.160763;1;-0.564033;-0.346049;-0.297003;-0.231608;0.0354224;0.634877;-0.280654;-0.19346;0.798365;-0.100817;-0.694823;-0.574932;-0.0681199;0.253406;-0.866667;-0.750725;-1;0.356522;-0.362319;0.553623;-0.46087;-0.507246;0.084058;0.46087;0.272727;0.201299;-0.785714;0.285714;-0.590909;-0.753247;-0.0714286;-0.720779;-0.785714;-0.193443;-0.678689;-0.108197;-0.455738;1;+1;0;0;0;0

35.5;-0.163265;-0.326531;0.0612245;-0.693878;-0.44898;-0.77551;0.0163265;-0.444898;0.220408;0.449591;-0.100817;0.00272482;-0.0681199;-0.373297;-0.509537;0.111717;-0.809264;0.422343;0.253406;-0.558583;-0.133515;-0.280654;-0.0844686;-0.100817;0.144414;0.117166;-0.182561;-0.792916;0.700273;-0.0735695;-0.346049;-0.182561;-1;0.253406;0.0899183;-0.0190735;-0.46594;-0.117166;-0.0354223;-0.220708;-0.0735695;0.160763;1;-0.564033;-0.346049;-0.297003;-0.231608;0.0354224;0.634877;-0.280654;-0.19346;0.798365;-0.100817;-0.694823;-0.574932;-0.0681199;0.205797;-0.866667;-0.750725;-1;0.356522;-0.362319;0.553623;-0.46087;-0.507246;0.084058;0.636364;0.272727;0.201299;-0.785714;0.285714;-0.590909;-0.753247;-0.0714286;-0.720779;-0.783607;-0.193443;-0.678689;-0.108197;-0.455738;-1;0;0;0;0

35.11;-0.506122;-0.163265;-0.326531;0.0612245;-0.693878;-0.44898;-0.77551;0.0163265;-0.444898;0.629428;0.449591;-0.100817;0.00272482;-0.0681199;-0.373297;-0.509537;0.111717;-0.809264;0.422343;0.253406;-0.558583;-0.133515;-0.280654;-0.0844686;-0.100817;0.144414;0.117166;-0.182561;-0.792916;0.700273;-0.0735695;-0.346049;-0.182561;-1;0.253406;0.0899183;-0.0190735;-0.46594;-0.117166;-0.0354223;-0.220708;-0.0735695;0.160763;1;-0.564033;-0.346049;-0.297003;-0.231608;0.0354224;0.634877;-0.280654;-0.19346;0.798365;-0.100817;-0.694823;-0.574932;-0.136232;0.205797;-0.866667;-0.750725;-1;0.356522;-0.362319;0.553623;-0.46087;-0.507246;0.214286;0.636364;0.272727;0.201299;-0.785714;0.285714;-0.590909;-0.753247;-0.0714286;-0.718033;-0.783607;-0.193443;-0.678689;-0.108197;+1;0;0;0;0

35.7;-0.106122;-0.506122;-0.163265;-0.326531;0.0612245;-0.693878;-0.44898;-0.77551;0.0163265;-0.258856;0.629428;0.449591;-0.100817;0.00272482;-0.0681199;-0.373297;-0.509537;0.111717;-0.809264;0.422343;0.253406;-0.558583;-0.133515;-0.280654;-0.0844686;-0.100817;0.144414;0.117166;-0.182561;-0.792916;0.700273;-0.0735695;-0.346049;-0.182561;-1;0.253406;0.0899183;-0.0190735;-0.46594;-0.117166;-0.0354223;-0.220708;-0.0735695;0.160763;1;-0.564033;-0.346049;-0.297003;-0.231608;0.0354224;0.634877;-0.280654;-0.19346;0.798365;-0.100817;-0.694823;-0.675362;-0.136232;0.205797;-0.866667;-0.750725;-1;0.356522;-0.362319;0.553623;-0.46087;-0.448052;0.214286;0.636364;0.272727;0.201299;-0.785714;0.285714;-0.590909;-0.753247;-0.0622951;-0.718033;-0.783607;-0.193443;-0.678689;-1;0;0;0;0

34.85;-0.693878;-0.106122;-0.506122;-0.163265;-0.326531;0.0612245;-0.693878;-0.44898;-0.77551;0.356948;-0.258856;0.629428;0.449591;-0.100817;0.00272482;-0.0681199;-0.373297;-0.509537;0.111717;-0.809264;0.422343;0.253406;-0.558583;-0.133515;-0.280654;-0.0844686;-0.100817;0.144414;0.117166;-0.182561;-0.792916;0.700273;-0.0735695;-0.346049;-0.182561;-1;0.253406;0.0899183;-0.0190735;-0.46594;-0.117166;-0.0354223;-0.220708;-0.0735695;0.160763;1;-0.564033;-0.346049;-0.297003;-0.231608;0.0354224;0.634877;-0.280654;-0.19346;0.798365;-0.100817;-0.802899;-0.675362;-0.136232;0.205797;-0.866667;-0.750725;-1;0.356522;-0.362319;0.553623;-0.396104;-0.448052;0.214286;0.636364;0.272727;0.201299;-0.785714;0.285714;-0.590909;-0.75082;-0.0622951;-0.718033;-0.783607;-0.193443;+1;0;0;0;0

34.93;-0.314286;-0.693878;-0.106122;-0.506122;-0.163265;-0.326531;0.0612245;-0.693878;-0.44898;-0.700272;0.356948;-0.258856;0.629428;0.449591;-0.100817;0.00272482;-0.0681199;-0.373297;-0.509537;0.111717;-0.809264;0.422343;0.253406;-0.558583;-0.133515;-0.280654;-0.0844686;-0.100817;0.144414;0.117166;-0.182561;-0.792916;0.700273;-0.0735695;-0.346049;-0.182561;-1;0.253406;0.0899183;-0.0190735;-0.46594;-0.117166;-0.0354223;-0.220708;-0.0735695;0.160763;1;-0.564033;-0.346049;-0.297003;-0.231608;0.0354224;0.634877;-0.280654;-0.19346;0.798365;-0.171014;-0.802899;-0.675362;-0.136232;0.205797;-0.866667;-0.750725;-1;0.356522;-0.362319;0.74026;-0.396104;-0.448052;0.214286;0.636364;0.272727;0.201299;-0.785714;0.285714;-0.586885;-0.75082;-0.0622951;-0.718033;-0.783607;+1;0;0;0;0

35.15;-0.257143;-0.314286;-0.693878;-0.106122;-0.506122;-0.163265;-0.326531;0.0612245;-0.693878;-0.264305;-0.700272;0.356948;-0.258856;0.629428;0.449591;-0.100817;0.00272482;-0.0681199;-0.373297;-0.509537;0.111717;-0.809264;0.422343;0.253406;-0.558583;-0.133515;-0.280654;-0.0844686;-0.100817;0.144414;0.117166;-0.182561;-0.792916;0.700273;-0.0735695;-0.346049;-0.182561;-1;0.253406;0.0899183;-0.0190735;-0.46594;-0.117166;-0.0354223;-0.220708;-0.0735695;0.160763;1;-0.564033;-0.346049;-0.297003;-0.231608;0.0354224;0.634877;-0.280654;-0.19346;0.785507;-0.171014;-0.802899;-0.675362;-0.136232;0.205797;-0.866667;-0.750725;-1;0.356522;-0.285714;0.74026;-0.396104;-0.448052;0.214286;0.636364;0.272727;0.201299;-0.785714;0.298361;-0.586885;-0.75082;-0.0622951;-0.718033;+1;0;0;0;0

35.39;-0.24898;-0.257143;-0.314286;-0.693878;-0.106122;-0.506122;-0.163265;-0.326531;0.0612245;-0.591281;-0.264305;-0.700272;0.356948;-0.258856;0.629428;0.449591;-0.100817;0.00272482;-0.0681199;-0.373297;-0.509537;0.111717;-0.809264;0.422343;0.253406;-0.558583;-0.133515;-0.280654;-0.0844686;-0.100817;0.144414;0.117166;-0.182561;-0.792916;0.700273;-0.0735695;-0.346049;-0.182561;-1;0.253406;0.0899183;-0.0190735;-0.46594;-0.117166;-0.0354223;-0.220708;-0.0735695;0.160763;1;-0.564033;-0.346049;-0.297003;-0.231608;0.0354224;0.634877;-0.280654;-0.269565;0.785507;-0.171014;-0.802899;-0.675362;-0.136232;0.205797;-0.866667;-0.750725;-1;0.51948;-0.285714;0.74026;-0.396104;-0.448052;0.214286;0.636364;0.272727;0.201299;-0.783607;0.298361;-0.586885;-0.75082;-0.0622951;-1;0;0;0;0

35.25;-0.404082;-0.24898;-0.257143;-0.314286;-0.693878;-0.106122;-0.506122;-0.163265;-0.326531;0.416894;-0.591281;-0.264305;-0.700272;0.356948;-0.258856;0.629428;0.449591;-0.100817;0.00272482;-0.0681199;-0.373297;-0.509537;0.111717;-0.809264;0.422343;0.253406;-0.558583;-0.133515;-0.280654;-0.0844686;-0.100817;0.144414;0.117166;-0.182561;-0.792916;0.700273;-0.0735695;-0.346049;-0.182561;-1;0.253406;0.0899183;-0.0190735;-0.46594;-0.117166;-0.0354223;-0.220708;-0.0735695;0.160763;1;-0.564033;-0.346049;-0.297003;-0.231608;0.0354224;0.634877;-0.362319;-0.269565;0.785507;-0.171014;-0.802899;-0.675362;-0.136232;0.205797;-0.866667;-0.750725;-1;0.51948;-0.285714;0.74026;-0.396104;-0.448052;0.214286;0.636364;0.272727;0.213115;-0.783607;0.298361;-0.586885;-0.75082;-1;0;0;0;0

34.55;-0.632653;-0.404082;-0.24898;-0.257143;-0.314286;-0.693878;-0.106122;-0.506122;-0.163265;-0.100817;0.416894;-0.591281;-0.264305;-0.700272;0.356948;-0.258856;0.629428;0.449591;-0.100817;0.00272482;-0.0681199;-0.373297;-0.509537;0.111717;-0.809264;0.422343;0.253406;-0.558583;-0.133515;-0.280654;-0.0844686;-0.100817;0.144414;0.117166;-0.182561;-0.792916;0.700273;-0.0735695;-0.346049;-0.182561;-1;0.253406;0.0899183;-0.0190735;-0.46594;-0.117166;-0.0354223;-0.220708;-0.0735695;0.160763;1;-0.564033;-0.346049;-0.297003;-0.231608;0.0354224;0.611594;-0.362319;-0.269565;0.785507;-0.171014;-0.802899;-0.675362;-0.136232;0.205797;-0.866667;-0.720779;-1;0.51948;-0.285714;0.74026;-0.396104;-0.448052;0.214286;0.636364;0.285246;0.213115;-0.783607;0.298361;-0.586885;+1;0;0;0;0

34.99;-0.167347;-0.632653;-0.404082;-0.24898;-0.257143;-0.314286;-0.693878;-0.106122;-0.506122;0.117166;-0.100817;0.416894;-0.591281;-0.264305;-0.700272;0.356948;-0.258856;0.629428;0.449591;-0.100817;0.00272482;-0.0681199;-0.373297;-0.509537;0.111717;-0.809264;0.422343;0.253406;-0.558583;-0.133515;-0.280654;-0.0844686;-0.100817;0.144414;0.117166;-0.182561;-0.792916;0.700273;-0.0735695;-0.346049;-0.182561;-1;0.253406;0.0899183;-0.0190735;-0.46594;-0.117166;-0.0354223;-0.220708;-0.0735695;0.160763;1;-0.564033;-0.346049;-0.297003;-0.231608;-0.0260869;0.611594;-0.362319;-0.269565;0.785507;-0.171014;-0.802899;-0.675362;-0.136232;0.205797;-0.850649;-0.720779;-1;0.51948;-0.285714;0.74026;-0.396104;-0.448052;0.214286;0.652459;0.285246;0.213115;-0.783607;0.298361;-1;0;0;0;0

34.99;-0.346939;-0.167347;-0.632653;-0.404082;-0.24898;-0.257143;-0.314286;-0.693878;-0.106122;-0.340599;0.117166;-0.100817;0.416894;-0.591281;-0.264305;-0.700272;0.356948;-0.258856;0.629428;0.449591;-0.100817;0.00272482;-0.0681199;-0.373297;-0.509537;0.111717;-0.809264;0.422343;0.253406;-0.558583;-0.133515;-0.280654;-0.0844686;-0.100817;0.144414;0.117166;-0.182561;-0.792916;0.700273;-0.0735695;-0.346049;-0.182561;-1;0.253406;0.0899183;-0.0190735;-0.46594;-0.117166;-0.0354223;-0.220708;-0.0735695;0.160763;1;-0.564033;-0.346049;-0.297003;-0.310145;-0.0260869;0.611594;-0.362319;-0.269565;0.785507;-0.171014;-0.802899;-0.675362;-0.136232;0.350649;-0.850649;-0.720779;-1;0.51948;-0.285714;0.74026;-0.396104;-0.448052;0.22623;0.652459;0.285246;0.213115;-0.783607;+1;0;0;0;0

35.03;-0.330612;-0.346939;-0.167347;-0.632653;-0.404082;-0.24898;-0.257143;-0.314286;-0.693878;0.193461;-0.340599;0.117166;-0.100817;0.416894;-0.591281;-0.264305;-0.700272;0.356948;-0.258856;0.629428;0.449591;-0.100817;0.00272482;-0.0681199;-0.373297;-0.509537;0.111717;-0.809264;0.422343;0.253406;-0.558583;-0.133515;-0.280654;-0.0844686;-0.100817;0.144414;0.117166;-0.182561;-0.792916;0.700273;-0.0735695;-0.346049;-0.182561;-1;0.253406;0.0899183;-0.0190735;-0.46594;-0.117166;-0.0354223;-0.220708;-0.0735695;0.160763;1;-0.564033;-0.346049;-0.37971;-0.310145;-0.0260869;0.611594;-0.362319;-0.269565;0.785507;-0.171014;-0.802899;-0.675362;-0.0324675;0.350649;-0.850649;-0.720779;-1;0.51948;-0.285714;0.74026;-0.396104;-0.442623;0.22623;0.652459;0.285246;0.213115;-1;0;0;0;0

34.6;-0.522449;-0.330612;-0.346939;-0.167347;-0.632653;-0.404082;-0.24898;-0.257143;-0.314286;-0.591281;0.193461;-0.340599;0.117166;-0.100817;0.416894;-0.591281;-0.264305;-0.700272;0.356948;-0.258856;0.629428;0.449591;-0.100817;0.00272482;-0.0681199;-0.373297;-0.509537;0.111717;-0.809264;0.422343;0.253406;-0.558583;-0.133515;-0.280654;-0.0844686;-0.100817;0.144414;0.117166;-0.182561;-0.792916;0.700273;-0.0735695;-0.346049;-0.182561;-1;0.253406;0.0899183;-0.0190735;-0.46594;-0.117166;-0.0354223;-0.220708;-0.0735695;0.160763;1;-0.564033;-0.431884;-0.37971;-0.310145;-0.0260869;0.611594;-0.362319;-0.269565;0.785507;-0.171014;-0.802899;-0.636364;-0.0324675;0.350649;-0.850649;-0.720779;-1;0.51948;-0.285714;0.74026;-0.390164;-0.442623;0.22623;0.652459;0.285246;-1;0;0;0;0

34;-0.591837;-0.522449;-0.330612;-0.346939;-0.167347;-0.632653;-0.404082;-0.24898;-0.257143;-0.0844686;-0.591281;0.193461;-0.340599;0.117166;-0.100817;0.416894;-0.591281;-0.264305;-0.700272;0.356948;-0.258856;0.629428;0.449591;-0.100817;0.00272482;-0.0681199;-0.373297;-0.509537;0.111717;-0.809264;0.422343;0.253406;-0.558583;-0.133515;-0.280654;-0.0844686;-0.100817;0.144414;0.117166;-0.182561;-0.792916;0.700273;-0.0735695;-0.346049;-0.182561;-1;0.253406;0.0899183;-0.0190735;-0.46594;-0.117166;-0.0354223;-0.220708;-0.0735695;0.160763;1;-0.663768;-0.431884;-0.37971;-0.310145;-0.0260869;0.611594;-0.362319;-0.269565;0.785507;-0.171014;-0.779221;-0.636364;-0.0324675;0.350649;-0.850649;-0.720779;-1;0.51948;-0.285714;0.757377;-0.390164;-0.442623;0.22623;0.652459;-1;0;0;0;0

33.4;-0.591837;-0.591837;-0.522449;-0.330612;-0.346939;-0.167347;-0.632653;-0.404082;-0.24898;-0.00817436;-0.0844686;-0.591281;0.193461;-0.340599;0.117166;-0.100817;0.416894;-0.591281;-0.264305;-0.700272;0.356948;-0.258856;0.629428;0.449591;-0.100817;0.00272482;-0.0681199;-0.373297;-0.509537;0.111717;-0.809264;0.422343;0.253406;-0.558583;-0.133515;-0.280654;-0.0844686;-0.100817;0.144414;0.117166;-0.182561;-0.792916;0.700273;-0.0735695;-0.346049;-0.182561;-1;0.253406;0.0899183;-0.0190735;-0.46594;-0.117166;-0.0354223;-0.220708;-0.0735695;0.160763;1;-0.663768;-0.431884;-0.37971;-0.310145;-0.0260869;0.611594;-0.362319;-0.269565;0.785507;-0.0714286;-0.779221;-0.636364;-0.0324675;0.350649;-0.850649;-0.720779;-1;0.51948;-0.278689;0.757377;-0.390164;-0.442623;0.22623;+1;0;0;0;0

36.7;1;-0.591837;-0.591837;-0.522449;-0.330612;-0.346939;-0.167347;-0.632653;-0.404082;0.00272482;-0.00817436;-0.0844686;-0.591281;0.193461;-0.340599;0.117166;-0.100817;0.416894;-0.591281;-0.264305;-0.700272;0.356948;-0.258856;0.629428;0.449591;-0.100817;0.00272482;-0.0681199;-0.373297;-0.509537;0.111717;-0.809264;0.422343;0.253406;-0.558583;-0.133515;-0.280654;-0.0844686;-0.100817;0.144414;0.117166;-0.182561;-0.792916;0.700273;-0.0735695;-0.346049;-0.182561;-1;0.253406;0.0899183;-0.0190735;-0.46594;-0.117166;-0.0354223;-0.220708;-0.0735695;0.107246;1;-0.663768;-0.431884;-0.37971;-0.310145;-0.0260869;0.611594;-0.362319;-0.269565;1;-0.0714286;-0.779221;-0.636364;-0.0324675;0.350649;-0.850649;-0.720779;-1;0.534426;-0.278689;0.757377;-0.390164;-0.442623;+1;0;0;0;0

38.5;0.387755;1;-0.591837;-0.591837;-0.522449;-0.330612;-0.346939;-0.167347;-0.632653;-0.20436;0.00272482;-0.00817436;-0.0844686;-0.591281;0.193461;-0.340599;0.117166;-0.100817;0.416894;-0.591281;-0.264305;-0.700272;0.356948;-0.258856;0.629428;0.449591;-0.100817;0.00272482;-0.0681199;-0.373297;-0.509537;0.111717;-0.809264;0.422343;0.253406;-0.558583;-0.133515;-0.280654;-0.0844686;-0.100817;0.144414;0.117166;-0.182561;-0.792916;0.700273;-0.0735695;-0.346049;-0.182561;-1;0.253406;0.0899183;-0.0190735;-0.46594;-0.117166;-0.0354223;-0.220708;-0.142029;0.107246;1;-0.663768;-0.431884;-0.37971;-0.310145;-0.0260869;0.611594;-0.362319;-0.181818;1;-0.0714286;-0.779221;-0.636364;-0.0324675;0.350649;-0.850649;-0.720779;-1;0.534426;-0.278689;0.757377;-0.390164;-1;0;0;0;0

37.3;-0.836735;0.387755;1;-0.591837;-0.591837;-0.522449;-0.330612;-0.346939;-0.167347;-0.509537;-0.20436;0.00272482;-0.00817436;-0.0844686;-0.591281;0.193461;-0.340599;0.117166;-0.100817;0.416894;-0.591281;-0.264305;-0.700272;0.356948;-0.258856;0.629428;0.449591;-0.100817;0.00272482;-0.0681199;-0.373297;-0.509537;0.111717;-0.809264;0.422343;0.253406;-0.558583;-0.133515;-0.280654;-0.0844686;-0.100817;0.144414;0.117166;-0.182561;-0.792916;0.700273;-0.0735695;-0.346049;-0.182561;-1;0.253406;0.0899183;-0.0190735;-0.46594;-0.117166;-0.0354223;-0.298551;-0.142029;0.107246;1;-0.663768;-0.431884;-0.37971;-0.310145;-0.0260869;0.611594;-0.285714;-0.181818;1;-0.0714286;-0.779221;-0.636364;-0.0324675;0.350649;-0.850649;-0.718033;-1;0.534426;-0.278689;0.757377;+1;0;0;0;0

37.31;-0.342857;-0.836735;0.387755;1;-0.591837;-0.591837;-0.522449;-0.330612;-0.346939;0.111717;-0.509537;-0.20436;0.00272482;-0.00817436;-0.0844686;-0.591281;0.193461;-0.340599;0.117166;-0.100817;0.416894;-0.591281;-0.264305;-0.700272;0.356948;-0.258856;0.629428;0.449591;-0.100817;0.00272482;-0.0681199;-0.373297;-0.509537;0.111717;-0.809264;0.422343;0.253406;-0.558583;-0.133515;-0.280654;-0.0844686;-0.100817;0.144414;0.117166;-0.182561;-0.792916;0.700273;-0.0735695;-0.346049;-0.182561;-1;0.253406;0.0899183;-0.0190735;-0.46594;-0.117166;-0.101449;-0.298551;-0.142029;0.107246;1;-0.663768;-0.431884;-0.37971;-0.310145;-0.0260869;0.805195;-0.285714;-0.181818;1;-0.0714286;-0.779221;-0.636364;-0.0324675;0.350649;-0.84918;-0.718033;-1;0.534426;-0.278689;-1;0;0;0;0

37.2;-0.391837;-0.342857;-0.836735;0.387755;1;-0.591837;-0.591837;-0.522449;-0.330612;-0.128065;0.111717;-0.509537;-0.20436;0.00272482;-0.00817436;-0.0844686;-0.591281;0.193461;-0.340599;0.117166;-0.100817;0.416894;-0.591281;-0.264305;-0.700272;0.356948;-0.258856;0.629428;0.449591;-0.100817;0.00272482;-0.0681199;-0.373297;-0.509537;0.111717;-0.809264;0.422343;0.253406;-0.558583;-0.133515;-0.280654;-0.0844686;-0.100817;0.144414;0.117166;-0.182561;-0.792916;0.700273;-0.0735695;-0.346049;-0.182561;-1;0.253406;0.0899183;-0.0190735;-0.46594;-0.188406;-0.101449;-0.298551;-0.142029;0.107246;1;-0.663768;-0.431884;-0.37971;-0.310145;0.0909091;0.805195;-0.285714;-0.181818;1;-0.0714286;-0.779221;-0.636364;-0.0324675;0.363934;-0.84918;-0.718033;-1;0.534426;-1;0;0;0;0

37.08;-0.395918;-0.391837;-0.342857;-0.836735;0.387755;1;-0.591837;-0.591837;-0.522449;-0.106267;-0.128065;0.111717;-0.509537;-0.20436;0.00272482;-0.00817436;-0.0844686;-0.591281;0.193461;-0.340599;0.117166;-0.100817;0.416894;-0.591281;-0.264305;-0.700272;0.356948;-0.258856;0.629428;0.449591;-0.100817;0.00272482;-0.0681199;-0.373297;-0.509537;0.111717;-0.809264;0.422343;0.253406;-0.558583;-0.133515;-0.280654;-0.0844686;-0.100817;0.144414;0.117166;-0.182561;-0.792916;0.700273;-0.0735695;-0.346049;-0.182561;-1;0.253406;0.0899183;-0.0190735;-0.55942;-0.188406;-0.101449;-0.298551;-0.142029;0.107246;1;-0.663768;-0.431884;-0.37971;-0.227273;0.0909091;0.805195;-0.285714;-0.181818;1;-0.0714286;-0.779221;-0.636364;-0.0229508;0.363934;-0.84918;-0.718033;-1;-1;0;0;0;0

36.55;-0.563265;-0.395918;-0.391837;-0.342857;-0.836735;0.387755;1;-0.591837;-0.591837;-0.362398;-0.106267;-0.128065;0.111717;-0.509537;-0.20436;0.00272482;-0.00817436;-0.0844686;-0.591281;0.193461;-0.340599;0.117166;-0.100817;0.416894;-0.591281;-0.264305;-0.700272;0.356948;-0.258856;0.629428;0.449591;-0.100817;0.00272482;-0.0681199;-0.373297;-0.509537;0.111717;-0.809264;0.422343;0.253406;-0.558583;-0.133515;-0.280654;-0.0844686;-0.100817;0.144414;0.117166;-0.182561;-0.792916;0.700273;-0.0735695;-0.346049;-0.182561;-1;0.253406;0.0899183;-0.0840579;-0.55942;-0.188406;-0.101449;-0.298551;-0.142029;0.107246;1;-0.663768;-0.431884;-0.305195;-0.227273;0.0909091;0.805195;-0.285714;-0.181818;1;-0.0714286;-0.779221;-0.632787;-0.0229508;0.363934;-0.84918;-0.718033;+1;0;0;0;0

37.5;0.0408163;-0.563265;-0.395918;-0.391837;-0.342857;-0.836735;0.387755;1;-0.591837;-0.455041;-0.362398;-0.106267;-0.128065;0.111717;-0.509537;-0.20436;0.00272482;-0.00817436;-0.0844686;-0.591281;0.193461;-0.340599;0.117166;-0.100817;0.416894;-0.591281;-0.264305;-0.700272;0.356948;-0.258856;0.629428;0.449591;-0.100817;0.00272482;-0.0681199;-0.373297;-0.509537;0.111717;-0.809264;0.422343;0.253406;-0.558583;-0.133515;-0.280654;-0.0844686;-0.100817;0.144414;0.117166;-0.182561;-0.792916;0.700273;-0.0735695;-0.346049;-0.182561;-1;0.253406;0.0318841;-0.0840579;-0.55942;-0.188406;-0.101449;-0.298551;-0.142029;0.107246;1;-0.663768;-0.363636;-0.305195;-0.227273;0.0909091;0.805195;-0.285714;-0.181818;1;-0.0714286;-0.777049;-0.632787;-0.0229508;0.363934;-0.84918;-1;0;0;0;0

37;-0.55102;0.0408163;-0.563265;-0.395918;-0.391837;-0.342857;-0.836735;0.387755;1;-0.455041;-0.455041;-0.362398;-0.106267;-0.128065;0.111717;-0.509537;-0.20436;0.00272482;-0.00817436;-0.0844686;-0.591281;0.193461;-0.340599;0.117166;-0.100817;0.416894;-0.591281;-0.264305;-0.700272;0.356948;-0.258856;0.629428;0.449591;-0.100817;0.00272482;-0.0681199;-0.373297;-0.509537;0.111717;-0.809264;0.422343;0.253406;-0.558583;-0.133515;-0.280654;-0.0844686;-0.100817;0.144414;0.117166;-0.182561;-0.792916;0.700273;-0.0735695;-0.346049;-0.182561;-1;0.205797;0.0318841;-0.0840579;-0.55942;-0.188406;-0.101449;-0.298551;-0.142029;0.107246;1;-0.623377;-0.363636;-0.305195;-0.227273;0.0909091;0.805195;-0.285714;-0.181818;1;-0.0622951;-0.777049;-0.632787;-0.0229508;0.363934;-1;0;0;0;0

