87.8;1;0.370023;-0.442623;1;-0.159115;0.0727081;-0.285564;-0.18019;0.38883;0.0727081;-0.032666;-0.148577;-0.304531;-0.437302;-0.14647;0.241307;-0.285564;-0.243414;0.00948367;-0.032666;0.032666;0.1549;-0.201264;0.399368;0.089568;-0.186512;-0.220232;-0.361433;-0.190727;-0.213909;-0.125395;0.0727081;0.0305585;0.0537408;-0.0769231;-0.66491;-0.527924;-0.527924;-0.325606;0.00737619;-0.300316;-0.165437;0.157007;-0.178082;0.00737619;0.00737619;-0.39726;-0.586934;-0.291886;0.454162;0.028451;-0.747102;-0.435195;0.0937829;-0.190727;-0.69863;0.222339;-0.211802;-0.633298;-0.243414;-0.253952;0.283456;-0.728135;1;0.635036;-0.334724;-0.564129;0.395203;-0.272159;-0.220021;0.0448384;0.0907195;-0.0239833;0.07195;-0.13243;-0.255474;-0.0427529;-0.0406673;0.0594369;0.374348;-1;0;0;0;0

85.5;-0.604215;1;0.370023;-0.498419;1;-0.159115;0.0727081;-0.285564;-0.18019;0.38883;0.0727081;-0.032666;-0.148577;-0.304531;-0.437302;-0.14647;0.241307;-0.285564;-0.243414;0.00948367;-0.032666;0.032666;0.1549;-0.201264;0.399368;0.089568;-0.186512;-0.220232;-0.361433;-0.190727;-0.213909;-0.125395;0.0727081;0.0305585;0.0537408;-0.0769231;-0.66491;-0.527924;-0.527924;-0.325606;0.00737619;-0.300316;-0.165437;0.157007;-0.178082;0.00737619;0.00737619;-0.39726;-0.586934;-0.291886;0.454162;0.028451;-0.747102;-0.435195;0.0937829;-0.190727;-0.69863;0.222339;-0.211802;-0.633298;-0.243414;-0.253952;0.283456;-0.73097;1;0.635036;-0.334724;-0.564129;0.395203;-0.272159;-0.220021;0.0448384;0.0907195;-0.0239833;0.07195;-0.13243;-0.255474;-0.0427529;-0.0406673;0.0594369;+1;0;0;0;0

86.2;0.0983606;-0.604215;1;0.232877;-0.498419;1;-0.159115;0.0727081;-0.285564;-0.18019;0.38883;0.0727081;-0.032666;-0.148577;-0.304531;-0.437302;-0.14647;0.241307;-0.285564;-0.243414;0.00948367;-0.032666;0.032666;0.1549;-0.201264;0.399368;0.089568;-0.186512;-0.220232;-0.361433;-0.190727;-0.213909;-0.125395;0.0727081;0.0305585;0.0537408;-0.0769231;-0.66491;-0.527924;-0.527924;-0.325606;0.00737619;-0.300316;-0.165437;0.157007;-0.178082;0.00737619;0.00737619;-0.39726;-0.586934;-0.291886;0.454162;0.028451;-0.747102;-0.435195;0.0937829;-0.190727;-0.69863;0.222339;-0.211802;-0.633298;-0.243414;-0.253952;0.270073;-0.73097;1;0.635036;-0.334724;-0.564129;0.395203;-0.272159;-0.220021;0.0448384;0.0907195;-0.0239833;0.07195;-0.13243;-0.255474;-0.0427529;-0.0406673;+1;0;0;0;0

88;0.355972;0.0983606;-0.604215;0.799789;0.232877;-0.498419;1;-0.159115;0.0727081;-0.285564;-0.18019;0.38883;0.0727081;-0.032666;-0.148577;-0.304531;-0.437302;-0.14647;0.241307;-0.285564;-0.243414;0.00948367;-0.032666;0.032666;0.1549;-0.201264;0.399368;0.089568;-0.186512;-0.220232;-0.361433;-0.190727;-0.213909;-0.125395;0.0727081;0.0305585;0.0537408;-0.0769231;-0.66491;-0.527924;-0.527924;-0.325606;0.00737619;-0.300316;-0.165437;0.157007;-0.178082;0.00737619;0.00737619;-0.39726;-0.586934;-0.291886;0.454162;0.028451;-0.747102;-0.435195;0.0937829;-0.190727;-0.69863;0.222339;-0.211802;-0.633298;-0.243414;-0.261731;0.270073;-0.73097;1;0.635036;-0.334724;-0.564129;0.395203;-0.272159;-0.220021;0.0448384;0.0907195;-0.0239833;0.07195;-0.13243;-0.255474;-0.0427529;-1;0;0;0;0

87.5;-0.18267;0.355972;0.0983606;-0.643836;0.799789;0.232877;-0.498419;1;-0.159115;0.0727081;-0.285564;-0.18019;0.38883;0.0727081;-0.032666;-0.148577;-0.304531;-0.437302;-0.14647;0.241307;-0.285564;-0.243414;0.00948367;-0.032666;0.032666;0.1549;-0.201264;0.399368;0.089568;-0.186512;-0.220232;-0.361433;-0.190727;-0.213909;-0.125395;0.0727081;0.0305585;0.0537408;-0.0769231;-0.66491;-0.527924;-0.527924;-0.325606;0.00737619;-0.300316;-0.165437;0.157007;-0.178082;0.00737619;0.00737619;-0.39726;-0.586934;-0.291886;0.454162;0.028451;-0.747102;-0.435195;0.0937829;-0.190727;-0.69863;0.222339;-0.211802;-0.633298;-0.251303;-0.261731;0.270073;-0.73097;1;0.635036;-0.334724;-0.564129;0.395203;-0.272159;-0.220021;0.0448384;0.0907195;-0.0239833;0.07195;-0.13243;-0.255474;+1;0;0;0;0

89;0.285714;-0.18267;0.355972;-0.0115912;-0.643836;0.799789;0.232877;-0.498419;1;-0.159115;0.0727081;-0.285564;-0.18019;0.38883;0.0727081;-0.032666;-0.148577;-0.304531;-0.437302;-0.14647;0.241307;-0.285564;-0.243414;0.00948367;-0.032666;0.032666;0.1549;-0.201264;0.399368;0.089568;-0.186512;-0.220232;-0.361433;-0.190727;-0.213909;-0.125395;0.0727081;0.0305585;0.0537408;-0.0769231;-0.66491;-0.527924;-0.527924;-0.325606;0.00737619;-0.300316;-0.165437;0.157007;-0.178082;0.00737619;0.00737619;-0.39726;-0.586934;-0.291886;0.454162;0.028451;-0.747102;-0.435195;0.0937829;-0.190727;-0.69863;0.222339;-0.211802;-0.637122;-0.251303;-0.261731;0.270073;-0.73097;1;0.635036;-0.334724;-0.564129;0.395203;-0.272159;-0.220021;0.0448384;0.0907195;-0.0239833;0.07195;-0.13243;-1;0;0;0;0

88.5;-0.18267;0.285714;-0.18267;0.220232;-0.0115912;-0.643836;0.799789;0.232877;-0.498419;1;-0.159115;0.0727081;-0.285564;-0.18019;0.38883;0.0727081;-0.032666;-0.148577;-0.304531;-0.437302;-0.14647;0.241307;-0.285564;-0.243414;0.00948367;-0.032666;0.032666;0.1549;-0.201264;0.399368;0.089568;-0.186512;-0.220232;-0.361433;-0.190727;-0.213909;-0.125395;0.0727081;0.0305585;0.0537408;-0.0769231;-0.66491;-0.527924;-0.527924;-0.325606;0.00737619;-0.300316;-0.165437;0.157007;-0.178082;0.00737619;0.00737619;-0.39726;-0.586934;-0.291886;0.454162;0.028451;-0.747102;-0.435195;0.0937829;-0.190727;-0.69863;0.222339;-0.220021;-0.637122;-0.251303;-0.261731;0.270073;-0.73097;1;0.635036;-0.334724;-0.564129;0.395203;-0.272159;-0.220021;0.0448384;0.0907195;-0.0239833;0.07195;-1;0;0;0;0

86.8;-0.4637;-0.18267;0.285714;-0.264489;0.220232;-0.0115912;-0.643836;0.799789;0.232877;-0.498419;1;-0.159115;0.0727081;-0.285564;-0.18019;0.38883;0.0727081;-0.032666;-0.148577;-0.304531;-0.437302;-0.14647;0.241307;-0.285564;-0.243414;0.00948367;-0.032666;0.032666;0.1549;-0.201264;0.399368;0.089568;-0.186512;-0.220232;-0.361433;-0.190727;-0.213909;-0.125395;0.0727081;0.0305585;0.0537408;-0.0769231;-0.66491;-0.527924;-0.527924;-0.325606;0.00737619;-0.300316;-0.165437;0.157007;-0.178082;0.00737619;0.00737619;-0.39726;-0.586934;-0.291886;0.454162;0.028451;-0.747102;-0.435195;0.0937829;-0.190727;-0.69863;0.209593;-0.220021;-0.637122;-0.251303;-0.261731;0.270073;-0.73097;1;0.635036;-0.334724;-0.564129;0.395203;-0.272159;-0.220021;0.0448384;0.0907195;-0.0239833;-1;0;0;0;0

86.2;-0.206089;-0.4637;-0.18267;0.157007;-0.264489;0.220232;-0.0115912;-0.643836;0.799789;0.232877;-0.498419;1;-0.159115;0.0727081;-0.285564;-0.18019;0.38883;0.0727081;-0.032666;-0.148577;-0.304531;-0.437302;-0.14647;0.241307;-0.285564;-0.243414;0.00948367;-0.032666;0.032666;0.1549;-0.201264;0.399368;0.089568;-0.186512;-0.220232;-0.361433;-0.190727;-0.213909;-0.125395;0.0727081;0.0305585;0.0537408;-0.0769231;-0.66491;-0.527924;-0.527924;-0.325606;0.00737619;-0.300316;-0.165437;0.157007;-0.178082;0.00737619;0.00737619;-0.39726;-0.586934;-0.291886;0.454162;0.028451;-0.747102;-0.435195;0.0937829;-0.190727;-0.701773;0.209593;-0.220021;-0.637122;-0.251303;-0.261731;0.270073;-0.73097;1;0.635036;-0.334724;-0.564129;0.395203;-0.272159;-0.220021;0.0448384;0.0907195;-1;0;0;0;0

83.6;-0.674473;-0.206089;-0.4637;-0.264489;0.157007;-0.264489;0.220232;-0.0115912;-0.643836;0.799789;0.232877;-0.498419;1;-0.159115;0.0727081;-0.285564;-0.18019;0.38883;0.0727081;-0.032666;-0.148577;-0.304531;-0.437302;-0.14647;0.241307;-0.285564;-0.243414;0.00948367;-0.032666;0.032666;0.1549;-0.201264;0.399368;0.089568;-0.186512;-0.220232;-0.361433;-0.190727;-0.213909;-0.125395;0.0727081;0.0305585;0.0537408;-0.0769231;-0.66491;-0.527924;-0.527924;-0.325606;0.00737619;-0.300316;-0.165437;0.157007;-0.178082;0.00737619;0.00737619;-0.39726;-0.586934;-0.291886;0.454162;0.028451;-0.747102;-0.435195;0.0937829;-0.199166;-0.701773;0.209593;-0.220021;-0.637122;-0.251303;-0.261731;0.270073;-0.73097;1;0.635036;-0.334724;-0.564129;0.395203;-0.272159;-0.220021;0.0448384;-1;0;0;0;0

81;-0.674473;-0.674473;-0.206089;-0.517387;-0.264489;0.157007;-0.264489;0.220232;-0.0115912;-0.643836;0.799789;0.232877;-0.498419;1;-0.159115;0.0727081;-0.285564;-0.18019;0.38883;0.0727081;-0.032666;-0.148577;-0.304531;-0.437302;-0.14647;0.241307;-0.285564;-0.243414;0.00948367;-0.032666;0.032666;0.1549;-0.201264;0.399368;0.089568;-0.186512;-0.220232;-0.361433;-0.190727;-0.213909;-0.125395;0.0727081;0.0305585;0.0537408;-0.0769231;-0.66491;-0.527924;-0.527924;-0.325606;0.00737619;-0.300316;-0.165437;0.157007;-0.178082;0.00737619;0.00737619;-0.39726;-0.586934;-0.291886;0.454162;0.028451;-0.747102;-0.435195;0.0823775;-0.199166;-0.701773;0.209593;-0.220021;-0.637122;-0.251303;-0.261731;0.270073;-0.73097;1;0.635036;-0.334724;-0.564129;0.395203;-0.272159;-0.220021;-1;0;0;0;0

79;-0.533958;-0.674473;-0.674473;-0.285564;-0.517387;-0.264489;0.157007;-0.264489;0.220232;-0.0115912;-0.643836;0.799789;0.232877;-0.498419;1;-0.159115;0.0727081;-0.285564;-0.18019;0.38883;0.0727081;-0.032666;-0.148577;-0.304531;-0.437302;-0.14647;0.241307;-0.285564;-0.243414;0.00948367;-0.032666;0.032666;0.1549;-0.201264;0.399368;0.089568;-0.186512;-0.220232;-0.361433;-0.190727;-0.213909;-0.125395;0.0727081;0.0305585;0.0537408;-0.0769231;-0.66491;-0.527924;-0.527924;-0.325606;0.00737619;-0.300316;-0.165437;0.157007;-0.178082;0.00737619;0.00737619;-0.39726;-0.586934;-0.291886;0.454162;0.028451;-0.747102;-0.441084;0.0823775;-0.199166;-0.701773;0.209593;-0.220021;-0.637122;-0.251303;-0.261731;0.270073;-0.73097;1;0.635036;-0.334724;-0.564129;0.395203;-0.272159;-1;0;0;0;0

78.39;-0.208431;-0.533958;-0.674473;-0.70706;-0.285564;-0.517387;-0.264489;0.157007;-0.264489;0.220232;-0.0115912;-0.643836;0.799789;0.232877;-0.498419;1;-0.159115;0.0727081;-0.285564;-0.18019;0.38883;0.0727081;-0.032666;-0.148577;-0.304531;-0.437302;-0.14647;0.241307;-0.285564;-0.243414;0.00948367;-0.032666;0.032666;0.1549;-0.201264;0.399368;0.089568;-0.186512;-0.220232;-0.361433;-0.190727;-0.213909;-0.125395;0.0727081;0.0305585;0.0537408;-0.0769231;-0.66491;-0.527924;-0.527924;-0.325606;0.00737619;-0.300316;-0.165437;0.157007;-0.178082;0.00737619;0.00737619;-0.39726;-0.586934;-0.291886;0.454162;0.028451;-0.749739;-0.441084;0.0823775;-0.199166;-0.701773;0.209593;-0.220021;-0.637122;-0.251303;-0.261731;0.270073;-0.73097;1;0.635036;-0.334724;-0.564129;0.395203;-1;0;0;0;0

77.5;-0.274005;-0.208431;-0.533958;-0.70706;-0.70706;-0.285564;-0.517387;-0.264489;0.157007;-0.264489;0.220232;-0.0115912;-0.643836;0.799789;0.232877;-0.498419;1;-0.159115;0.0727081;-0.285564;-0.18019;0.38883;0.0727081;-0.032666;-0.148577;-0.304531;-0.437302;-0.14647;0.241307;-0.285564;-0.243414;0.00948367;-0.032666;0.032666;0.1549;-0.201264;0.399368;0.089568;-0.186512;-0.220232;-0.361433;-0.190727;-0.213909;-0.125395;0.0727081;0.0305585;0.0537408;-0.0769231;-0.66491;-0.527924;-0.527924;-0.325606;0.00737619;-0.300316;-0.165437;0.157007;-0.178082;0.00737619;0.00737619;-0.39726;-0.586934;-0.291886;0.454162;0.0177268;-0.749739;-0.441084;0.0823775;-0.199166;-0.701773;0.209593;-0.220021;-0.637122;-0.251303;-0.261731;0.270073;-0.73097;1;0.635036;-0.334724;-0.564129;-1;0;0;0;0

75.5;-0.533958;-0.274005;-0.208431;-0.580611;-0.70706;-0.70706;-0.285564;-0.517387;-0.264489;0.157007;-0.264489;0.220232;-0.0115912;-0.643836;0.799789;0.232877;-0.498419;1;-0.159115;0.0727081;-0.285564;-0.18019;0.38883;0.0727081;-0.032666;-0.148577;-0.304531;-0.437302;-0.14647;0.241307;-0.285564;-0.243414;0.00948367;-0.032666;0.032666;0.1549;-0.201264;0.399368;0.089568;-0.186512;-0.220232;-0.361433;-0.190727;-0.213909;-0.125395;0.0727081;0.0305585;0.0537408;-0.0769231;-0.66491;-0.527924;-0.527924;-0.325606;0.00737619;-0.300316;-0.165437;0.157007;-0.178082;0.00737619;0.00737619;-0.39726;-0.586934;-0.291886;0.438999;0.0177268;-0.749739;-0.441084;0.0823775;-0.199166;-0.701773;0.209593;-0.220021;-0.637122;-0.251303;-0.261731;0.270073;-0.73097;1;0.635036;-0.334724;-1;0;0;0;0

74.5;-0.299766;-0.533958;-0.274005;-0.287671;-0.580611;-0.70706;-0.70706;-0.285564;-0.517387;-0.264489;0.157007;-0.264489;0.220232;-0.0115912;-0.643836;0.799789;0.232877;-0.498419;1;-0.159115;0.0727081;-0.285564;-0.18019;0.38883;0.0727081;-0.032666;-0.148577;-0.304531;-0.437302;-0.14647;0.241307;-0.285564;-0.243414;0.00948367;-0.032666;0.032666;0.1549;-0.201264;0.399368;0.089568;-0.186512;-0.220232;-0.361433;-0.190727;-0.213909;-0.125395;0.0727081;0.0305585;0.0537408;-0.0769231;-0.66491;-0.527924;-0.527924;-0.325606;0.00737619;-0.300316;-0.165437;0.157007;-0.178082;0.00737619;0.00737619;-0.39726;-0.586934;-0.29927;0.438999;0.0177268;-0.749739;-0.441084;0.0823775;-0.199166;-0.701773;0.209593;-0.220021;-0.637122;-0.251303;-0.261731;0.270073;-0.73097;1;0.635036;-1;0;0;0;0

74.04;-0.173302;-0.299766;-0.533958;-0.346681;-0.287671;-0.580611;-0.70706;-0.70706;-0.285564;-0.517387;-0.264489;0.157007;-0.264489;0.220232;-0.0115912;-0.643836;0.799789;0.232877;-0.498419;1;-0.159115;0.0727081;-0.285564;-0.18019;0.38883;0.0727081;-0.032666;-0.148577;-0.304531;-0.437302;-0.14647;0.241307;-0.285564;-0.243414;0.00948367;-0.032666;0.032666;0.1549;-0.201264;0.399368;0.089568;-0.186512;-0.220232;-0.361433;-0.190727;-0.213909;-0.125395;0.0727081;0.0305585;0.0537408;-0.0769231;-0.66491;-0.527924;-0.527924;-0.325606;0.00737619;-0.300316;-0.165437;0.157007;-0.178082;0.00737619;0.00737619;-0.39726;-0.591241;-0.29927;0.438999;0.0177268;-0.749739;-0.441084;0.0823775;-0.199166;-0.701773;0.209593;-0.220021;-0.637122;-0.251303;-0.261731;0.270073;-0.73097;1;+1;0;0;0;0

76.26;0.454333;-0.173302;-0.299766;-0.580611;-0.346681;-0.287671;-0.580611;-0.70706;-0.70706;-0.285564;-0.517387;-0.264489;0.157007;-0.264489;0.220232;-0.0115912;-0.643836;0.799789;0.232877;-0.498419;1;-0.159115;0.0727081;-0.285564;-0.18019;0.38883;0.0727081;-0.032666;-0.148577;-0.304531;-0.437302;-0.14647;0.241307;-0.285564;-0.243414;0.00948367;-0.032666;0.032666;0.1549;-0.201264;0.399368;0.089568;-0.186512;-0.220232;-0.361433;-0.190727;-0.213909;-0.125395;0.0727081;0.0305585;0.0537408;-0.0769231;-0.66491;-0.527924;-0.527924;-0.325606;0.00737619;-0.300316;-0.165437;0.157007;-0.178082;0.00737619;0.00737619;-0.403545;-0.591241;-0.29927;0.438999;0.0177268;-0.749739;-0.441084;0.0823775;-0.199166;-0.701773;0.209593;-0.220021;-0.637122;-0.251303;-0.261731;0.270073;-0.73097;+1;0;0;0;0

78.99;0.57377;0.454333;-0.173302;-0.369863;-0.580611;-0.346681;-0.287671;-0.580611;-0.70706;-0.70706;-0.285564;-0.517387;-0.264489;0.157007;-0.264489;0.220232;-0.0115912;-0.643836;0.799789;0.232877;-0.498419;1;-0.159115;0.0727081;-0.285564;-0.18019;0.38883;0.0727081;-0.032666;-0.148577;-0.304531;-0.437302;-0.14647;0.241307;-0.285564;-0.243414;0.00948367;-0.032666;0.032666;0.1549;-0.201264;0.399368;0.089568;-0.186512;-0.220232;-0.361433;-0.190727;-0.213909;-0.125395;0.0727081;0.0305585;0.0537408;-0.0769231;-0.66491;-0.527924;-0.527924;-0.325606;0.00737619;-0.300316;-0.165437;0.157007;-0.178082;0.00737619;-0.00312824;-0.403545;-0.591241;-0.29927;0.438999;0.0177268;-0.749739;-0.441084;0.0823775;-0.199166;-0.701773;0.209593;-0.220021;-0.637122;-0.251303;-0.261731;0.270073;-1;0;0;0;0

77.65;-0.379391;0.57377;0.454333;-0.256059;-0.369863;-0.580611;-0.346681;-0.287671;-0.580611;-0.70706;-0.70706;-0.285564;-0.517387;-0.264489;0.157007;-0.264489;0.220232;-0.0115912;-0.643836;0.799789;0.232877;-0.498419;1;-0.159115;0.0727081;-0.285564;-0.18019;0.38883;0.0727081;-0.032666;-0.148577;-0.304531;-0.437302;-0.14647;0.241307;-0.285564;-0.243414;0.00948367;-0.032666;0.032666;0.1549;-0.201264;0.399368;0.089568;-0.186512;-0.220232;-0.361433;-0.190727;-0.213909;-0.125395;0.0727081;0.0305585;0.0537408;-0.0769231;-0.66491;-0.527924;-0.527924;-0.325606;0.00737619;-0.300316;-0.165437;0.157007;-0.178082;-0.00312824;-0.00312824;-0.403545;-0.591241;-0.29927;0.438999;0.0177268;-0.749739;-0.441084;0.0823775;-0.199166;-0.701773;0.209593;-0.220021;-0.637122;-0.251303;-0.261731;-1;0;0;0;0

74.71;-0.754098;-0.379391;0.57377;0.308746;-0.256059;-0.369863;-0.580611;-0.346681;-0.287671;-0.580611;-0.70706;-0.70706;-0.285564;-0.517387;-0.264489;0.157007;-0.264489;0.220232;-0.0115912;-0.643836;0.799789;0.232877;-0.498419;1;-0.159115;0.0727081;-0.285564;-0.18019;0.38883;0.0727081;-0.032666;-0.148577;-0.304531;-0.437302;-0.14647;0.241307;-0.285564;-0.243414;0.00948367;-0.032666;0.032666;0.1549;-0.201264;0.399368;0.089568;-0.186512;-0.220232;-0.361433;-0.190727;-0.213909;-0.125395;0.0727081;0.0305585;0.0537408;-0.0769231;-0.66491;-0.527924;-0.527924;-0.325606;0.00737619;-0.300316;-0.165437;0.157007;-0.186653;-0.00312824;-0.00312824;-0.403545;-0.591241;-0.29927;0.438999;0.0177268;-0.749739;-0.441084;0.0823775;-0.199166;-0.701773;0.209593;-0.220021;-0.637122;-0.251303;+1;0;0;0;0

75;0.0023419;-0.754098;-0.379391;0.416228;0.308746;-0.256059;-0.369863;-0.580611;-0.346681;-0.287671;-0.580611;-0.70706;-0.70706;-0.285564;-0.517387;-0.264489;0.157007;-0.264489;0.220232;-0.0115912;-0.643836;0.799789;0.232877;-0.498419;1;-0.159115;0.0727081;-0.285564;-0.18019;0.38883;0.0727081;-0.032666;-0.148577;-0.304531;-0.437302;-0.14647;0.241307;-0.285564;-0.243414;0.00948367;-0.032666;0.032666;0.1549;-0.201264;0.399368;0.089568;-0.186512;-0.220232;-0.361433;-0.190727;-0.213909;-0.125395;0.0727081;0.0305585;0.0537408;-0.0769231;-0.66491;-0.527924;-0.527924;-0.325606;0.00737619;-0.300316;-0.165437;0.144943;-0.186653;-0.00312824;-0.00312824;-0.403545;-0.591241;-0.29927;0.438999;0.0177268;-0.749739;-0.441084;0.0823775;-0.199166;-0.701773;0.209593;-0.220021;-0.637122;+1;0;0;0;0

77;0.40281;0.0023419;-0.754098;-0.441517;0.416228;0.308746;-0.256059;-0.369863;-0.580611;-0.346681;-0.287671;-0.580611;-0.70706;-0.70706;-0.285564;-0.517387;-0.264489;0.157007;-0.264489;0.220232;-0.0115912;-0.643836;0.799789;0.232877;-0.498419;1;-0.159115;0.0727081;-0.285564;-0.18019;0.38883;0.0727081;-0.032666;-0.148577;-0.304531;-0.437302;-0.14647;0.241307;-0.285564;-0.243414;0.00948367;-0.032666;0.032666;0.1549;-0.201264;0.399368;0.089568;-0.186512;-0.220232;-0.361433;-0.190727;-0.213909;-0.125395;0.0727081;0.0305585;0.0537408;-0.0769231;-0.66491;-0.527924;-0.527924;-0.325606;0.00737619;-0.300316;-0.17414;0.144943;-0.186653;-0.00312824;-0.00312824;-0.403545;-0.591241;-0.29927;0.438999;0.0177268;-0.749739;-0.441084;0.0823775;-0.199166;-0.701773;0.209593;-0.220021;-1;0;0;0;0

75.5;-0.416862;0.40281;0.0023419;-0.778714;-0.441517;0.416228;0.308746;-0.256059;-0.369863;-0.580611;-0.346681;-0.287671;-0.580611;-0.70706;-0.70706;-0.285564;-0.517387;-0.264489;0.157007;-0.264489;0.220232;-0.0115912;-0.643836;0.799789;0.232877;-0.498419;1;-0.159115;0.0727081;-0.285564;-0.18019;0.38883;0.0727081;-0.032666;-0.148577;-0.304531;-0.437302;-0.14647;0.241307;-0.285564;-0.243414;0.00948367;-0.032666;0.032666;0.1549;-0.201264;0.399368;0.089568;-0.186512;-0.220232;-0.361433;-0.190727;-0.213909;-0.125395;0.0727081;0.0305585;0.0537408;-0.0769231;-0.66491;-0.527924;-0.527924;-0.325606;0.00737619;-0.307612;-0.17414;0.144943;-0.186653;-0.00312824;-0.00312824;-0.403545;-0.591241;-0.29927;0.438999;0.0177268;-0.749739;-0.441084;0.0823775;-0.199166;-0.701773;0.209593;-1;0;0;0;0

73.9;-0.440281;-0.416862;0.40281;-0.0979979;-0.778714;-0.441517;0.416228;0.308746;-0.256059;-0.369863;-0.580611;-0.346681;-0.287671;-0.580611;-0.70706;-0.70706;-0.285564;-0.517387;-0.264489;0.157007;-0.264489;0.220232;-0.0115912;-0.643836;0.799789;0.232877;-0.498419;1;-0.159115;0.0727081;-0.285564;-0.18019;0.38883;0.0727081;-0.032666;-0.148577;-0.304531;-0.437302;-0.14647;0.241307;-0.285564;-0.243414;0.00948367;-0.032666;0.032666;0.1549;-0.201264;0.399368;0.089568;-0.186512;-0.220232;-0.361433;-0.190727;-0.213909;-0.125395;0.0727081;0.0305585;0.0537408;-0.0769231;-0.66491;-0.527924;-0.527924;-0.325606;-0.00312824;-0.307612;-0.17414;0.144943;-0.186653;-0.00312824;-0.00312824;-0.403545;-0.591241;-0.29927;0.438999;0.0177268;-0.749739;-0.441084;0.0823775;-0.199166;-0.701773;-1;0;0;0;0

72;-0.510539;-0.440281;-0.416862;0.262381;-0.0979979;-0.778714;-0.441517;0.416228;0.308746;-0.256059;-0.369863;-0.580611;-0.346681;-0.287671;-0.580611;-0.70706;-0.70706;-0.285564;-0.517387;-0.264489;0.157007;-0.264489;0.220232;-0.0115912;-0.643836;0.799789;0.232877;-0.498419;1;-0.159115;0.0727081;-0.285564;-0.18019;0.38883;0.0727081;-0.032666;-0.148577;-0.304531;-0.437302;-0.14647;0.241307;-0.285564;-0.243414;0.00948367;-0.032666;0.032666;0.1549;-0.201264;0.399368;0.089568;-0.186512;-0.220232;-0.361433;-0.190727;-0.213909;-0.125395;0.0727081;0.0305585;0.0537408;-0.0769231;-0.66491;-0.527924;-0.527924;-0.332638;-0.00312824;-0.307612;-0.17414;0.144943;-0.186653;-0.00312824;-0.00312824;-0.403545;-0.591241;-0.29927;0.438999;0.0177268;-0.749739;-0.441084;0.0823775;-0.199166;-1;0;0;0;0

68.01;-1;-0.510539;-0.440281;-0.475237;0.262381;-0.0979979;-0.778714;-0.441517;0.416228;0.308746;-0.256059;-0.369863;-0.580611;-0.346681;-0.287671;-0.580611;-0.70706;-0.70706;-0.285564;-0.517387;-0.264489;0.157007;-0.264489;0.220232;-0.0115912;-0.643836;0.799789;0.232877;-0.498419;1;-0.159115;0.0727081;-0.285564;-0.18019;0.38883;0.0727081;-0.032666;-0.148577;-0.304531;-0.437302;-0.14647;0.241307;-0.285564;-0.243414;0.00948367;-0.032666;0.032666;0.1549;-0.201264;0.399368;0.089568;-0.186512;-0.220232;-0.361433;-0.190727;-0.213909;-0.125395;0.0727081;0.0305585;0.0537408;-0.0769231;-0.66491;-0.527924;-0.532847;-0.332638;-0.00312824;-0.307612;-0.17414;0.144943;-0.186653;-0.00312824;-0.00312824;-0.403545;-0.591241;-0.29927;0.438999;0.0177268;-0.749739;-0.441084;0.0823775;+1;0;0;0;0

68.5;0.0491803;-1;-0.510539;-0.496312;-0.475237;0.262381;-0.0979979;-0.778714;-0.441517;0.416228;0.308746;-0.256059;-0.369863;-0.580611;-0.346681;-0.287671;-0.580611;-0.70706;-0.70706;-0.285564;-0.517387;-0.264489;0.157007;-0.264489;0.220232;-0.0115912;-0.643836;0.799789;0.232877;-0.498419;1;-0.159115;0.0727081;-0.285564;-0.18019;0.38883;0.0727081;-0.032666;-0.148577;-0.304531;-0.437302;-0.14647;0.241307;-0.285564;-0.243414;0.00948367;-0.032666;0.032666;0.1549;-0.201264;0.399368;0.089568;-0.186512;-0.220232;-0.361433;-0.190727;-0.213909;-0.125395;0.0727081;0.0305585;0.0537408;-0.0769231;-0.66491;-0.532847;-0.532847;-0.332638;-0.00312824;-0.307612;-0.17414;0.144943;-0.186653;-0.00312824;-0.00312824;-0.403545;-0.591241;-0.29927;0.438999;0.0177268;-0.749739;-0.441084;+1;0;0;0;0

68.85;0.0163934;0.0491803;-1;-0.559536;-0.496312;-0.475237;0.262381;-0.0979979;-0.778714;-0.441517;0.416228;0.308746;-0.256059;-0.369863;-0.580611;-0.346681;-0.287671;-0.580611;-0.70706;-0.70706;-0.285564;-0.517387;-0.264489;0.157007;-0.264489;0.220232;-0.0115912;-0.643836;0.799789;0.232877;-0.498419;1;-0.159115;0.0727081;-0.285564;-0.18019;0.38883;0.0727081;-0.032666;-0.148577;-0.304531;-0.437302;-0.14647;0.241307;-0.285564;-0.243414;0.00948367;-0.032666;0.032666;0.1549;-0.201264;0.399368;0.089568;-0.186512;-0.220232;-0.361433;-0.190727;-0.213909;-0.125395;0.0727081;0.0305585;0.0537408;-0.0769231;-0.668405;-0.532847;-0.532847;-0.332638;-0.00312824;-0.307612;-0.17414;0.144943;-0.186653;-0.00312824;-0.00312824;-0.403545;-0.591241;-0.29927;0.438999;0.0177268;-0.749739;-1;0;0;0;0

66;-0.733021;0.0163934;0.0491803;-1;-0.559536;-0.496312;-0.475237;0.262381;-0.0979979;-0.778714;-0.441517;0.416228;0.308746;-0.256059;-0.369863;-0.580611;-0.346681;-0.287671;-0.580611;-0.70706;-0.70706;-0.285564;-0.517387;-0.264489;0.157007;-0.264489;0.220232;-0.0115912;-0.643836;0.799789;0.232877;-0.498419;1;-0.159115;0.0727081;-0.285564;-0.18019;0.38883;0.0727081;-0.032666;-0.148577;-0.304531;-0.437302;-0.14647;0.241307;-0.285564;-0.243414;0.00948367;-0.032666;0.032666;0.1549;-0.201264;0.399368;0.089568;-0.186512;-0.220232;-0.361433;-0.190727;-0.213909;-0.125395;0.0727081;0.0305585;0.0537408;-0.0865485;-0.668405;-0.532847;-0.532847;-0.332638;-0.00312824;-0.307612;-0.17414;0.144943;-0.186653;-0.00312824;-0.00312824;-0.403545;-0.591241;-0.29927;0.438999;0.0177268;+1;0;0;0;0

66.63;0.0819672;-0.733021;0.0163934;-0.0558483;-1;-0.559536;-0.496312;-0.475237;0.262381;-0.0979979;-0.778714;-0.441517;0.416228;0.308746;-0.256059;-0.369863;-0.580611;-0.346681;-0.287671;-0.580611;-0.70706;-0.70706;-0.285564;-0.517387;-0.264489;0.157007;-0.264489;0.220232;-0.0115912;-0.643836;0.799789;0.232877;-0.498419;1;-0.159115;0.0727081;-0.285564;-0.18019;0.38883;0.0727081;-0.032666;-0.148577;-0.304531;-0.437302;-0.14647;0.241307;-0.285564;-0.243414;0.00948367;-0.032666;0.032666;0.1549;-0.201264;0.399368;0.089568;-0.186512;-0.220232;-0.361433;-0.190727;-0.213909;-0.125395;0.0727081;0.0305585;0.0427529;-0.0865485;-0.668405;-0.532847;-0.532847;-0.332638;-0.00312824;-0.307612;-0.17414;0.144943;-0.186653;-0.00312824;-0.00312824;-0.403545;-0.591241;-0.29927;0.438999;-1;0;0;0;0

65.1;-0.423888;0.0819672;-0.733021;-0.085353;-0.0558483;-1;-0.559536;-0.496312;-0.475237;0.262381;-0.0979979;-0.778714;-0.441517;0.416228;0.308746;-0.256059;-0.369863;-0.580611;-0.346681;-0.287671;-0.580611;-0.70706;-0.70706;-0.285564;-0.517387;-0.264489;0.157007;-0.264489;0.220232;-0.0115912;-0.643836;0.799789;0.232877;-0.498419;1;-0.159115;0.0727081;-0.285564;-0.18019;0.38883;0.0727081;-0.032666;-0.148577;-0.304531;-0.437302;-0.14647;0.241307;-0.285564;-0.243414;0.00948367;-0.032666;0.032666;0.1549;-0.201264;0.399368;0.089568;-0.186512;-0.220232;-0.361433;-0.190727;-0.213909;-0.125395;0.0727081;0.0198123;0.0427529;-0.0865485;-0.668405;-0.532847;-0.532847;-0.332638;-0.00312824;-0.307612;-0.17414;0.144943;-0.186653;-0.00312824;-0.00312824;-0.403545;-0.591241;-0.29927;+1;0;0;0;0

67.75;0.555035;-0.423888;0.0819672;-0.759747;-0.085353;-0.0558483;-1;-0.559536;-0.496312;-0.475237;0.262381;-0.0979979;-0.778714;-0.441517;0.416228;0.308746;-0.256059;-0.369863;-0.580611;-0.346681;-0.287671;-0.580611;-0.70706;-0.70706;-0.285564;-0.517387;-0.264489;0.157007;-0.264489;0.220232;-0.0115912;-0.643836;0.799789;0.232877;-0.498419;1;-0.159115;0.0727081;-0.285564;-0.18019;0.38883;0.0727081;-0.032666;-0.148577;-0.304531;-0.437302;-0.14647;0.241307;-0.285564;-0.243414;0.00948367;-0.032666;0.032666;0.1549;-0.201264;0.399368;0.089568;-0.186512;-0.220232;-0.361433;-0.190727;-0.213909;-0.125395;0.0615224;0.0198123;0.0427529;-0.0865485;-0.668405;-0.532847;-0.532847;-0.332638;-0.00312824;-0.307612;-0.17414;0.144943;-0.186653;-0.00312824;-0.00312824;-0.403545;-0.591241;-1;0;0;0;0

67;-0.241218;0.555035;-0.423888;-0.0263435;-0.759747;-0.085353;-0.0558483;-1;-0.559536;-0.496312;-0.475237;0.262381;-0.0979979;-0.778714;-0.441517;0.416228;0.308746;-0.256059;-0.369863;-0.580611;-0.346681;-0.287671;-0.580611;-0.70706;-0.70706;-0.285564;-0.517387;-0.264489;0.157007;-0.264489;0.220232;-0.0115912;-0.643836;0.799789;0.232877;-0.498419;1;-0.159115;0.0727081;-0.285564;-0.18019;0.38883;0.0727081;-0.032666;-0.148577;-0.304531;-0.437302;-0.14647;0.241307;-0.285564;-0.243414;0.00948367;-0.032666;0.032666;0.1549;-0.201264;0.399368;0.089568;-0.186512;-0.220232;-0.361433;-0.190727;-0.213909;-0.134515;0.0615224;0.0198123;0.0427529;-0.0865485;-0.668405;-0.532847;-0.532847;-0.332638;-0.00312824;-0.307612;-0.17414;0.144943;-0.186653;-0.00312824;-0.00312824;-0.403545;-1;0;0;0;0

67;-0.0655738;-0.241218;0.555035;-0.48156;-0.0263435;-0.759747;-0.085353;-0.0558483;-1;-0.559536;-0.496312;-0.475237;0.262381;-0.0979979;-0.778714;-0.441517;0.416228;0.308746;-0.256059;-0.369863;-0.580611;-0.346681;-0.287671;-0.580611;-0.70706;-0.70706;-0.285564;-0.517387;-0.264489;0.157007;-0.264489;0.220232;-0.0115912;-0.643836;0.799789;0.232877;-0.498419;1;-0.159115;0.0727081;-0.285564;-0.18019;0.38883;0.0727081;-0.032666;-0.148577;-0.304531;-0.437302;-0.14647;0.241307;-0.285564;-0.243414;0.00948367;-0.032666;0.032666;0.1549;-0.201264;0.399368;0.089568;-0.186512;-0.220232;-0.361433;-0.190727;-0.222106;-0.134515;0.0615224;0.0198123;0.0427529;-0.0865485;-0.668405;-0.532847;-0.532847;-0.332638;-0.00312824;-0.307612;-0.17414;0.144943;-0.186653;-0.00312824;-0.00312824;+1;0;0;0;0

71;0.871194;-0.0655738;-0.241218;0.399368;-0.48156;-0.0263435;-0.759747;-0.085353;-0.0558483;-1;-0.559536;-0.496312;-0.475237;0.262381;-0.0979979;-0.778714;-0.441517;0.416228;0.308746;-0.256059;-0.369863;-0.580611;-0.346681;-0.287671;-0.580611;-0.70706;-0.70706;-0.285564;-0.517387;-0.264489;0.157007;-0.264489;0.220232;-0.0115912;-0.643836;0.799789;0.232877;-0.498419;1;-0.159115;0.0727081;-0.285564;-0.18019;0.38883;0.0727081;-0.032666;-0.148577;-0.304531;-0.437302;-0.14647;0.241307;-0.285564;-0.243414;0.00948367;-0.032666;0.032666;0.1549;-0.201264;0.399368;0.089568;-0.186512;-0.220232;-0.361433;-0.199166;-0.222106;-0.134515;0.0615224;0.0198123;0.0427529;-0.0865485;-0.668405;-0.532847;-0.532847;-0.332638;-0.00312824;-0.307612;-0.17414;0.144943;-0.186653;-0.00312824;-1;0;0;0;0

70.6;-0.159251;0.871194;-0.0655738;-0.317176;0.399368;-0.48156;-0.0263435;-0.759747;-0.085353;-0.0558483;-1;-0.559536;-0.496312;-0.475237;0.262381;-0.0979979;-0.778714;-0.441517;0.416228;0.308746;-0.256059;-0.369863;-0.580611;-0.346681;-0.287671;-0.580611;-0.70706;-0.70706;-0.285564;-0.517387;-0.264489;0.157007;-0.264489;0.220232;-0.0115912;-0.643836;0.799789;0.232877;-0.498419;1;-0.159115;0.0727081;-0.285564;-0.18019;0.38883;0.0727081;-0.032666;-0.148577;-0.304531;-0.437302;-0.14647;0.241307;-0.285564;-0.243414;0.00948367;-0.032666;0.032666;0.1549;-0.201264;0.399368;0.089568;-0.186512;-0.220232;-0.368092;-0.199166;-0.222106;-0.134515;0.0615224;0.0198123;0.0427529;-0.0865485;-0.668405;-0.532847;-0.532847;-0.332638;-0.00312824;-0.307612;-0.17414;0.144943;-0.186653;-1;0;0;0;0

70.05;-0.194379;-0.159251;0.871194;-0.159115;-0.317176;0.399368;-0.48156;-0.0263435;-0.759747;-0.085353;-0.0558483;-1;-0.559536;-0.496312;-0.475237;0.262381;-0.0979979;-0.778714;-0.441517;0.416228;0.308746;-0.256059;-0.369863;-0.580611;-0.346681;-0.287671;-0.580611;-0.70706;-0.70706;-0.285564;-0.517387;-0.264489;0.157007;-0.264489;0.220232;-0.0115912;-0.643836;0.799789;0.232877;-0.498419;1;-0.159115;0.0727081;-0.285564;-0.18019;0.38883;0.0727081;-0.032666;-0.148577;-0.304531;-0.437302;-0.14647;0.241307;-0.285564;-0.243414;0.00948367;-0.032666;0.032666;0.1549;-0.201264;0.399368;0.089568;-0.186512;-0.228363;-0.368092;-0.199166;-0.222106;-0.134515;0.0615224;0.0198123;0.0427529;-0.0865485;-0.668405;-0.532847;-0.532847;-0.332638;-0.00312824;-0.307612;-0.17414;0.144943;-1;0;0;0;0

69.29;-0.24356;-0.194379;-0.159251;0.683878;-0.159115;-0.317176;0.399368;-0.48156;-0.0263435;-0.759747;-0.085353;-0.0558483;-1;-0.559536;-0.496312;-0.475237;0.262381;-0.0979979;-0.778714;-0.441517;0.416228;0.308746;-0.256059;-0.369863;-0.580611;-0.346681;-0.287671;-0.580611;-0.70706;-0.70706;-0.285564;-0.517387;-0.264489;0.157007;-0.264489;0.220232;-0.0115912;-0.643836;0.799789;0.232877;-0.498419;1;-0.159115;0.0727081;-0.285564;-0.18019;0.38883;0.0727081;-0.032666;-0.148577;-0.304531;-0.437302;-0.14647;0.241307;-0.285564;-0.243414;0.00948367;-0.032666;0.032666;0.1549;-0.201264;0.399368;0.089568;-0.194995;-0.228363;-0.368092;-0.199166;-0.222106;-0.134515;0.0615224;0.0198123;0.0427529;-0.0865485;-0.668405;-0.532847;-0.532847;-0.332638;-0.00312824;-0.307612;-0.17414;+1;0;0;0;0

69.4;-0.0398127;-0.24356;-0.194379;-0.243414;0.683878;-0.159115;-0.317176;0.399368;-0.48156;-0.0263435;-0.759747;-0.085353;-0.0558483;-1;-0.559536;-0.496312;-0.475237;0.262381;-0.0979979;-0.778714;-0.441517;0.416228;0.308746;-0.256059;-0.369863;-0.580611;-0.346681;-0.287671;-0.580611;-0.70706;-0.70706;-0.285564;-0.517387;-0.264489;0.157007;-0.264489;0.220232;-0.0115912;-0.643836;0.799789;0.232877;-0.498419;1;-0.159115;0.0727081;-0.285564;-0.18019;0.38883;0.0727081;-0.032666;-0.148577;-0.304531;-0.437302;-0.14647;0.241307;-0.285564;-0.243414;0.00948367;-0.032666;0.032666;0.1549;-0.201264;0.399368;0.0782065;-0.194995;-0.228363;-0.368092;-0.199166;-0.222106;-0.134515;0.0615224;0.0198123;0.0427529;-0.0865485;-0.668405;-0.532847;-0.532847;-0.332638;-0.00312824;-0.307612;+1;0;0;0;0

69.5;-0.0421546;-0.0398127;-0.24356;-0.275026;-0.243414;0.683878;-0.159115;-0.317176;0.399368;-0.48156;-0.0263435;-0.759747;-0.085353;-0.0558483;-1;-0.559536;-0.496312;-0.475237;0.262381;-0.0979979;-0.778714;-0.441517;0.416228;0.308746;-0.256059;-0.369863;-0.580611;-0.346681;-0.287671;-0.580611;-0.70706;-0.70706;-0.285564;-0.517387;-0.264489;0.157007;-0.264489;0.220232;-0.0115912;-0.643836;0.799789;0.232877;-0.498419;1;-0.159115;0.0727081;-0.285564;-0.18019;0.38883;0.0727081;-0.032666;-0.148577;-0.304531;-0.437302;-0.14647;0.241307;-0.285564;-0.243414;0.00948367;-0.032666;0.032666;0.1549;-0.201264;0.384776;0.0782065;-0.194995;-0.228363;-0.368092;-0.199166;-0.222106;-0.134515;0.0615224;0.0198123;0.0427529;-0.0865485;-0.668405;-0.532847;-0.532847;-0.332638;-0.00312824;+1;0;0;0;0

72.7;0.683841;-0.0421546;-0.0398127;-0.319283;-0.275026;-0.243414;0.683878;-0.159115;-0.317176;0.399368;-0.48156;-0.0263435;-0.759747;-0.085353;-0.0558483;-1;-0.559536;-0.496312;-0.475237;0.262381;-0.0979979;-0.778714;-0.441517;0.416228;0.308746;-0.256059;-0.369863;-0.580611;-0.346681;-0.287671;-0.580611;-0.70706;-0.70706;-0.285564;-0.517387;-0.264489;0.157007;-0.264489;0.220232;-0.0115912;-0.643836;0.799789;0.232877;-0.498419;1;-0.159115;0.0727081;-0.285564;-0.18019;0.38883;0.0727081;-0.032666;-0.148577;-0.304531;-0.437302;-0.14647;0.241307;-0.285564;-0.243414;0.00948367;-0.032666;0.032666;0.1549;-0.209593;0.384776;0.0782065;-0.194995;-0.228363;-0.368092;-0.199166;-0.222106;-0.134515;0.0615224;0.0198123;0.0427529;-0.0865485;-0.668405;-0.532847;-0.532847;-0.332638;+1;0;0;0;0

74;0.238876;0.683841;-0.0421546;-0.135933;-0.319283;-0.275026;-0.243414;0.683878;-0.159115;-0.317176;0.399368;-0.48156;-0.0263435;-0.759747;-0.085353;-0.0558483;-1;-0.559536;-0.496312;-0.475237;0.262381;-0.0979979;-0.778714;-0.441517;0.416228;0.308746;-0.256059;-0.369863;-0.580611;-0.346681;-0.287671;-0.580611;-0.70706;-0.70706;-0.285564;-0.517387;-0.264489;0.157007;-0.264489;0.220232;-0.0115912;-0.643836;0.799789;0.232877;-0.498419;1;-0.159115;0.0727081;-0.285564;-0.18019;0.38883;0.0727081;-0.032666;-0.148577;-0.304531;-0.437302;-0.14647;0.241307;-0.285564;-0.243414;0.00948367;-0.032666;0.032666;0.142857;-0.209593;0.384776;0.0782065;-0.194995;-0.228363;-0.368092;-0.199166;-0.222106;-0.134515;0.0615224;0.0198123;0.0427529;-0.0865485;-0.668405;-0.532847;-0.532847;+1;0;0;0;0

75.91;0.381733;0.238876;0.683841;-0.13804;-0.135933;-0.319283;-0.275026;-0.243414;0.683878;-0.159115;-0.317176;0.399368;-0.48156;-0.0263435;-0.759747;-0.085353;-0.0558483;-1;-0.559536;-0.496312;-0.475237;0.262381;-0.0979979;-0.778714;-0.441517;0.416228;0.308746;-0.256059;-0.369863;-0.580611;-0.346681;-0.287671;-0.580611;-0.70706;-0.70706;-0.285564;-0.517387;-0.264489;0.157007;-0.264489;0.220232;-0.0115912;-0.643836;0.799789;0.232877;-0.498419;1;-0.159115;0.0727081;-0.285564;-0.18019;0.38883;0.0727081;-0.032666;-0.148577;-0.304531;-0.437302;-0.14647;0.241307;-0.285564;-0.243414;0.00948367;-0.032666;0.0218978;0.142857;-0.209593;0.384776;0.0782065;-0.194995;-0.228363;-0.368092;-0.199166;-0.222106;-0.134515;0.0615224;0.0198123;0.0427529;-0.0865485;-0.668405;-0.532847;+1;0;0;0;0

76.3;0.0257611;0.381733;0.238876;0.515279;-0.13804;-0.135933;-0.319283;-0.275026;-0.243414;0.683878;-0.159115;-0.317176;0.399368;-0.48156;-0.0263435;-0.759747;-0.085353;-0.0558483;-1;-0.559536;-0.496312;-0.475237;0.262381;-0.0979979;-0.778714;-0.441517;0.416228;0.308746;-0.256059;-0.369863;-0.580611;-0.346681;-0.287671;-0.580611;-0.70706;-0.70706;-0.285564;-0.517387;-0.264489;0.157007;-0.264489;0.220232;-0.0115912;-0.643836;0.799789;0.232877;-0.498419;1;-0.159115;0.0727081;-0.285564;-0.18019;0.38883;0.0727081;-0.032666;-0.148577;-0.304531;-0.437302;-0.14647;0.241307;-0.285564;-0.243414;0.00948367;-0.0427529;0.0218978;0.142857;-0.209593;0.384776;0.0782065;-0.194995;-0.228363;-0.368092;-0.199166;-0.222106;-0.134515;0.0615224;0.0198123;0.0427529;-0.0865485;-0.668405;-1;0;0;0;0

74.6;-0.4637;0.0257611;0.381733;0.114858;0.515279;-0.13804;-0.135933;-0.319283;-0.275026;-0.243414;0.683878;-0.159115;-0.317176;0.399368;-0.48156;-0.0263435;-0.759747;-0.085353;-0.0558483;-1;-0.559536;-0.496312;-0.475237;0.262381;-0.0979979;-0.778714;-0.441517;0.416228;0.308746;-0.256059;-0.369863;-0.580611;-0.346681;-0.287671;-0.580611;-0.70706;-0.70706;-0.285564;-0.517387;-0.264489;0.157007;-0.264489;0.220232;-0.0115912;-0.643836;0.799789;0.232877;-0.498419;1;-0.159115;0.0727081;-0.285564;-0.18019;0.38883;0.0727081;-0.032666;-0.148577;-0.304531;-0.437302;-0.14647;0.241307;-0.285564;-0.243414;-0.00104274;-0.0427529;0.0218978;0.142857;-0.209593;0.384776;0.0782065;-0.194995;-0.228363;-0.368092;-0.199166;-0.222106;-0.134515;0.0615224;0.0198123;0.0427529;-0.0865485;-1;0;0;0;0

73.69;-0.278689;-0.4637;0.0257611;0.243414;0.114858;0.515279;-0.13804;-0.135933;-0.319283;-0.275026;-0.243414;0.683878;-0.159115;-0.317176;0.399368;-0.48156;-0.0263435;-0.759747;-0.085353;-0.0558483;-1;-0.559536;-0.496312;-0.475237;0.262381;-0.0979979;-0.778714;-0.441517;0.416228;0.308746;-0.256059;-0.369863;-0.580611;-0.346681;-0.287671;-0.580611;-0.70706;-0.70706;-0.285564;-0.517387;-0.264489;0.157007;-0.264489;0.220232;-0.0115912;-0.643836;0.799789;0.232877;-0.498419;1;-0.159115;0.0727081;-0.285564;-0.18019;0.38883;0.0727081;-0.032666;-0.148577;-0.304531;-0.437302;-0.14647;0.241307;-0.285564;-0.251303;-0.00104274;-0.0427529;0.0218978;0.142857;-0.209593;0.384776;0.0782065;-0.194995;-0.228363;-0.368092;-0.199166;-0.222106;-0.134515;0.0615224;0.0198123;0.0427529;-1;0;0;0;0

73;-0.227166;-0.278689;-0.4637;-0.0769231;0.243414;0.114858;0.515279;-0.13804;-0.135933;-0.319283;-0.275026;-0.243414;0.683878;-0.159115;-0.317176;0.399368;-0.48156;-0.0263435;-0.759747;-0.085353;-0.0558483;-1;-0.559536;-0.496312;-0.475237;0.262381;-0.0979979;-0.778714;-0.441517;0.416228;0.308746;-0.256059;-0.369863;-0.580611;-0.346681;-0.287671;-0.580611;-0.70706;-0.70706;-0.285564;-0.517387;-0.264489;0.157007;-0.264489;0.220232;-0.0115912;-0.643836;0.799789;0.232877;-0.498419;1;-0.159115;0.0727081;-0.285564;-0.18019;0.38883;0.0727081;-0.032666;-0.148577;-0.304531;-0.437302;-0.14647;0.241307;-0.293014;-0.251303;-0.00104274;-0.0427529;0.0218978;0.142857;-0.209593;0.384776;0.0782065;-0.194995;-0.228363;-0.368092;-0.199166;-0.222106;-0.134515;0.0615224;0.0198123;+1;0;0;0;0

73.4;0.028103;-0.227166;-0.278689;-0.517387;-0.0769231;0.243414;0.114858;0.515279;-0.13804;-0.135933;-0.319283;-0.275026;-0.243414;0.683878;-0.159115;-0.317176;0.399368;-0.48156;-0.0263435;-0.759747;-0.085353;-0.0558483;-1;-0.559536;-0.496312;-0.475237;0.262381;-0.0979979;-0.778714;-0.441517;0.416228;0.308746;-0.256059;-0.369863;-0.580611;-0.346681;-0.287671;-0.580611;-0.70706;-0.70706;-0.285564;-0.517387;-0.264489;0.157007;-0.264489;0.220232;-0.0115912;-0.643836;0.799789;0.232877;-0.498419;1;-0.159115;0.0727081;-0.285564;-0.18019;0.38883;0.0727081;-0.032666;-0.148577;-0.304531;-0.437302;-0.14647;0.228363;-0.293014;-0.251303;-0.00104274;-0.0427529;0.0218978;0.142857;-0.209593;0.384776;0.0782065;-0.194995;-0.228363;-0.368092;-0.199166;-0.222106;-0.134515;0.0615224;+1;0;0;0;0

73.9;0.0515222;0.028103;-0.227166;-0.350896;-0.517387;-0.0769231;0.243414;0.114858;0.515279;-0.13804;-0.135933;-0.319283;-0.275026;-0.243414;0.683878;-0.159115;-0.317176;0.399368;-0.48156;-0.0263435;-0.759747;-0.085353;-0.0558483;-1;-0.559536;-0.496312;-0.475237;0.262381;-0.0979979;-0.778714;-0.441517;0.416228;0.308746;-0.256059;-0.369863;-0.580611;-0.346681;-0.287671;-0.580611;-0.70706;-0.70706;-0.285564;-0.517387;-0.264489;0.157007;-0.264489;0.220232;-0.0115912;-0.643836;0.799789;0.232877;-0.498419;1;-0.159115;0.0727081;-0.285564;-0.18019;0.38883;0.0727081;-0.032666;-0.148577;-0.304531;-0.437302;-0.15537;0.228363;-0.293014;-0.251303;-0.00104274;-0.0427529;0.0218978;0.142857;-0.209593;0.384776;0.0782065;-0.194995;-0.228363;-0.368092;-0.199166;-0.222106;-0.134515;-1;0;0;0;0

72.89;-0.302108;0.0515222;0.028103;-0.304531;-0.350896;-0.517387;-0.0769231;0.243414;0.114858;0.515279;-0.13804;-0.135933;-0.319283;-0.275026;-0.243414;0.683878;-0.159115;-0.317176;0.399368;-0.48156;-0.0263435;-0.759747;-0.085353;-0.0558483;-1;-0.559536;-0.496312;-0.475237;0.262381;-0.0979979;-0.778714;-0.441517;0.416228;0.308746;-0.256059;-0.369863;-0.580611;-0.346681;-0.287671;-0.580611;-0.70706;-0.70706;-0.285564;-0.517387;-0.264489;0.157007;-0.264489;0.220232;-0.0115912;-0.643836;0.799789;0.232877;-0.498419;1;-0.159115;0.0727081;-0.285564;-0.18019;0.38883;0.0727081;-0.032666;-0.148577;-0.304531;-0.44317;-0.15537;0.228363;-0.293014;-0.251303;-0.00104274;-0.0427529;0.0218978;0.142857;-0.209593;0.384776;0.0782065;-0.194995;-0.228363;-0.368092;-0.199166;-0.222106;-1;0;0;0;0

71.15;-0.473068;-0.302108;0.0515222;-0.0748156;-0.304531;-0.350896;-0.517387;-0.0769231;0.243414;0.114858;0.515279;-0.13804;-0.135933;-0.319283;-0.275026;-0.243414;0.683878;-0.159115;-0.317176;0.399368;-0.48156;-0.0263435;-0.759747;-0.085353;-0.0558483;-1;-0.559536;-0.496312;-0.475237;0.262381;-0.0979979;-0.778714;-0.441517;0.416228;0.308746;-0.256059;-0.369863;-0.580611;-0.346681;-0.287671;-0.580611;-0.70706;-0.70706;-0.285564;-0.517387;-0.264489;0.157007;-0.264489;0.220232;-0.0115912;-0.643836;0.799789;0.232877;-0.498419;1;-0.159115;0.0727081;-0.285564;-0.18019;0.38883;0.0727081;-0.032666;-0.148577;-0.311783;-0.44317;-0.15537;0.228363;-0.293014;-0.251303;-0.00104274;-0.0427529;0.0218978;0.142857;-0.209593;0.384776;0.0782065;-0.194995;-0.228363;-0.368092;-0.199166;+1;0;0;0;0

71.5;0.0163934;-0.473068;-0.302108;-0.0537408;-0.0748156;-0.304531;-0.350896;-0.517387;-0.0769231;0.243414;0.114858;0.515279;-0.13804;-0.135933;-0.319283;-0.275026;-0.243414;0.683878;-0.159115;-0.317176;0.399368;-0.48156;-0.0263435;-0.759747;-0.085353;-0.0558483;-1;-0.559536;-0.496312;-0.475237;0.262381;-0.0979979;-0.778714;-0.441517;0.416228;0.308746;-0.256059;-0.369863;-0.580611;-0.346681;-0.287671;-0.580611;-0.70706;-0.70706;-0.285564;-0.517387;-0.264489;0.157007;-0.264489;0.220232;-0.0115912;-0.643836;0.799789;0.232877;-0.498419;1;-0.159115;0.0727081;-0.285564;-0.18019;0.38883;0.0727081;-0.032666;-0.157456;-0.311783;-0.44317;-0.15537;0.228363;-0.293014;-0.251303;-0.00104274;-0.0427529;0.0218978;0.142857;-0.209593;0.384776;0.0782065;-0.194995;-0.228363;-0.368092;-1;0;0;0;0

69.01;-0.648712;0.0163934;-0.473068;-0.371971;-0.0537408;-0.0748156;-0.304531;-0.350896;-0.517387;-0.0769231;0.243414;0.114858;0.515279;-0.13804;-0.135933;-0.319283;-0.275026;-0.243414;0.683878;-0.159115;-0.317176;0.399368;-0.48156;-0.0263435;-0.759747;-0.085353;-0.0558483;-1;-0.559536;-0.496312;-0.475237;0.262381;-0.0979979;-0.778714;-0.441517;0.416228;0.308746;-0.256059;-0.369863;-0.580611;-0.346681;-0.287671;-0.580611;-0.70706;-0.70706;-0.285564;-0.517387;-0.264489;0.157007;-0.264489;0.220232;-0.0115912;-0.643836;0.799789;0.232877;-0.498419;1;-0.159115;0.0727081;-0.285564;-0.18019;0.38883;0.0727081;-0.0427529;-0.157456;-0.311783;-0.44317;-0.15537;0.228363;-0.293014;-0.251303;-0.00104274;-0.0427529;0.0218978;0.142857;-0.209593;0.384776;0.0782065;-0.194995;-0.228363;+1;0;0;0;0

69.1;-0.0444965;-0.648712;0.0163934;-0.525817;-0.371971;-0.0537408;-0.0748156;-0.304531;-0.350896;-0.517387;-0.0769231;0.243414;0.114858;0.515279;-0.13804;-0.135933;-0.319283;-0.275026;-0.243414;0.683878;-0.159115;-0.317176;0.399368;-0.48156;-0.0263435;-0.759747;-0.085353;-0.0558483;-1;-0.559536;-0.496312;-0.475237;0.262381;-0.0979979;-0.778714;-0.441517;0.416228;0.308746;-0.256059;-0.369863;-0.580611;-0.346681;-0.287671;-0.580611;-0.70706;-0.70706;-0.285564;-0.517387;-0.264489;0.157007;-0.264489;0.220232;-0.0115912;-0.643836;0.799789;0.232877;-0.498419;1;-0.159115;0.0727081;-0.285564;-0.18019;0.38883;0.0615224;-0.0427529;-0.157456;-0.311783;-0.44317;-0.15537;0.228363;-0.293014;-0.251303;-0.00104274;-0.0427529;0.0218978;0.142857;-0.209593;0.384776;0.0782065;-0.194995;+1;0;0;0;0

73.5;0.964871;-0.0444965;-0.648712;-0.085353;-0.525817;-0.371971;-0.0537408;-0.0748156;-0.304531;-0.350896;-0.517387;-0.0769231;0.243414;0.114858;0.515279;-0.13804;-0.135933;-0.319283;-0.275026;-0.243414;0.683878;-0.159115;-0.317176;0.399368;-0.48156;-0.0263435;-0.759747;-0.085353;-0.0558483;-1;-0.559536;-0.496312;-0.475237;0.262381;-0.0979979;-0.778714;-0.441517;0.416228;0.308746;-0.256059;-0.369863;-0.580611;-0.346681;-0.287671;-0.580611;-0.70706;-0.70706;-0.285564;-0.517387;-0.264489;0.157007;-0.264489;0.220232;-0.0115912;-0.643836;0.799789;0.232877;-0.498419;1;-0.159115;0.0727081;-0.285564;-0.18019;0.374348;0.0615224;-0.0427529;-0.157456;-0.311783;-0.44317;-0.15537;0.228363;-0.293014;-0.251303;-0.00104274;-0.0427529;0.0218978;0.142857;-0.209593;0.384776;0.0782065;-1;0;0;0;0

71.3;-0.580796;0.964871;-0.0444965;-0.683878;-0.085353;-0.525817;-0.371971;-0.0537408;-0.0748156;-0.304531;-0.350896;-0.517387;-0.0769231;0.243414;0.114858;0.515279;-0.13804;-0.135933;-0.319283;-0.275026;-0.243414;0.683878;-0.159115;-0.317176;0.399368;-0.48156;-0.0263435;-0.759747;-0.085353;-0.0558483;-1;-0.559536;-0.496312;-0.475237;0.262381;-0.0979979;-0.778714;-0.441517;0.416228;0.308746;-0.256059;-0.369863;-0.580611;-0.346681;-0.287671;-0.580611;-0.70706;-0.70706;-0.285564;-0.517387;-0.264489;0.157007;-0.264489;0.220232;-0.0115912;-0.643836;0.799789;0.232877;-0.498419;1;-0.159115;0.0727081;-0.285564;-0.188738;0.374348;0.0615224;-0.0427529;-0.157456;-0.311783;-0.44317;-0.15537;0.228363;-0.293014;-0.251303;-0.00104274;-0.0427529;0.0218978;0.142857;-0.209593;0.384776;-1;0;0;0;0

70.25;-0.311475;-0.580796;0.964871;-0.140148;-0.683878;-0.085353;-0.525817;-0.371971;-0.0537408;-0.0748156;-0.304531;-0.350896;-0.517387;-0.0769231;0.243414;0.114858;0.515279;-0.13804;-0.135933;-0.319283;-0.275026;-0.243414;0.683878;-0.159115;-0.317176;0.399368;-0.48156;-0.0263435;-0.759747;-0.085353;-0.0558483;-1;-0.559536;-0.496312;-0.475237;0.262381;-0.0979979;-0.778714;-0.441517;0.416228;0.308746;-0.256059;-0.369863;-0.580611;-0.346681;-0.287671;-0.580611;-0.70706;-0.70706;-0.285564;-0.517387;-0.264489;0.157007;-0.264489;0.220232;-0.0115912;-0.643836;0.799789;0.232877;-0.498419;1;-0.159115;0.0727081;-0.293014;-0.188738;0.374348;0.0615224;-0.0427529;-0.157456;-0.311783;-0.44317;-0.15537;0.228363;-0.293014;-0.251303;-0.00104274;-0.0427529;0.0218978;0.142857;-0.209593;+1;0;0;0;0

71.35;0.192037;-0.311475;-0.580796;0.768177;-0.140148;-0.683878;-0.085353;-0.525817;-0.371971;-0.0537408;-0.0748156;-0.304531;-0.350896;-0.517387;-0.0769231;0.243414;0.114858;0.515279;-0.13804;-0.135933;-0.319283;-0.275026;-0.243414;0.683878;-0.159115;-0.317176;0.399368;-0.48156;-0.0263435;-0.759747;-0.085353;-0.0558483;-1;-0.559536;-0.496312;-0.475237;0.262381;-0.0979979;-0.778714;-0.441517;0.416228;0.308746;-0.256059;-0.369863;-0.580611;-0.346681;-0.287671;-0.580611;-0.70706;-0.70706;-0.285564;-0.517387;-0.264489;0.157007;-0.264489;0.220232;-0.0115912;-0.643836;0.799789;0.232877;-0.498419;1;-0.159115;0.0615224;-0.293014;-0.188738;0.374348;0.0615224;-0.0427529;-0.157456;-0.311783;-0.44317;-0.15537;0.228363;-0.293014;-0.251303;-0.00104274;-0.0427529;0.0218978;0.142857;+1;0;0;0;0

73;0.320843;0.192037;-0.311475;-0.622761;0.768177;-0.140148;-0.683878;-0.085353;-0.525817;-0.371971;-0.0537408;-0.0748156;-0.304531;-0.350896;-0.517387;-0.0769231;0.243414;0.114858;0.515279;-0.13804;-0.135933;-0.319283;-0.275026;-0.243414;0.683878;-0.159115;-0.317176;0.399368;-0.48156;-0.0263435;-0.759747;-0.085353;-0.0558483;-1;-0.559536;-0.496312;-0.475237;0.262381;-0.0979979;-0.778714;-0.441517;0.416228;0.308746;-0.256059;-0.369863;-0.580611;-0.346681;-0.287671;-0.580611;-0.70706;-0.70706;-0.285564;-0.517387;-0.264489;0.157007;-0.264489;0.220232;-0.0115912;-0.643836;0.799789;0.232877;-0.498419;1;-0.167883;0.0615224;-0.293014;-0.188738;0.374348;0.0615224;-0.0427529;-0.157456;-0.311783;-0.44317;-0.15537;0.228363;-0.293014;-0.251303;-0.00104274;-0.0427529;0.0218978;-1;0;0;0;0

73;-0.0655738;0.320843;0.192037;-0.3804;-0.622761;0.768177;-0.140148;-0.683878;-0.085353;-0.525817;-0.371971;-0.0537408;-0.0748156;-0.304531;-0.350896;-0.517387;-0.0769231;0.243414;0.114858;0.515279;-0.13804;-0.135933;-0.319283;-0.275026;-0.243414;0.683878;-0.159115;-0.317176;0.399368;-0.48156;-0.0263435;-0.759747;-0.085353;-0.0558483;-1;-0.559536;-0.496312;-0.475237;0.262381;-0.0979979;-0.778714;-0.441517;0.416228;0.308746;-0.256059;-0.369863;-0.580611;-0.346681;-0.287671;-0.580611;-0.70706;-0.70706;-0.285564;-0.517387;-0.264489;0.157007;-0.264489;0.220232;-0.0115912;-0.643836;0.799789;0.232877;-0.498419;0.979145;-0.167883;0.0615224;-0.293014;-0.188738;0.374348;0.0615224;-0.0427529;-0.157456;-0.311783;-0.44317;-0.15537;0.228363;-0.293014;-0.251303;-0.00104274;-0.0427529;+1;0;0;0;0

74.3;0.238876;-0.0655738;0.320843;0.0727081;-0.3804;-0.622761;0.768177;-0.140148;-0.683878;-0.085353;-0.525817;-0.371971;-0.0537408;-0.0748156;-0.304531;-0.350896;-0.517387;-0.0769231;0.243414;0.114858;0.515279;-0.13804;-0.135933;-0.319283;-0.275026;-0.243414;0.683878;-0.159115;-0.317176;0.399368;-0.48156;-0.0263435;-0.759747;-0.085353;-0.0558483;-1;-0.559536;-0.496312;-0.475237;0.262381;-0.0979979;-0.778714;-0.441517;0.416228;0.308746;-0.256059;-0.369863;-0.580611;-0.346681;-0.287671;-0.580611;-0.70706;-0.70706;-0.285564;-0.517387;-0.264489;0.157007;-0.264489;0.220232;-0.0115912;-0.643836;0.799789;0.232877;-0.50365;0.979145;-0.167883;0.0615224;-0.293014;-0.188738;0.374348;0.0615224;-0.0427529;-0.157456;-0.311783;-0.44317;-0.15537;0.228363;-0.293014;-0.251303;-0.00104274;+1;0;0;0;0

75.7;0.262295;0.238876;-0.0655738;0.18862;0.0727081;-0.3804;-0.622761;0.768177;-0.140148;-0.683878;-0.085353;-0.525817;-0.371971;-0.0537408;-0.0748156;-0.304531;-0.350896;-0.517387;-0.0769231;0.243414;0.114858;0.515279;-0.13804;-0.135933;-0.319283;-0.275026;-0.243414;0.683878;-0.159115;-0.317176;0.399368;-0.48156;-0.0263435;-0.759747;-0.085353;-0.0558483;-1;-0.559536;-0.496312;-0.475237;0.262381;-0.0979979;-0.778714;-0.441517;0.416228;0.308746;-0.256059;-0.369863;-0.580611;-0.346681;-0.287671;-0.580611;-0.70706;-0.70706;-0.285564;-0.517387;-0.264489;0.157007;-0.264489;0.220232;-0.0115912;-0.643836;0.799789;0.220021;-0.50365;0.979145;-0.167883;0.0615224;-0.293014;-0.188738;0.374348;0.0615224;-0.0427529;-0.157456;-0.311783;-0.44317;-0.15537;0.228363;-0.293014;-0.251303;-1;0;0;0;0

75;-0.229508;0.262295;0.238876;-0.159115;0.18862;0.0727081;-0.3804;-0.622761;0.768177;-0.140148;-0.683878;-0.085353;-0.525817;-0.371971;-0.0537408;-0.0748156;-0.304531;-0.350896;-0.517387;-0.0769231;0.243414;0.114858;0.515279;-0.13804;-0.135933;-0.319283;-0.275026;-0.243414;0.683878;-0.159115;-0.317176;0.399368;-0.48156;-0.0263435;-0.759747;-0.085353;-0.0558483;-1;-0.559536;-0.496312;-0.475237;0.262381;-0.0979979;-0.778714;-0.441517;0.416228;0.308746;-0.256059;-0.369863;-0.580611;-0.346681;-0.287671;-0.580611;-0.70706;-0.70706;-0.285564;-0.517387;-0.264489;0.157007;-0.264489;0.220232;-0.0115912;-0.643836;0.781022;0.220021;-0.50365;0.979145;-0.167883;0.0615224;-0.293014;-0.188738;0.374348;0.0615224;-0.0427529;-0.157456;-0.311783;-0.44317;-0.15537;0.228363;-0.293014;-1;0;0;0;0

73.5;-0.416862;-0.229508;0.262295;0.114858;-0.159115;0.18862;0.0727081;-0.3804;-0.622761;0.768177;-0.140148;-0.683878;-0.085353;-0.525817;-0.371971;-0.0537408;-0.0748156;-0.304531;-0.350896;-0.517387;-0.0769231;0.243414;0.114858;0.515279;-0.13804;-0.135933;-0.319283;-0.275026;-0.243414;0.683878;-0.159115;-0.317176;0.399368;-0.48156;-0.0263435;-0.759747;-0.085353;-0.0558483;-1;-0.559536;-0.496312;-0.475237;0.262381;-0.0979979;-0.778714;-0.441517;0.416228;0.308746;-0.256059;-0.369863;-0.580611;-0.346681;-0.287671;-0.580611;-0.70706;-0.70706;-0.285564;-0.517387;-0.264489;0.157007;-0.264489;0.220232;-0.0115912;-0.64755;0.781022;0.220021;-0.50365;0.979145;-0.167883;0.0615224;-0.293014;-0.188738;0.374348;0.0615224;-0.0427529;-0.157456;-0.311783;-0.44317;-0.15537;0.228363;+1;0;0;0;0

75.61;0.428571;-0.416862;-0.229508;0.135933;0.114858;-0.159115;0.18862;0.0727081;-0.3804;-0.622761;0.768177;-0.140148;-0.683878;-0.085353;-0.525817;-0.371971;-0.0537408;-0.0748156;-0.304531;-0.350896;-0.517387;-0.0769231;0.243414;0.114858;0.515279;-0.13804;-0.135933;-0.319283;-0.275026;-0.243414;0.683878;-0.159115;-0.317176;0.399368;-0.48156;-0.0263435;-0.759747;-0.085353;-0.0558483;-1;-0.559536;-0.496312;-0.475237;0.262381;-0.0979979;-0.778714;-0.441517;0.416228;0.308746;-0.256059;-0.369863;-0.580611;-0.346681;-0.287671;-0.580611;-0.70706;-0.70706;-0.285564;-0.517387;-0.264489;0.157007;-0.264489;0.220232;-0.0218978;-0.64755;0.781022;0.220021;-0.50365;0.979145;-0.167883;0.0615224;-0.293014;-0.188738;0.374348;0.0615224;-0.0427529;-0.157456;-0.311783;-0.44317;-0.15537;+1;0;0;0;0

76.3;0.0960187;0.428571;-0.416862;-0.306639;0.135933;0.114858;-0.159115;0.18862;0.0727081;-0.3804;-0.622761;0.768177;-0.140148;-0.683878;-0.085353;-0.525817;-0.371971;-0.0537408;-0.0748156;-0.304531;-0.350896;-0.517387;-0.0769231;0.243414;0.114858;0.515279;-0.13804;-0.135933;-0.319283;-0.275026;-0.243414;0.683878;-0.159115;-0.317176;0.399368;-0.48156;-0.0263435;-0.759747;-0.085353;-0.0558483;-1;-0.559536;-0.496312;-0.475237;0.262381;-0.0979979;-0.778714;-0.441517;0.416228;0.308746;-0.256059;-0.369863;-0.580611;-0.346681;-0.287671;-0.580611;-0.70706;-0.70706;-0.285564;-0.517387;-0.264489;0.157007;-0.264489;0.207508;-0.0218978;-0.64755;0.781022;0.220021;-0.50365;0.979145;-0.167883;0.0615224;-0.293014;-0.188738;0.374348;0.0615224;-0.0427529;-0.157456;-0.311783;-0.44317;+1;0;0;0;0

78.79;0.517564;0.0960187;0.428571;-0.475237;-0.306639;0.135933;0.114858;-0.159115;0.18862;0.0727081;-0.3804;-0.622761;0.768177;-0.140148;-0.683878;-0.085353;-0.525817;-0.371971;-0.0537408;-0.0748156;-0.304531;-0.350896;-0.517387;-0.0769231;0.243414;0.114858;0.515279;-0.13804;-0.135933;-0.319283;-0.275026;-0.243414;0.683878;-0.159115;-0.317176;0.399368;-0.48156;-0.0263435;-0.759747;-0.085353;-0.0558483;-1;-0.559536;-0.496312;-0.475237;0.262381;-0.0979979;-0.778714;-0.441517;0.416228;0.308746;-0.256059;-0.369863;-0.580611;-0.346681;-0.287671;-0.580611;-0.70706;-0.70706;-0.285564;-0.517387;-0.264489;0.157007;-0.272159;0.207508;-0.0218978;-0.64755;0.781022;0.220021;-0.50365;0.979145;-0.167883;0.0615224;-0.293014;-0.188738;0.374348;0.0615224;-0.0427529;-0.157456;-0.311783;-1;0;0;0;0

78;-0.250585;0.517564;0.0960187;0.285564;-0.475237;-0.306639;0.135933;0.114858;-0.159115;0.18862;0.0727081;-0.3804;-0.622761;0.768177;-0.140148;-0.683878;-0.085353;-0.525817;-0.371971;-0.0537408;-0.0748156;-0.304531;-0.350896;-0.517387;-0.0769231;0.243414;0.114858;0.515279;-0.13804;-0.135933;-0.319283;-0.275026;-0.243414;0.683878;-0.159115;-0.317176;0.399368;-0.48156;-0.0263435;-0.759747;-0.085353;-0.0558483;-1;-0.559536;-0.496312;-0.475237;0.262381;-0.0979979;-0.778714;-0.441517;0.416228;0.308746;-0.256059;-0.369863;-0.580611;-0.346681;-0.287671;-0.580611;-0.70706;-0.70706;-0.285564;-0.517387;-0.264489;0.144943;-0.272159;0.207508;-0.0218978;-0.64755;0.781022;0.220021;-0.50365;0.979145;-0.167883;0.0615224;-0.293014;-0.188738;0.374348;0.0615224;-0.0427529;-0.157456;-1;0;0;0;0

77.4;-0.206089;-0.250585;0.517564;-0.0136986;0.285564;-0.475237;-0.306639;0.135933;0.114858;-0.159115;0.18862;0.0727081;-0.3804;-0.622761;0.768177;-0.140148;-0.683878;-0.085353;-0.525817;-0.371971;-0.0537408;-0.0748156;-0.304531;-0.350896;-0.517387;-0.0769231;0.243414;0.114858;0.515279;-0.13804;-0.135933;-0.319283;-0.275026;-0.243414;0.683878;-0.159115;-0.317176;0.399368;-0.48156;-0.0263435;-0.759747;-0.085353;-0.0558483;-1;-0.559536;-0.496312;-0.475237;0.262381;-0.0979979;-0.778714;-0.441517;0.416228;0.308746;-0.256059;-0.369863;-0.580611;-0.346681;-0.287671;-0.580611;-0.70706;-0.70706;-0.285564;-0.517387;-0.272159;0.144943;-0.272159;0.207508;-0.0218978;-0.64755;0.781022;0.220021;-0.50365;0.979145;-0.167883;0.0615224;-0.293014;-0.188738;0.374348;0.0615224;-0.0427529;-1;0;0;0;0

76;-0.393443;-0.206089;-0.250585;0.365648;-0.0136986;0.285564;-0.475237;-0.306639;0.135933;0.114858;-0.159115;0.18862;0.0727081;-0.3804;-0.622761;0.768177;-0.140148;-0.683878;-0.085353;-0.525817;-0.371971;-0.0537408;-0.0748156;-0.304531;-0.350896;-0.517387;-0.0769231;0.243414;0.114858;0.515279;-0.13804;-0.135933;-0.319283;-0.275026;-0.243414;0.683878;-0.159115;-0.317176;0.399368;-0.48156;-0.0263435;-0.759747;-0.085353;-0.0558483;-1;-0.559536;-0.496312;-0.475237;0.262381;-0.0979979;-0.778714;-0.441517;0.416228;0.308746;-0.256059;-0.369863;-0.580611;-0.346681;-0.287671;-0.580611;-0.70706;-0.70706;-0.285564;-0.522419;-0.272159;0.144943;-0.272159;0.207508;-0.0218978;-0.64755;0.781022;0.220021;-0.50365;0.979145;-0.167883;0.0615224;-0.293014;-0.188738;0.374348;0.0615224;+1;0;0;0;0

79.5;0.754098;-0.393443;-0.206089;-0.325606;0.365648;-0.0136986;0.285564;-0.475237;-0.306639;0.135933;0.114858;-0.159115;0.18862;0.0727081;-0.3804;-0.622761;0.768177;-0.140148;-0.683878;-0.085353;-0.525817;-0.371971;-0.0537408;-0.0748156;-0.304531;-0.350896;-0.517387;-0.0769231;0.243414;0.114858;0.515279;-0.13804;-0.135933;-0.319283;-0.275026;-0.243414;0.683878;-0.159115;-0.317176;0.399368;-0.48156;-0.0263435;-0.759747;-0.085353;-0.0558483;-1;-0.559536;-0.496312;-0.475237;0.262381;-0.0979979;-0.778714;-0.441517;0.416228;0.308746;-0.256059;-0.369863;-0.580611;-0.346681;-0.287671;-0.580611;-0.70706;-0.70706;-0.293014;-0.522419;-0.272159;0.144943;-0.272159;0.207508;-0.0218978;-0.64755;0.781022;0.220021;-0.50365;0.979145;-0.167883;0.0615224;-0.293014;-0.188738;0.374348;-1;0;0;0;0

77.9;-0.440281;0.754098;-0.393443;-0.285564;-0.325606;0.365648;-0.0136986;0.285564;-0.475237;-0.306639;0.135933;0.114858;-0.159115;0.18862;0.0727081;-0.3804;-0.622761;0.768177;-0.140148;-0.683878;-0.085353;-0.525817;-0.371971;-0.0537408;-0.0748156;-0.304531;-0.350896;-0.517387;-0.0769231;0.243414;0.114858;0.515279;-0.13804;-0.135933;-0.319283;-0.275026;-0.243414;0.683878;-0.159115;-0.317176;0.399368;-0.48156;-0.0263435;-0.759747;-0.085353;-0.0558483;-1;-0.559536;-0.496312;-0.475237;0.262381;-0.0979979;-0.778714;-0.441517;0.416228;0.308746;-0.256059;-0.369863;-0.580611;-0.346681;-0.287671;-0.580611;-0.70706;-0.710115;-0.293014;-0.522419;-0.272159;0.144943;-0.272159;0.207508;-0.0218978;-0.64755;0.781022;0.220021;-0.50365;0.979145;-0.167883;0.0615224;-0.293014;-0.188738;-1;0;0;0;0

76.8;-0.323185;-0.440281;0.754098;-0.454162;-0.285564;-0.325606;0.365648;-0.0136986;0.285564;-0.475237;-0.306639;0.135933;0.114858;-0.159115;0.18862;0.0727081;-0.3804;-0.622761;0.768177;-0.140148;-0.683878;-0.085353;-0.525817;-0.371971;-0.0537408;-0.0748156;-0.304531;-0.350896;-0.517387;-0.0769231;0.243414;0.114858;0.515279;-0.13804;-0.135933;-0.319283;-0.275026;-0.243414;0.683878;-0.159115;-0.317176;0.399368;-0.48156;-0.0263435;-0.759747;-0.085353;-0.0558483;-1;-0.559536;-0.496312;-0.475237;0.262381;-0.0979979;-0.778714;-0.441517;0.416228;0.308746;-0.256059;-0.369863;-0.580611;-0.346681;-0.287671;-0.580611;-0.710115;-0.710115;-0.293014;-0.522419;-0.272159;0.144943;-0.272159;0.207508;-0.0218978;-0.64755;0.781022;0.220021;-0.50365;0.979145;-0.167883;0.0615224;-0.293014;-1;0;0;0;0

76.5;-0.135831;-0.323185;-0.440281;0.578504;-0.454162;-0.285564;-0.325606;0.365648;-0.0136986;0.285564;-0.475237;-0.306639;0.135933;0.114858;-0.159115;0.18862;0.0727081;-0.3804;-0.622761;0.768177;-0.140148;-0.683878;-0.085353;-0.525817;-0.371971;-0.0537408;-0.0748156;-0.304531;-0.350896;-0.517387;-0.0769231;0.243414;0.114858;0.515279;-0.13804;-0.135933;-0.319283;-0.275026;-0.243414;0.683878;-0.159115;-0.317176;0.399368;-0.48156;-0.0263435;-0.759747;-0.085353;-0.0558483;-1;-0.559536;-0.496312;-0.475237;0.262381;-0.0979979;-0.778714;-0.441517;0.416228;0.308746;-0.256059;-0.369863;-0.580611;-0.346681;-0.287671;-0.584984;-0.710115;-0.710115;-0.293014;-0.522419;-0.272159;0.144943;-0.272159;0.207508;-0.0218978;-0.64755;0.781022;0.220021;-0.50365;0.979145;-0.167883;0.0615224;+1;0;0;0;0

77.1;0.0749414;-0.135831;-0.323185;-0.496312;0.578504;-0.454162;-0.285564;-0.325606;0.365648;-0.0136986;0.285564;-0.475237;-0.306639;0.135933;0.114858;-0.159115;0.18862;0.0727081;-0.3804;-0.622761;0.768177;-0.140148;-0.683878;-0.085353;-0.525817;-0.371971;-0.0537408;-0.0748156;-0.304531;-0.350896;-0.517387;-0.0769231;0.243414;0.114858;0.515279;-0.13804;-0.135933;-0.319283;-0.275026;-0.243414;0.683878;-0.159115;-0.317176;0.399368;-0.48156;-0.0263435;-0.759747;-0.085353;-0.0558483;-1;-0.559536;-0.496312;-0.475237;0.262381;-0.0979979;-0.778714;-0.441517;0.416228;0.308746;-0.256059;-0.369863;-0.580611;-0.346681;-0.295099;-0.584984;-0.710115;-0.710115;-0.293014;-0.522419;-0.272159;0.144943;-0.272159;0.207508;-0.0218978;-0.64755;0.781022;0.220021;-0.50365;0.979145;-0.167883;+1;0;0;0;0

78.8;0.332553;0.0749414;-0.135831;-0.390938;-0.496312;0.578504;-0.454162;-0.285564;-0.325606;0.365648;-0.0136986;0.285564;-0.475237;-0.306639;0.135933;0.114858;-0.159115;0.18862;0.0727081;-0.3804;-0.622761;0.768177;-0.140148;-0.683878;-0.085353;-0.525817;-0.371971;-0.0537408;-0.0748156;-0.304531;-0.350896;-0.517387;-0.0769231;0.243414;0.114858;0.515279;-0.13804;-0.135933;-0.319283;-0.275026;-0.243414;0.683878;-0.159115;-0.317176;0.399368;-0.48156;-0.0263435;-0.759747;-0.085353;-0.0558483;-1;-0.559536;-0.496312;-0.475237;0.262381;-0.0979979;-0.778714;-0.441517;0.416228;0.308746;-0.256059;-0.369863;-0.580611;-0.353493;-0.295099;-0.584984;-0.710115;-0.710115;-0.293014;-0.522419;-0.272159;0.144943;-0.272159;0.207508;-0.0218978;-0.64755;0.781022;0.220021;-0.50365;0.979145;-1;0;0;0;0

78.25;-0.194379;0.332553;0.0749414;-0.222339;-0.390938;-0.496312;0.578504;-0.454162;-0.285564;-0.325606;0.365648;-0.0136986;0.285564;-0.475237;-0.306639;0.135933;0.114858;-0.159115;0.18862;0.0727081;-0.3804;-0.622761;0.768177;-0.140148;-0.683878;-0.085353;-0.525817;-0.371971;-0.0537408;-0.0748156;-0.304531;-0.350896;-0.517387;-0.0769231;0.243414;0.114858;0.515279;-0.13804;-0.135933;-0.319283;-0.275026;-0.243414;0.683878;-0.159115;-0.317176;0.399368;-0.48156;-0.0263435;-0.759747;-0.085353;-0.0558483;-1;-0.559536;-0.496312;-0.475237;0.262381;-0.0979979;-0.778714;-0.441517;0.416228;0.308746;-0.256059;-0.369863;-0.584984;-0.353493;-0.295099;-0.584984;-0.710115;-0.710115;-0.293014;-0.522419;-0.272159;0.144943;-0.272159;0.207508;-0.0218978;-0.64755;0.781022;0.220021;-0.50365;-1;0;0;0;0

75.95;-0.604215;-0.194379;0.332553;-0.032666;-0.222339;-0.390938;-0.496312;0.578504;-0.454162;-0.285564;-0.325606;0.365648;-0.0136986;0.285564;-0.475237;-0.306639;0.135933;0.114858;-0.159115;0.18862;0.0727081;-0.3804;-0.622761;0.768177;-0.140148;-0.683878;-0.085353;-0.525817;-0.371971;-0.0537408;-0.0748156;-0.304531;-0.350896;-0.517387;-0.0769231;0.243414;0.114858;0.515279;-0.13804;-0.135933;-0.319283;-0.275026;-0.243414;0.683878;-0.159115;-0.317176;0.399368;-0.48156;-0.0263435;-0.759747;-0.085353;-0.0558483;-1;-0.559536;-0.496312;-0.475237;0.262381;-0.0979979;-0.778714;-0.441517;0.416228;0.308746;-0.256059;-0.376434;-0.584984;-0.353493;-0.295099;-0.584984;-0.710115;-0.710115;-0.293014;-0.522419;-0.272159;0.144943;-0.272159;0.207508;-0.0218978;-0.64755;0.781022;0.220021;-1;0;0;0;0

73.2;-0.709602;-0.604215;-0.194379;0.199157;-0.032666;-0.222339;-0.390938;-0.496312;0.578504;-0.454162;-0.285564;-0.325606;0.365648;-0.0136986;0.285564;-0.475237;-0.306639;0.135933;0.114858;-0.159115;0.18862;0.0727081;-0.3804;-0.622761;0.768177;-0.140148;-0.683878;-0.085353;-0.525817;-0.371971;-0.0537408;-0.0748156;-0.304531;-0.350896;-0.517387;-0.0769231;0.243414;0.114858;0.515279;-0.13804;-0.135933;-0.319283;-0.275026;-0.243414;0.683878;-0.159115;-0.317176;0.399368;-0.48156;-0.0263435;-0.759747;-0.085353;-0.0558483;-1;-0.559536;-0.496312;-0.475237;0.262381;-0.0979979;-0.778714;-0.441517;0.416228;0.308746;-0.263816;-0.376434;-0.584984;-0.353493;-0.295099;-0.584984;-0.710115;-0.710115;-0.293014;-0.522419;-0.272159;0.144943;-0.272159;0.207508;-0.0218978;-0.64755;0.781022;-1;0;0;0;0

70.2;-0.76815;-0.709602;-0.604215;-0.275026;0.199157;-0.032666;-0.222339;-0.390938;-0.496312;0.578504;-0.454162;-0.285564;-0.325606;0.365648;-0.0136986;0.285564;-0.475237;-0.306639;0.135933;0.114858;-0.159115;0.18862;0.0727081;-0.3804;-0.622761;0.768177;-0.140148;-0.683878;-0.085353;-0.525817;-0.371971;-0.0537408;-0.0748156;-0.304531;-0.350896;-0.517387;-0.0769231;0.243414;0.114858;0.515279;-0.13804;-0.135933;-0.319283;-0.275026;-0.243414;0.683878;-0.159115;-0.317176;0.399368;-0.48156;-0.0263435;-0.759747;-0.085353;-0.0558483;-1;-0.559536;-0.496312;-0.475237;0.262381;-0.0979979;-0.778714;-0.441517;0.416228;0.295099;-0.263816;-0.376434;-0.584984;-0.353493;-0.295099;-0.584984;-0.710115;-0.710115;-0.293014;-0.522419;-0.272159;0.144943;-0.272159;0.207508;-0.0218978;-0.64755;+1;0;0;0;0

71;0.12178;-0.76815;-0.709602;-0.643836;-0.275026;0.199157;-0.032666;-0.222339;-0.390938;-0.496312;0.578504;-0.454162;-0.285564;-0.325606;0.365648;-0.0136986;0.285564;-0.475237;-0.306639;0.135933;0.114858;-0.159115;0.18862;0.0727081;-0.3804;-0.622761;0.768177;-0.140148;-0.683878;-0.085353;-0.525817;-0.371971;-0.0537408;-0.0748156;-0.304531;-0.350896;-0.517387;-0.0769231;0.243414;0.114858;0.515279;-0.13804;-0.135933;-0.319283;-0.275026;-0.243414;0.683878;-0.159115;-0.317176;0.399368;-0.48156;-0.0263435;-0.759747;-0.085353;-0.0558483;-1;-0.559536;-0.496312;-0.475237;0.262381;-0.0979979;-0.778714;-0.441517;0.40146;0.295099;-0.263816;-0.376434;-0.584984;-0.353493;-0.295099;-0.584984;-0.710115;-0.710115;-0.293014;-0.522419;-0.272159;0.144943;-0.272159;0.207508;-0.0218978;+1;0;0;0;0

71.2;-0.0187354;0.12178;-0.76815;-0.738672;-0.643836;-0.275026;0.199157;-0.032666;-0.222339;-0.390938;-0.496312;0.578504;-0.454162;-0.285564;-0.325606;0.365648;-0.0136986;0.285564;-0.475237;-0.306639;0.135933;0.114858;-0.159115;0.18862;0.0727081;-0.3804;-0.622761;0.768177;-0.140148;-0.683878;-0.085353;-0.525817;-0.371971;-0.0537408;-0.0748156;-0.304531;-0.350896;-0.517387;-0.0769231;0.243414;0.114858;0.515279;-0.13804;-0.135933;-0.319283;-0.275026;-0.243414;0.683878;-0.159115;-0.317176;0.399368;-0.48156;-0.0263435;-0.759747;-0.085353;-0.0558483;-1;-0.559536;-0.496312;-0.475237;0.262381;-0.0979979;-0.778714;-0.447341;0.40146;0.295099;-0.263816;-0.376434;-0.584984;-0.353493;-0.295099;-0.584984;-0.710115;-0.710115;-0.293014;-0.522419;-0.272159;0.144943;-0.272159;0.207508;+1;0;0;0;0

73.8;0.543325;-0.0187354;0.12178;-0.791359;-0.738672;-0.643836;-0.275026;0.199157;-0.032666;-0.222339;-0.390938;-0.496312;0.578504;-0.454162;-0.285564;-0.325606;0.365648;-0.0136986;0.285564;-0.475237;-0.306639;0.135933;0.114858;-0.159115;0.18862;0.0727081;-0.3804;-0.622761;0.768177;-0.140148;-0.683878;-0.085353;-0.525817;-0.371971;-0.0537408;-0.0748156;-0.304531;-0.350896;-0.517387;-0.0769231;0.243414;0.114858;0.515279;-0.13804;-0.135933;-0.319283;-0.275026;-0.243414;0.683878;-0.159115;-0.317176;0.399368;-0.48156;-0.0263435;-0.759747;-0.085353;-0.0558483;-1;-0.559536;-0.496312;-0.475237;0.262381;-0.0979979;-0.781022;-0.447341;0.40146;0.295099;-0.263816;-0.376434;-0.584984;-0.353493;-0.295099;-0.584984;-0.710115;-0.710115;-0.293014;-0.522419;-0.272159;0.144943;-0.272159;-1;0;0;0;0

73.5;-0.135831;0.543325;-0.0187354;0.00948367;-0.791359;-0.738672;-0.643836;-0.275026;0.199157;-0.032666;-0.222339;-0.390938;-0.496312;0.578504;-0.454162;-0.285564;-0.325606;0.365648;-0.0136986;0.285564;-0.475237;-0.306639;0.135933;0.114858;-0.159115;0.18862;0.0727081;-0.3804;-0.622761;0.768177;-0.140148;-0.683878;-0.085353;-0.525817;-0.371971;-0.0537408;-0.0748156;-0.304531;-0.350896;-0.517387;-0.0769231;0.243414;0.114858;0.515279;-0.13804;-0.135933;-0.319283;-0.275026;-0.243414;0.683878;-0.159115;-0.317176;0.399368;-0.48156;-0.0263435;-0.759747;-0.085353;-0.0558483;-1;-0.559536;-0.496312;-0.475237;0.262381;-0.107404;-0.781022;-0.447341;0.40146;0.295099;-0.263816;-0.376434;-0.584984;-0.353493;-0.295099;-0.584984;-0.710115;-0.710115;-0.293014;-0.522419;-0.272159;0.144943;+1;0;0;0;0

75.15;0.320843;-0.135831;0.543325;-0.116965;0.00948367;-0.791359;-0.738672;-0.643836;-0.275026;0.199157;-0.032666;-0.222339;-0.390938;-0.496312;0.578504;-0.454162;-0.285564;-0.325606;0.365648;-0.0136986;0.285564;-0.475237;-0.306639;0.135933;0.114858;-0.159115;0.18862;0.0727081;-0.3804;-0.622761;0.768177;-0.140148;-0.683878;-0.085353;-0.525817;-0.371971;-0.0537408;-0.0748156;-0.304531;-0.350896;-0.517387;-0.0769231;0.243414;0.114858;0.515279;-0.13804;-0.135933;-0.319283;-0.275026;-0.243414;0.683878;-0.159115;-0.317176;0.399368;-0.48156;-0.0263435;-0.759747;-0.085353;-0.0558483;-1;-0.559536;-0.496312;-0.475237;0.249218;-0.107404;-0.781022;-0.447341;0.40146;0.295099;-0.263816;-0.376434;-0.584984;-0.353493;-0.295099;-0.584984;-0.710115;-0.710115;-0.293014;-0.522419;-0.272159;+1;0;0;0;0

75.79;0.0843091;0.320843;-0.135831;0.38883;-0.116965;0.00948367;-0.791359;-0.738672;-0.643836;-0.275026;0.199157;-0.032666;-0.222339;-0.390938;-0.496312;0.578504;-0.454162;-0.285564;-0.325606;0.365648;-0.0136986;0.285564;-0.475237;-0.306639;0.135933;0.114858;-0.159115;0.18862;0.0727081;-0.3804;-0.622761;0.768177;-0.140148;-0.683878;-0.085353;-0.525817;-0.371971;-0.0537408;-0.0748156;-0.304531;-0.350896;-0.517387;-0.0769231;0.243414;0.114858;0.515279;-0.13804;-0.135933;-0.319283;-0.275026;-0.243414;0.683878;-0.159115;-0.317176;0.399368;-0.48156;-0.0263435;-0.759747;-0.085353;-0.0558483;-1;-0.559536;-0.496312;-0.480709;0.249218;-0.107404;-0.781022;-0.447341;0.40146;0.295099;-0.263816;-0.376434;-0.584984;-0.353493;-0.295099;-0.584984;-0.710115;-0.710115;-0.293014;-0.522419;+1;0;0;0;0

75.98;-0.0210773;0.0843091;0.320843;-0.222339;0.38883;-0.116965;0.00948367;-0.791359;-0.738672;-0.643836;-0.275026;0.199157;-0.032666;-0.222339;-0.390938;-0.496312;0.578504;-0.454162;-0.285564;-0.325606;0.365648;-0.0136986;0.285564;-0.475237;-0.306639;0.135933;0.114858;-0.159115;0.18862;0.0727081;-0.3804;-0.622761;0.768177;-0.140148;-0.683878;-0.085353;-0.525817;-0.371971;-0.0537408;-0.0748156;-0.304531;-0.350896;-0.517387;-0.0769231;0.243414;0.114858;0.515279;-0.13804;-0.135933;-0.319283;-0.275026;-0.243414;0.683878;-0.159115;-0.317176;0.399368;-0.48156;-0.0263435;-0.759747;-0.085353;-0.0558483;-1;-0.559536;-0.501564;-0.480709;0.249218;-0.107404;-0.781022;-0.447341;0.40146;0.295099;-0.263816;-0.376434;-0.584984;-0.353493;-0.295099;-0.584984;-0.710115;-0.710115;-0.293014;+1;0;0;0;0

76.2;-0.0140515;-0.0210773;0.0843091;0.18862;-0.222339;0.38883;-0.116965;0.00948367;-0.791359;-0.738672;-0.643836;-0.275026;0.199157;-0.032666;-0.222339;-0.390938;-0.496312;0.578504;-0.454162;-0.285564;-0.325606;0.365648;-0.0136986;0.285564;-0.475237;-0.306639;0.135933;0.114858;-0.159115;0.18862;0.0727081;-0.3804;-0.622761;0.768177;-0.140148;-0.683878;-0.085353;-0.525817;-0.371971;-0.0537408;-0.0748156;-0.304531;-0.350896;-0.517387;-0.0769231;0.243414;0.114858;0.515279;-0.13804;-0.135933;-0.319283;-0.275026;-0.243414;0.683878;-0.159115;-0.317176;0.399368;-0.48156;-0.0263435;-0.759747;-0.085353;-0.0558483;-1;-0.564129;-0.501564;-0.480709;0.249218;-0.107404;-0.781022;-0.447341;0.40146;0.295099;-0.263816;-0.376434;-0.584984;-0.353493;-0.295099;-0.584984;-0.710115;-0.710115;-1;0;0;0;0

75.65;-0.194379;-0.0140515;-0.0210773;-0.024236;0.18862;-0.222339;0.38883;-0.116965;0.00948367;-0.791359;-0.738672;-0.643836;-0.275026;0.199157;-0.032666;-0.222339;-0.390938;-0.496312;0.578504;-0.454162;-0.285564;-0.325606;0.365648;-0.0136986;0.285564;-0.475237;-0.306639;0.135933;0.114858;-0.159115;0.18862;0.0727081;-0.3804;-0.622761;0.768177;-0.140148;-0.683878;-0.085353;-0.525817;-0.371971;-0.0537408;-0.0748156;-0.304531;-0.350896;-0.517387;-0.0769231;0.243414;0.114858;0.515279;-0.13804;-0.135933;-0.319283;-0.275026;-0.243414;0.683878;-0.159115;-0.317176;0.399368;-0.48156;-0.0263435;-0.759747;-0.085353;-0.0558483;-1;-0.564129;-0.501564;-0.480709;0.249218;-0.107404;-0.781022;-0.447341;0.40146;0.295099;-0.263816;-0.376434;-0.584984;-0.353493;-0.295099;-0.584984;-0.710115;-1;0;0;0;0

75;-0.217799;-0.194379;-0.0140515;-0.119073;-0.024236;0.18862;-0.222339;0.38883;-0.116965;0.00948367;-0.791359;-0.738672;-0.643836;-0.275026;0.199157;-0.032666;-0.222339;-0.390938;-0.496312;0.578504;-0.454162;-0.285564;-0.325606;0.365648;-0.0136986;0.285564;-0.475237;-0.306639;0.135933;0.114858;-0.159115;0.18862;0.0727081;-0.3804;-0.622761;0.768177;-0.140148;-0.683878;-0.085353;-0.525817;-0.371971;-0.0537408;-0.0748156;-0.304531;-0.350896;-0.517387;-0.0769231;0.243414;0.114858;0.515279;-0.13804;-0.135933;-0.319283;-0.275026;-0.243414;0.683878;-0.159115;-0.317176;0.399368;-0.48156;-0.0263435;-0.759747;-0.085353;-0.0656934;-1;-0.564129;-0.501564;-0.480709;0.249218;-0.107404;-0.781022;-0.447341;0.40146;0.295099;-0.263816;-0.376434;-0.584984;-0.353493;-0.295099;-0.584984;-1;0;0;0;0

75;-0.0655738;-0.217799;-0.194379;-0.11275;-0.119073;-0.024236;0.18862;-0.222339;0.38883;-0.116965;0.00948367;-0.791359;-0.738672;-0.643836;-0.275026;0.199157;-0.032666;-0.222339;-0.390938;-0.496312;0.578504;-0.454162;-0.285564;-0.325606;0.365648;-0.0136986;0.285564;-0.475237;-0.306639;0.135933;0.114858;-0.159115;0.18862;0.0727081;-0.3804;-0.622761;0.768177;-0.140148;-0.683878;-0.085353;-0.525817;-0.371971;-0.0537408;-0.0748156;-0.304531;-0.350896;-0.517387;-0.0769231;0.243414;0.114858;0.515279;-0.13804;-0.135933;-0.319283;-0.275026;-0.243414;0.683878;-0.159115;-0.317176;0.399368;-0.48156;-0.0263435;-0.759747;-0.0948905;-0.0656934;-1;-0.564129;-0.501564;-0.480709;0.249218;-0.107404;-0.781022;-0.447341;0.40146;0.295099;-0.263816;-0.376434;-0.584984;-0.353493;-0.295099;-1;0;0;0;0

72.79;-0.583138;-0.0655738;-0.217799;-0.275026;-0.11275;-0.119073;-0.024236;0.18862;-0.222339;0.38883;-0.116965;0.00948367;-0.791359;-0.738672;-0.643836;-0.275026;0.199157;-0.032666;-0.222339;-0.390938;-0.496312;0.578504;-0.454162;-0.285564;-0.325606;0.365648;-0.0136986;0.285564;-0.475237;-0.306639;0.135933;0.114858;-0.159115;0.18862;0.0727081;-0.3804;-0.622761;0.768177;-0.140148;-0.683878;-0.085353;-0.525817;-0.371971;-0.0537408;-0.0748156;-0.304531;-0.350896;-0.517387;-0.0769231;0.243414;0.114858;0.515279;-0.13804;-0.135933;-0.319283;-0.275026;-0.243414;0.683878;-0.159115;-0.317176;0.399368;-0.48156;-0.0263435;-0.762252;-0.0948905;-0.0656934;-1;-0.564129;-0.501564;-0.480709;0.249218;-0.107404;-0.781022;-0.447341;0.40146;0.295099;-0.263816;-0.376434;-0.584984;-0.353493;-1;0;0;0;0

71.5;-0.367682;-0.583138;-0.0655738;-0.296101;-0.275026;-0.11275;-0.119073;-0.024236;0.18862;-0.222339;0.38883;-0.116965;0.00948367;-0.791359;-0.738672;-0.643836;-0.275026;0.199157;-0.032666;-0.222339;-0.390938;-0.496312;0.578504;-0.454162;-0.285564;-0.325606;0.365648;-0.0136986;0.285564;-0.475237;-0.306639;0.135933;0.114858;-0.159115;0.18862;0.0727081;-0.3804;-0.622761;0.768177;-0.140148;-0.683878;-0.085353;-0.525817;-0.371971;-0.0537408;-0.0748156;-0.304531;-0.350896;-0.517387;-0.0769231;0.243414;0.114858;0.515279;-0.13804;-0.135933;-0.319283;-0.275026;-0.243414;0.683878;-0.159115;-0.317176;0.399368;-0.48156;-0.0364963;-0.762252;-0.0948905;-0.0656934;-1;-0.564129;-0.501564;-0.480709;0.249218;-0.107404;-0.781022;-0.447341;0.40146;0.295099;-0.263816;-0.376434;-0.584984;+1;0;0;0;0

71.6;-0.0421546;-0.367682;-0.583138;-0.159115;-0.296101;-0.275026;-0.11275;-0.119073;-0.024236;0.18862;-0.222339;0.38883;-0.116965;0.00948367;-0.791359;-0.738672;-0.643836;-0.275026;0.199157;-0.032666;-0.222339;-0.390938;-0.496312;0.578504;-0.454162;-0.285564;-0.325606;0.365648;-0.0136986;0.285564;-0.475237;-0.306639;0.135933;0.114858;-0.159115;0.18862;0.0727081;-0.3804;-0.622761;0.768177;-0.140148;-0.683878;-0.085353;-0.525817;-0.371971;-0.0537408;-0.0748156;-0.304531;-0.350896;-0.517387;-0.0769231;0.243414;0.114858;0.515279;-0.13804;-0.135933;-0.319283;-0.275026;-0.243414;0.683878;-0.159115;-0.317176;0.399368;-0.486966;-0.0364963;-0.762252;-0.0948905;-0.0656934;-1;-0.564129;-0.501564;-0.480709;0.249218;-0.107404;-0.781022;-0.447341;0.40146;0.295099;-0.263816;-0.376434;-1;0;0;0;0

71.2;-0.159251;-0.0421546;-0.367682;-0.624868;-0.159115;-0.296101;-0.275026;-0.11275;-0.119073;-0.024236;0.18862;-0.222339;0.38883;-0.116965;0.00948367;-0.791359;-0.738672;-0.643836;-0.275026;0.199157;-0.032666;-0.222339;-0.390938;-0.496312;0.578504;-0.454162;-0.285564;-0.325606;0.365648;-0.0136986;0.285564;-0.475237;-0.306639;0.135933;0.114858;-0.159115;0.18862;0.0727081;-0.3804;-0.622761;0.768177;-0.140148;-0.683878;-0.085353;-0.525817;-0.371971;-0.0537408;-0.0748156;-0.304531;-0.350896;-0.517387;-0.0769231;0.243414;0.114858;0.515279;-0.13804;-0.135933;-0.319283;-0.275026;-0.243414;0.683878;-0.159115;-0.317176;0.384776;-0.486966;-0.0364963;-0.762252;-0.0948905;-0.0656934;-1;-0.564129;-0.501564;-0.480709;0.249218;-0.107404;-0.781022;-0.447341;0.40146;0.295099;-0.263816;+1;0;0;0;0

71.8;0.0749414;-0.159251;-0.0421546;-0.43098;-0.624868;-0.159115;-0.296101;-0.275026;-0.11275;-0.119073;-0.024236;0.18862;-0.222339;0.38883;-0.116965;0.00948367;-0.791359;-0.738672;-0.643836;-0.275026;0.199157;-0.032666;-0.222339;-0.390938;-0.496312;0.578504;-0.454162;-0.285564;-0.325606;0.365648;-0.0136986;0.285564;-0.475237;-0.306639;0.135933;0.114858;-0.159115;0.18862;0.0727081;-0.3804;-0.622761;0.768177;-0.140148;-0.683878;-0.085353;-0.525817;-0.371971;-0.0537408;-0.0748156;-0.304531;-0.350896;-0.517387;-0.0769231;0.243414;0.114858;0.515279;-0.13804;-0.135933;-0.319283;-0.275026;-0.243414;0.683878;-0.159115;-0.324296;0.384776;-0.486966;-0.0364963;-0.762252;-0.0948905;-0.0656934;-1;-0.564129;-0.501564;-0.480709;0.249218;-0.107404;-0.781022;-0.447341;0.40146;0.295099;+1;0;0;0;0

72;-0.0187354;0.0749414;-0.159251;-0.13804;-0.43098;-0.624868;-0.159115;-0.296101;-0.275026;-0.11275;-0.119073;-0.024236;0.18862;-0.222339;0.38883;-0.116965;0.00948367;-0.791359;-0.738672;-0.643836;-0.275026;0.199157;-0.032666;-0.222339;-0.390938;-0.496312;0.578504;-0.454162;-0.285564;-0.325606;0.365648;-0.0136986;0.285564;-0.475237;-0.306639;0.135933;0.114858;-0.159115;0.18862;0.0727081;-0.3804;-0.622761;0.768177;-0.140148;-0.683878;-0.085353;-0.525817;-0.371971;-0.0537408;-0.0748156;-0.304531;-0.350896;-0.517387;-0.0769231;0.243414;0.114858;0.515279;-0.13804;-0.135933;-0.319283;-0.275026;-0.243414;0.683878;-0.167883;-0.324296;0.384776;-0.486966;-0.0364963;-0.762252;-0.0948905;-0.0656934;-1;-0.564129;-0.501564;-0.480709;0.249218;-0.107404;-0.781022;-0.447341;0.40146;-1;0;0;0;0

70.59;-0.395785;-0.0187354;0.0749414;-0.243414;-0.13804;-0.43098;-0.624868;-0.159115;-0.296101;-0.275026;-0.11275;-0.119073;-0.024236;0.18862;-0.222339;0.38883;-0.116965;0.00948367;-0.791359;-0.738672;-0.643836;-0.275026;0.199157;-0.032666;-0.222339;-0.390938;-0.496312;0.578504;-0.454162;-0.285564;-0.325606;0.365648;-0.0136986;0.285564;-0.475237;-0.306639;0.135933;0.114858;-0.159115;0.18862;0.0727081;-0.3804;-0.622761;0.768177;-0.140148;-0.683878;-0.085353;-0.525817;-0.371971;-0.0537408;-0.0748156;-0.304531;-0.350896;-0.517387;-0.0769231;0.243414;0.114858;0.515279;-0.13804;-0.135933;-0.319283;-0.275026;-0.243414;0.666319;-0.167883;-0.324296;0.384776;-0.486966;-0.0364963;-0.762252;-0.0948905;-0.0656934;-1;-0.564129;-0.501564;-0.480709;0.249218;-0.107404;-0.781022;-0.447341;-1;0;0;0;0

69.46;-0.330211;-0.395785;-0.0187354;-0.032666;-0.243414;-0.13804;-0.43098;-0.624868;-0.159115;-0.296101;-0.275026;-0.11275;-0.119073;-0.024236;0.18862;-0.222339;0.38883;-0.116965;0.00948367;-0.791359;-0.738672;-0.643836;-0.275026;0.199157;-0.032666;-0.222339;-0.390938;-0.496312;0.578504;-0.454162;-0.285564;-0.325606;0.365648;-0.0136986;0.285564;-0.475237;-0.306639;0.135933;0.114858;-0.159115;0.18862;0.0727081;-0.3804;-0.622761;0.768177;-0.140148;-0.683878;-0.085353;-0.525817;-0.371971;-0.0537408;-0.0748156;-0.304531;-0.350896;-0.517387;-0.0769231;0.243414;0.114858;0.515279;-0.13804;-0.135933;-0.319283;-0.275026;-0.251303;0.666319;-0.167883;-0.324296;0.384776;-0.486966;-0.0364963;-0.762252;-0.0948905;-0.0656934;-1;-0.564129;-0.501564;-0.480709;0.249218;-0.107404;-0.781022;+1;0;0;0;0

69.52;-0.0515223;-0.330211;-0.395785;-0.116965;-0.032666;-0.243414;-0.13804;-0.43098;-0.624868;-0.159115;-0.296101;-0.275026;-0.11275;-0.119073;-0.024236;0.18862;-0.222339;0.38883;-0.116965;0.00948367;-0.791359;-0.738672;-0.643836;-0.275026;0.199157;-0.032666;-0.222339;-0.390938;-0.496312;0.578504;-0.454162;-0.285564;-0.325606;0.365648;-0.0136986;0.285564;-0.475237;-0.306639;0.135933;0.114858;-0.159115;0.18862;0.0727081;-0.3804;-0.622761;0.768177;-0.140148;-0.683878;-0.085353;-0.525817;-0.371971;-0.0537408;-0.0748156;-0.304531;-0.350896;-0.517387;-0.0769231;0.243414;0.114858;0.515279;-0.13804;-0.135933;-0.319283;-0.282586;-0.251303;0.666319;-0.167883;-0.324296;0.384776;-0.486966;-0.0364963;-0.762252;-0.0948905;-0.0656934;-1;-0.564129;-0.501564;-0.480709;0.249218;-0.107404;-1;0;0;0;0

69.4;-0.0936768;-0.0515223;-0.330211;-0.45627;-0.116965;-0.032666;-0.243414;-0.13804;-0.43098;-0.624868;-0.159115;-0.296101;-0.275026;-0.11275;-0.119073;-0.024236;0.18862;-0.222339;0.38883;-0.116965;0.00948367;-0.791359;-0.738672;-0.643836;-0.275026;0.199157;-0.032666;-0.222339;-0.390938;-0.496312;0.578504;-0.454162;-0.285564;-0.325606;0.365648;-0.0136986;0.285564;-0.475237;-0.306639;0.135933;0.114858;-0.159115;0.18862;0.0727081;-0.3804;-0.622761;0.768177;-0.140148;-0.683878;-0.085353;-0.525817;-0.371971;-0.0537408;-0.0748156;-0.304531;-0.350896;-0.517387;-0.0769231;0.243414;0.114858;0.515279;-0.13804;-0.135933;-0.326382;-0.282586;-0.251303;0.666319;-0.167883;-0.324296;0.384776;-0.486966;-0.0364963;-0.762252;-0.0948905;-0.0656934;-1;-0.564129;-0.501564;-0.480709;0.249218;-1;0;0;0;0

67.4;-0.533958;-0.0936768;-0.0515223;-0.39726;-0.45627;-0.116965;-0.032666;-0.243414;-0.13804;-0.43098;-0.624868;-0.159115;-0.296101;-0.275026;-0.11275;-0.119073;-0.024236;0.18862;-0.222339;0.38883;-0.116965;0.00948367;-0.791359;-0.738672;-0.643836;-0.275026;0.199157;-0.032666;-0.222339;-0.390938;-0.496312;0.578504;-0.454162;-0.285564;-0.325606;0.365648;-0.0136986;0.285564;-0.475237;-0.306639;0.135933;0.114858;-0.159115;0.18862;0.0727081;-0.3804;-0.622761;0.768177;-0.140148;-0.683878;-0.085353;-0.525817;-0.371971;-0.0537408;-0.0748156;-0.304531;-0.350896;-0.517387;-0.0769231;0.243414;0.114858;0.515279;-0.13804;-0.144943;-0.326382;-0.282586;-0.251303;0.666319;-0.167883;-0.324296;0.384776;-0.486966;-0.0364963;-0.762252;-0.0948905;-0.0656934;-1;-0.564129;-0.501564;-0.480709;+1;0;0;0;0

70.45;0.648712;-0.533958;-0.0936768;-0.14647;-0.39726;-0.45627;-0.116965;-0.032666;-0.243414;-0.13804;-0.43098;-0.624868;-0.159115;-0.296101;-0.275026;-0.11275;-0.119073;-0.024236;0.18862;-0.222339;0.38883;-0.116965;0.00948367;-0.791359;-0.738672;-0.643836;-0.275026;0.199157;-0.032666;-0.222339;-0.390938;-0.496312;0.578504;-0.454162;-0.285564;-0.325606;0.365648;-0.0136986;0.285564;-0.475237;-0.306639;0.135933;0.114858;-0.159115;0.18862;0.0727081;-0.3804;-0.622761;0.768177;-0.140148;-0.683878;-0.085353;-0.525817;-0.371971;-0.0537408;-0.0748156;-0.304531;-0.350896;-0.517387;-0.0769231;0.243414;0.114858;0.515279;-0.147028;-0.144943;-0.326382;-0.282586;-0.251303;0.666319;-0.167883;-0.324296;0.384776;-0.486966;-0.0364963;-0.762252;-0.0948905;-0.0656934;-1;-0.564129;-0.501564;+1;0;0;0;0

71;0.0632318;0.648712;-0.533958;-0.184405;-0.14647;-0.39726;-0.45627;-0.116965;-0.032666;-0.243414;-0.13804;-0.43098;-0.624868;-0.159115;-0.296101;-0.275026;-0.11275;-0.119073;-0.024236;0.18862;-0.222339;0.38883;-0.116965;0.00948367;-0.791359;-0.738672;-0.643836;-0.275026;0.199157;-0.032666;-0.222339;-0.390938;-0.496312;0.578504;-0.454162;-0.285564;-0.325606;0.365648;-0.0136986;0.285564;-0.475237;-0.306639;0.135933;0.114858;-0.159115;0.18862;0.0727081;-0.3804;-0.622761;0.768177;-0.140148;-0.683878;-0.085353;-0.525817;-0.371971;-0.0537408;-0.0748156;-0.304531;-0.350896;-0.517387;-0.0769231;0.243414;0.114858;0.499479;-0.147028;-0.144943;-0.326382;-0.282586;-0.251303;0.666319;-0.167883;-0.324296;0.384776;-0.486966;-0.0364963;-0.762252;-0.0948905;-0.0656934;-1;-0.564129;+1;0;0;0;0

72.39;0.259953;0.0632318;0.648712;-0.580611;-0.184405;-0.14647;-0.39726;-0.45627;-0.116965;-0.032666;-0.243414;-0.13804;-0.43098;-0.624868;-0.159115;-0.296101;-0.275026;-0.11275;-0.119073;-0.024236;0.18862;-0.222339;0.38883;-0.116965;0.00948367;-0.791359;-0.738672;-0.643836;-0.275026;0.199157;-0.032666;-0.222339;-0.390938;-0.496312;0.578504;-0.454162;-0.285564;-0.325606;0.365648;-0.0136986;0.285564;-0.475237;-0.306639;0.135933;0.114858;-0.159115;0.18862;0.0727081;-0.3804;-0.622761;0.768177;-0.140148;-0.683878;-0.085353;-0.525817;-0.371971;-0.0537408;-0.0748156;-0.304531;-0.350896;-0.517387;-0.0769231;0.243414;0.103233;0.499479;-0.147028;-0.144943;-0.326382;-0.282586;-0.251303;0.666319;-0.167883;-0.324296;0.384776;-0.486966;-0.0364963;-0.762252;-0.0948905;-0.0656934;-1;+1;0;0;0;0

72.6;-0.0163935;0.259953;0.0632318;0.483667;-0.580611;-0.184405;-0.14647;-0.39726;-0.45627;-0.116965;-0.032666;-0.243414;-0.13804;-0.43098;-0.624868;-0.159115;-0.296101;-0.275026;-0.11275;-0.119073;-0.024236;0.18862;-0.222339;0.38883;-0.116965;0.00948367;-0.791359;-0.738672;-0.643836;-0.275026;0.199157;-0.032666;-0.222339;-0.390938;-0.496312;0.578504;-0.454162;-0.285564;-0.325606;0.365648;-0.0136986;0.285564;-0.475237;-0.306639;0.135933;0.114858;-0.159115;0.18862;0.0727081;-0.3804;-0.622761;0.768177;-0.140148;-0.683878;-0.085353;-0.525817;-0.371971;-0.0537408;-0.0748156;-0.304531;-0.350896;-0.517387;-0.0769231;0.230448;0.103233;0.499479;-0.147028;-0.144943;-0.326382;-0.282586;-0.251303;0.666319;-0.167883;-0.324296;0.384776;-0.486966;-0.0364963;-0.762252;-0.0948905;-0.0656934;-1;0;0;0;0

