160;0.643978;0.670497;0.646188;0.590939;0.679337;0.822983;0.721326;0.836243;0.756685;0.624088;0.646188;0.811934;0.447293;0.520221;0.374365;0.646188;0.767735;0.754475;0.783204;0.712486;0.173657;0.311271;-0.671691;0.304718;0.514417;0.540629;-0.209699;0.403014;0.5308;0;0.275229;0.0557012;-0.0884666;0.114679;0.193316;-0.0458716;-0.229358;-0.186763;-0.0884666;-0.0720839;-1;0;0;0;0

159.5;0.646188;0.643978;0.670497;0.646188;0.590939;0.679337;0.822983;0.721326;0.836243;0.756685;0.624088;0.646188;0.811934;0.447293;0.520221;0.374365;0.646188;0.767735;0.754475;0.783204;0.147444;0.173657;0.311271;-0.671691;0.304718;0.514417;0.540629;-0.209699;0.403014;0.5308;0;0.275229;0.0557012;-0.0884666;0.114679;0.193316;-0.0458716;-0.229358;-0.186763;-0.0884666;+1;0;0;0;0

163;0.734586;0.646188;0.643978;0.670497;0.646188;0.590939;0.679337;0.822983;0.721326;0.836243;0.756685;0.624088;0.646188;0.811934;0.447293;0.520221;0.374365;0.646188;0.767735;0.754475;0.357143;0.147444;0.173657;0.311271;-0.671691;0.304718;0.514417;0.540629;-0.209699;0.403014;0.5308;0;0.275229;0.0557012;-0.0884666;0.114679;0.193316;-0.0458716;-0.229358;-0.186763;+1;0;0;0;0

178.51;1;0.734586;0.646188;0.643978;0.670497;0.646188;0.590939;0.679337;0.822983;0.721326;0.836243;0.756685;0.624088;0.646188;0.811934;0.447293;0.520221;0.374365;0.646188;0.767735;0.271953;0.357143;0.147444;0.173657;0.311271;-0.671691;0.304718;0.514417;0.540629;-0.209699;0.403014;0.5308;0;0.275229;0.0557012;-0.0884666;0.114679;0.193316;-0.0458716;-0.229358;+1;0;0;0;0

180.5;0.701215;1;0.734586;0.646188;0.643978;0.670497;0.646188;0.590939;0.679337;0.822983;0.721326;0.836243;0.756685;0.624088;0.646188;0.811934;0.447293;0.520221;0.374365;0.646188;0.311271;0.271953;0.357143;0.147444;0.173657;0.311271;-0.671691;0.304718;0.514417;0.540629;-0.209699;0.403014;0.5308;0;0.275229;0.0557012;-0.0884666;0.114679;0.193316;-0.0458716;-1;0;0;0;0

177;0.579889;0.701215;1;0.734586;0.646188;0.643978;0.670497;0.646188;0.590939;0.679337;0.822983;0.721326;0.836243;0.756685;0.624088;0.646188;0.811934;0.447293;0.520221;0.374365;-0.0491481;0.311271;0.271953;0.357143;0.147444;0.173657;0.311271;-0.671691;0.304718;0.514417;0.540629;-0.209699;0.403014;0.5308;0;0.275229;0.0557012;-0.0884666;0.114679;0.193316;-1;0;0;0;0

174.9;0.610829;0.579889;0.701215;1;0.734586;0.646188;0.643978;0.670497;0.646188;0.590939;0.679337;0.822983;0.721326;0.836243;0.756685;0.624088;0.646188;0.811934;0.447293;0.520221;-0.855177;-0.0491481;0.311271;0.271953;0.357143;0.147444;0.173657;0.311271;-0.671691;0.304718;0.514417;0.540629;-0.209699;0.403014;0.5308;0;0.275229;0.0557012;-0.0884666;0.114679;+1;0;0;0;0

178;0.725746;0.610829;0.579889;0.701215;1;0.734586;0.646188;0.643978;0.670497;0.646188;0.590939;0.679337;0.822983;0.721326;0.836243;0.756685;0.624088;0.646188;0.811934;0.447293;-0.422674;-0.855177;-0.0491481;0.311271;0.271953;0.357143;0.147444;0.173657;0.311271;-0.671691;0.304718;0.514417;0.540629;-0.209699;0.403014;0.5308;0;0.275229;0.0557012;-0.0884666;-1;0;0;0;0

173.01;0.546961;0.725746;0.610829;0.579889;0.701215;1;0.734586;0.646188;0.643978;0.670497;0.646188;0.590939;0.679337;0.822983;0.721326;0.836243;0.756685;0.624088;0.646188;0.811934;-0.638925;-0.422674;-0.855177;-0.0491481;0.311271;0.271953;0.357143;0.147444;0.173657;0.311271;-0.671691;0.304718;0.514417;0.540629;-0.209699;0.403014;0.5308;0;0.275229;0.0557012;-1;0;0;0;0

158;0.325525;0.546961;0.725746;0.610829;0.579889;0.701215;1;0.734586;0.646188;0.643978;0.670497;0.646188;0.590939;0.679337;0.822983;0.721326;0.836243;0.756685;0.624088;0.646188;0.442333;-0.638925;-0.422674;-0.855177;-0.0491481;0.311271;0.271953;0.357143;0.147444;0.173657;0.311271;-0.671691;0.304718;0.514417;0.540629;-0.209699;0.403014;0.5308;0;0.275229;+1;0;0;0;0

160;0.701436;0.325525;0.546961;0.725746;0.610829;0.579889;0.701215;1;0.734586;0.646188;0.643978;0.670497;0.646188;0.590939;0.679337;0.822983;0.721326;0.836243;0.756685;0.624088;-0.0491481;0.442333;-0.638925;-0.422674;-0.855177;-0.0491481;0.311271;0.271953;0.357143;0.147444;0.173657;0.311271;-0.671691;0.304718;0.514417;0.540629;-0.209699;0.403014;0.5308;0;-1;0;0;0;0

153.5;0.513591;0.701436;0.325525;0.546961;0.725746;0.610829;0.579889;0.701215;1;0.734586;0.646188;0.643978;0.670497;0.646188;0.590939;0.679337;0.822983;0.721326;0.836243;0.756685;-0.114679;-0.0491481;0.442333;-0.638925;-0.422674;-0.855177;-0.0491481;0.311271;0.271953;0.357143;0.147444;0.173657;0.311271;-0.671691;0.304718;0.514417;0.540629;-0.209699;0.403014;0.5308;-1;0;0;0;0

144.1;0.449503;0.513591;0.701436;0.325525;0.546961;0.725746;0.610829;0.579889;0.701215;1;0.734586;0.646188;0.643978;0.670497;0.646188;0.590939;0.679337;0.822983;0.721326;0.836243;0.278506;-0.114679;-0.0491481;0.442333;-0.638925;-0.422674;-0.855177;-0.0491481;0.311271;0.271953;0.357143;0.147444;0.173657;0.311271;-0.671691;0.304718;0.514417;0.540629;-0.209699;0.403014;+1;0;0;0;0

146.9;0.719116;0.449503;0.513591;0.701436;0.325525;0.546961;0.725746;0.610829;0.579889;0.701215;1;0.734586;0.646188;0.643978;0.670497;0.646188;0.590939;0.679337;0.822983;0.721326;0.514417;0.278506;-0.114679;-0.0491481;0.442333;-0.638925;-0.422674;-0.855177;-0.0491481;0.311271;0.271953;0.357143;0.147444;0.173657;0.311271;-0.671691;0.304718;0.514417;0.540629;-0.209699;-1;0;0;0;0

133;0.350055;0.719116;0.449503;0.513591;0.701436;0.325525;0.546961;0.725746;0.610829;0.579889;0.701215;1;0.734586;0.646188;0.643978;0.670497;0.646188;0.590939;0.679337;0.822983;0.173657;0.514417;0.278506;-0.114679;-0.0491481;0.442333;-0.638925;-0.422674;-0.855177;-0.0491481;0.311271;0.271953;0.357143;0.147444;0.173657;0.311271;-0.671691;0.304718;0.514417;0.540629;-1;0;0;0;0

127;0.524641;0.350055;0.719116;0.449503;0.513591;0.701436;0.325525;0.546961;0.725746;0.610829;0.579889;0.701215;1;0.734586;0.646188;0.643978;0.670497;0.646188;0.590939;0.679337;0.475098;0.173657;0.514417;0.278506;-0.114679;-0.0491481;0.442333;-0.638925;-0.422674;-0.855177;-0.0491481;0.311271;0.271953;0.357143;0.147444;0.173657;0.311271;-0.671691;0.304718;0.514417;-1;0;0;0;0

119.01;0.480663;0.524641;0.350055;0.719116;0.449503;0.513591;0.701436;0.325525;0.546961;0.725746;0.610829;0.579889;0.701215;1;0.734586;0.646188;0.643978;0.670497;0.646188;0.590939;0.0491481;0.475098;0.173657;0.514417;0.278506;-0.114679;-0.0491481;0.442333;-0.638925;-0.422674;-0.855177;-0.0491481;0.311271;0.271953;0.357143;0.147444;0.173657;0.311271;-0.671691;0.304718;+1;0;0;0;0

134;0.988508;0.480663;0.524641;0.350055;0.719116;0.449503;0.513591;0.701436;0.325525;0.546961;0.725746;0.610829;0.579889;0.701215;1;0.734586;0.646188;0.643978;0.670497;0.646188;-0.212975;0.0491481;0.475098;0.173657;0.514417;0.278506;-0.114679;-0.0491481;0.442333;-0.638925;-0.422674;-0.855177;-0.0491481;0.311271;0.271953;0.357143;0.147444;0.173657;0.311271;-0.671691;+1;0;0;0;0

145.03;0.900994;0.988508;0.480663;0.524641;0.350055;0.719116;0.449503;0.513591;0.701436;0.325525;0.546961;0.725746;0.610829;0.579889;0.701215;1;0.734586;0.646188;0.643978;0.670497;-0.0491481;-0.212975;0.0491481;0.475098;0.173657;0.514417;0.278506;-0.114679;-0.0491481;0.442333;-0.638925;-0.422674;-0.855177;-0.0491481;0.311271;0.271953;0.357143;0.147444;0.173657;0.311271;+1;0;0;0;0

148.2;0.727293;0.900994;0.988508;0.480663;0.524641;0.350055;0.719116;0.449503;0.513591;0.701436;0.325525;0.546961;0.725746;0.610829;0.579889;0.701215;1;0.734586;0.646188;0.643978;0.0229358;-0.0491481;-0.212975;0.0491481;0.475098;0.173657;0.514417;0.278506;-0.114679;-0.0491481;0.442333;-0.638925;-0.422674;-0.855177;-0.0491481;0.311271;0.271953;0.357143;0.147444;0.173657;-1;0;0;0;0

135.51;0.376796;0.727293;0.900994;0.988508;0.480663;0.524641;0.350055;0.719116;0.449503;0.513591;0.701436;0.325525;0.546961;0.725746;0.610829;0.579889;0.701215;1;0.734586;0.646188;-0.0557012;0.0229358;-0.0491481;-0.212975;0.0491481;0.475098;0.173657;0.514417;0.278506;-0.114679;-0.0491481;0.442333;-0.638925;-0.422674;-0.855177;-0.0491481;0.311271;0.271953;0.357143;0.147444;+1;0;0;0;0

143.5;0.833812;0.376796;0.727293;0.900994;0.988508;0.480663;0.524641;0.350055;0.719116;0.449503;0.513591;0.701436;0.325525;0.546961;0.725746;0.610829;0.579889;0.701215;1;0.734586;-0.0491481;-0.0557012;0.0229358;-0.0491481;-0.212975;0.0491481;0.475098;0.173657;0.514417;0.278506;-0.114679;-0.0491481;0.442333;-0.638925;-0.422674;-0.855177;-0.0491481;0.311271;0.271953;0.357143;-1;0;0;0;0

139;0.55779;0.833812;0.376796;0.727293;0.900994;0.988508;0.480663;0.524641;0.350055;0.719116;0.449503;0.513591;0.701436;0.325525;0.546961;0.725746;0.610829;0.579889;0.701215;1;0.212975;-0.0491481;-0.0557012;0.0229358;-0.0491481;-0.212975;0.0491481;0.475098;0.173657;0.514417;0.278506;-0.114679;-0.0491481;0.442333;-0.638925;-0.422674;-0.855177;-0.0491481;0.311271;0.271953;+1;0;0;0;0

140;0.679337;0.55779;0.833812;0.376796;0.727293;0.900994;0.988508;0.480663;0.524641;0.350055;0.719116;0.449503;0.513591;0.701436;0.325525;0.546961;0.725746;0.610829;0.579889;0.701215;1;0.212975;-0.0491481;-0.0557012;0.0229358;-0.0491481;-0.212975;0.0491481;0.475098;0.173657;0.514417;0.278506;-0.114679;-0.0491481;0.442333;-0.638925;-0.422674;-0.855177;-0.0491481;0.311271;-1;0;0;0;0

130;0.436243;0.679337;0.55779;0.833812;0.376796;0.727293;0.900994;0.988508;0.480663;0.524641;0.350055;0.719116;0.449503;0.513591;0.701436;0.325525;0.546961;0.725746;0.610829;0.579889;0.114024;1;0.212975;-0.0491481;-0.0557012;0.0229358;-0.0491481;-0.212975;0.0491481;0.475098;0.173657;0.514417;0.278506;-0.114679;-0.0491481;0.442333;-0.638925;-0.422674;-0.855177;-0.0491481;+1;0;0;0;0

132.01;0.701657;0.436243;0.679337;0.55779;0.833812;0.376796;0.727293;0.900994;0.988508;0.480663;0.524641;0.350055;0.719116;0.449503;0.513591;0.701436;0.325525;0.546961;0.725746;0.610829;-0.24574;0.114024;1;0.212975;-0.0491481;-0.0557012;0.0229358;-0.0491481;-0.212975;0.0491481;0.475098;0.173657;0.514417;0.278506;-0.114679;-0.0491481;0.442333;-0.638925;-0.422674;-0.855177;-1;0;0;0;0

128.6;0.581878;0.701657;0.436243;0.679337;0.55779;0.833812;0.376796;0.727293;0.900994;0.988508;0.480663;0.524641;0.350055;0.719116;0.449503;0.513591;0.701436;0.325525;0.546961;0.725746;-0.153997;-0.24574;0.114024;1;0.212975;-0.0491481;-0.0557012;0.0229358;-0.0491481;-0.212975;0.0491481;0.475098;0.173657;0.514417;0.278506;-0.114679;-0.0491481;0.442333;-0.638925;-0.422674;-1;0;0;0;0

121;0.489282;0.581878;0.701657;0.436243;0.679337;0.55779;0.833812;0.376796;0.727293;0.900994;0.988508;0.480663;0.524641;0.350055;0.719116;0.449503;0.513591;0.701436;0.325525;0.546961;0.186763;-0.153997;-0.24574;0.114024;1;0.212975;-0.0491481;-0.0557012;0.0229358;-0.0491481;-0.212975;0.0491481;0.475098;0.173657;0.514417;0.278506;-0.114679;-0.0491481;0.442333;-0.638925;+1;0;0;0;0

124.5;0.734586;0.489282;0.581878;0.701657;0.436243;0.679337;0.55779;0.833812;0.376796;0.727293;0.900994;0.988508;0.480663;0.524641;0.350055;0.719116;0.449503;0.513591;0.701436;0.325525;-0.343381;0.186763;-0.153997;-0.24574;0.114024;1;0.212975;-0.0491481;-0.0557012;0.0229358;-0.0491481;-0.212975;0.0491481;0.475098;0.173657;0.514417;0.278506;-0.114679;-0.0491481;0.442333;-1;0;0;0;0

118.9;0.533481;0.734586;0.489282;0.581878;0.701657;0.436243;0.679337;0.55779;0.833812;0.376796;0.727293;0.900994;0.988508;0.480663;0.524641;0.350055;0.719116;0.449503;0.513591;0.701436;-1;-0.343381;0.186763;-0.153997;-0.24574;0.114024;1;0.212975;-0.0491481;-0.0557012;0.0229358;-0.0491481;-0.212975;0.0491481;0.475098;0.173657;0.514417;0.278506;-0.114679;-0.0491481;-1;0;0;0;0

116.5;0.604199;0.533481;0.734586;0.489282;0.581878;0.701657;0.436243;0.679337;0.55779;0.833812;0.376796;0.727293;0.900994;0.988508;0.480663;0.524641;0.350055;0.719116;0.449503;0.513591;0.114679;-1;-0.343381;0.186763;-0.153997;-0.24574;0.114024;1;0.212975;-0.0491481;-0.0557012;0.0229358;-0.0491481;-0.212975;0.0491481;0.475098;0.173657;0.514417;0.278506;-0.114679;+1;0;0;0;0

120;0.734586;0.604199;0.533481;0.734586;0.489282;0.581878;0.701657;0.436243;0.679337;0.55779;0.833812;0.376796;0.727293;0.900994;0.988508;0.480663;0.524641;0.350055;0.719116;0.449503;-0.442333;0.114679;-1;-0.343381;0.186763;-0.153997;-0.24574;0.114024;1;0.212975;-0.0491481;-0.0557012;0.0229358;-0.0491481;-0.212975;0.0491481;0.475098;0.173657;0.514417;0.278506;+1;0;0;0;0

126.9;0.809724;0.734586;0.604199;0.533481;0.734586;0.489282;0.581878;0.701657;0.436243;0.679337;0.55779;0.833812;0.376796;0.727293;0.900994;0.988508;0.480663;0.524641;0.350055;0.719116;-0.632372;-0.442333;0.114679;-1;-0.343381;0.186763;-0.153997;-0.24574;0.114024;1;0.212975;-0.0491481;-0.0557012;0.0229358;-0.0491481;-0.212975;0.0491481;0.475098;0.173657;0.514417;+1;0;0;0;0

128;0.681547;0.809724;0.734586;0.604199;0.533481;0.734586;0.489282;0.581878;0.701657;0.436243;0.679337;0.55779;0.833812;0.376796;0.727293;0.900994;0.988508;0.480663;0.524641;0.350055;0.167104;-0.632372;-0.442333;0.114679;-1;-0.343381;0.186763;-0.153997;-0.24574;0.114024;1;0.212975;-0.0491481;-0.0557012;0.0229358;-0.0491481;-0.212975;0.0491481;0.475098;0.173657;-1;0;0;0;0

128;0.657238;0.681547;0.809724;0.734586;0.604199;0.533481;0.734586;0.489282;0.581878;0.701657;0.436243;0.679337;0.55779;0.833812;0.376796;0.727293;0.900994;0.988508;0.480663;0.524641;-0.927261;0.167104;-0.632372;-0.442333;0.114679;-1;-0.343381;0.186763;-0.153997;-0.24574;0.114024;1;0.212975;-0.0491481;-0.0557012;0.0229358;-0.0491481;-0.212975;0.0491481;0.475098;+1;0;0;0;0

134;0.789834;0.657238;0.681547;0.809724;0.734586;0.604199;0.533481;0.734586;0.489282;0.581878;0.701657;0.436243;0.679337;0.55779;0.833812;0.376796;0.727293;0.900994;0.988508;0.480663;-0.409568;-0.927261;0.167104;-0.632372;-0.442333;0.114679;-1;-0.343381;0.186763;-0.153997;-0.24574;0.114024;1;0.212975;-0.0491481;-0.0557012;0.0229358;-0.0491481;-0.212975;0.0491481;-1;0;0;0;0

131;0.590939;0.789834;0.657238;0.681547;0.809724;0.734586;0.604199;0.533481;0.734586;0.489282;0.581878;0.701657;0.436243;0.679337;0.55779;0.833812;0.376796;0.727293;0.900994;0.988508;-0.539974;-0.409568;-0.927261;0.167104;-0.632372;-0.442333;0.114679;-1;-0.343381;0.186763;-0.153997;-0.24574;0.114024;1;0.212975;-0.0491481;-0.0557012;0.0229358;-0.0491481;-0.212975;+1;0;0;0;0

131.5;0.668287;0.590939;0.789834;0.657238;0.681547;0.809724;0.734586;0.604199;0.533481;0.734586;0.489282;0.581878;0.701657;0.436243;0.679337;0.55779;0.833812;0.376796;0.727293;0.900994;0.965924;-0.539974;-0.409568;-0.927261;0.167104;-0.632372;-0.442333;0.114679;-1;-0.343381;0.186763;-0.153997;-0.24574;0.114024;1;0.212975;-0.0491481;-0.0557012;0.0229358;-0.0491481;-1;0;0;0;0

130;0.624088;0.668287;0.590939;0.789834;0.657238;0.681547;0.809724;0.734586;0.604199;0.533481;0.734586;0.489282;0.581878;0.701657;0.436243;0.679337;0.55779;0.833812;0.376796;0.727293;0.706422;0.965924;-0.539974;-0.409568;-0.927261;0.167104;-0.632372;-0.442333;0.114679;-1;-0.343381;0.186763;-0.153997;-0.24574;0.114024;1;0.212975;-0.0491481;-0.0557012;0.0229358;-1;0;0;0;0

123.9;0.522431;0.624088;0.668287;0.590939;0.789834;0.657238;0.681547;0.809724;0.734586;0.604199;0.533481;0.734586;0.489282;0.581878;0.701657;0.436243;0.679337;0.55779;0.833812;0.376796;0.19135;0.706422;0.965924;-0.539974;-0.409568;-0.927261;0.167104;-0.632372;-0.442333;0.114679;-1;-0.343381;0.186763;-0.153997;-0.24574;0.114024;1;0.212975;-0.0491481;-0.0557012;+1;0;0;0;0

127.89;0.745414;0.522431;0.624088;0.668287;0.590939;0.789834;0.657238;0.681547;0.809724;0.734586;0.604199;0.533481;0.734586;0.489282;0.581878;0.701657;0.436243;0.679337;0.55779;0.833812;-0.847969;0.19135;0.706422;0.965924;-0.539974;-0.409568;-0.927261;0.167104;-0.632372;-0.442333;0.114679;-1;-0.343381;0.186763;-0.153997;-0.24574;0.114024;1;0.212975;-0.0491481;+1;0;0;0;0

134;0.792265;0.745414;0.522431;0.624088;0.668287;0.590939;0.789834;0.657238;0.681547;0.809724;0.734586;0.604199;0.533481;0.734586;0.489282;0.581878;0.701657;0.436243;0.679337;0.55779;0.507208;-0.847969;0.19135;0.706422;0.965924;-0.539974;-0.409568;-0.927261;0.167104;-0.632372;-0.442333;0.114679;-1;-0.343381;0.186763;-0.153997;-0.24574;0.114024;1;0.212975;+1;0;0;0;0

139.5;0.778785;0.792265;0.745414;0.522431;0.624088;0.668287;0.590939;0.789834;0.657238;0.681547;0.809724;0.734586;0.604199;0.533481;0.734586;0.489282;0.581878;0.701657;0.436243;0.679337;-0.311271;0.507208;-0.847969;0.19135;0.706422;0.965924;-0.539974;-0.409568;-0.927261;0.167104;-0.632372;-0.442333;0.114679;-1;-0.343381;0.186763;-0.153997;-0.24574;0.114024;1;+1;0;0;0;0

143.46;0.744751;0.778785;0.792265;0.745414;0.522431;0.624088;0.668287;0.590939;0.789834;0.657238;0.681547;0.809724;0.734586;0.604199;0.533481;0.734586;0.489282;0.581878;0.701657;0.436243;0.0491481;-0.311271;0.507208;-0.847969;0.19135;0.706422;0.965924;-0.539974;-0.409568;-0.927261;0.167104;-0.632372;-0.442333;0.114679;-1;-0.343381;0.186763;-0.153997;-0.24574;0.114024;-1;0;0;0;0

138.54;0.548508;0.744751;0.778785;0.792265;0.745414;0.522431;0.624088;0.668287;0.590939;0.789834;0.657238;0.681547;0.809724;0.734586;0.604199;0.533481;0.734586;0.489282;0.581878;0.701657;-0.671691;0.0491481;-0.311271;0.507208;-0.847969;0.19135;0.706422;0.965924;-0.539974;-0.409568;-0.927261;0.167104;-0.632372;-0.442333;0.114679;-1;-0.343381;0.186763;-0.153997;-0.24574;-1;0;0;0;0

137;0.623204;0.548508;0.744751;0.778785;0.792265;0.745414;0.522431;0.624088;0.668287;0.590939;0.789834;0.657238;0.681547;0.809724;0.734586;0.604199;0.533481;0.734586;0.489282;0.581878;0.115334;-0.671691;0.0491481;-0.311271;0.507208;-0.847969;0.19135;0.706422;0.965924;-0.539974;-0.409568;-0.927261;0.167104;-0.632372;-0.442333;0.114679;-1;-0.343381;0.186763;-0.153997;+1;0;0;0;0

139.9;0.721326;0.623204;0.548508;0.744751;0.778785;0.792265;0.745414;0.522431;0.624088;0.668287;0.590939;0.789834;0.657238;0.681547;0.809724;0.734586;0.604199;0.533481;0.734586;0.489282;-0.239843;0.115334;-0.671691;0.0491481;-0.311271;0.507208;-0.847969;0.19135;0.706422;0.965924;-0.539974;-0.409568;-0.927261;0.167104;-0.632372;-0.442333;0.114679;-1;-0.343381;0.186763;+1;0;0;0;0

140;0.659447;0.721326;0.623204;0.548508;0.744751;0.778785;0.792265;0.745414;0.522431;0.624088;0.668287;0.590939;0.789834;0.657238;0.681547;0.809724;0.734586;0.604199;0.533481;0.734586;-0.514417;-0.239843;0.115334;-0.671691;0.0491481;-0.311271;0.507208;-0.847969;0.19135;0.706422;0.965924;-0.539974;-0.409568;-0.927261;0.167104;-0.632372;-0.442333;0.114679;-1;-0.343381;-1;0;0;0;0

137.5;0.601989;0.659447;0.721326;0.623204;0.548508;0.744751;0.778785;0.792265;0.745414;0.522431;0.624088;0.668287;0.590939;0.789834;0.657238;0.681547;0.809724;0.734586;0.604199;0.533481;0.212975;-0.514417;-0.239843;0.115334;-0.671691;0.0491481;-0.311271;0.507208;-0.847969;0.19135;0.706422;0.965924;-0.539974;-0.409568;-0.927261;0.167104;-0.632372;-0.442333;0.114679;-1;+1;0;0;0;0

139;0.690387;0.601989;0.659447;0.721326;0.623204;0.548508;0.744751;0.778785;0.792265;0.745414;0.522431;0.624088;0.668287;0.590939;0.789834;0.657238;0.681547;0.809724;0.734586;0.604199;-0.383355;0.212975;-0.514417;-0.239843;0.115334;-0.671691;0.0491481;-0.311271;0.507208;-0.847969;0.19135;0.706422;0.965924;-0.539974;-0.409568;-0.927261;0.167104;-0.632372;-0.442333;0.114679;-1;0;0;0;0

138;0.635138;0.690387;0.601989;0.659447;0.721326;0.623204;0.548508;0.744751;0.778785;0.792265;0.745414;0.522431;0.624088;0.668287;0.590939;0.789834;0.657238;0.681547;0.809724;0.734586;-0.173657;-0.383355;0.212975;-0.514417;-0.239843;0.115334;-0.671691;0.0491481;-0.311271;0.507208;-0.847969;0.19135;0.706422;0.965924;-0.539974;-0.409568;-0.927261;0.167104;-0.632372;-0.442333;-1;0;0;0;0

134.47;0.579226;0.635138;0.690387;0.601989;0.659447;0.721326;0.623204;0.548508;0.744751;0.778785;0.792265;0.745414;0.522431;0.624088;0.668287;0.590939;0.789834;0.657238;0.681547;0.809724;0.212975;-0.173657;-0.383355;0.212975;-0.514417;-0.239843;0.115334;-0.671691;0.0491481;-0.311271;0.507208;-0.847969;0.19135;0.706422;0.965924;-0.539974;-0.409568;-0.927261;0.167104;-0.632372;+1;0;0;0;0

139.8;0.775028;0.579226;0.635138;0.690387;0.601989;0.659447;0.721326;0.623204;0.548508;0.744751;0.778785;0.792265;0.745414;0.522431;0.624088;0.668287;0.590939;0.789834;0.657238;0.681547;0.43578;0.212975;-0.173657;-0.383355;0.212975;-0.514417;-0.239843;0.115334;-0.671691;0.0491481;-0.311271;0.507208;-0.847969;0.19135;0.706422;0.965924;-0.539974;-0.409568;-0.927261;0.167104;+1;0;0;0;0

142.99;0.727735;0.775028;0.579226;0.635138;0.690387;0.601989;0.659447;0.721326;0.623204;0.548508;0.744751;0.778785;0.792265;0.745414;0.522431;0.624088;0.668287;0.590939;0.789834;0.657238;0.0557012;0.43578;0.212975;-0.173657;-0.383355;0.212975;-0.514417;-0.239843;0.115334;-0.671691;0.0491481;-0.311271;0.507208;-0.847969;0.19135;0.706422;0.965924;-0.539974;-0.409568;-0.927261;+1;0;0;0;0

149.88;0.809503;0.727735;0.775028;0.579226;0.635138;0.690387;0.601989;0.659447;0.721326;0.623204;0.548508;0.744751;0.778785;0.792265;0.745414;0.522431;0.624088;0.668287;0.590939;0.789834;-0.0163827;0.0557012;0.43578;0.212975;-0.173657;-0.383355;0.212975;-0.514417;-0.239843;0.115334;-0.671691;0.0491481;-0.311271;0.507208;-0.847969;0.19135;0.706422;0.965924;-0.539974;-0.409568;+1;0;0;0;0

150.5;0.670939;0.809503;0.727735;0.775028;0.579226;0.635138;0.690387;0.601989;0.659447;0.721326;0.623204;0.548508;0.744751;0.778785;0.792265;0.745414;0.522431;0.624088;0.668287;0.590939;0.376802;-0.0163827;0.0557012;0.43578;0.212975;-0.173657;-0.383355;0.212975;-0.514417;-0.239843;0.115334;-0.671691;0.0491481;-0.311271;0.507208;-0.847969;0.19135;0.706422;0.965924;-0.539974;-1;0;0;0;0

146.51;0.569061;0.670939;0.809503;0.727735;0.775028;0.579226;0.635138;0.690387;0.601989;0.659447;0.721326;0.623204;0.548508;0.744751;0.778785;0.792265;0.745414;0.522431;0.624088;0.668287;-0.212975;0.376802;-0.0163827;0.0557012;0.43578;0.212975;-0.173657;-0.383355;0.212975;-0.514417;-0.239843;0.115334;-0.671691;0.0491481;-0.311271;0.507208;-0.847969;0.19135;0.706422;0.965924;+1;0;0;0;0

147;0.668066;0.569061;0.670939;0.809503;0.727735;0.775028;0.579226;0.635138;0.690387;0.601989;0.659447;0.721326;0.623204;0.548508;0.744751;0.778785;0.792265;0.745414;0.522431;0.624088;0.0163827;-0.212975;0.376802;-0.0163827;0.0557012;0.43578;0.212975;-0.173657;-0.383355;0.212975;-0.514417;-0.239843;0.115334;-0.671691;0.0491481;-0.311271;0.507208;-0.847969;0.19135;0.706422;+1;0;0;0;0

149;0.701436;0.668066;0.569061;0.670939;0.809503;0.727735;0.775028;0.579226;0.635138;0.690387;0.601989;0.659447;0.721326;0.623204;0.548508;0.744751;0.778785;0.792265;0.745414;0.522431;-0.114679;0.0163827;-0.212975;0.376802;-0.0163827;0.0557012;0.43578;0.212975;-0.173657;-0.383355;0.212975;-0.514417;-0.239843;0.115334;-0.671691;0.0491481;-0.311271;0.507208;-0.847969;0.19135;+1;0;0;0;0

149.5;0.668287;0.701436;0.668066;0.569061;0.670939;0.809503;0.727735;0.775028;0.579226;0.635138;0.690387;0.601989;0.659447;0.721326;0.623204;0.548508;0.744751;0.778785;0.792265;0.745414;-0.416121;-0.114679;0.0163827;-0.212975;0.376802;-0.0163827;0.0557012;0.43578;0.212975;-0.173657;-0.383355;0.212975;-0.514417;-0.239843;0.115334;-0.671691;0.0491481;-0.311271;0.507208;-0.847969;-1;0;0;0;0

149;0.646188;0.668287;0.701436;0.668066;0.569061;0.670939;0.809503;0.727735;0.775028;0.579226;0.635138;0.690387;0.601989;0.659447;0.721326;0.623204;0.548508;0.744751;0.778785;0.792265;0.245085;-0.416121;-0.114679;0.0163827;-0.212975;0.376802;-0.0163827;0.0557012;0.43578;0.212975;-0.173657;-0.383355;0.212975;-0.514417;-0.239843;0.115334;-0.671691;0.0491481;-0.311271;0.507208;+1;0;0;0;0

152;0.723536;0.646188;0.668287;0.701436;0.668066;0.569061;0.670939;0.809503;0.727735;0.775028;0.579226;0.635138;0.690387;0.601989;0.659447;0.721326;0.623204;0.548508;0.744751;0.778785;0.38401;0.245085;-0.416121;-0.114679;0.0163827;-0.212975;0.376802;-0.0163827;0.0557012;0.43578;0.212975;-0.173657;-0.383355;0.212975;-0.514417;-0.239843;0.115334;-0.671691;0.0491481;-0.311271;-1;0;0;0;0

143;0.458343;0.723536;0.646188;0.668287;0.701436;0.668066;0.569061;0.670939;0.809503;0.727735;0.775028;0.579226;0.635138;0.690387;0.601989;0.659447;0.721326;0.623204;0.548508;0.744751;0.344037;0.38401;0.245085;-0.416121;-0.114679;0.0163827;-0.212975;0.376802;-0.0163827;0.0557012;0.43578;0.212975;-0.173657;-0.383355;0.212975;-0.514417;-0.239843;0.115334;-0.671691;0.0491481;-1;0;0;0;0

140.75;0.607514;0.458343;0.723536;0.646188;0.668287;0.701436;0.668066;0.569061;0.670939;0.809503;0.727735;0.775028;0.579226;0.635138;0.690387;0.601989;0.659447;0.721326;0.623204;0.548508;0.243119;0.344037;0.38401;0.245085;-0.416121;-0.114679;0.0163827;-0.212975;0.376802;-0.0163827;0.0557012;0.43578;0.212975;-0.173657;-0.383355;0.212975;-0.514417;-0.239843;0.115334;-0.671691;-1;0;0;0;0

134.6;0.521326;0.607514;0.458343;0.723536;0.646188;0.668287;0.701436;0.668066;0.569061;0.670939;0.809503;0.727735;0.775028;0.579226;0.635138;0.690387;0.601989;0.659447;0.721326;0.623204;-0.338794;0.243119;0.344037;0.38401;0.245085;-0.416121;-0.114679;0.0163827;-0.212975;0.376802;-0.0163827;0.0557012;0.43578;0.212975;-0.173657;-0.383355;0.212975;-0.514417;-0.239843;0.115334;+1;0;0;0;0

144;0.864972;0.521326;0.607514;0.458343;0.723536;0.646188;0.668287;0.701436;0.668066;0.569061;0.670939;0.809503;0.727735;0.775028;0.579226;0.635138;0.690387;0.601989;0.659447;0.721326;-0.1173;-0.338794;0.243119;0.344037;0.38401;0.245085;-0.416121;-0.114679;0.0163827;-0.212975;0.376802;-0.0163827;0.0557012;0.43578;0.212975;-0.173657;-0.383355;0.212975;-0.514417;-0.239843;+1;0;0;0;0

146.07;0.702983;0.864972;0.521326;0.607514;0.458343;0.723536;0.646188;0.668287;0.701436;0.668066;0.569061;0.670939;0.809503;0.727735;0.775028;0.579226;0.635138;0.690387;0.601989;0.659447;0.173657;-0.1173;-0.338794;0.243119;0.344037;0.38401;0.245085;-0.416121;-0.114679;0.0163827;-0.212975;0.376802;-0.0163827;0.0557012;0.43578;0.212975;-0.173657;-0.383355;0.212975;-0.514417;-1;0;0;0;0

143.8;0.607072;0.702983;0.864972;0.521326;0.607514;0.458343;0.723536;0.646188;0.668287;0.701436;0.668066;0.569061;0.670939;0.809503;0.727735;0.775028;0.579226;0.635138;0.690387;0.601989;-0.00982962;0.173657;-0.1173;-0.338794;0.243119;0.344037;0.38401;0.245085;-0.416121;-0.114679;0.0163827;-0.212975;0.376802;-0.0163827;0.0557012;0.43578;0.212975;-0.173657;-0.383355;0.212975;-1;0;0;0;0

142;0.617459;0.607072;0.702983;0.864972;0.521326;0.607514;0.458343;0.723536;0.646188;0.668287;0.701436;0.668066;0.569061;0.670939;0.809503;0.727735;0.775028;0.579226;0.635138;0.690387;-0.18021;-0.00982962;0.173657;-0.1173;-0.338794;0.243119;0.344037;0.38401;0.245085;-0.416121;-0.114679;0.0163827;-0.212975;0.376802;-0.0163827;0.0557012;0.43578;0.212975;-0.173657;-0.383355;-1;0;0;0;0

141.9;0.655028;0.617459;0.607072;0.702983;0.864972;0.521326;0.607514;0.458343;0.723536;0.646188;0.668287;0.701436;0.668066;0.569061;0.670939;0.809503;0.727735;0.775028;0.579226;0.635138;0.0819135;-0.18021;-0.00982962;0.173657;-0.1173;-0.338794;0.243119;0.344037;0.38401;0.245085;-0.416121;-0.114679;0.0163827;-0.212975;0.376802;-0.0163827;0.0557012;0.43578;0.212975;-0.173657;-1;0;0;0;0

134.87;0.501878;0.655028;0.617459;0.607072;0.702983;0.864972;0.521326;0.607514;0.458343;0.723536;0.646188;0.668287;0.701436;0.668066;0.569061;0.670939;0.809503;0.727735;0.775028;0.579226;-0.0819135;0.0819135;-0.18021;-0.00982962;0.173657;-0.1173;-0.338794;0.243119;0.344037;0.38401;0.245085;-0.416121;-0.114679;0.0163827;-0.212975;0.376802;-0.0163827;0.0557012;0.43578;0.212975;-1;0;0;0;0

132.5;0.604862;0.501878;0.655028;0.617459;0.607072;0.702983;0.864972;0.521326;0.607514;0.458343;0.723536;0.646188;0.668287;0.701436;0.668066;0.569061;0.670939;0.809503;0.727735;0.775028;-0.247706;-0.0819135;0.0819135;-0.18021;-0.00982962;0.173657;-0.1173;-0.338794;0.243119;0.344037;0.38401;0.245085;-0.416121;-0.114679;0.0163827;-0.212975;0.376802;-0.0163827;0.0557012;0.43578;-1;0;0;0;0

125.1;0.493702;0.604862;0.501878;0.655028;0.617459;0.607072;0.702983;0.864972;0.521326;0.607514;0.458343;0.723536;0.646188;0.668287;0.701436;0.668066;0.569061;0.670939;0.809503;0.727735;0.332896;-0.247706;-0.0819135;0.0819135;-0.18021;-0.00982962;0.173657;-0.1173;-0.338794;0.243119;0.344037;0.38401;0.245085;-0.416121;-0.114679;0.0163827;-0.212975;0.376802;-0.0163827;0.0557012;-1;0;0;0;0

118.5;0.511381;0.493702;0.604862;0.501878;0.655028;0.617459;0.607072;0.702983;0.864972;0.521326;0.607514;0.458343;0.723536;0.646188;0.668287;0.701436;0.668066;0.569061;0.670939;0.809503;0.192661;0.332896;-0.247706;-0.0819135;0.0819135;-0.18021;-0.00982962;0.173657;-0.1173;-0.338794;0.243119;0.344037;0.38401;0.245085;-0.416121;-0.114679;0.0163827;-0.212975;0.376802;-0.0163827;+1;0;0;0;0

125.52;0.812376;0.511381;0.493702;0.604862;0.501878;0.655028;0.617459;0.607072;0.702983;0.864972;0.521326;0.607514;0.458343;0.723536;0.646188;0.668287;0.701436;0.668066;0.569061;0.670939;0.435124;0.192661;0.332896;-0.247706;-0.0819135;0.0819135;-0.18021;-0.00982962;0.173657;-0.1173;-0.338794;0.243119;0.344037;0.38401;0.245085;-0.416121;-0.114679;0.0163827;-0.212975;0.376802;+1;0;0;0;0

128;0.712044;0.812376;0.511381;0.493702;0.604862;0.501878;0.655028;0.617459;0.607072;0.702983;0.864972;0.521326;0.607514;0.458343;0.723536;0.646188;0.668287;0.701436;0.668066;0.569061;0.0242464;0.435124;0.192661;0.332896;-0.247706;-0.0819135;0.0819135;-0.18021;-0.00982962;0.173657;-0.1173;-0.338794;0.243119;0.344037;0.38401;0.245085;-0.416121;-0.114679;0.0163827;-0.212975;-1;0;0;0;0

121;0.502541;0.712044;0.812376;0.511381;0.493702;0.604862;0.501878;0.655028;0.617459;0.607072;0.702983;0.864972;0.521326;0.607514;0.458343;0.723536;0.646188;0.668287;0.701436;0.668066;-0.277851;0.0242464;0.435124;0.192661;0.332896;-0.247706;-0.0819135;0.0819135;-0.18021;-0.00982962;0.173657;-0.1173;-0.338794;0.243119;0.344037;0.38401;0.245085;-0.416121;-0.114679;0.0163827;-1;0;0;0;0

120.4;0.643978;0.502541;0.712044;0.812376;0.511381;0.493702;0.604862;0.501878;0.655028;0.617459;0.607072;0.702983;0.864972;0.521326;0.607514;0.458343;0.723536;0.646188;0.668287;0.701436;0.0157274;-0.277851;0.0242464;0.435124;0.192661;0.332896;-0.247706;-0.0819135;0.0819135;-0.18021;-0.00982962;0.173657;-0.1173;-0.338794;0.243119;0.344037;0.38401;0.245085;-0.416121;-0.114679;-1;0;0;0;0

118;0.604199;0.643978;0.502541;0.712044;0.812376;0.511381;0.493702;0.604862;0.501878;0.655028;0.617459;0.607072;0.702983;0.864972;0.521326;0.607514;0.458343;0.723536;0.646188;0.668287;0.114679;0.0157274;-0.277851;0.0242464;0.435124;0.192661;0.332896;-0.247706;-0.0819135;0.0819135;-0.18021;-0.00982962;0.173657;-0.1173;-0.338794;0.243119;0.344037;0.38401;0.245085;-0.416121;-1;0;0;0;0

116.31;0.619889;0.604199;0.643978;0.502541;0.712044;0.812376;0.511381;0.493702;0.604862;0.501878;0.655028;0.617459;0.607072;0.702983;0.864972;0.521326;0.607514;0.458343;0.723536;0.646188;0.0163827;0.114679;0.0157274;-0.277851;0.0242464;0.435124;0.192661;0.332896;-0.247706;-0.0819135;0.0819135;-0.18021;-0.00982962;0.173657;-0.1173;-0.338794;0.243119;0.344037;0.38401;0.245085;-1;0;0;0;0

110;0.51779;0.619889;0.604199;0.643978;0.502541;0.712044;0.812376;0.511381;0.493702;0.604862;0.501878;0.655028;0.617459;0.607072;0.702983;0.864972;0.521326;0.607514;0.458343;0.723536;-0.0491481;0.0163827;0.114679;0.0157274;-0.277851;0.0242464;0.435124;0.192661;0.332896;-0.247706;-0.0819135;0.0819135;-0.18021;-0.00982962;0.173657;-0.1173;-0.338794;0.243119;0.344037;0.38401;+1;0;0;0;0

114;0.745635;0.51779;0.619889;0.604199;0.643978;0.502541;0.712044;0.812376;0.511381;0.493702;0.604862;0.501878;0.655028;0.617459;0.607072;0.702983;0.864972;0.521326;0.607514;0.458343;0.18021;-0.0491481;0.0163827;0.114679;0.0157274;-0.277851;0.0242464;0.435124;0.192661;0.332896;-0.247706;-0.0819135;0.0819135;-0.18021;-0.00982962;0.173657;-0.1173;-0.338794;0.243119;0.344037;+1;0;0;0;0

119.65;0.782099;0.745635;0.51779;0.619889;0.604199;0.643978;0.502541;0.712044;0.812376;0.511381;0.493702;0.604862;0.501878;0.655028;0.617459;0.607072;0.702983;0.864972;0.521326;0.607514;-0.60616;0.18021;-0.0491481;0.0163827;0.114679;0.0157274;-0.277851;0.0242464;0.435124;0.192661;0.332896;-0.247706;-0.0819135;0.0819135;-0.18021;-0.00982962;0.173657;-0.1173;-0.338794;0.243119;+1;0;0;0;0

120;0.664972;0.782099;0.745635;0.51779;0.619889;0.604199;0.643978;0.502541;0.712044;0.812376;0.511381;0.493702;0.604862;0.501878;0.655028;0.617459;0.607072;0.702983;0.864972;0.521326;-0.163827;-0.60616;0.18021;-0.0491481;0.0163827;0.114679;0.0157274;-0.277851;0.0242464;0.435124;0.192661;0.332896;-0.247706;-0.0819135;0.0819135;-0.18021;-0.00982962;0.173657;-0.1173;-0.338794;-1;0;0;0;0

114.26;0.530387;0.664972;0.782099;0.745635;0.51779;0.619889;0.604199;0.643978;0.502541;0.712044;0.812376;0.511381;0.493702;0.604862;0.501878;0.655028;0.617459;0.607072;0.702983;0.864972;-0.419397;-0.163827;-0.60616;0.18021;-0.0491481;0.0163827;0.114679;0.0157274;-0.277851;0.0242464;0.435124;0.192661;0.332896;-0.247706;-0.0819135;0.0819135;-0.18021;-0.00982962;0.173657;-0.1173;-1;0;0;0;0

109.78;0.558232;0.530387;0.664972;0.782099;0.745635;0.51779;0.619889;0.604199;0.643978;0.502541;0.712044;0.812376;0.511381;0.493702;0.604862;0.501878;0.655028;0.617459;0.607072;0.702983;0.599607;-0.419397;-0.163827;-0.60616;0.18021;-0.0491481;0.0163827;0.114679;0.0157274;-0.277851;0.0242464;0.435124;0.192661;0.332896;-0.247706;-0.0819135;0.0819135;-0.18021;-0.00982962;0.173657;+1;0;0;0;0

113;0.728398;0.558232;0.530387;0.664972;0.782099;0.745635;0.51779;0.619889;0.604199;0.643978;0.502541;0.712044;0.812376;0.511381;0.493702;0.604862;0.501878;0.655028;0.617459;0.607072;0.119266;0.599607;-0.419397;-0.163827;-0.60616;0.18021;-0.0491481;0.0163827;0.114679;0.0157274;-0.277851;0.0242464;0.435124;0.192661;0.332896;-0.247706;-0.0819135;0.0819135;-0.18021;-0.00982962;-1;0;0;0;0

38.01;-1;0.728398;0.558232;0.530387;0.664972;0.782099;0.745635;0.51779;0.619889;0.604199;0.643978;0.502541;0.712044;0.812376;0.511381;0.493702;0.604862;0.501878;0.655028;0.617459;-0.165138;0.119266;0.599607;-0.419397;-0.163827;-0.60616;0.18021;-0.0491481;0.0163827;0.114679;0.0157274;-0.277851;0.0242464;0.435124;0.192661;0.332896;-0.247706;-0.0819135;0.0819135;-0.18021;+1;0;0;0;0

39.8;0.696796;-1;0.728398;0.558232;0.530387;0.664972;0.782099;0.745635;0.51779;0.619889;0.604199;0.643978;0.502541;0.712044;0.812376;0.511381;0.493702;0.604862;0.501878;0.655028;-0.134338;-0.165138;0.119266;0.599607;-0.419397;-0.163827;-0.60616;0.18021;-0.0491481;0.0163827;0.114679;0.0157274;-0.277851;0.0242464;0.435124;0.192661;0.332896;-0.247706;-0.0819135;0.0819135;-1;0;0;0;0

38.65;0.631823;0.696796;-1;0.728398;0.558232;0.530387;0.664972;0.782099;0.745635;0.51779;0.619889;0.604199;0.643978;0.502541;0.712044;0.812376;0.511381;0.493702;0.604862;0.501878;-0.0229358;-0.134338;-0.165138;0.119266;0.599607;-0.419397;-0.163827;-0.60616;0.18021;-0.0491481;0.0163827;0.114679;0.0157274;-0.277851;0.0242464;0.435124;0.192661;0.332896;-0.247706;-0.0819135;-1;0;0;0;0

38;0.642873;0.631823;0.696796;-1;0.728398;0.558232;0.530387;0.664972;0.782099;0.745635;0.51779;0.619889;0.604199;0.643978;0.502541;0.712044;0.812376;0.511381;0.493702;0.604862;-0.477064;-0.0229358;-0.134338;-0.165138;0.119266;0.599607;-0.419397;-0.163827;-0.60616;0.18021;-0.0491481;0.0163827;0.114679;0.0157274;-0.277851;0.0242464;0.435124;0.192661;0.332896;-0.247706;-1;0;0;0;0

38;0.657238;0.642873;0.631823;0.696796;-1;0.728398;0.558232;0.530387;0.664972;0.782099;0.745635;0.51779;0.619889;0.604199;0.643978;0.502541;0.712044;0.812376;0.511381;0.493702;-0.171691;-0.477064;-0.0229358;-0.134338;-0.165138;0.119266;0.599607;-0.419397;-0.163827;-0.60616;0.18021;-0.0491481;0.0163827;0.114679;0.0157274;-0.277851;0.0242464;0.435124;0.192661;0.332896;-1;0;0;0;0

36.4;0.621878;0.657238;0.642873;0.631823;0.696796;-1;0.728398;0.558232;0.530387;0.664972;0.782099;0.745635;0.51779;0.619889;0.604199;0.643978;0.502541;0.712044;0.812376;0.511381;-0.501311;-0.171691;-0.477064;-0.0229358;-0.134338;-0.165138;0.119266;0.599607;-0.419397;-0.163827;-0.60616;0.18021;-0.0491481;0.0163827;0.114679;0.0157274;-0.277851;0.0242464;0.435124;0.192661;+1;0;0;0;0

36.49;0.659227;0.621878;0.657238;0.642873;0.631823;0.696796;-1;0.728398;0.558232;0.530387;0.664972;0.782099;0.745635;0.51779;0.619889;0.604199;0.643978;0.502541;0.712044;0.812376;-0.448886;-0.501311;-0.171691;-0.477064;-0.0229358;-0.134338;-0.165138;0.119266;0.599607;-0.419397;-0.163827;-0.60616;0.18021;-0.0491481;0.0163827;0.114679;0.0157274;-0.277851;0.0242464;0.435124;+1;0;0;0;0

37.7;0.683978;0.659227;0.621878;0.657238;0.642873;0.631823;0.696796;-1;0.728398;0.558232;0.530387;0.664972;0.782099;0.745635;0.51779;0.619889;0.604199;0.643978;0.502541;0.712044;0.443644;-0.448886;-0.501311;-0.171691;-0.477064;-0.0229358;-0.134338;-0.165138;0.119266;0.599607;-0.419397;-0.163827;-0.60616;0.18021;-0.0491481;0.0163827;0.114679;0.0157274;-0.277851;0.0242464;-1;0;0;0;0

36.3;0.626298;0.683978;0.659227;0.621878;0.657238;0.642873;0.631823;0.696796;-1;0.728398;0.558232;0.530387;0.664972;0.782099;0.745635;0.51779;0.619889;0.604199;0.643978;0.502541;0.146134;0.443644;-0.448886;-0.501311;-0.171691;-0.477064;-0.0229358;-0.134338;-0.165138;0.119266;0.599607;-0.419397;-0.163827;-0.60616;0.18021;-0.0491481;0.0163827;0.114679;0.0157274;-0.277851;-1;0;0;0;0

35.8;0.646188;0.626298;0.683978;0.659227;0.621878;0.657238;0.642873;0.631823;0.696796;-1;0.728398;0.558232;0.530387;0.664972;0.782099;0.745635;0.51779;0.619889;0.604199;0.643978;-0.475098;0.146134;0.443644;-0.448886;-0.501311;-0.171691;-0.477064;-0.0229358;-0.134338;-0.165138;0.119266;0.599607;-0.419397;-0.163827;-0.60616;0.18021;-0.0491481;0.0163827;0.114679;0.0157274;-1;0;0;0;0

35;0.639558;0.646188;0.626298;0.683978;0.659227;0.621878;0.657238;0.642873;0.631823;0.696796;-1;0.728398;0.558232;0.530387;0.664972;0.782099;0.745635;0.51779;0.619889;0.604199;-0.0557012;-0.475098;0.146134;0.443644;-0.448886;-0.501311;-0.171691;-0.477064;-0.0229358;-0.134338;-0.165138;0.119266;0.599607;-0.419397;-0.163827;-0.60616;0.18021;-0.0491481;0.0163827;0.114679;-1;0;0;0;0

34.05;0.636243;0.639558;0.646188;0.626298;0.683978;0.659227;0.621878;0.657238;0.642873;0.631823;0.696796;-1;0.728398;0.558232;0.530387;0.664972;0.782099;0.745635;0.51779;0.619889;-0.173657;-0.0557012;-0.475098;0.146134;0.443644;-0.448886;-0.501311;-0.171691;-0.477064;-0.0229358;-0.134338;-0.165138;0.119266;0.599607;-0.419397;-0.163827;-0.60616;0.18021;-0.0491481;0.0163827;-1;0;0;0;0

32.25;0.617459;0.636243;0.639558;0.646188;0.626298;0.683978;0.659227;0.621878;0.657238;0.642873;0.631823;0.696796;-1;0.728398;0.558232;0.530387;0.664972;0.782099;0.745635;0.51779;-0.12713;-0.173657;-0.0557012;-0.475098;0.146134;0.443644;-0.448886;-0.501311;-0.171691;-0.477064;-0.0229358;-0.134338;-0.165138;0.119266;0.599607;-0.419397;-0.163827;-0.60616;0.18021;-0.0491481;-1;0;0;0;0

30.5;0.618564;0.617459;0.636243;0.639558;0.646188;0.626298;0.683978;0.659227;0.621878;0.657238;0.642873;0.631823;0.696796;-1;0.728398;0.558232;0.530387;0.664972;0.782099;0.745635;-0.429882;-0.12713;-0.173657;-0.0557012;-0.475098;0.146134;0.443644;-0.448886;-0.501311;-0.171691;-0.477064;-0.0229358;-0.134338;-0.165138;0.119266;0.599607;-0.419397;-0.163827;-0.60616;0.18021;-1;0;0;0;0

29.7;0.639558;0.618564;0.617459;0.636243;0.639558;0.646188;0.626298;0.683978;0.659227;0.621878;0.657238;0.642873;0.631823;0.696796;-1;0.728398;0.558232;0.530387;0.664972;0.782099;0.24574;-0.429882;-0.12713;-0.173657;-0.0557012;-0.475098;0.146134;0.443644;-0.448886;-0.501311;-0.171691;-0.477064;-0.0229358;-0.134338;-0.165138;0.119266;0.599607;-0.419397;-0.163827;-0.60616;-1;0;0;0;0

27.8;0.615249;0.639558;0.618564;0.617459;0.636243;0.639558;0.646188;0.626298;0.683978;0.659227;0.621878;0.657238;0.642873;0.631823;0.696796;-1;0.728398;0.558232;0.530387;0.664972;0.353866;0.24574;-0.429882;-0.12713;-0.173657;-0.0557012;-0.475098;0.146134;0.443644;-0.448886;-0.501311;-0.171691;-0.477064;-0.0229358;-0.134338;-0.165138;0.119266;0.599607;-0.419397;-0.163827;+1;0;0;0;0

29.95;0.704751;0.615249;0.639558;0.618564;0.617459;0.636243;0.639558;0.646188;0.626298;0.683978;0.659227;0.621878;0.657238;0.642873;0.631823;0.696796;-1;0.728398;0.558232;0.530387;0.00655308;0.353866;0.24574;-0.429882;-0.12713;-0.173657;-0.0557012;-0.475098;0.146134;0.443644;-0.448886;-0.501311;-0.171691;-0.477064;-0.0229358;-0.134338;-0.165138;0.119266;0.599607;-0.419397;+1;0;0;0;0

32.6;0.715801;0.704751;0.615249;0.639558;0.618564;0.617459;0.636243;0.639558;0.646188;0.626298;0.683978;0.659227;0.621878;0.657238;0.642873;0.631823;0.696796;-1;0.728398;0.558232;-0.392529;0.00655308;0.353866;0.24574;-0.429882;-0.12713;-0.173657;-0.0557012;-0.475098;0.146134;0.443644;-0.448886;-0.501311;-0.171691;-0.477064;-0.0229358;-0.134338;-0.165138;0.119266;0.599607;+1;0;0;0;0

35.8;0.727956;0.715801;0.704751;0.615249;0.639558;0.618564;0.617459;0.636243;0.639558;0.646188;0.626298;0.683978;0.659227;0.621878;0.657238;0.642873;0.631823;0.696796;-1;0.728398;-0.309961;-0.392529;0.00655308;0.353866;0.24574;-0.429882;-0.12713;-0.173657;-0.0557012;-0.475098;0.146134;0.443644;-0.448886;-0.501311;-0.171691;-0.477064;-0.0229358;-0.134338;-0.165138;0.119266;-1;0;0;0;0

35.05;0.640663;0.727956;0.715801;0.704751;0.615249;0.639558;0.618564;0.617459;0.636243;0.639558;0.646188;0.626298;0.683978;0.659227;0.621878;0.657238;0.642873;0.631823;0.696796;-1;0.194626;-0.309961;-0.392529;0.00655308;0.353866;0.24574;-0.429882;-0.12713;-0.173657;-0.0557012;-0.475098;0.146134;0.443644;-0.448886;-0.501311;-0.171691;-0.477064;-0.0229358;-0.134338;-0.165138;-1;0;0;0;0

