34.3;0.887814;0.676338;0.6196;0.766602;0.72147;0.631206;0.779497;0.754997;0.926499;0.684075;0.673759;0.722759;0.547389;0.67118;0.662153;0.702128;0.761444;0.758865;0.827208;0.578337;0.66989;0.751128;0.471309;0.69568;0.663443;0.702128;0.734365;0.502257;0.734365;0.761444;0.79626;0.825919;0.785945;0.705996;0.749839;0.489362;0.74726;0.547389;0.521599;0.753707;0.64539;0.778208;0.632495;0.784655;0.734365;0.709865;0.77176;0.69568;0.927789;0.761444;0.739523;0.573179;0.72147;0.190244;0.0439025;-0.614634;-0.165854;-0.35122;-0.790244;-0.0292683;-0.102439;0.507317;-0.321951;0.560976;0.737265;-0.0563003;-0.485255;1;-0.119792;-0.666667;0.71875;0.1875;-0.0885417;0.296875;-0.776042;0.046875;0.390625;-0.171875;0.427083;0.692708;-1;0;0;0;0

34;0.66989;0.887814;0.676338;0.6196;0.766602;0.72147;0.631206;0.779497;0.754997;0.926499;0.684075;0.673759;0.722759;0.547389;0.67118;0.662153;0.702128;0.761444;0.758865;0.827208;0.578337;0.66989;0.751128;0.471309;0.69568;0.663443;0.702128;0.734365;0.502257;0.734365;0.761444;0.79626;0.825919;0.785945;0.705996;0.749839;0.489362;0.74726;0.547389;0.521599;0.753707;0.64539;0.778208;0.632495;0.784655;0.734365;0.709865;0.77176;0.69568;0.927789;0.761444;0.739523;0.573179;-0.0536585;0.190244;0.0439025;-0.614634;-0.165854;-0.35122;-0.790244;-0.0292683;-0.102439;0.507317;-0.321951;0.715818;0.737265;-0.0563003;-0.5;1;-0.119792;-0.666667;0.71875;0.1875;-0.0885417;0.296875;-0.776042;0.046875;0.390625;-0.171875;0.427083;+1;0;0;0;0

34.05;0.715023;0.66989;0.887814;0.676338;0.6196;0.766602;0.72147;0.631206;0.779497;0.754997;0.926499;0.684075;0.673759;0.722759;0.547389;0.67118;0.662153;0.702128;0.761444;0.758865;0.827208;0.578337;0.66989;0.751128;0.471309;0.69568;0.663443;0.702128;0.734365;0.502257;0.734365;0.761444;0.79626;0.825919;0.785945;0.705996;0.749839;0.489362;0.74726;0.547389;0.521599;0.753707;0.64539;0.778208;0.632495;0.784655;0.734365;0.709865;0.77176;0.69568;0.927789;0.761444;0.739523;-0.614634;-0.0536585;0.190244;0.0439025;-0.614634;-0.165854;-0.35122;-0.790244;-0.0292683;-0.102439;0.507317;-0.254692;0.715818;0.737265;-0.0833333;-0.5;1;-0.119792;-0.666667;0.71875;0.1875;-0.0885417;0.296875;-0.776042;0.046875;0.390625;-0.171875;+1;0;0;0;0

34.9;0.818182;0.715023;0.66989;0.887814;0.676338;0.6196;0.766602;0.72147;0.631206;0.779497;0.754997;0.926499;0.684075;0.673759;0.722759;0.547389;0.67118;0.662153;0.702128;0.761444;0.758865;0.827208;0.578337;0.66989;0.751128;0.471309;0.69568;0.663443;0.702128;0.734365;0.502257;0.734365;0.761444;0.79626;0.825919;0.785945;0.705996;0.749839;0.489362;0.74726;0.547389;0.521599;0.753707;0.64539;0.778208;0.632495;0.784655;0.734365;0.709865;0.77176;0.69568;0.927789;0.761444;0.0146342;-0.614634;-0.0536585;0.190244;0.0439025;-0.614634;-0.165854;-0.35122;-0.790244;-0.0292683;-0.102439;0.656836;-0.254692;0.715818;0.6875;-0.0833333;-0.5;1;-0.119792;-0.666667;0.71875;0.1875;-0.0885417;0.296875;-0.776042;0.046875;0.390625;+1;0;0;0;0

35.05;0.727917;0.818182;0.715023;0.66989;0.887814;0.676338;0.6196;0.766602;0.72147;0.631206;0.779497;0.754997;0.926499;0.684075;0.673759;0.722759;0.547389;0.67118;0.662153;0.702128;0.761444;0.758865;0.827208;0.578337;0.66989;0.751128;0.471309;0.69568;0.663443;0.702128;0.734365;0.502257;0.734365;0.761444;0.79626;0.825919;0.785945;0.705996;0.749839;0.489362;0.74726;0.547389;0.521599;0.753707;0.64539;0.778208;0.632495;0.784655;0.734365;0.709865;0.77176;0.69568;0.927789;0.097561;0.0146342;-0.614634;-0.0536585;0.190244;0.0439025;-0.614634;-0.165854;-0.35122;-0.790244;-0.0292683;-0.0134048;0.656836;-0.254692;0.666667;0.6875;-0.0833333;-0.5;1;-0.119792;-0.666667;0.71875;0.1875;-0.0885417;0.296875;-0.776042;0.046875;+1;0;0;0;0

35.55;0.77305;0.727917;0.818182;0.715023;0.66989;0.887814;0.676338;0.6196;0.766602;0.72147;0.631206;0.779497;0.754997;0.926499;0.684075;0.673759;0.722759;0.547389;0.67118;0.662153;0.702128;0.761444;0.758865;0.827208;0.578337;0.66989;0.751128;0.471309;0.69568;0.663443;0.702128;0.734365;0.502257;0.734365;0.761444;0.79626;0.825919;0.785945;0.705996;0.749839;0.489362;0.74726;0.547389;0.521599;0.753707;0.64539;0.778208;0.632495;0.784655;0.734365;0.709865;0.77176;0.69568;0.726829;0.097561;0.0146342;-0.614634;-0.0536585;0.190244;0.0439025;-0.614634;-0.165854;-0.35122;-0.790244;0.0670241;-0.0134048;0.656836;-0.276042;0.666667;0.6875;-0.0833333;-0.5;1;-0.119792;-0.666667;0.71875;0.1875;-0.0885417;0.296875;-0.776042;-1;0;0;0;0

35.01;0.638943;0.77305;0.727917;0.818182;0.715023;0.66989;0.887814;0.676338;0.6196;0.766602;0.72147;0.631206;0.779497;0.754997;0.926499;0.684075;0.673759;0.722759;0.547389;0.67118;0.662153;0.702128;0.761444;0.758865;0.827208;0.578337;0.66989;0.751128;0.471309;0.69568;0.663443;0.702128;0.734365;0.502257;0.734365;0.761444;0.79626;0.825919;0.785945;0.705996;0.749839;0.489362;0.74726;0.547389;0.521599;0.753707;0.64539;0.778208;0.632495;0.784655;0.734365;0.709865;0.77176;-0.15122;0.726829;0.097561;0.0146342;-0.614634;-0.0536585;0.190244;0.0439025;-0.614634;-0.165854;-0.35122;-0.769437;0.0670241;-0.0134048;0.609375;-0.276042;0.666667;0.6875;-0.0833333;-0.5;1;-0.119792;-0.666667;0.71875;0.1875;-0.0885417;0.296875;-1;0;0;0;0

34.5;0.642811;0.638943;0.77305;0.727917;0.818182;0.715023;0.66989;0.887814;0.676338;0.6196;0.766602;0.72147;0.631206;0.779497;0.754997;0.926499;0.684075;0.673759;0.722759;0.547389;0.67118;0.662153;0.702128;0.761444;0.758865;0.827208;0.578337;0.66989;0.751128;0.471309;0.69568;0.663443;0.702128;0.734365;0.502257;0.734365;0.761444;0.79626;0.825919;0.785945;0.705996;0.749839;0.489362;0.74726;0.547389;0.521599;0.753707;0.64539;0.778208;0.632495;0.784655;0.734365;0.709865;0.136585;-0.15122;0.726829;0.097561;0.0146342;-0.614634;-0.0536585;0.190244;0.0439025;-0.614634;-0.165854;-0.286863;-0.769437;0.0670241;-0.0416667;0.609375;-0.276042;0.666667;0.6875;-0.0833333;-0.5;1;-0.119792;-0.666667;0.71875;0.1875;-0.0885417;-1;0;0;0;0

33.8;0.618311;0.642811;0.638943;0.77305;0.727917;0.818182;0.715023;0.66989;0.887814;0.676338;0.6196;0.766602;0.72147;0.631206;0.779497;0.754997;0.926499;0.684075;0.673759;0.722759;0.547389;0.67118;0.662153;0.702128;0.761444;0.758865;0.827208;0.578337;0.66989;0.751128;0.471309;0.69568;0.663443;0.702128;0.734365;0.502257;0.734365;0.761444;0.79626;0.825919;0.785945;0.705996;0.749839;0.489362;0.74726;0.547389;0.521599;0.753707;0.64539;0.778208;0.632495;0.784655;0.734365;-0.097561;0.136585;-0.15122;0.726829;0.097561;0.0146342;-0.614634;-0.0536585;0.190244;0.0439025;-0.614634;-0.0831099;-0.286863;-0.769437;0.0364583;-0.0416667;0.609375;-0.276042;0.666667;0.6875;-0.0833333;-0.5;1;-0.119792;-0.666667;0.71875;0.1875;-1;0;0;0;0

32.4;0.528046;0.618311;0.642811;0.638943;0.77305;0.727917;0.818182;0.715023;0.66989;0.887814;0.676338;0.6196;0.766602;0.72147;0.631206;0.779497;0.754997;0.926499;0.684075;0.673759;0.722759;0.547389;0.67118;0.662153;0.702128;0.761444;0.758865;0.827208;0.578337;0.66989;0.751128;0.471309;0.69568;0.663443;0.702128;0.734365;0.502257;0.734365;0.761444;0.79626;0.825919;0.785945;0.705996;0.749839;0.489362;0.74726;0.547389;0.521599;0.753707;0.64539;0.778208;0.632495;0.784655;-0.00487804;-0.097561;0.136585;-0.15122;0.726829;0.097561;0.0146342;-0.614634;-0.0536585;0.190244;0.0439025;-0.576407;-0.0831099;-0.286863;-0.776042;0.0364583;-0.0416667;0.609375;-0.276042;0.666667;0.6875;-0.0833333;-0.5;1;-0.119792;-0.666667;0.71875;+1;0;0;0;0

32.5;0.72147;0.528046;0.618311;0.642811;0.638943;0.77305;0.727917;0.818182;0.715023;0.66989;0.887814;0.676338;0.6196;0.766602;0.72147;0.631206;0.779497;0.754997;0.926499;0.684075;0.673759;0.722759;0.547389;0.67118;0.662153;0.702128;0.761444;0.758865;0.827208;0.578337;0.66989;0.751128;0.471309;0.69568;0.663443;0.702128;0.734365;0.502257;0.734365;0.761444;0.79626;0.825919;0.785945;0.705996;0.749839;0.489362;0.74726;0.547389;0.521599;0.753707;0.64539;0.778208;0.632495;0.185366;-0.00487804;-0.097561;0.136585;-0.15122;0.726829;0.097561;0.0146342;-0.614634;-0.0536585;0.190244;0.147453;-0.576407;-0.0831099;-0.307292;-0.776042;0.0364583;-0.0416667;0.609375;-0.276042;0.666667;0.6875;-0.0833333;-0.5;1;-0.119792;-0.666667;-1;0;0;0;0

31.8;0.618311;0.72147;0.528046;0.618311;0.642811;0.638943;0.77305;0.727917;0.818182;0.715023;0.66989;0.887814;0.676338;0.6196;0.766602;0.72147;0.631206;0.779497;0.754997;0.926499;0.684075;0.673759;0.722759;0.547389;0.67118;0.662153;0.702128;0.761444;0.758865;0.827208;0.578337;0.66989;0.751128;0.471309;0.69568;0.663443;0.702128;0.734365;0.502257;0.734365;0.761444;0.79626;0.825919;0.785945;0.705996;0.749839;0.489362;0.74726;0.547389;0.521599;0.753707;0.64539;0.778208;-0.390244;0.185366;-0.00487804;-0.097561;0.136585;-0.15122;0.726829;0.097561;0.0146342;-0.614634;-0.0536585;0.308311;0.147453;-0.576407;-0.109375;-0.307292;-0.776042;0.0364583;-0.0416667;0.609375;-0.276042;0.666667;0.6875;-0.0833333;-0.5;1;-0.119792;-1;0;0;0;0

30.98;0.602837;0.618311;0.72147;0.528046;0.618311;0.642811;0.638943;0.77305;0.727917;0.818182;0.715023;0.66989;0.887814;0.676338;0.6196;0.766602;0.72147;0.631206;0.779497;0.754997;0.926499;0.684075;0.673759;0.722759;0.547389;0.67118;0.662153;0.702128;0.761444;0.758865;0.827208;0.578337;0.66989;0.751128;0.471309;0.69568;0.663443;0.702128;0.734365;0.502257;0.734365;0.761444;0.79626;0.825919;0.785945;0.705996;0.749839;0.489362;0.74726;0.547389;0.521599;0.753707;0.64539;0.160976;-0.390244;0.185366;-0.00487804;-0.097561;0.136585;-0.15122;0.726829;0.097561;0.0146342;-0.614634;0.0402145;0.308311;0.147453;-0.588542;-0.109375;-0.307292;-0.776042;0.0364583;-0.0416667;0.609375;-0.276042;0.666667;0.6875;-0.0833333;-0.5;1;+1;0;0;0;0

31.3;0.749839;0.602837;0.618311;0.72147;0.528046;0.618311;0.642811;0.638943;0.77305;0.727917;0.818182;0.715023;0.66989;0.887814;0.676338;0.6196;0.766602;0.72147;0.631206;0.779497;0.754997;0.926499;0.684075;0.673759;0.722759;0.547389;0.67118;0.662153;0.702128;0.761444;0.758865;0.827208;0.578337;0.66989;0.751128;0.471309;0.69568;0.663443;0.702128;0.734365;0.502257;0.734365;0.761444;0.79626;0.825919;0.785945;0.705996;0.749839;0.489362;0.74726;0.547389;0.521599;0.753707;-0.341463;0.160976;-0.390244;0.185366;-0.00487804;-0.097561;0.136585;-0.15122;0.726829;0.097561;0.0146342;-0.576407;0.0402145;0.308311;0.114583;-0.588542;-0.109375;-0.307292;-0.776042;0.0364583;-0.0416667;0.609375;-0.276042;0.666667;0.6875;-0.0833333;-0.5;-1;0;0;0;0

29.71;0.503546;0.749839;0.602837;0.618311;0.72147;0.528046;0.618311;0.642811;0.638943;0.77305;0.727917;0.818182;0.715023;0.66989;0.887814;0.676338;0.6196;0.766602;0.72147;0.631206;0.779497;0.754997;0.926499;0.684075;0.673759;0.722759;0.547389;0.67118;0.662153;0.702128;0.761444;0.758865;0.827208;0.578337;0.66989;0.751128;0.471309;0.69568;0.663443;0.702128;0.734365;0.502257;0.734365;0.761444;0.79626;0.825919;0.785945;0.705996;0.749839;0.489362;0.74726;0.547389;0.521599;0.0682927;-0.341463;0.160976;-0.390244;0.185366;-0.00487804;-0.097561;0.136585;-0.15122;0.726829;0.097561;0.115282;-0.576407;0.0402145;0.270833;0.114583;-0.588542;-0.109375;-0.307292;-0.776042;0.0364583;-0.0416667;0.609375;-0.276042;0.666667;0.6875;-0.0833333;+1;0;0;0;0

30.2;0.77176;0.503546;0.749839;0.602837;0.618311;0.72147;0.528046;0.618311;0.642811;0.638943;0.77305;0.727917;0.818182;0.715023;0.66989;0.887814;0.676338;0.6196;0.766602;0.72147;0.631206;0.779497;0.754997;0.926499;0.684075;0.673759;0.722759;0.547389;0.67118;0.662153;0.702128;0.761444;0.758865;0.827208;0.578337;0.66989;0.751128;0.471309;0.69568;0.663443;0.702128;0.734365;0.502257;0.734365;0.761444;0.79626;0.825919;0.785945;0.705996;0.749839;0.489362;0.74726;0.547389;-0.809756;0.0682927;-0.341463;0.160976;-0.390244;0.185366;-0.00487804;-0.097561;0.136585;-0.15122;0.726829;0.206434;0.115282;-0.576407;0.0104167;0.270833;0.114583;-0.588542;-0.109375;-0.307292;-0.776042;0.0364583;-0.0416667;0.609375;-0.276042;0.666667;0.6875;-1;0;0;0;0

29.71;0.64539;0.77176;0.503546;0.749839;0.602837;0.618311;0.72147;0.528046;0.618311;0.642811;0.638943;0.77305;0.727917;0.818182;0.715023;0.66989;0.887814;0.676338;0.6196;0.766602;0.72147;0.631206;0.779497;0.754997;0.926499;0.684075;0.673759;0.722759;0.547389;0.67118;0.662153;0.702128;0.761444;0.758865;0.827208;0.578337;0.66989;0.751128;0.471309;0.69568;0.663443;0.702128;0.734365;0.502257;0.734365;0.761444;0.79626;0.825919;0.785945;0.705996;0.749839;0.489362;0.74726;-0.712195;-0.809756;0.0682927;-0.341463;0.160976;-0.390244;0.185366;-0.00487804;-0.097561;0.136585;-0.15122;0.898123;0.206434;0.115282;-0.588542;0.0104167;0.270833;0.114583;-0.588542;-0.109375;-0.307292;-0.776042;0.0364583;-0.0416667;0.609375;-0.276042;0.666667;+1;0;0;0;0

30.75;0.842682;0.64539;0.77176;0.503546;0.749839;0.602837;0.618311;0.72147;0.528046;0.618311;0.642811;0.638943;0.77305;0.727917;0.818182;0.715023;0.66989;0.887814;0.676338;0.6196;0.766602;0.72147;0.631206;0.779497;0.754997;0.926499;0.684075;0.673759;0.722759;0.547389;0.67118;0.662153;0.702128;0.761444;0.758865;0.827208;0.578337;0.66989;0.751128;0.471309;0.69568;0.663443;0.702128;0.734365;0.502257;0.734365;0.761444;0.79626;0.825919;0.785945;0.705996;0.749839;0.489362;0.0439025;-0.712195;-0.809756;0.0682927;-0.341463;0.160976;-0.390244;0.185366;-0.00487804;-0.097561;0.136585;-0.0670241;0.898123;0.206434;0.0833333;-0.588542;0.0104167;0.270833;0.114583;-0.588542;-0.109375;-0.307292;-0.776042;0.0364583;-0.0416667;0.609375;-0.276042;-1;0;0;0;0

30.75;0.708575;0.842682;0.64539;0.77176;0.503546;0.749839;0.602837;0.618311;0.72147;0.528046;0.618311;0.642811;0.638943;0.77305;0.727917;0.818182;0.715023;0.66989;0.887814;0.676338;0.6196;0.766602;0.72147;0.631206;0.779497;0.754997;0.926499;0.684075;0.673759;0.722759;0.547389;0.67118;0.662153;0.702128;0.761444;0.758865;0.827208;0.578337;0.66989;0.751128;0.471309;0.69568;0.663443;0.702128;0.734365;0.502257;0.734365;0.761444;0.79626;0.825919;0.785945;0.705996;0.749839;-0.931707;0.0439025;-0.712195;-0.809756;0.0682927;-0.341463;0.160976;-0.390244;0.185366;-0.00487804;-0.097561;0.24933;-0.0670241;0.898123;0.171875;0.0833333;-0.588542;0.0104167;0.270833;0.114583;-0.588542;-0.109375;-0.307292;-0.776042;0.0364583;-0.0416667;0.609375;+1;0;0;0;0

30.8;0.715023;0.708575;0.842682;0.64539;0.77176;0.503546;0.749839;0.602837;0.618311;0.72147;0.528046;0.618311;0.642811;0.638943;0.77305;0.727917;0.818182;0.715023;0.66989;0.887814;0.676338;0.6196;0.766602;0.72147;0.631206;0.779497;0.754997;0.926499;0.684075;0.673759;0.722759;0.547389;0.67118;0.662153;0.702128;0.761444;0.758865;0.827208;0.578337;0.66989;0.751128;0.471309;0.69568;0.663443;0.702128;0.734365;0.502257;0.734365;0.761444;0.79626;0.825919;0.785945;0.705996;0.0536585;-0.931707;0.0439025;-0.712195;-0.809756;0.0682927;-0.341463;0.160976;-0.390244;0.185366;-0.00487804;-0.00804288;0.24933;-0.0670241;0.84375;0.171875;0.0833333;-0.588542;0.0104167;0.270833;0.114583;-0.588542;-0.109375;-0.307292;-0.776042;0.0364583;-0.0416667;-1;0;0;0;0

29.21;0.503546;0.715023;0.708575;0.842682;0.64539;0.77176;0.503546;0.749839;0.602837;0.618311;0.72147;0.528046;0.618311;0.642811;0.638943;0.77305;0.727917;0.818182;0.715023;0.66989;0.887814;0.676338;0.6196;0.766602;0.72147;0.631206;0.779497;0.754997;0.926499;0.684075;0.673759;0.722759;0.547389;0.67118;0.662153;0.702128;0.761444;0.758865;0.827208;0.578337;0.66989;0.751128;0.471309;0.69568;0.663443;0.702128;0.734365;0.502257;0.734365;0.761444;0.79626;0.825919;0.785945;-0.112195;0.0536585;-0.931707;0.0439025;-0.712195;-0.809756;0.0682927;-0.341463;0.160976;-0.390244;0.185366;0.0938338;-0.00804288;0.24933;-0.09375;0.84375;0.171875;0.0833333;-0.588542;0.0104167;0.270833;0.114583;-0.588542;-0.109375;-0.307292;-0.776042;0.0364583;-1;0;0;0;0

29;0.681496;0.503546;0.715023;0.708575;0.842682;0.64539;0.77176;0.503546;0.749839;0.602837;0.618311;0.72147;0.528046;0.618311;0.642811;0.638943;0.77305;0.727917;0.818182;0.715023;0.66989;0.887814;0.676338;0.6196;0.766602;0.72147;0.631206;0.779497;0.754997;0.926499;0.684075;0.673759;0.722759;0.547389;0.67118;0.662153;0.702128;0.761444;0.758865;0.827208;0.578337;0.66989;0.751128;0.471309;0.69568;0.663443;0.702128;0.734365;0.502257;0.734365;0.761444;0.79626;0.825919;0.190244;-0.112195;0.0536585;-0.931707;0.0439025;-0.712195;-0.809756;0.0682927;-0.341463;0.160976;-0.390244;0.302949;0.0938338;-0.00804288;0.213542;-0.09375;0.84375;0.171875;0.0833333;-0.588542;0.0104167;0.270833;0.114583;-0.588542;-0.109375;-0.307292;-0.776042;+1;0;0;0;0

30.89;0.952289;0.681496;0.503546;0.715023;0.708575;0.842682;0.64539;0.77176;0.503546;0.749839;0.602837;0.618311;0.72147;0.528046;0.618311;0.642811;0.638943;0.77305;0.727917;0.818182;0.715023;0.66989;0.887814;0.676338;0.6196;0.766602;0.72147;0.631206;0.779497;0.754997;0.926499;0.684075;0.673759;0.722759;0.547389;0.67118;0.662153;0.702128;0.761444;0.758865;0.827208;0.578337;0.66989;0.751128;0.471309;0.69568;0.663443;0.702128;0.734365;0.502257;0.734365;0.761444;0.79626;0.341463;0.190244;-0.112195;0.0536585;-0.931707;0.0439025;-0.712195;-0.809756;0.0682927;-0.341463;0.160976;-0.329759;0.302949;0.0938338;-0.0364583;0.213542;-0.09375;0.84375;0.171875;0.0833333;-0.588542;0.0104167;0.270833;0.114583;-0.588542;-0.109375;-0.307292;-1;0;0;0;0

30.66;0.678917;0.952289;0.681496;0.503546;0.715023;0.708575;0.842682;0.64539;0.77176;0.503546;0.749839;0.602837;0.618311;0.72147;0.528046;0.618311;0.642811;0.638943;0.77305;0.727917;0.818182;0.715023;0.66989;0.887814;0.676338;0.6196;0.766602;0.72147;0.631206;0.779497;0.754997;0.926499;0.684075;0.673759;0.722759;0.547389;0.67118;0.662153;0.702128;0.761444;0.758865;0.827208;0.578337;0.66989;0.751128;0.471309;0.69568;0.663443;0.702128;0.734365;0.502257;0.734365;0.761444;0.229268;0.341463;0.190244;-0.112195;0.0536585;-0.931707;0.0439025;-0.712195;-0.809756;0.0682927;-0.341463;0.276139;-0.329759;0.302949;0.0625;-0.0364583;0.213542;-0.09375;0.84375;0.171875;0.0833333;-0.588542;0.0104167;0.270833;0.114583;-0.588542;-0.109375;-1;0;0;0;0

29.75;0.591231;0.678917;0.952289;0.681496;0.503546;0.715023;0.708575;0.842682;0.64539;0.77176;0.503546;0.749839;0.602837;0.618311;0.72147;0.528046;0.618311;0.642811;0.638943;0.77305;0.727917;0.818182;0.715023;0.66989;0.887814;0.676338;0.6196;0.766602;0.72147;0.631206;0.779497;0.754997;0.926499;0.684075;0.673759;0.722759;0.547389;0.67118;0.662153;0.702128;0.761444;0.758865;0.827208;0.578337;0.66989;0.751128;0.471309;0.69568;0.663443;0.702128;0.734365;0.502257;0.734365;0.097561;0.229268;0.341463;0.190244;-0.112195;0.0536585;-0.931707;0.0439025;-0.712195;-0.809756;0.0682927;-0.276139;0.276139;-0.329759;0.265625;0.0625;-0.0364583;0.213542;-0.09375;0.84375;0.171875;0.0833333;-0.588542;0.0104167;0.270833;0.114583;-0.588542;-1;0;0;0;0

29.01;0.613153;0.591231;0.678917;0.952289;0.681496;0.503546;0.715023;0.708575;0.842682;0.64539;0.77176;0.503546;0.749839;0.602837;0.618311;0.72147;0.528046;0.618311;0.642811;0.638943;0.77305;0.727917;0.818182;0.715023;0.66989;0.887814;0.676338;0.6196;0.766602;0.72147;0.631206;0.779497;0.754997;0.926499;0.684075;0.673759;0.722759;0.547389;0.67118;0.662153;0.702128;0.761444;0.758865;0.827208;0.578337;0.66989;0.751128;0.471309;0.69568;0.663443;0.702128;0.734365;0.502257;-0.00487804;0.097561;0.229268;0.341463;0.190244;-0.112195;0.0536585;-0.931707;0.0439025;-0.712195;-0.809756;0.174263;-0.276139;0.276139;-0.348958;0.265625;0.0625;-0.0364583;0.213542;-0.09375;0.84375;0.171875;0.0833333;-0.588542;0.0104167;0.270833;0.114583;-1;0;0;0;0

27.73;0.54352;0.613153;0.591231;0.678917;0.952289;0.681496;0.503546;0.715023;0.708575;0.842682;0.64539;0.77176;0.503546;0.749839;0.602837;0.618311;0.72147;0.528046;0.618311;0.642811;0.638943;0.77305;0.727917;0.818182;0.715023;0.66989;0.887814;0.676338;0.6196;0.766602;0.72147;0.631206;0.779497;0.754997;0.926499;0.684075;0.673759;0.722759;0.547389;0.67118;0.662153;0.702128;0.761444;0.758865;0.827208;0.578337;0.66989;0.751128;0.471309;0.69568;0.663443;0.702128;0.734365;-0.882927;-0.00487804;0.097561;0.229268;0.341463;0.190244;-0.112195;0.0536585;-0.931707;0.0439025;-0.712195;-0.790885;0.174263;-0.276139;0.239583;-0.348958;0.265625;0.0625;-0.0364583;0.213542;-0.09375;0.84375;0.171875;0.0833333;-0.588542;0.0104167;0.270833;-1;0;0;0;0

27.65;0.698259;0.54352;0.613153;0.591231;0.678917;0.952289;0.681496;0.503546;0.715023;0.708575;0.842682;0.64539;0.77176;0.503546;0.749839;0.602837;0.618311;0.72147;0.528046;0.618311;0.642811;0.638943;0.77305;0.727917;0.818182;0.715023;0.66989;0.887814;0.676338;0.6196;0.766602;0.72147;0.631206;0.779497;0.754997;0.926499;0.684075;0.673759;0.722759;0.547389;0.67118;0.662153;0.702128;0.761444;0.758865;0.827208;0.578337;0.66989;0.751128;0.471309;0.69568;0.663443;0.702128;-0.00487804;-0.882927;-0.00487804;0.097561;0.229268;0.341463;0.190244;-0.112195;0.0536585;-0.931707;0.0439025;-0.683646;-0.790885;0.174263;-0.296875;0.239583;-0.348958;0.265625;0.0625;-0.0364583;0.213542;-0.09375;0.84375;0.171875;0.0833333;-0.588542;0.0104167;+1;0;0;0;0

27.8;0.727917;0.698259;0.54352;0.613153;0.591231;0.678917;0.952289;0.681496;0.503546;0.715023;0.708575;0.842682;0.64539;0.77176;0.503546;0.749839;0.602837;0.618311;0.72147;0.528046;0.618311;0.642811;0.638943;0.77305;0.727917;0.818182;0.715023;0.66989;0.887814;0.676338;0.6196;0.766602;0.72147;0.631206;0.779497;0.754997;0.926499;0.684075;0.673759;0.722759;0.547389;0.67118;0.662153;0.702128;0.761444;0.758865;0.827208;0.578337;0.66989;0.751128;0.471309;0.69568;0.663443;-0.126829;-0.00487804;-0.882927;-0.00487804;0.097561;0.229268;0.341463;0.190244;-0.112195;0.0536585;-0.931707;0.147453;-0.683646;-0.790885;0.140625;-0.296875;0.239583;-0.348958;0.265625;0.0625;-0.0364583;0.213542;-0.09375;0.84375;0.171875;0.0833333;-0.588542;-1;0;0;0;0

27.32;0.64668;0.727917;0.698259;0.54352;0.613153;0.591231;0.678917;0.952289;0.681496;0.503546;0.715023;0.708575;0.842682;0.64539;0.77176;0.503546;0.749839;0.602837;0.618311;0.72147;0.528046;0.618311;0.642811;0.638943;0.77305;0.727917;0.818182;0.715023;0.66989;0.887814;0.676338;0.6196;0.766602;0.72147;0.631206;0.779497;0.754997;0.926499;0.684075;0.673759;0.722759;0.547389;0.67118;0.662153;0.702128;0.761444;0.758865;0.827208;0.578337;0.66989;0.751128;0.471309;0.69568;-0.273171;-0.126829;-0.00487804;-0.882927;-0.00487804;0.097561;0.229268;0.341463;0.190244;-0.112195;0.0536585;-0.924933;0.147453;-0.683646;-0.796875;0.140625;-0.296875;0.239583;-0.348958;0.265625;0.0625;-0.0364583;0.213542;-0.09375;0.84375;0.171875;0.0833333;-1;0;0;0;0

26.6;0.615732;0.64668;0.727917;0.698259;0.54352;0.613153;0.591231;0.678917;0.952289;0.681496;0.503546;0.715023;0.708575;0.842682;0.64539;0.77176;0.503546;0.749839;0.602837;0.618311;0.72147;0.528046;0.618311;0.642811;0.638943;0.77305;0.727917;0.818182;0.715023;0.66989;0.887814;0.676338;0.6196;0.766602;0.72147;0.631206;0.779497;0.754997;0.926499;0.684075;0.673759;0.722759;0.547389;0.67118;0.662153;0.702128;0.761444;0.758865;0.827208;0.578337;0.66989;0.751128;0.471309;-0.15122;-0.273171;-0.126829;-0.00487804;-0.882927;-0.00487804;0.097561;0.229268;0.341463;0.190244;-0.112195;0.158177;-0.924933;0.147453;-0.692708;-0.796875;0.140625;-0.296875;0.239583;-0.348958;0.265625;0.0625;-0.0364583;0.213542;-0.09375;0.84375;0.171875;+1;0;0;0;0

27.3;0.798839;0.615732;0.64668;0.727917;0.698259;0.54352;0.613153;0.591231;0.678917;0.952289;0.681496;0.503546;0.715023;0.708575;0.842682;0.64539;0.77176;0.503546;0.749839;0.602837;0.618311;0.72147;0.528046;0.618311;0.642811;0.638943;0.77305;0.727917;0.818182;0.715023;0.66989;0.887814;0.676338;0.6196;0.766602;0.72147;0.631206;0.779497;0.754997;0.926499;0.684075;0.673759;0.722759;0.547389;0.67118;0.662153;0.702128;0.761444;0.758865;0.827208;0.578337;0.66989;0.751128;-1;-0.15122;-0.273171;-0.126829;-0.00487804;-0.882927;-0.00487804;0.097561;0.229268;0.341463;0.190244;-0.0241287;0.158177;-0.924933;0.114583;-0.692708;-0.796875;0.140625;-0.296875;0.239583;-0.348958;0.265625;0.0625;-0.0364583;0.213542;-0.09375;0.84375;+1;0;0;0;0

28.15;0.818182;0.798839;0.615732;0.64668;0.727917;0.698259;0.54352;0.613153;0.591231;0.678917;0.952289;0.681496;0.503546;0.715023;0.708575;0.842682;0.64539;0.77176;0.503546;0.749839;0.602837;0.618311;0.72147;0.528046;0.618311;0.642811;0.638943;0.77305;0.727917;0.818182;0.715023;0.66989;0.887814;0.676338;0.6196;0.766602;0.72147;0.631206;0.779497;0.754997;0.926499;0.684075;0.673759;0.722759;0.547389;0.67118;0.662153;0.702128;0.761444;0.758865;0.827208;0.578337;0.66989;0.0585366;-1;-0.15122;-0.273171;-0.126829;-0.00487804;-0.882927;-0.00487804;0.097561;0.229268;0.341463;0.308311;-0.0241287;0.158177;-0.927083;0.114583;-0.692708;-0.796875;0.140625;-0.296875;0.239583;-0.348958;0.265625;0.0625;-0.0364583;0.213542;-0.09375;-1;0;0;0;0

27.1;0.573179;0.818182;0.798839;0.615732;0.64668;0.727917;0.698259;0.54352;0.613153;0.591231;0.678917;0.952289;0.681496;0.503546;0.715023;0.708575;0.842682;0.64539;0.77176;0.503546;0.749839;0.602837;0.618311;0.72147;0.528046;0.618311;0.642811;0.638943;0.77305;0.727917;0.818182;0.715023;0.66989;0.887814;0.676338;0.6196;0.766602;0.72147;0.631206;0.779497;0.754997;0.926499;0.684075;0.673759;0.722759;0.547389;0.67118;0.662153;0.702128;0.761444;0.758865;0.827208;0.578337;-0.24878;0.0585366;-1;-0.15122;-0.273171;-0.126829;-0.00487804;-0.882927;-0.00487804;0.097561;0.229268;0.474531;0.308311;-0.0241287;0.125;-0.927083;0.114583;-0.692708;-0.796875;0.140625;-0.296875;0.239583;-0.348958;0.265625;0.0625;-0.0364583;0.213542;+1;0;0;0;0

27.35;0.740812;0.573179;0.818182;0.798839;0.615732;0.64668;0.727917;0.698259;0.54352;0.613153;0.591231;0.678917;0.952289;0.681496;0.503546;0.715023;0.708575;0.842682;0.64539;0.77176;0.503546;0.749839;0.602837;0.618311;0.72147;0.528046;0.618311;0.642811;0.638943;0.77305;0.727917;0.818182;0.715023;0.66989;0.887814;0.676338;0.6196;0.766602;0.72147;0.631206;0.779497;0.754997;0.926499;0.684075;0.673759;0.722759;0.547389;0.67118;0.662153;0.702128;0.761444;0.758865;0.827208;-0.595122;-0.24878;0.0585366;-1;-0.15122;-0.273171;-0.126829;-0.00487804;-0.882927;-0.00487804;0.097561;0.351206;0.474531;0.308311;-0.0520833;0.125;-0.927083;0.114583;-0.692708;-0.796875;0.140625;-0.296875;0.239583;-0.348958;0.265625;0.0625;-0.0364583;+1;0;0;0;0

28.1;0.805287;0.740812;0.573179;0.818182;0.798839;0.615732;0.64668;0.727917;0.698259;0.54352;0.613153;0.591231;0.678917;0.952289;0.681496;0.503546;0.715023;0.708575;0.842682;0.64539;0.77176;0.503546;0.749839;0.602837;0.618311;0.72147;0.528046;0.618311;0.642811;0.638943;0.77305;0.727917;0.818182;0.715023;0.66989;0.887814;0.676338;0.6196;0.766602;0.72147;0.631206;0.779497;0.754997;0.926499;0.684075;0.673759;0.722759;0.547389;0.67118;0.662153;0.702128;0.761444;0.758865;0.346341;-0.595122;-0.24878;0.0585366;-1;-0.15122;-0.273171;-0.126829;-0.00487804;-0.882927;-0.00487804;0.206434;0.351206;0.474531;0.270833;-0.0520833;0.125;-0.927083;0.114583;-0.692708;-0.796875;0.140625;-0.296875;0.239583;-0.348958;0.265625;0.0625;-1;0;0;0;0

27.26;0.600258;0.805287;0.740812;0.573179;0.818182;0.798839;0.615732;0.64668;0.727917;0.698259;0.54352;0.613153;0.591231;0.678917;0.952289;0.681496;0.503546;0.715023;0.708575;0.842682;0.64539;0.77176;0.503546;0.749839;0.602837;0.618311;0.72147;0.528046;0.618311;0.642811;0.638943;0.77305;0.727917;0.818182;0.715023;0.66989;0.887814;0.676338;0.6196;0.766602;0.72147;0.631206;0.779497;0.754997;0.926499;0.684075;0.673759;0.722759;0.547389;0.67118;0.662153;0.702128;0.761444;0.0878049;0.346341;-0.595122;-0.24878;0.0585366;-1;-0.15122;-0.273171;-0.126829;-0.00487804;-0.882927;0.0938338;0.206434;0.351206;0.432292;0.270833;-0.0520833;0.125;-0.927083;0.114583;-0.692708;-0.796875;0.140625;-0.296875;0.239583;-0.348958;0.265625;+1;0;0;0;0

27.45;0.733075;0.600258;0.805287;0.740812;0.573179;0.818182;0.798839;0.615732;0.64668;0.727917;0.698259;0.54352;0.613153;0.591231;0.678917;0.952289;0.681496;0.503546;0.715023;0.708575;0.842682;0.64539;0.77176;0.503546;0.749839;0.602837;0.618311;0.72147;0.528046;0.618311;0.642811;0.638943;0.77305;0.727917;0.818182;0.715023;0.66989;0.887814;0.676338;0.6196;0.766602;0.72147;0.631206;0.779497;0.754997;0.926499;0.684075;0.673759;0.722759;0.547389;0.67118;0.662153;0.702128;0.097561;0.0878049;0.346341;-0.595122;-0.24878;0.0585366;-1;-0.15122;-0.273171;-0.126829;-0.00487804;-0.871314;0.0938338;0.206434;0.3125;0.432292;0.270833;-0.0520833;0.125;-0.927083;0.114583;-0.692708;-0.796875;0.140625;-0.296875;0.239583;-0.348958;+1;0;0;0;0

27.69;0.739523;0.733075;0.600258;0.805287;0.740812;0.573179;0.818182;0.798839;0.615732;0.64668;0.727917;0.698259;0.54352;0.613153;0.591231;0.678917;0.952289;0.681496;0.503546;0.715023;0.708575;0.842682;0.64539;0.77176;0.503546;0.749839;0.602837;0.618311;0.72147;0.528046;0.618311;0.642811;0.638943;0.77305;0.727917;0.818182;0.715023;0.66989;0.887814;0.676338;0.6196;0.766602;0.72147;0.631206;0.779497;0.754997;0.926499;0.684075;0.673759;0.722759;0.547389;0.67118;0.662153;-0.126829;0.097561;0.0878049;0.346341;-0.595122;-0.24878;0.0585366;-1;-0.15122;-0.273171;-0.126829;0.0938338;-0.871314;0.0938338;0.171875;0.3125;0.432292;0.270833;-0.0520833;0.125;-0.927083;0.114583;-0.692708;-0.796875;0.140625;-0.296875;0.239583;-1;0;0;0;0

26.69;0.579626;0.739523;0.733075;0.600258;0.805287;0.740812;0.573179;0.818182;0.798839;0.615732;0.64668;0.727917;0.698259;0.54352;0.613153;0.591231;0.678917;0.952289;0.681496;0.503546;0.715023;0.708575;0.842682;0.64539;0.77176;0.503546;0.749839;0.602837;0.618311;0.72147;0.528046;0.618311;0.642811;0.638943;0.77305;0.727917;0.818182;0.715023;0.66989;0.887814;0.676338;0.6196;0.766602;0.72147;0.631206;0.779497;0.754997;0.926499;0.684075;0.673759;0.722759;0.547389;0.67118;-0.278049;-0.126829;0.097561;0.0878049;0.346341;-0.595122;-0.24878;0.0585366;-1;-0.15122;-0.273171;-0.0402145;0.0938338;-0.871314;0.0625;0.171875;0.3125;0.432292;0.270833;-0.0520833;0.125;-0.927083;0.114583;-0.692708;-0.796875;0.140625;-0.296875;+1;0;0;0;0

26.85;0.729207;0.579626;0.739523;0.733075;0.600258;0.805287;0.740812;0.573179;0.818182;0.798839;0.615732;0.64668;0.727917;0.698259;0.54352;0.613153;0.591231;0.678917;0.952289;0.681496;0.503546;0.715023;0.708575;0.842682;0.64539;0.77176;0.503546;0.749839;0.602837;0.618311;0.72147;0.528046;0.618311;0.642811;0.638943;0.77305;0.727917;0.818182;0.715023;0.66989;0.887814;0.676338;0.6196;0.766602;0.72147;0.631206;0.779497;0.754997;0.926499;0.684075;0.673759;0.722759;0.547389;-0.243902;-0.278049;-0.126829;0.097561;0.0878049;0.346341;-0.595122;-0.24878;0.0585366;-1;-0.15122;-0.201072;-0.0402145;0.0938338;-0.875;0.0625;0.171875;0.3125;0.432292;0.270833;-0.0520833;0.125;-0.927083;0.114583;-0.692708;-0.796875;0.140625;+1;0;0;0;0

28.4;0.908446;0.729207;0.579626;0.739523;0.733075;0.600258;0.805287;0.740812;0.573179;0.818182;0.798839;0.615732;0.64668;0.727917;0.698259;0.54352;0.613153;0.591231;0.678917;0.952289;0.681496;0.503546;0.715023;0.708575;0.842682;0.64539;0.77176;0.503546;0.749839;0.602837;0.618311;0.72147;0.528046;0.618311;0.642811;0.638943;0.77305;0.727917;0.818182;0.715023;0.66989;0.887814;0.676338;0.6196;0.766602;0.72147;0.631206;0.779497;0.754997;0.926499;0.684075;0.673759;0.722759;-0.712195;-0.243902;-0.278049;-0.126829;0.097561;0.0878049;0.346341;-0.595122;-0.24878;0.0585366;-1;-0.0670241;-0.201072;-0.0402145;0.0625;-0.875;0.0625;0.171875;0.3125;0.432292;0.270833;-0.0520833;0.125;-0.927083;0.114583;-0.692708;-0.796875;+1;0;0;0;0

28.51;0.722759;0.908446;0.729207;0.579626;0.739523;0.733075;0.600258;0.805287;0.740812;0.573179;0.818182;0.798839;0.615732;0.64668;0.727917;0.698259;0.54352;0.613153;0.591231;0.678917;0.952289;0.681496;0.503546;0.715023;0.708575;0.842682;0.64539;0.77176;0.503546;0.749839;0.602837;0.618311;0.72147;0.528046;0.618311;0.642811;0.638943;0.77305;0.727917;0.818182;0.715023;0.66989;0.887814;0.676338;0.6196;0.766602;0.72147;0.631206;0.779497;0.754997;0.926499;0.684075;0.673759;-0.0487805;-0.712195;-0.243902;-0.278049;-0.126829;0.097561;0.0878049;0.346341;-0.595122;-0.24878;0.0585366;-1;-0.0670241;-0.201072;-0.0677083;0.0625;-0.875;0.0625;0.171875;0.3125;0.432292;0.270833;-0.0520833;0.125;-0.927083;0.114583;-0.692708;+1;0;0;0;0

30.77;1;0.722759;0.908446;0.729207;0.579626;0.739523;0.733075;0.600258;0.805287;0.740812;0.573179;0.818182;0.798839;0.615732;0.64668;0.727917;0.698259;0.54352;0.613153;0.591231;0.678917;0.952289;0.681496;0.503546;0.715023;0.708575;0.842682;0.64539;0.77176;0.503546;0.749839;0.602837;0.618311;0.72147;0.528046;0.618311;0.642811;0.638943;0.77305;0.727917;0.818182;0.715023;0.66989;0.887814;0.676338;0.6196;0.766602;0.72147;0.631206;0.779497;0.754997;0.926499;0.684075;-0.234146;-0.0487805;-0.712195;-0.243902;-0.278049;-0.126829;0.097561;0.0878049;0.346341;-0.595122;-0.24878;0.163539;-1;-0.0670241;-0.223958;-0.0677083;0.0625;-0.875;0.0625;0.171875;0.3125;0.432292;0.270833;-0.0520833;0.125;-0.927083;0.114583;+1;0;0;0;0

30.81;0.713733;1;0.722759;0.908446;0.729207;0.579626;0.739523;0.733075;0.600258;0.805287;0.740812;0.573179;0.818182;0.798839;0.615732;0.64668;0.727917;0.698259;0.54352;0.613153;0.591231;0.678917;0.952289;0.681496;0.503546;0.715023;0.708575;0.842682;0.64539;0.77176;0.503546;0.749839;0.602837;0.618311;0.72147;0.528046;0.618311;0.642811;0.638943;0.77305;0.727917;0.818182;0.715023;0.66989;0.887814;0.676338;0.6196;0.766602;0.72147;0.631206;0.779497;0.754997;0.926499;-0.195122;-0.234146;-0.0487805;-0.712195;-0.243902;-0.278049;-0.126829;0.097561;0.0878049;0.346341;-0.595122;-0.174263;0.163539;-1;-0.09375;-0.223958;-0.0677083;0.0625;-0.875;0.0625;0.171875;0.3125;0.432292;0.270833;-0.0520833;0.125;-0.927083;-1;0;0;0;0

29.35;0.520309;0.713733;1;0.722759;0.908446;0.729207;0.579626;0.739523;0.733075;0.600258;0.805287;0.740812;0.573179;0.818182;0.798839;0.615732;0.64668;0.727917;0.698259;0.54352;0.613153;0.591231;0.678917;0.952289;0.681496;0.503546;0.715023;0.708575;0.842682;0.64539;0.77176;0.503546;0.749839;0.602837;0.618311;0.72147;0.528046;0.618311;0.642811;0.638943;0.77305;0.727917;0.818182;0.715023;0.66989;0.887814;0.676338;0.6196;0.766602;0.72147;0.631206;0.779497;0.754997;0.721951;-0.195122;-0.234146;-0.0487805;-0.712195;-0.243902;-0.278049;-0.126829;0.097561;0.0878049;0.346341;-0.55496;-0.174263;0.163539;-1;-0.09375;-0.223958;-0.0677083;0.0625;-0.875;0.0625;0.171875;0.3125;0.432292;0.270833;-0.0520833;0.125;+1;0;0;0;0

29.54;0.733075;0.520309;0.713733;1;0.722759;0.908446;0.729207;0.579626;0.739523;0.733075;0.600258;0.805287;0.740812;0.573179;0.818182;0.798839;0.615732;0.64668;0.727917;0.698259;0.54352;0.613153;0.591231;0.678917;0.952289;0.681496;0.503546;0.715023;0.708575;0.842682;0.64539;0.77176;0.503546;0.749839;0.602837;0.618311;0.72147;0.528046;0.618311;0.642811;0.638943;0.77305;0.727917;0.818182;0.715023;0.66989;0.887814;0.676338;0.6196;0.766602;0.72147;0.631206;0.779497;0.0731708;0.721951;-0.195122;-0.234146;-0.0487805;-0.712195;-0.243902;-0.278049;-0.126829;0.097561;0.0878049;0.479893;-0.55496;-0.174263;0.130208;-1;-0.09375;-0.223958;-0.0677083;0.0625;-0.875;0.0625;0.171875;0.3125;0.432292;0.270833;-0.0520833;-1;0;0;0;0

28.89;0.624758;0.733075;0.520309;0.713733;1;0.722759;0.908446;0.729207;0.579626;0.739523;0.733075;0.600258;0.805287;0.740812;0.573179;0.818182;0.798839;0.615732;0.64668;0.727917;0.698259;0.54352;0.613153;0.591231;0.678917;0.952289;0.681496;0.503546;0.715023;0.708575;0.842682;0.64539;0.77176;0.503546;0.749839;0.602837;0.618311;0.72147;0.528046;0.618311;0.642811;0.638943;0.77305;0.727917;0.818182;0.715023;0.66989;0.887814;0.676338;0.6196;0.766602;0.72147;0.631206;0.165854;0.0731708;0.721951;-0.195122;-0.234146;-0.0487805;-0.712195;-0.243902;-0.278049;-0.126829;0.097561;0.19571;0.479893;-0.55496;-0.197917;0.130208;-1;-0.09375;-0.223958;-0.0677083;0.0625;-0.875;0.0625;0.171875;0.3125;0.432292;0.270833;-1;0;0;0;0

28.38;0.642811;0.624758;0.733075;0.520309;0.713733;1;0.722759;0.908446;0.729207;0.579626;0.739523;0.733075;0.600258;0.805287;0.740812;0.573179;0.818182;0.798839;0.615732;0.64668;0.727917;0.698259;0.54352;0.613153;0.591231;0.678917;0.952289;0.681496;0.503546;0.715023;0.708575;0.842682;0.64539;0.77176;0.503546;0.749839;0.602837;0.618311;0.72147;0.528046;0.618311;0.642811;0.638943;0.77305;0.727917;0.818182;0.715023;0.66989;0.887814;0.676338;0.6196;0.766602;0.72147;-0.395122;0.165854;0.0731708;0.721951;-0.195122;-0.234146;-0.0487805;-0.712195;-0.243902;-0.278049;-0.126829;0.206434;0.19571;0.479893;-0.567708;-0.197917;0.130208;-1;-0.09375;-0.223958;-0.0677083;0.0625;-0.875;0.0625;0.171875;0.3125;0.432292;+1;0;0;0;0

28.65;0.743391;0.642811;0.624758;0.733075;0.520309;0.713733;1;0.722759;0.908446;0.729207;0.579626;0.739523;0.733075;0.600258;0.805287;0.740812;0.573179;0.818182;0.798839;0.615732;0.64668;0.727917;0.698259;0.54352;0.613153;0.591231;0.678917;0.952289;0.681496;0.503546;0.715023;0.708575;0.842682;0.64539;0.77176;0.503546;0.749839;0.602837;0.618311;0.72147;0.528046;0.618311;0.642811;0.638943;0.77305;0.727917;0.818182;0.715023;0.66989;0.887814;0.676338;0.6196;0.766602;-0.0536585;-0.395122;0.165854;0.0731708;0.721951;-0.195122;-0.234146;-0.0487805;-0.712195;-0.243902;-0.278049;-0.0402145;0.206434;0.19571;0.4375;-0.567708;-0.197917;0.130208;-1;-0.09375;-0.223958;-0.0677083;0.0625;-0.875;0.0625;0.171875;0.3125;-1;0;0;0;0

28;0.624758;0.743391;0.642811;0.624758;0.733075;0.520309;0.713733;1;0.722759;0.908446;0.729207;0.579626;0.739523;0.733075;0.600258;0.805287;0.740812;0.573179;0.818182;0.798839;0.615732;0.64668;0.727917;0.698259;0.54352;0.613153;0.591231;0.678917;0.952289;0.681496;0.503546;0.715023;0.708575;0.842682;0.64539;0.77176;0.503546;0.749839;0.602837;0.618311;0.72147;0.528046;0.618311;0.642811;0.638943;0.77305;0.727917;0.818182;0.715023;0.66989;0.887814;0.676338;0.6196;0.117073;-0.0536585;-0.395122;0.165854;0.0731708;0.721951;-0.195122;-0.234146;-0.0487805;-0.712195;-0.243902;-0.206434;-0.0402145;0.206434;0.161458;0.4375;-0.567708;-0.197917;0.130208;-1;-0.09375;-0.223958;-0.0677083;0.0625;-0.875;0.0625;0.171875;-1;0;0;0;0

27.3;0.618311;0.624758;0.743391;0.642811;0.624758;0.733075;0.520309;0.713733;1;0.722759;0.908446;0.729207;0.579626;0.739523;0.733075;0.600258;0.805287;0.740812;0.573179;0.818182;0.798839;0.615732;0.64668;0.727917;0.698259;0.54352;0.613153;0.591231;0.678917;0.952289;0.681496;0.503546;0.715023;0.708575;0.842682;0.64539;0.77176;0.503546;0.749839;0.602837;0.618311;0.72147;0.528046;0.618311;0.642811;0.638943;0.77305;0.727917;0.818182;0.715023;0.66989;0.887814;0.676338;-0.439024;0.117073;-0.0536585;-0.395122;0.165854;0.0731708;0.721951;-0.195122;-0.234146;-0.0487805;-0.712195;-0.168901;-0.206434;-0.0402145;0.171875;0.161458;0.4375;-0.567708;-0.197917;0.130208;-1;-0.09375;-0.223958;-0.0677083;0.0625;-0.875;0.0625;-1;0;0;0;0

26.85;0.650548;0.618311;0.624758;0.743391;0.642811;0.624758;0.733075;0.520309;0.713733;1;0.722759;0.908446;0.729207;0.579626;0.739523;0.733075;0.600258;0.805287;0.740812;0.573179;0.818182;0.798839;0.615732;0.64668;0.727917;0.698259;0.54352;0.613153;0.591231;0.678917;0.952289;0.681496;0.503546;0.715023;0.708575;0.842682;0.64539;0.77176;0.503546;0.749839;0.602837;0.618311;0.72147;0.528046;0.618311;0.642811;0.638943;0.77305;0.727917;0.818182;0.715023;0.66989;0.887814;-0.22439;-0.439024;0.117073;-0.0536585;-0.395122;0.165854;0.0731708;0.721951;-0.195122;-0.234146;-0.0487805;-0.683646;-0.168901;-0.206434;-0.0677083;0.171875;0.161458;0.4375;-0.567708;-0.197917;0.130208;-1;-0.09375;-0.223958;-0.0677083;0.0625;-0.875;-1;0;0;0;0

26.3;0.637653;0.650548;0.618311;0.624758;0.743391;0.642811;0.624758;0.733075;0.520309;0.713733;1;0.722759;0.908446;0.729207;0.579626;0.739523;0.733075;0.600258;0.805287;0.740812;0.573179;0.818182;0.798839;0.615732;0.64668;0.727917;0.698259;0.54352;0.613153;0.591231;0.678917;0.952289;0.681496;0.503546;0.715023;0.708575;0.842682;0.64539;0.77176;0.503546;0.749839;0.602837;0.618311;0.72147;0.528046;0.618311;0.642811;0.638943;0.77305;0.727917;0.818182;0.715023;0.66989;0.57561;-0.22439;-0.439024;0.117073;-0.0536585;-0.395122;0.165854;0.0731708;0.721951;-0.195122;-0.234146;0.0455764;-0.683646;-0.168901;-0.229167;-0.0677083;0.171875;0.161458;0.4375;-0.567708;-0.197917;0.130208;-1;-0.09375;-0.223958;-0.0677083;0.0625;-1;0;0;0;0

13.05;-1;0.637653;0.650548;0.618311;0.624758;0.743391;0.642811;0.624758;0.733075;0.520309;0.713733;1;0.722759;0.908446;0.729207;0.579626;0.739523;0.733075;0.600258;0.805287;0.740812;0.573179;0.818182;0.798839;0.615732;0.64668;0.727917;0.698259;0.54352;0.613153;0.591231;0.678917;0.952289;0.681496;0.503546;0.715023;0.708575;0.842682;0.64539;0.77176;0.503546;0.749839;0.602837;0.618311;0.72147;0.528046;0.618311;0.642811;0.638943;0.77305;0.727917;0.818182;0.715023;-0.24878;0.57561;-0.22439;-0.439024;0.117073;-0.0536585;-0.395122;0.165854;0.0731708;0.721951;-0.195122;-0.158177;0.0455764;-0.683646;-0.192708;-0.229167;-0.0677083;0.171875;0.161458;0.4375;-0.567708;-0.197917;0.130208;-1;-0.09375;-0.223958;-0.0677083;+1;0;0;0;0

13.99;0.829787;-1;0.637653;0.650548;0.618311;0.624758;0.743391;0.642811;0.624758;0.733075;0.520309;0.713733;1;0.722759;0.908446;0.729207;0.579626;0.739523;0.733075;0.600258;0.805287;0.740812;0.573179;0.818182;0.798839;0.615732;0.64668;0.727917;0.698259;0.54352;0.613153;0.591231;0.678917;0.952289;0.681496;0.503546;0.715023;0.708575;0.842682;0.64539;0.77176;0.503546;0.749839;0.602837;0.618311;0.72147;0.528046;0.618311;0.642811;0.638943;0.77305;0.727917;0.818182;-0.0780488;-0.24878;0.57561;-0.22439;-0.439024;0.117073;-0.0536585;-0.395122;0.165854;0.0731708;0.721951;-0.115281;-0.158177;0.0455764;-0.692708;-0.192708;-0.229167;-0.0677083;0.171875;0.161458;0.4375;-0.567708;-0.197917;0.130208;-1;-0.09375;-0.223958;-1;0;0;0;0

13.8;0.684075;0.829787;-1;0.637653;0.650548;0.618311;0.624758;0.743391;0.642811;0.624758;0.733075;0.520309;0.713733;1;0.722759;0.908446;0.729207;0.579626;0.739523;0.733075;0.600258;0.805287;0.740812;0.573179;0.818182;0.798839;0.615732;0.64668;0.727917;0.698259;0.54352;0.613153;0.591231;0.678917;0.952289;0.681496;0.503546;0.715023;0.708575;0.842682;0.64539;0.77176;0.503546;0.749839;0.602837;0.618311;0.72147;0.528046;0.618311;0.642811;0.638943;0.77305;0.727917;0.312195;-0.0780488;-0.24878;0.57561;-0.22439;-0.439024;0.117073;-0.0536585;-0.395122;0.165854;0.0731708;0.892761;-0.115281;-0.158177;0.015625;-0.692708;-0.192708;-0.229167;-0.0677083;0.171875;0.161458;0.4375;-0.567708;-0.197917;0.130208;-1;-0.09375;-1;0;0;0;0

13.79;0.707286;0.684075;0.829787;-1;0.637653;0.650548;0.618311;0.624758;0.743391;0.642811;0.624758;0.733075;0.520309;0.713733;1;0.722759;0.908446;0.729207;0.579626;0.739523;0.733075;0.600258;0.805287;0.740812;0.573179;0.818182;0.798839;0.615732;0.64668;0.727917;0.698259;0.54352;0.613153;0.591231;0.678917;0.952289;0.681496;0.503546;0.715023;0.708575;0.842682;0.64539;0.77176;0.503546;0.749839;0.602837;0.618311;0.72147;0.528046;0.618311;0.642811;0.638943;0.77305;-0.0292683;0.312195;-0.0780488;-0.24878;0.57561;-0.22439;-0.439024;0.117073;-0.0536585;-0.395122;0.165854;0.179625;0.892761;-0.115281;-0.182292;0.015625;-0.692708;-0.192708;-0.229167;-0.0677083;0.171875;0.161458;0.4375;-0.567708;-0.197917;0.130208;-1;+1;0;0;0;0

14.44;0.792392;0.707286;0.684075;0.829787;-1;0.637653;0.650548;0.618311;0.624758;0.743391;0.642811;0.624758;0.733075;0.520309;0.713733;1;0.722759;0.908446;0.729207;0.579626;0.739523;0.733075;0.600258;0.805287;0.740812;0.573179;0.818182;0.798839;0.615732;0.64668;0.727917;0.698259;0.54352;0.613153;0.591231;0.678917;0.952289;0.681496;0.503546;0.715023;0.708575;0.842682;0.64539;0.77176;0.503546;0.749839;0.602837;0.618311;0.72147;0.528046;0.618311;0.642811;0.638943;0.141463;-0.0292683;0.312195;-0.0780488;-0.24878;0.57561;-0.22439;-0.439024;0.117073;-0.0536585;-0.395122;0.281501;0.179625;0.892761;-0.140625;-0.182292;0.015625;-0.692708;-0.192708;-0.229167;-0.0677083;0.171875;0.161458;0.4375;-0.567708;-0.197917;0.130208;+1;0;0;0;0

14.7;0.742102;0.792392;0.707286;0.684075;0.829787;-1;0.637653;0.650548;0.618311;0.624758;0.743391;0.642811;0.624758;0.733075;0.520309;0.713733;1;0.722759;0.908446;0.729207;0.579626;0.739523;0.733075;0.600258;0.805287;0.740812;0.573179;0.818182;0.798839;0.615732;0.64668;0.727917;0.698259;0.54352;0.613153;0.591231;0.678917;0.952289;0.681496;0.503546;0.715023;0.708575;0.842682;0.64539;0.77176;0.503546;0.749839;0.602837;0.618311;0.72147;0.528046;0.618311;0.642811;-0.365854;0.141463;-0.0292683;0.312195;-0.0780488;-0.24878;0.57561;-0.22439;-0.439024;0.117073;-0.0536585;-0.335121;0.281501;0.179625;0.838542;-0.140625;-0.182292;0.015625;-0.692708;-0.192708;-0.229167;-0.0677083;0.171875;0.161458;0.4375;-0.567708;-0.197917;+1;0;0;0;0

14.75;0.715023;0.742102;0.792392;0.707286;0.684075;0.829787;-1;0.637653;0.650548;0.618311;0.624758;0.743391;0.642811;0.624758;0.733075;0.520309;0.713733;1;0.722759;0.908446;0.729207;0.579626;0.739523;0.733075;0.600258;0.805287;0.740812;0.573179;0.818182;0.798839;0.615732;0.64668;0.727917;0.698259;0.54352;0.613153;0.591231;0.678917;0.952289;0.681496;0.503546;0.715023;0.708575;0.842682;0.64539;0.77176;0.503546;0.749839;0.602837;0.618311;0.72147;0.528046;0.618311;-0.35122;-0.365854;0.141463;-0.0292683;0.312195;-0.0780488;-0.24878;0.57561;-0.22439;-0.439024;0.117073;0.0402145;-0.335121;0.281501;0.145833;0.838542;-0.140625;-0.182292;0.015625;-0.692708;-0.192708;-0.229167;-0.0677083;0.171875;0.161458;0.4375;-0.567708;+1;0;0;0;0

15.14;0.758865;0.715023;0.742102;0.792392;0.707286;0.684075;0.829787;-1;0.637653;0.650548;0.618311;0.624758;0.743391;0.642811;0.624758;0.733075;0.520309;0.713733;1;0.722759;0.908446;0.729207;0.579626;0.739523;0.733075;0.600258;0.805287;0.740812;0.573179;0.818182;0.798839;0.615732;0.64668;0.727917;0.698259;0.54352;0.613153;0.591231;0.678917;0.952289;0.681496;0.503546;0.715023;0.708575;0.842682;0.64539;0.77176;0.503546;0.749839;0.602837;0.618311;0.72147;0.528046;-0.443902;-0.35122;-0.365854;0.141463;-0.0292683;0.312195;-0.0780488;-0.24878;0.57561;-0.22439;-0.439024;0.227882;0.0402145;-0.335121;0.244792;0.145833;0.838542;-0.140625;-0.182292;0.015625;-0.692708;-0.192708;-0.229167;-0.0677083;0.171875;0.161458;0.4375;-1;0;0;0;0

15.12;0.705996;0.758865;0.715023;0.742102;0.792392;0.707286;0.684075;0.829787;-1;0.637653;0.650548;0.618311;0.624758;0.743391;0.642811;0.624758;0.733075;0.520309;0.713733;1;0.722759;0.908446;0.729207;0.579626;0.739523;0.733075;0.600258;0.805287;0.740812;0.573179;0.818182;0.798839;0.615732;0.64668;0.727917;0.698259;0.54352;0.613153;0.591231;0.678917;0.952289;0.681496;0.503546;0.715023;0.708575;0.842682;0.64539;0.77176;0.503546;0.749839;0.602837;0.618311;0.72147;-0.785366;-0.443902;-0.35122;-0.365854;0.141463;-0.0292683;0.312195;-0.0780488;-0.24878;0.57561;-0.22439;-0.383378;0.227882;0.0402145;-0.354167;0.244792;0.145833;0.838542;-0.140625;-0.182292;0.015625;-0.692708;-0.192708;-0.229167;-0.0677083;0.171875;0.161458;+1;0;0;0;0

15.15;0.712444;0.705996;0.758865;0.715023;0.742102;0.792392;0.707286;0.684075;0.829787;-1;0.637653;0.650548;0.618311;0.624758;0.743391;0.642811;0.624758;0.733075;0.520309;0.713733;1;0.722759;0.908446;0.729207;0.579626;0.739523;0.733075;0.600258;0.805287;0.740812;0.573179;0.818182;0.798839;0.615732;0.64668;0.727917;0.698259;0.54352;0.613153;0.591231;0.678917;0.952289;0.681496;0.503546;0.715023;0.708575;0.842682;0.64539;0.77176;0.503546;0.749839;0.602837;0.618311;-0.0536585;-0.785366;-0.443902;-0.35122;-0.365854;0.141463;-0.0292683;0.312195;-0.0780488;-0.24878;0.57561;-0.147453;-0.383378;0.227882;0.0104167;-0.354167;0.244792;0.145833;0.838542;-0.140625;-0.182292;0.015625;-0.692708;-0.192708;-0.229167;-0.0677083;0.171875;-1;0;0;0;0

14.85;0.66989;0.712444;0.705996;0.758865;0.715023;0.742102;0.792392;0.707286;0.684075;0.829787;-1;0.637653;0.650548;0.618311;0.624758;0.743391;0.642811;0.624758;0.733075;0.520309;0.713733;1;0.722759;0.908446;0.729207;0.579626;0.739523;0.733075;0.600258;0.805287;0.740812;0.573179;0.818182;0.798839;0.615732;0.64668;0.727917;0.698259;0.54352;0.613153;0.591231;0.678917;0.952289;0.681496;0.503546;0.715023;0.708575;0.842682;0.64539;0.77176;0.503546;0.749839;0.602837;-0.443902;-0.0536585;-0.785366;-0.443902;-0.35122;-0.365854;0.141463;-0.0292683;0.312195;-0.0780488;-0.24878;0.731903;-0.147453;-0.383378;0.192708;0.0104167;-0.354167;0.244792;0.145833;0.838542;-0.140625;-0.182292;0.015625;-0.692708;-0.192708;-0.229167;-0.0677083;+1;0;0;0;0

15.28;0.764023;0.66989;0.712444;0.705996;0.758865;0.715023;0.742102;0.792392;0.707286;0.684075;0.829787;-1;0.637653;0.650548;0.618311;0.624758;0.743391;0.642811;0.624758;0.733075;0.520309;0.713733;1;0.722759;0.908446;0.729207;0.579626;0.739523;0.733075;0.600258;0.805287;0.740812;0.573179;0.818182;0.798839;0.615732;0.64668;0.727917;0.698259;0.54352;0.613153;0.591231;0.678917;0.952289;0.681496;0.503546;0.715023;0.708575;0.842682;0.64539;0.77176;0.503546;0.749839;-0.502439;-0.443902;-0.0536585;-0.785366;-0.443902;-0.35122;-0.365854;0.141463;-0.0292683;0.312195;-0.0780488;-0.174263;0.731903;-0.147453;-0.401042;0.192708;0.0104167;-0.354167;0.244792;0.145833;0.838542;-0.140625;-0.182292;0.015625;-0.692708;-0.192708;-0.229167;-1;0;0;0;0

15.15;0.691812;0.764023;0.66989;0.712444;0.705996;0.758865;0.715023;0.742102;0.792392;0.707286;0.684075;0.829787;-1;0.637653;0.650548;0.618311;0.624758;0.743391;0.642811;0.624758;0.733075;0.520309;0.713733;1;0.722759;0.908446;0.729207;0.579626;0.739523;0.733075;0.600258;0.805287;0.740812;0.573179;0.818182;0.798839;0.615732;0.64668;0.727917;0.698259;0.54352;0.613153;0.591231;0.678917;0.952289;0.681496;0.503546;0.715023;0.708575;0.842682;0.64539;0.77176;0.503546;0.0536585;-0.502439;-0.443902;-0.0536585;-0.785366;-0.443902;-0.35122;-0.365854;0.141463;-0.0292683;0.312195;0.0134048;-0.174263;0.731903;-0.171875;-0.401042;0.192708;0.0104167;-0.354167;0.244792;0.145833;0.838542;-0.140625;-0.182292;0.015625;-0.692708;-0.192708;+1;0;0;0;0

15.7;0.779497;0.691812;0.764023;0.66989;0.712444;0.705996;0.758865;0.715023;0.742102;0.792392;0.707286;0.684075;0.829787;-1;0.637653;0.650548;0.618311;0.624758;0.743391;0.642811;0.624758;0.733075;0.520309;0.713733;1;0.722759;0.908446;0.729207;0.579626;0.739523;0.733075;0.600258;0.805287;0.740812;0.573179;0.818182;0.798839;0.615732;0.64668;0.727917;0.698259;0.54352;0.613153;0.591231;0.678917;0.952289;0.681496;0.503546;0.715023;0.708575;0.842682;0.64539;0.77176;-0.878049;0.0536585;-0.502439;-0.443902;-0.0536585;-0.785366;-0.443902;-0.35122;-0.365854;0.141463;-0.0292683;0.442359;0.0134048;-0.174263;0.682292;-0.171875;-0.401042;0.192708;0.0104167;-0.354167;0.244792;0.145833;0.838542;-0.140625;-0.182292;0.015625;-0.692708;-1;0;0;0;0

15.49;0.681496;0.779497;0.691812;0.764023;0.66989;0.712444;0.705996;0.758865;0.715023;0.742102;0.792392;0.707286;0.684075;0.829787;-1;0.637653;0.650548;0.618311;0.624758;0.743391;0.642811;0.624758;0.733075;0.520309;0.713733;1;0.722759;0.908446;0.729207;0.579626;0.739523;0.733075;0.600258;0.805287;0.740812;0.573179;0.818182;0.798839;0.615732;0.64668;0.727917;0.698259;0.54352;0.613153;0.591231;0.678917;0.952289;0.681496;0.503546;0.715023;0.708575;0.842682;0.64539;0.136585;-0.878049;0.0536585;-0.502439;-0.443902;-0.0536585;-0.785366;-0.443902;-0.35122;-0.365854;0.141463;0.0670241;0.442359;0.0134048;-0.197917;0.682292;-0.171875;-0.401042;0.192708;0.0104167;-0.354167;0.244792;0.145833;0.838542;-0.140625;-0.182292;0.015625;-1;0;0;0;0

15.3;0.684075;0.681496;0.779497;0.691812;0.764023;0.66989;0.712444;0.705996;0.758865;0.715023;0.742102;0.792392;0.707286;0.684075;0.829787;-1;0.637653;0.650548;0.618311;0.624758;0.743391;0.642811;0.624758;0.733075;0.520309;0.713733;1;0.722759;0.908446;0.729207;0.579626;0.739523;0.733075;0.600258;0.805287;0.740812;0.573179;0.818182;0.798839;0.615732;0.64668;0.727917;0.698259;0.54352;0.613153;0.591231;0.678917;0.952289;0.681496;0.503546;0.715023;0.708575;0.842682;-0.341463;0.136585;-0.878049;0.0536585;-0.502439;-0.443902;-0.0536585;-0.785366;-0.443902;-0.35122;-0.365854;0.254692;0.0670241;0.442359;-0.015625;-0.197917;0.682292;-0.171875;-0.401042;0.192708;0.0104167;-0.354167;0.244792;0.145833;0.838542;-0.140625;-0.182292;-1;0;0;0;0

15.18;0.693101;0.684075;0.681496;0.779497;0.691812;0.764023;0.66989;0.712444;0.705996;0.758865;0.715023;0.742102;0.792392;0.707286;0.684075;0.829787;-1;0.637653;0.650548;0.618311;0.624758;0.743391;0.642811;0.624758;0.733075;0.520309;0.713733;1;0.722759;0.908446;0.729207;0.579626;0.739523;0.733075;0.600258;0.805287;0.740812;0.573179;0.818182;0.798839;0.615732;0.64668;0.727917;0.698259;0.54352;0.613153;0.591231;0.678917;0.952289;0.681496;0.503546;0.715023;0.708575;0.404878;-0.341463;0.136585;-0.878049;0.0536585;-0.502439;-0.443902;-0.0536585;-0.785366;-0.443902;-0.35122;-0.302949;0.254692;0.0670241;0.401042;-0.015625;-0.197917;0.682292;-0.171875;-0.401042;0.192708;0.0104167;-0.354167;0.244792;0.145833;0.838542;-0.140625;+1;0;0;0;0

15.55;0.756286;0.693101;0.684075;0.681496;0.779497;0.691812;0.764023;0.66989;0.712444;0.705996;0.758865;0.715023;0.742102;0.792392;0.707286;0.684075;0.829787;-1;0.637653;0.650548;0.618311;0.624758;0.743391;0.642811;0.624758;0.733075;0.520309;0.713733;1;0.722759;0.908446;0.729207;0.579626;0.739523;0.733075;0.600258;0.805287;0.740812;0.573179;0.818182;0.798839;0.615732;0.64668;0.727917;0.698259;0.54352;0.613153;0.591231;0.678917;0.952289;0.681496;0.503546;0.715023;-0.102439;0.404878;-0.341463;0.136585;-0.878049;0.0536585;-0.502439;-0.443902;-0.0536585;-0.785366;-0.443902;-0.286863;-0.302949;0.254692;0.0364583;0.401042;-0.015625;-0.197917;0.682292;-0.171875;-0.401042;0.192708;0.0104167;-0.354167;0.244792;0.145833;0.838542;-1;0;0;0;0

15.5;0.702128;0.756286;0.693101;0.684075;0.681496;0.779497;0.691812;0.764023;0.66989;0.712444;0.705996;0.758865;0.715023;0.742102;0.792392;0.707286;0.684075;0.829787;-1;0.637653;0.650548;0.618311;0.624758;0.743391;0.642811;0.624758;0.733075;0.520309;0.713733;1;0.722759;0.908446;0.729207;0.579626;0.739523;0.733075;0.600258;0.805287;0.740812;0.573179;0.818182;0.798839;0.615732;0.64668;0.727917;0.698259;0.54352;0.613153;0.591231;0.678917;0.952289;0.681496;0.503546;-0.0780488;-0.102439;0.404878;-0.341463;0.136585;-0.878049;0.0536585;-0.502439;-0.443902;-0.0536585;-0.785366;-0.38874;-0.286863;-0.302949;0.21875;0.0364583;0.401042;-0.015625;-0.197917;0.682292;-0.171875;-0.401042;0.192708;0.0104167;-0.354167;0.244792;0.145833;-1;0;0;0;0

15.26;0.677627;0.702128;0.756286;0.693101;0.684075;0.681496;0.779497;0.691812;0.764023;0.66989;0.712444;0.705996;0.758865;0.715023;0.742102;0.792392;0.707286;0.684075;0.829787;-1;0.637653;0.650548;0.618311;0.624758;0.743391;0.642811;0.624758;0.733075;0.520309;0.713733;1;0.722759;0.908446;0.729207;0.579626;0.739523;0.733075;0.600258;0.805287;0.740812;0.573179;0.818182;0.798839;0.615732;0.64668;0.727917;0.698259;0.54352;0.613153;0.591231;0.678917;0.952289;0.681496;-0.878049;-0.0780488;-0.102439;0.404878;-0.341463;0.136585;-0.878049;0.0536585;-0.502439;-0.443902;-0.0536585;-0.764075;-0.38874;-0.286863;-0.322917;0.21875;0.0364583;0.401042;-0.015625;-0.197917;0.682292;-0.171875;-0.401042;0.192708;0.0104167;-0.354167;0.244792;+1;0;0;0;0

16;0.803997;0.677627;0.702128;0.756286;0.693101;0.684075;0.681496;0.779497;0.691812;0.764023;0.66989;0.712444;0.705996;0.758865;0.715023;0.742102;0.792392;0.707286;0.684075;0.829787;-1;0.637653;0.650548;0.618311;0.624758;0.743391;0.642811;0.624758;0.733075;0.520309;0.713733;1;0.722759;0.908446;0.729207;0.579626;0.739523;0.733075;0.600258;0.805287;0.740812;0.573179;0.818182;0.798839;0.615732;0.64668;0.727917;0.698259;0.54352;0.613153;0.591231;0.678917;0.952289;-0.204878;-0.878049;-0.0780488;-0.102439;0.404878;-0.341463;0.136585;-0.878049;0.0536585;-0.502439;-0.443902;0.0402145;-0.764075;-0.38874;-0.307292;-0.322917;0.21875;0.0364583;0.401042;-0.015625;-0.197917;0.682292;-0.171875;-0.401042;0.192708;0.0104167;-0.354167;+1;0;0;0;0

16.08;0.718891;0.803997;0.677627;0.702128;0.756286;0.693101;0.684075;0.681496;0.779497;0.691812;0.764023;0.66989;0.712444;0.705996;0.758865;0.715023;0.742102;0.792392;0.707286;0.684075;0.829787;-1;0.637653;0.650548;0.618311;0.624758;0.743391;0.642811;0.624758;0.733075;0.520309;0.713733;1;0.722759;0.908446;0.729207;0.579626;0.739523;0.733075;0.600258;0.805287;0.740812;0.573179;0.818182;0.798839;0.615732;0.64668;0.727917;0.698259;0.54352;0.613153;0.591231;0.678917;0.819512;-0.204878;-0.878049;-0.0780488;-0.102439;0.404878;-0.341463;0.136585;-0.878049;0.0536585;-0.502439;-0.38874;0.0402145;-0.764075;-0.40625;-0.307292;-0.322917;0.21875;0.0364583;0.401042;-0.015625;-0.197917;0.682292;-0.171875;-0.401042;0.192708;0.0104167;+1;0;0;0;0

16.18;0.72147;0.718891;0.803997;0.677627;0.702128;0.756286;0.693101;0.684075;0.681496;0.779497;0.691812;0.764023;0.66989;0.712444;0.705996;0.758865;0.715023;0.742102;0.792392;0.707286;0.684075;0.829787;-1;0.637653;0.650548;0.618311;0.624758;0.743391;0.642811;0.624758;0.733075;0.520309;0.713733;1;0.722759;0.908446;0.729207;0.579626;0.739523;0.733075;0.600258;0.805287;0.740812;0.573179;0.818182;0.798839;0.615732;0.64668;0.727917;0.698259;0.54352;0.613153;0.591231;-0.214634;0.819512;-0.204878;-0.878049;-0.0780488;-0.102439;0.404878;-0.341463;0.136585;-0.878049;0.0536585;-0.453083;-0.38874;0.0402145;-0.770833;-0.40625;-0.307292;-0.322917;0.21875;0.0364583;0.401042;-0.015625;-0.197917;0.682292;-0.171875;-0.401042;0.192708;+1;0;0;0;0

16.21;0.712444;0.72147;0.718891;0.803997;0.677627;0.702128;0.756286;0.693101;0.684075;0.681496;0.779497;0.691812;0.764023;0.66989;0.712444;0.705996;0.758865;0.715023;0.742102;0.792392;0.707286;0.684075;0.829787;-1;0.637653;0.650548;0.618311;0.624758;0.743391;0.642811;0.624758;0.733075;0.520309;0.713733;1;0.722759;0.908446;0.729207;0.579626;0.739523;0.733075;0.600258;0.805287;0.740812;0.573179;0.818182;0.798839;0.615732;0.64668;0.727917;0.698259;0.54352;0.613153;-0.546341;-0.214634;0.819512;-0.204878;-0.878049;-0.0780488;-0.102439;0.404878;-0.341463;0.136585;-0.878049;0.158177;-0.453083;-0.38874;0.0104167;-0.770833;-0.40625;-0.307292;-0.322917;0.21875;0.0364583;0.401042;-0.015625;-0.197917;0.682292;-0.171875;-0.401042;-1;0;0;0;0

15.83;0.659574;0.712444;0.72147;0.718891;0.803997;0.677627;0.702128;0.756286;0.693101;0.684075;0.681496;0.779497;0.691812;0.764023;0.66989;0.712444;0.705996;0.758865;0.715023;0.742102;0.792392;0.707286;0.684075;0.829787;-1;0.637653;0.650548;0.618311;0.624758;0.743391;0.642811;0.624758;0.733075;0.520309;0.713733;1;0.722759;0.908446;0.729207;0.579626;0.739523;0.733075;0.600258;0.805287;0.740812;0.573179;0.818182;0.798839;0.615732;0.64668;0.727917;0.698259;0.54352;-0.463415;-0.546341;-0.214634;0.819512;-0.204878;-0.878049;-0.0780488;-0.102439;0.404878;-0.341463;0.136585;-0.865952;0.158177;-0.453083;-0.40625;0.0104167;-0.770833;-0.40625;-0.307292;-0.322917;0.21875;0.0364583;0.401042;-0.015625;-0.197917;0.682292;-0.171875;-1;0;0;0;0

15.65;0.685364;0.659574;0.712444;0.72147;0.718891;0.803997;0.677627;0.702128;0.756286;0.693101;0.684075;0.681496;0.779497;0.691812;0.764023;0.66989;0.712444;0.705996;0.758865;0.715023;0.742102;0.792392;0.707286;0.684075;0.829787;-1;0.637653;0.650548;0.618311;0.624758;0.743391;0.642811;0.624758;0.733075;0.520309;0.713733;1;0.722759;0.908446;0.729207;0.579626;0.739523;0.733075;0.600258;0.805287;0.740812;0.573179;0.818182;0.798839;0.615732;0.64668;0.727917;0.698259;-0.726829;-0.463415;-0.546341;-0.214634;0.819512;-0.204878;-0.878049;-0.0780488;-0.102439;0.404878;-0.341463;0.24933;-0.865952;0.158177;-0.46875;-0.40625;0.0104167;-0.770833;-0.40625;-0.307292;-0.322917;0.21875;0.0364583;0.401042;-0.015625;-0.197917;0.682292;-1;0;0;0;0

15.1;0.637653;0.685364;0.659574;0.712444;0.72147;0.718891;0.803997;0.677627;0.702128;0.756286;0.693101;0.684075;0.681496;0.779497;0.691812;0.764023;0.66989;0.712444;0.705996;0.758865;0.715023;0.742102;0.792392;0.707286;0.684075;0.829787;-1;0.637653;0.650548;0.618311;0.624758;0.743391;0.642811;0.624758;0.733075;0.520309;0.713733;1;0.722759;0.908446;0.729207;0.579626;0.739523;0.733075;0.600258;0.805287;0.740812;0.573179;0.818182;0.798839;0.615732;0.64668;0.727917;-0.141463;-0.726829;-0.463415;-0.546341;-0.214634;0.819512;-0.204878;-0.878049;-0.0780488;-0.102439;0.404878;-0.276139;0.24933;-0.865952;0.125;-0.46875;-0.40625;0.0104167;-0.770833;-0.40625;-0.307292;-0.322917;0.21875;0.0364583;0.401042;-0.015625;-0.197917;+1;0;0;0;0

15.14;0.713733;0.637653;0.685364;0.659574;0.712444;0.72147;0.718891;0.803997;0.677627;0.702128;0.756286;0.693101;0.684075;0.681496;0.779497;0.691812;0.764023;0.66989;0.712444;0.705996;0.758865;0.715023;0.742102;0.792392;0.707286;0.684075;0.829787;-1;0.637653;0.650548;0.618311;0.624758;0.743391;0.642811;0.624758;0.733075;0.520309;0.713733;1;0.722759;0.908446;0.729207;0.579626;0.739523;0.733075;0.600258;0.805287;0.740812;0.573179;0.818182;0.798839;0.615732;0.64668;-0.0292683;-0.141463;-0.726829;-0.463415;-0.546341;-0.214634;0.819512;-0.204878;-0.878049;-0.0780488;-0.102439;0.544236;-0.276139;0.24933;-0.869792;0.125;-0.46875;-0.40625;0.0104167;-0.770833;-0.40625;-0.307292;-0.322917;0.21875;0.0364583;0.401042;-0.015625;-1;0;0;0;0

15.1;0.703417;0.713733;0.637653;0.685364;0.659574;0.712444;0.72147;0.718891;0.803997;0.677627;0.702128;0.756286;0.693101;0.684075;0.681496;0.779497;0.691812;0.764023;0.66989;0.712444;0.705996;0.758865;0.715023;0.742102;0.792392;0.707286;0.684075;0.829787;-1;0.637653;0.650548;0.618311;0.624758;0.743391;0.642811;0.624758;0.733075;0.520309;0.713733;1;0.722759;0.908446;0.729207;0.579626;0.739523;0.733075;0.600258;0.805287;0.740812;0.573179;0.818182;0.798839;0.615732;-0.336585;-0.0292683;-0.141463;-0.726829;-0.463415;-0.546341;-0.214634;0.819512;-0.204878;-0.878049;-0.0780488;-0.0134048;0.544236;-0.276139;0.213542;-0.869792;0.125;-0.46875;-0.40625;0.0104167;-0.770833;-0.40625;-0.307292;-0.322917;0.21875;0.0364583;0.401042;+1;0;0;0;0

15.45;0.753707;0.703417;0.713733;0.637653;0.685364;0.659574;0.712444;0.72147;0.718891;0.803997;0.677627;0.702128;0.756286;0.693101;0.684075;0.681496;0.779497;0.691812;0.764023;0.66989;0.712444;0.705996;0.758865;0.715023;0.742102;0.792392;0.707286;0.684075;0.829787;-1;0.637653;0.650548;0.618311;0.624758;0.743391;0.642811;0.624758;0.733075;0.520309;0.713733;1;0.722759;0.908446;0.729207;0.579626;0.739523;0.733075;0.600258;0.805287;0.740812;0.573179;0.818182;0.798839;-0.453659;-0.336585;-0.0292683;-0.141463;-0.726829;-0.463415;-0.546341;-0.214634;0.819512;-0.204878;-0.878049;0.0134048;-0.0134048;0.544236;-0.296875;0.213542;-0.869792;0.125;-0.46875;-0.40625;0.0104167;-0.770833;-0.40625;-0.307292;-0.322917;0.21875;0.0364583;-1;0;0;0;0

15.3;0.689233;0.753707;0.703417;0.713733;0.637653;0.685364;0.659574;0.712444;0.72147;0.718891;0.803997;0.677627;0.702128;0.756286;0.693101;0.684075;0.681496;0.779497;0.691812;0.764023;0.66989;0.712444;0.705996;0.758865;0.715023;0.742102;0.792392;0.707286;0.684075;0.829787;-1;0.637653;0.650548;0.618311;0.624758;0.743391;0.642811;0.624758;0.733075;0.520309;0.713733;1;0.722759;0.908446;0.729207;0.579626;0.739523;0.733075;0.600258;0.805287;0.740812;0.573179;0.818182;0.239024;-0.453659;-0.336585;-0.0292683;-0.141463;-0.726829;-0.463415;-0.546341;-0.214634;0.819512;-0.204878;-0.865952;0.0134048;-0.0134048;0.5;-0.296875;0.213542;-0.869792;0.125;-0.46875;-0.40625;0.0104167;-0.770833;-0.40625;-0.307292;-0.322917;0.21875;+1;0;0;0;0

15.44;0.726628;0.689233;0.753707;0.703417;0.713733;0.637653;0.685364;0.659574;0.712444;0.72147;0.718891;0.803997;0.677627;0.702128;0.756286;0.693101;0.684075;0.681496;0.779497;0.691812;0.764023;0.66989;0.712444;0.705996;0.758865;0.715023;0.742102;0.792392;0.707286;0.684075;0.829787;-1;0.637653;0.650548;0.618311;0.624758;0.743391;0.642811;0.624758;0.733075;0.520309;0.713733;1;0.722759;0.908446;0.729207;0.579626;0.739523;0.733075;0.600258;0.805287;0.740812;0.573179;0.312195;0.239024;-0.453659;-0.336585;-0.0292683;-0.141463;-0.726829;-0.463415;-0.546341;-0.214634;0.819512;-0.126005;-0.865952;0.0134048;-0.0416667;0.5;-0.296875;0.213542;-0.869792;0.125;-0.46875;-0.40625;0.0104167;-0.770833;-0.40625;-0.307292;-0.322917;-1;0;0;0;0

15.36;0.698259;0.726628;0.689233;0.753707;0.703417;0.713733;0.637653;0.685364;0.659574;0.712444;0.72147;0.718891;0.803997;0.677627;0.702128;0.756286;0.693101;0.684075;0.681496;0.779497;0.691812;0.764023;0.66989;0.712444;0.705996;0.758865;0.715023;0.742102;0.792392;0.707286;0.684075;0.829787;-1;0.637653;0.650548;0.618311;0.624758;0.743391;0.642811;0.624758;0.733075;0.520309;0.713733;1;0.722759;0.908446;0.729207;0.579626;0.739523;0.733075;0.600258;0.805287;0.740812;-0.614634;0.312195;0.239024;-0.453659;-0.336585;-0.0292683;-0.141463;-0.726829;-0.463415;-0.546341;-0.214634;1;-0.126005;-0.865952;-0.015625;-0.0416667;0.5;-0.296875;0.213542;-0.869792;0.125;-0.46875;-0.40625;0.0104167;-0.770833;-0.40625;-0.307292;+1;0;0;0;0

16.15;0.810445;0.698259;0.726628;0.689233;0.753707;0.703417;0.713733;0.637653;0.685364;0.659574;0.712444;0.72147;0.718891;0.803997;0.677627;0.702128;0.756286;0.693101;0.684075;0.681496;0.779497;0.691812;0.764023;0.66989;0.712444;0.705996;0.758865;0.715023;0.742102;0.792392;0.707286;0.684075;0.829787;-1;0.637653;0.650548;0.618311;0.624758;0.743391;0.642811;0.624758;0.733075;0.520309;0.713733;1;0.722759;0.908446;0.729207;0.579626;0.739523;0.733075;0.600258;0.805287;0.0195122;-0.614634;0.312195;0.239024;-0.453659;-0.336585;-0.0292683;-0.141463;-0.726829;-0.463415;-0.546341;-0.136729;1;-0.126005;-0.869792;-0.015625;-0.0416667;0.5;-0.296875;0.213542;-0.869792;0.125;-0.46875;-0.40625;0.0104167;-0.770833;-0.40625;+1;0;0;0;0

16.25;0.72147;0.810445;0.698259;0.726628;0.689233;0.753707;0.703417;0.713733;0.637653;0.685364;0.659574;0.712444;0.72147;0.718891;0.803997;0.677627;0.702128;0.756286;0.693101;0.684075;0.681496;0.779497;0.691812;0.764023;0.66989;0.712444;0.705996;0.758865;0.715023;0.742102;0.792392;0.707286;0.684075;0.829787;-1;0.637653;0.650548;0.618311;0.624758;0.743391;0.642811;0.624758;0.733075;0.520309;0.713733;1;0.722759;0.908446;0.729207;0.579626;0.739523;0.733075;0.600258;0.263415;0.0195122;-0.614634;0.312195;0.239024;-0.453659;-0.336585;-0.0292683;-0.141463;-0.726829;-0.463415;-0.501341;-0.136729;1;-0.151042;-0.869792;-0.015625;-0.0416667;0.5;-0.296875;0.213542;-0.869792;0.125;-0.46875;-0.40625;0.0104167;-0.770833;-1;0;0;0;0

15.9;0.663443;0.72147;0.810445;0.698259;0.726628;0.689233;0.753707;0.703417;0.713733;0.637653;0.685364;0.659574;0.712444;0.72147;0.718891;0.803997;0.677627;0.702128;0.756286;0.693101;0.684075;0.681496;0.779497;0.691812;0.764023;0.66989;0.712444;0.705996;0.758865;0.715023;0.742102;0.792392;0.707286;0.684075;0.829787;-1;0.637653;0.650548;0.618311;0.624758;0.743391;0.642811;0.624758;0.733075;0.520309;0.713733;1;0.722759;0.908446;0.729207;0.579626;0.739523;0.733075;-0.512195;0.263415;0.0195122;-0.614634;0.312195;0.239024;-0.453659;-0.336585;-0.0292683;-0.141463;-0.726829;-0.410188;-0.501341;-0.136729;0.942708;-0.151042;-0.869792;-0.015625;-0.0416667;0.5;-0.296875;0.213542;-0.869792;0.125;-0.46875;-0.40625;0.0104167;-1;0;0;0;0

15.56;0.664732;0.663443;0.72147;0.810445;0.698259;0.726628;0.689233;0.753707;0.703417;0.713733;0.637653;0.685364;0.659574;0.712444;0.72147;0.718891;0.803997;0.677627;0.702128;0.756286;0.693101;0.684075;0.681496;0.779497;0.691812;0.764023;0.66989;0.712444;0.705996;0.758865;0.715023;0.742102;0.792392;0.707286;0.684075;0.829787;-1;0.637653;0.650548;0.618311;0.624758;0.743391;0.642811;0.624758;0.733075;0.520309;0.713733;1;0.722759;0.908446;0.729207;0.579626;0.739523;-0.00975609;-0.512195;0.263415;0.0195122;-0.614634;0.312195;0.239024;-0.453659;-0.336585;-0.0292683;-0.141463;-0.699732;-0.410188;-0.501341;-0.161458;0.942708;-0.151042;-0.869792;-0.015625;-0.0416667;0.5;-0.296875;0.213542;-0.869792;0.125;-0.46875;-0.40625;+1;0;0;0;0

15.65;0.720181;0.664732;0.663443;0.72147;0.810445;0.698259;0.726628;0.689233;0.753707;0.703417;0.713733;0.637653;0.685364;0.659574;0.712444;0.72147;0.718891;0.803997;0.677627;0.702128;0.756286;0.693101;0.684075;0.681496;0.779497;0.691812;0.764023;0.66989;0.712444;0.705996;0.758865;0.715023;0.742102;0.792392;0.707286;0.684075;0.829787;-1;0.637653;0.650548;0.618311;0.624758;0.743391;0.642811;0.624758;0.733075;0.520309;0.713733;1;0.722759;0.908446;0.729207;0.579626;0.0146342;-0.00975609;-0.512195;0.263415;0.0195122;-0.614634;0.312195;0.239024;-0.453659;-0.336585;-0.0292683;-0.0563003;-0.699732;-0.410188;-0.515625;-0.161458;0.942708;-0.151042;-0.869792;-0.015625;-0.0416667;0.5;-0.296875;0.213542;-0.869792;0.125;-0.46875;-1;0;0;0;0

15.5;0.689233;0.720181;0.664732;0.663443;0.72147;0.810445;0.698259;0.726628;0.689233;0.753707;0.703417;0.713733;0.637653;0.685364;0.659574;0.712444;0.72147;0.718891;0.803997;0.677627;0.702128;0.756286;0.693101;0.684075;0.681496;0.779497;0.691812;0.764023;0.66989;0.712444;0.705996;0.758865;0.715023;0.742102;0.792392;0.707286;0.684075;0.829787;-1;0.637653;0.650548;0.618311;0.624758;0.743391;0.642811;0.624758;0.733075;0.520309;0.713733;1;0.722759;0.908446;0.729207;-0.590244;0.0146342;-0.00975609;-0.512195;0.263415;0.0195122;-0.614634;0.312195;0.239024;-0.453659;-0.336585;0.0670241;-0.0563003;-0.699732;-0.427083;-0.515625;-0.161458;0.942708;-0.151042;-0.869792;-0.015625;-0.0416667;0.5;-0.296875;0.213542;-0.869792;0.125;+1;0;0;0;0

15.96;0.767892;0.689233;0.720181;0.664732;0.663443;0.72147;0.810445;0.698259;0.726628;0.689233;0.753707;0.703417;0.713733;0.637653;0.685364;0.659574;0.712444;0.72147;0.718891;0.803997;0.677627;0.702128;0.756286;0.693101;0.684075;0.681496;0.779497;0.691812;0.764023;0.66989;0.712444;0.705996;0.758865;0.715023;0.742102;0.792392;0.707286;0.684075;0.829787;-1;0.637653;0.650548;0.618311;0.624758;0.743391;0.642811;0.624758;0.733075;0.520309;0.713733;1;0.722759;0.908446;-0.0243902;-0.590244;0.0146342;-0.00975609;-0.512195;0.263415;0.0195122;-0.614634;0.312195;0.239024;-0.453659;-0.270777;0.0670241;-0.0563003;-0.708333;-0.427083;-0.515625;-0.161458;0.942708;-0.151042;-0.869792;-0.015625;-0.0416667;0.5;-0.296875;0.213542;-0.869792;+1;0;0;0;0

16.3;0.752418;0.767892;0.689233;0.720181;0.664732;0.663443;0.72147;0.810445;0.698259;0.726628;0.689233;0.753707;0.703417;0.713733;0.637653;0.685364;0.659574;0.712444;0.72147;0.718891;0.803997;0.677627;0.702128;0.756286;0.693101;0.684075;0.681496;0.779497;0.691812;0.764023;0.66989;0.712444;0.705996;0.758865;0.715023;0.742102;0.792392;0.707286;0.684075;0.829787;-1;0.637653;0.650548;0.618311;0.624758;0.743391;0.642811;0.624758;0.733075;0.520309;0.713733;1;0.722759;0.653659;-0.0243902;-0.590244;0.0146342;-0.00975609;-0.512195;0.263415;0.0195122;-0.614634;0.312195;0.239024;-0.399464;-0.270777;0.0670241;-0.0833333;-0.708333;-0.427083;-0.515625;-0.161458;0.942708;-0.151042;-0.869792;-0.015625;-0.0416667;0.5;-0.296875;0.213542;-1;0;0;0;0

16.27;0.704707;0.752418;0.767892;0.689233;0.720181;0.664732;0.663443;0.72147;0.810445;0.698259;0.726628;0.689233;0.753707;0.703417;0.713733;0.637653;0.685364;0.659574;0.712444;0.72147;0.718891;0.803997;0.677627;0.702128;0.756286;0.693101;0.684075;0.681496;0.779497;0.691812;0.764023;0.66989;0.712444;0.705996;0.758865;0.715023;0.742102;0.792392;0.707286;0.684075;0.829787;-1;0.637653;0.650548;0.618311;0.624758;0.743391;0.642811;0.624758;0.733075;0.520309;0.713733;1;-0.0487805;0.653659;-0.0243902;-0.590244;0.0146342;-0.00975609;-0.512195;0.263415;0.0195122;-0.614634;0.312195;0.36193;-0.399464;-0.270777;0.0364583;-0.0833333;-0.708333;-0.427083;-0.515625;-0.161458;0.942708;-0.151042;-0.869792;-0.015625;-0.0416667;0.5;-0.296875;-1;0;0;0;0

16.11;0.687943;0.704707;0.752418;0.767892;0.689233;0.720181;0.664732;0.663443;0.72147;0.810445;0.698259;0.726628;0.689233;0.753707;0.703417;0.713733;0.637653;0.685364;0.659574;0.712444;0.72147;0.718891;0.803997;0.677627;0.702128;0.756286;0.693101;0.684075;0.681496;0.779497;0.691812;0.764023;0.66989;0.712444;0.705996;0.758865;0.715023;0.742102;0.792392;0.707286;0.684075;0.829787;-1;0.637653;0.650548;0.618311;0.624758;0.743391;0.642811;0.624758;0.733075;0.520309;0.713733;1;-0.0487805;0.653659;-0.0243902;-0.590244;0.0146342;-0.00975609;-0.512195;0.263415;0.0195122;-0.614634;0.442359;0.36193;-0.399464;-0.291667;0.0364583;-0.0833333;-0.708333;-0.427083;-0.515625;-0.161458;0.942708;-0.151042;-0.869792;-0.015625;-0.0416667;0.5;+1;0;0;0;0

16.17;0.716312;0.687943;0.704707;0.752418;0.767892;0.689233;0.720181;0.664732;0.663443;0.72147;0.810445;0.698259;0.726628;0.689233;0.753707;0.703417;0.713733;0.637653;0.685364;0.659574;0.712444;0.72147;0.718891;0.803997;0.677627;0.702128;0.756286;0.693101;0.684075;0.681496;0.779497;0.691812;0.764023;0.66989;0.712444;0.705996;0.758865;0.715023;0.742102;0.792392;0.707286;0.684075;0.829787;-1;0.637653;0.650548;0.618311;0.624758;0.743391;0.642811;0.624758;0.733075;0.520309;-0.0829268;1;-0.0487805;0.653659;-0.0243902;-0.590244;0.0146342;-0.00975609;-0.512195;0.263415;0.0195122;-0.576407;0.442359;0.36193;-0.416667;-0.291667;0.0364583;-0.0833333;-0.708333;-0.427083;-0.515625;-0.161458;0.942708;-0.151042;-0.869792;-0.015625;-0.0416667;-1;0;0;0;0

15.8;0.660864;0.716312;0.687943;0.704707;0.752418;0.767892;0.689233;0.720181;0.664732;0.663443;0.72147;0.810445;0.698259;0.726628;0.689233;0.753707;0.703417;0.713733;0.637653;0.685364;0.659574;0.712444;0.72147;0.718891;0.803997;0.677627;0.702128;0.756286;0.693101;0.684075;0.681496;0.779497;0.691812;0.764023;0.66989;0.712444;0.705996;0.758865;0.715023;0.742102;0.792392;0.707286;0.684075;0.829787;-1;0.637653;0.650548;0.618311;0.624758;0.743391;0.642811;0.624758;0.733075;-0.814634;-0.0829268;1;-0.0487805;0.653659;-0.0243902;-0.590244;0.0146342;-0.00975609;-0.512195;0.263415;0.120643;-0.576407;0.442359;0.322917;-0.416667;-0.291667;0.0364583;-0.0833333;-0.708333;-0.427083;-0.515625;-0.161458;0.942708;-0.151042;-0.869792;-0.015625;+1;0;0;0;0

15.9;0.72147;0.660864;0.716312;0.687943;0.704707;0.752418;0.767892;0.689233;0.720181;0.664732;0.663443;0.72147;0.810445;0.698259;0.726628;0.689233;0.753707;0.703417;0.713733;0.637653;0.685364;0.659574;0.712444;0.72147;0.718891;0.803997;0.677627;0.702128;0.756286;0.693101;0.684075;0.681496;0.779497;0.691812;0.764023;0.66989;0.712444;0.705996;0.758865;0.715023;0.742102;0.792392;0.707286;0.684075;0.829787;-1;0.637653;0.650548;0.618311;0.624758;0.743391;0.642811;0.624758;-0.00975609;-0.814634;-0.0829268;1;-0.0487805;0.653659;-0.0243902;-0.590244;0.0146342;-0.00975609;-0.512195;0.38874;0.120643;-0.576407;0.401042;0.322917;-0.416667;-0.291667;0.0364583;-0.0833333;-0.708333;-0.427083;-0.515625;-0.161458;0.942708;-0.151042;-0.869792;-1;0;0;0;0

15.6;0.66989;0.72147;0.660864;0.716312;0.687943;0.704707;0.752418;0.767892;0.689233;0.720181;0.664732;0.663443;0.72147;0.810445;0.698259;0.726628;0.689233;0.753707;0.703417;0.713733;0.637653;0.685364;0.659574;0.712444;0.72147;0.718891;0.803997;0.677627;0.702128;0.756286;0.693101;0.684075;0.681496;0.779497;0.691812;0.764023;0.66989;0.712444;0.705996;0.758865;0.715023;0.742102;0.792392;0.707286;0.684075;0.829787;-1;0.637653;0.650548;0.618311;0.624758;0.743391;0.642811;-0.419512;-0.00975609;-0.814634;-0.0829268;1;-0.0487805;0.653659;-0.0243902;-0.590244;0.0146342;-0.00975609;-0.463807;0.38874;0.120643;-0.588542;0.401042;0.322917;-0.416667;-0.291667;0.0364583;-0.0833333;-0.708333;-0.427083;-0.515625;-0.161458;0.942708;-0.151042;-1;0;0;0;0

15.45;0.689233;0.66989;0.72147;0.660864;0.716312;0.687943;0.704707;0.752418;0.767892;0.689233;0.720181;0.664732;0.663443;0.72147;0.810445;0.698259;0.726628;0.689233;0.753707;0.703417;0.713733;0.637653;0.685364;0.659574;0.712444;0.72147;0.718891;0.803997;0.677627;0.702128;0.756286;0.693101;0.684075;0.681496;0.779497;0.691812;0.764023;0.66989;0.712444;0.705996;0.758865;0.715023;0.742102;0.792392;0.707286;0.684075;0.829787;-1;0.637653;0.650548;0.618311;0.624758;0.743391;-0.35122;-0.419512;-0.00975609;-0.814634;-0.0829268;1;-0.0487805;0.653659;-0.0243902;-0.590244;0.0146342;0.0884719;-0.463807;0.38874;0.0885417;-0.588542;0.401042;0.322917;-0.416667;-0.291667;0.0364583;-0.0833333;-0.708333;-0.427083;-0.515625;-0.161458;0.942708;+1;0;0;0;0

15.9;0.766602;0.689233;0.66989;0.72147;0.660864;0.716312;0.687943;0.704707;0.752418;0.767892;0.689233;0.720181;0.664732;0.663443;0.72147;0.810445;0.698259;0.726628;0.689233;0.753707;0.703417;0.713733;0.637653;0.685364;0.659574;0.712444;0.72147;0.718891;0.803997;0.677627;0.702128;0.756286;0.693101;0.684075;0.681496;0.779497;0.691812;0.764023;0.66989;0.712444;0.705996;0.758865;0.715023;0.742102;0.792392;0.707286;0.684075;0.829787;-1;0.637653;0.650548;0.618311;0.624758;0.0292683;-0.35122;-0.419512;-0.00975609;-0.814634;-0.0829268;1;-0.0487805;0.653659;-0.0243902;-0.590244;0.115282;0.0884719;-0.463807;0.348958;0.0885417;-0.588542;0.401042;0.322917;-0.416667;-0.291667;0.0364583;-0.0833333;-0.708333;-0.427083;-0.515625;-0.161458;+1;0;0;0;0

16.11;0.735654;0.766602;0.689233;0.66989;0.72147;0.660864;0.716312;0.687943;0.704707;0.752418;0.767892;0.689233;0.720181;0.664732;0.663443;0.72147;0.810445;0.698259;0.726628;0.689233;0.753707;0.703417;0.713733;0.637653;0.685364;0.659574;0.712444;0.72147;0.718891;0.803997;0.677627;0.702128;0.756286;0.693101;0.684075;0.681496;0.779497;0.691812;0.764023;0.66989;0.712444;0.705996;0.758865;0.715023;0.742102;0.792392;0.707286;0.684075;0.829787;-1;0.637653;0.650548;0.618311;-0.419512;0.0292683;-0.35122;-0.419512;-0.00975609;-0.814634;-0.0829268;1;-0.0487805;0.653659;-0.0243902;-0.549598;0.115282;0.0884719;-0.479167;0.348958;0.0885417;-0.588542;0.401042;0.322917;-0.416667;-0.291667;0.0364583;-0.0833333;-0.708333;-0.427083;-0.515625;-1;0;0;0;0

16.1;0.707286;0.735654;0.766602;0.689233;0.66989;0.72147;0.660864;0.716312;0.687943;0.704707;0.752418;0.767892;0.689233;0.720181;0.664732;0.663443;0.72147;0.810445;0.698259;0.726628;0.689233;0.753707;0.703417;0.713733;0.637653;0.685364;0.659574;0.712444;0.72147;0.718891;0.803997;0.677627;0.702128;0.756286;0.693101;0.684075;0.681496;0.779497;0.691812;0.764023;0.66989;0.712444;0.705996;0.758865;0.715023;0.742102;0.792392;0.707286;0.684075;0.829787;-1;0.637653;0.650548;-0.443902;-0.419512;0.0292683;-0.35122;-0.419512;-0.00975609;-0.814634;-0.0829268;1;-0.0487805;0.653659;0.0723861;-0.549598;0.115282;0.0572917;-0.479167;0.348958;0.0885417;-0.588542;0.401042;0.322917;-0.416667;-0.291667;0.0364583;-0.0833333;-0.708333;-0.427083;+1;0;0;0;0

16.29;0.733075;0.707286;0.735654;0.766602;0.689233;0.66989;0.72147;0.660864;0.716312;0.687943;0.704707;0.752418;0.767892;0.689233;0.720181;0.664732;0.663443;0.72147;0.810445;0.698259;0.726628;0.689233;0.753707;0.703417;0.713733;0.637653;0.685364;0.659574;0.712444;0.72147;0.718891;0.803997;0.677627;0.702128;0.756286;0.693101;0.684075;0.681496;0.779497;0.691812;0.764023;0.66989;0.712444;0.705996;0.758865;0.715023;0.742102;0.792392;0.707286;0.684075;0.829787;-1;0.637653;-0.321951;-0.443902;-0.419512;0.0292683;-0.35122;-0.419512;-0.00975609;-0.814634;-0.0829268;1;-0.0487805;0.817694;0.0723861;-0.549598;0.0833333;0.0572917;-0.479167;0.348958;0.0885417;-0.588542;0.401042;0.322917;-0.416667;-0.291667;0.0364583;-0.0833333;-0.708333;-1;0;0;0;0

16.1;0.684075;0.733075;0.707286;0.735654;0.766602;0.689233;0.66989;0.72147;0.660864;0.716312;0.687943;0.704707;0.752418;0.767892;0.689233;0.720181;0.664732;0.663443;0.72147;0.810445;0.698259;0.726628;0.689233;0.753707;0.703417;0.713733;0.637653;0.685364;0.659574;0.712444;0.72147;0.718891;0.803997;0.677627;0.702128;0.756286;0.693101;0.684075;0.681496;0.779497;0.691812;0.764023;0.66989;0.712444;0.705996;0.758865;0.715023;0.742102;0.792392;0.707286;0.684075;0.829787;-1;-0.370732;-0.321951;-0.443902;-0.419512;0.0292683;-0.35122;-0.419512;-0.00975609;-0.814634;-0.0829268;1;0.0455764;0.817694;0.0723861;-0.5625;0.0833333;0.0572917;-0.479167;0.348958;0.0885417;-0.588542;0.401042;0.322917;-0.416667;-0.291667;0.0364583;-0.0833333;-1;0;0;0;0

