76;-0.446051;0.243604;-0.555061;0.979978;0.152392;-0.49277;0.922136;0.332592;0.0989989;0.276974;1;-0.541144;-0.715481;-0.101813;-0.555091;-0.206416;-0.2106;-0.146444;-0.338912;-0.0739191;-0.542538;-0.366806;-0.546722;-0.624826;-0.290098;-0.79219;-0.304045;-0.562064;-0.0878662;-0.359833;-0.51325;0.1841;-0.220363;-0.0529987;-0.917713;-0.79219;-0.387727;-0.615063;-0.718271;-0.291492;-0.895398;-0.502092;-0.573222;-0.443515;-0.0962344;-0.337517;-0.408647;-0.0962344;-0.298466;-0.0641562;-0.443515;-0.631799;0.0306834;-0.251046;-0.352859;-0.76569;-0.126502;-0.70318;-0.180212;-0.745583;+1;0;+1;+1;-1

76.5;0.110122;-0.446051;0.243604;-0.555061;0.979978;0.152392;-0.49277;0.922136;0.332592;0.0989989;-0.199442;1;-0.541144;-0.715481;-0.101813;-0.555091;-0.206416;-0.2106;-0.146444;-0.338912;-0.0739191;-0.542538;-0.366806;-0.546722;-0.624826;-0.290098;-0.79219;-0.304045;-0.562064;-0.0878662;-0.359833;-0.51325;0.1841;-0.220363;-0.0529987;-0.917713;-0.79219;-0.387727;-0.615063;-0.718271;-0.291492;-0.895398;-0.502092;-0.573222;-0.443515;-0.0962344;-0.337517;-0.408647;-0.0962344;-0.298466;-0.0641562;-0.443515;-0.631799;0.0306834;-0.251046;-0.352859;-0.789399;-0.126502;-0.70318;-0.180212;+1;0;+1;+1;-1

81;1;0.110122;-0.446051;0.243604;-0.555061;0.979978;0.152392;-0.49277;0.922136;0.332592;-0.311018;-0.199442;1;-0.541144;-0.715481;-0.101813;-0.555091;-0.206416;-0.2106;-0.146444;-0.338912;-0.0739191;-0.542538;-0.366806;-0.546722;-0.624826;-0.290098;-0.79219;-0.304045;-0.562064;-0.0878662;-0.359833;-0.51325;0.1841;-0.220363;-0.0529987;-0.917713;-0.79219;-0.387727;-0.615063;-0.718271;-0.291492;-0.895398;-0.502092;-0.573222;-0.443515;-0.0962344;-0.337517;-0.408647;-0.0962344;-0.298466;-0.0641562;-0.443515;-0.631799;0.0306834;-0.251046;-0.371025;-0.789399;-0.126502;-0.70318;-1;0;-1;+1;-1

81;-0.00111237;1;0.110122;-0.446051;0.243604;-0.555061;0.979978;0.152392;-0.49277;0.922136;-0.164575;-0.311018;-0.199442;1;-0.541144;-0.715481;-0.101813;-0.555091;-0.206416;-0.2106;-0.146444;-0.338912;-0.0739191;-0.542538;-0.366806;-0.546722;-0.624826;-0.290098;-0.79219;-0.304045;-0.562064;-0.0878662;-0.359833;-0.51325;0.1841;-0.220363;-0.0529987;-0.917713;-0.79219;-0.387727;-0.615063;-0.718271;-0.291492;-0.895398;-0.502092;-0.573222;-0.443515;-0.0962344;-0.337517;-0.408647;-0.0962344;-0.298466;-0.0641562;-0.443515;-0.631799;0.0306834;-0.267845;-0.371025;-0.789399;-0.126502;+1;0;+1;+1;-1

82.8;0.399333;-0.00111237;1;0.110122;-0.446051;0.243604;-0.555061;0.979978;0.152392;-0.49277;0.205021;-0.164575;-0.311018;-0.199442;1;-0.541144;-0.715481;-0.101813;-0.555091;-0.206416;-0.2106;-0.146444;-0.338912;-0.0739191;-0.542538;-0.366806;-0.546722;-0.624826;-0.290098;-0.79219;-0.304045;-0.562064;-0.0878662;-0.359833;-0.51325;0.1841;-0.220363;-0.0529987;-0.917713;-0.79219;-0.387727;-0.615063;-0.718271;-0.291492;-0.895398;-0.502092;-0.573222;-0.443515;-0.0962344;-0.337517;-0.408647;-0.0962344;-0.298466;-0.0641562;-0.443515;-0.631799;0.0176678;-0.267845;-0.371025;-0.789399;-1;0;-1;+1;-1

82.8;-0.00111237;0.399333;-0.00111237;1;0.110122;-0.446051;0.243604;-0.555061;0.979978;0.152392;-0.682008;0.205021;-0.164575;-0.311018;-0.199442;1;-0.541144;-0.715481;-0.101813;-0.555091;-0.206416;-0.2106;-0.146444;-0.338912;-0.0739191;-0.542538;-0.366806;-0.546722;-0.624826;-0.290098;-0.79219;-0.304045;-0.562064;-0.0878662;-0.359833;-0.51325;0.1841;-0.220363;-0.0529987;-0.917713;-0.79219;-0.387727;-0.615063;-0.718271;-0.291492;-0.895398;-0.502092;-0.573222;-0.443515;-0.0962344;-0.337517;-0.408647;-0.0962344;-0.298466;-0.0641562;-0.443515;-0.65371;0.0176678;-0.267845;-0.371025;-1;0;-1;+1;-1

81.46;-0.299221;-0.00111237;0.399333;-0.00111237;1;0.110122;-0.446051;0.243604;-0.555061;0.979978;-0.277545;-0.682008;0.205021;-0.164575;-0.311018;-0.199442;1;-0.541144;-0.715481;-0.101813;-0.555091;-0.206416;-0.2106;-0.146444;-0.338912;-0.0739191;-0.542538;-0.366806;-0.546722;-0.624826;-0.290098;-0.79219;-0.304045;-0.562064;-0.0878662;-0.359833;-0.51325;0.1841;-0.220363;-0.0529987;-0.917713;-0.79219;-0.387727;-0.615063;-0.718271;-0.291492;-0.895398;-0.502092;-0.573222;-0.443515;-0.0962344;-0.337517;-0.408647;-0.0962344;-0.298466;-0.0641562;-0.462898;-0.65371;0.0176678;-0.267845;-1;0;-1;+1;-1

78.9;-0.570634;-0.299221;-0.00111237;0.399333;-0.00111237;1;0.110122;-0.446051;0.243604;-0.555061;0.241283;-0.277545;-0.682008;0.205021;-0.164575;-0.311018;-0.199442;1;-0.541144;-0.715481;-0.101813;-0.555091;-0.206416;-0.2106;-0.146444;-0.338912;-0.0739191;-0.542538;-0.366806;-0.546722;-0.624826;-0.290098;-0.79219;-0.304045;-0.562064;-0.0878662;-0.359833;-0.51325;0.1841;-0.220363;-0.0529987;-0.917713;-0.79219;-0.387727;-0.615063;-0.718271;-0.291492;-0.895398;-0.502092;-0.573222;-0.443515;-0.0962344;-0.337517;-0.408647;-0.0962344;-0.298466;-0.0784452;-0.462898;-0.65371;0.0176678;-1;0;-1;+1;-1

78.8;-0.0233593;-0.570634;-0.299221;-0.00111237;0.399333;-0.00111237;1;0.110122;-0.446051;0.243604;-0.72106;0.241283;-0.277545;-0.682008;0.205021;-0.164575;-0.311018;-0.199442;1;-0.541144;-0.715481;-0.101813;-0.555091;-0.206416;-0.2106;-0.146444;-0.338912;-0.0739191;-0.542538;-0.366806;-0.546722;-0.624826;-0.290098;-0.79219;-0.304045;-0.562064;-0.0878662;-0.359833;-0.51325;0.1841;-0.220363;-0.0529987;-0.917713;-0.79219;-0.387727;-0.615063;-0.718271;-0.291492;-0.895398;-0.502092;-0.573222;-0.443515;-0.0962344;-0.337517;-0.408647;-0.0962344;-0.315901;-0.0784452;-0.462898;-0.65371;-1;0;-1;+1;-1

76.5;-0.512792;-0.0233593;-0.570634;-0.299221;-0.00111237;0.399333;-0.00111237;1;0.110122;-0.446051;-0.220363;-0.72106;0.241283;-0.277545;-0.682008;0.205021;-0.164575;-0.311018;-0.199442;1;-0.541144;-0.715481;-0.101813;-0.555091;-0.206416;-0.2106;-0.146444;-0.338912;-0.0739191;-0.542538;-0.366806;-0.546722;-0.624826;-0.290098;-0.79219;-0.304045;-0.562064;-0.0878662;-0.359833;-0.51325;0.1841;-0.220363;-0.0529987;-0.917713;-0.79219;-0.387727;-0.615063;-0.718271;-0.291492;-0.895398;-0.502092;-0.573222;-0.443515;-0.0962344;-0.337517;-0.408647;-0.110954;-0.315901;-0.0784452;-0.462898;-1;0;+1;+1;-1

76.11;-0.0878754;-0.512792;-0.0233593;-0.570634;-0.299221;-0.00111237;0.399333;-0.00111237;1;0.110122;-0.65272;-0.220363;-0.72106;0.241283;-0.277545;-0.682008;0.205021;-0.164575;-0.311018;-0.199442;1;-0.541144;-0.715481;-0.101813;-0.555091;-0.206416;-0.2106;-0.146444;-0.338912;-0.0739191;-0.542538;-0.366806;-0.546722;-0.624826;-0.290098;-0.79219;-0.304045;-0.562064;-0.0878662;-0.359833;-0.51325;0.1841;-0.220363;-0.0529987;-0.917713;-0.79219;-0.387727;-0.615063;-0.718271;-0.291492;-0.895398;-0.502092;-0.573222;-0.443515;-0.0962344;-0.337517;-0.427562;-0.110954;-0.315901;-0.0784452;-1;0;-1;+1;-1

72.3;-0.848721;-0.0878754;-0.512792;-0.0233593;-0.570634;-0.299221;-0.00111237;0.399333;-0.00111237;1;-0.304045;-0.65272;-0.220363;-0.72106;0.241283;-0.277545;-0.682008;0.205021;-0.164575;-0.311018;-0.199442;1;-0.541144;-0.715481;-0.101813;-0.555091;-0.206416;-0.2106;-0.146444;-0.338912;-0.0739191;-0.542538;-0.366806;-0.546722;-0.624826;-0.290098;-0.79219;-0.304045;-0.562064;-0.0878662;-0.359833;-0.51325;0.1841;-0.220363;-0.0529987;-0.917713;-0.79219;-0.387727;-0.615063;-0.718271;-0.291492;-0.895398;-0.502092;-0.573222;-0.443515;-0.0962344;-0.355477;-0.427562;-0.110954;-0.315901;-1;0;-1;+1;-1

68.47;-0.85317;-0.848721;-0.0878754;-0.512792;-0.0233593;-0.570634;-0.299221;-0.00111237;0.399333;-0.00111237;0.253835;-0.304045;-0.65272;-0.220363;-0.72106;0.241283;-0.277545;-0.682008;0.205021;-0.164575;-0.311018;-0.199442;1;-0.541144;-0.715481;-0.101813;-0.555091;-0.206416;-0.2106;-0.146444;-0.338912;-0.0739191;-0.542538;-0.366806;-0.546722;-0.624826;-0.290098;-0.79219;-0.304045;-0.562064;-0.0878662;-0.359833;-0.51325;0.1841;-0.220363;-0.0529987;-0.917713;-0.79219;-0.387727;-0.615063;-0.718271;-0.291492;-0.895398;-0.502092;-0.573222;-0.443515;-0.110954;-0.355477;-0.427562;-0.110954;+1;0;+1;+1;-1

70.49;0.448276;-0.85317;-0.848721;-0.0878754;-0.512792;-0.0233593;-0.570634;-0.299221;-0.00111237;0.399333;-0.37378;0.253835;-0.304045;-0.65272;-0.220363;-0.72106;0.241283;-0.277545;-0.682008;0.205021;-0.164575;-0.311018;-0.199442;1;-0.541144;-0.715481;-0.101813;-0.555091;-0.206416;-0.2106;-0.146444;-0.338912;-0.0739191;-0.542538;-0.366806;-0.546722;-0.624826;-0.290098;-0.79219;-0.304045;-0.562064;-0.0878662;-0.359833;-0.51325;0.1841;-0.220363;-0.0529987;-0.917713;-0.79219;-0.387727;-0.615063;-0.718271;-0.291492;-0.895398;-0.502092;-0.573222;-0.462898;-0.110954;-0.355477;-0.427562;-1;0;-1;+1;-1

70;-0.110122;0.448276;-0.85317;-0.848721;-0.0878754;-0.512792;-0.0233593;-0.570634;-0.299221;-0.00111237;-0.122734;-0.37378;0.253835;-0.304045;-0.65272;-0.220363;-0.72106;0.241283;-0.277545;-0.682008;0.205021;-0.164575;-0.311018;-0.199442;1;-0.541144;-0.715481;-0.101813;-0.555091;-0.206416;-0.2106;-0.146444;-0.338912;-0.0739191;-0.542538;-0.366806;-0.546722;-0.624826;-0.290098;-0.79219;-0.304045;-0.562064;-0.0878662;-0.359833;-0.51325;0.1841;-0.220363;-0.0529987;-0.917713;-0.79219;-0.387727;-0.615063;-0.718271;-0.291492;-0.895398;-0.502092;-0.594346;-0.462898;-0.110954;-0.355477;+1;0;+1;+1;-1

72.01;0.446051;-0.110122;0.448276;-0.85317;-0.848721;-0.0878754;-0.512792;-0.0233593;-0.570634;-0.299221;-0.37378;-0.122734;-0.37378;0.253835;-0.304045;-0.65272;-0.220363;-0.72106;0.241283;-0.277545;-0.682008;0.205021;-0.164575;-0.311018;-0.199442;1;-0.541144;-0.715481;-0.101813;-0.555091;-0.206416;-0.2106;-0.146444;-0.338912;-0.0739191;-0.542538;-0.366806;-0.546722;-0.624826;-0.290098;-0.79219;-0.304045;-0.562064;-0.0878662;-0.359833;-0.51325;0.1841;-0.220363;-0.0529987;-0.917713;-0.79219;-0.387727;-0.615063;-0.718271;-0.291492;-0.895398;-0.522262;-0.594346;-0.462898;-0.110954;-1;0;-1;+1;-1

70;-0.448276;0.446051;-0.110122;0.448276;-0.85317;-0.848721;-0.0878754;-0.512792;-0.0233593;-0.570634;-0.560669;-0.37378;-0.122734;-0.37378;0.253835;-0.304045;-0.65272;-0.220363;-0.72106;0.241283;-0.277545;-0.682008;0.205021;-0.164575;-0.311018;-0.199442;1;-0.541144;-0.715481;-0.101813;-0.555091;-0.206416;-0.2106;-0.146444;-0.338912;-0.0739191;-0.542538;-0.366806;-0.546722;-0.624826;-0.290098;-0.79219;-0.304045;-0.562064;-0.0878662;-0.359833;-0.51325;0.1841;-0.220363;-0.0529987;-0.917713;-0.79219;-0.387727;-0.615063;-0.718271;-0.291492;-0.920848;-0.522262;-0.594346;-0.462898;+1;0;+1;+1;-1

70.99;0.219132;-0.448276;0.446051;-0.110122;0.448276;-0.85317;-0.848721;-0.0878754;-0.512792;-0.0233593;-0.730823;-0.560669;-0.37378;-0.122734;-0.37378;0.253835;-0.304045;-0.65272;-0.220363;-0.72106;0.241283;-0.277545;-0.682008;0.205021;-0.164575;-0.311018;-0.199442;1;-0.541144;-0.715481;-0.101813;-0.555091;-0.206416;-0.2106;-0.146444;-0.338912;-0.0739191;-0.542538;-0.366806;-0.546722;-0.624826;-0.290098;-0.79219;-0.304045;-0.562064;-0.0878662;-0.359833;-0.51325;0.1841;-0.220363;-0.0529987;-0.917713;-0.79219;-0.387727;-0.615063;-0.718271;-0.308834;-0.920848;-0.522262;-0.594346;+1;0;+1;+1;-1

71.05;0.0122358;0.219132;-0.448276;0.446051;-0.110122;0.448276;-0.85317;-0.848721;-0.0878754;-0.512792;-0.387727;-0.730823;-0.560669;-0.37378;-0.122734;-0.37378;0.253835;-0.304045;-0.65272;-0.220363;-0.72106;0.241283;-0.277545;-0.682008;0.205021;-0.164575;-0.311018;-0.199442;1;-0.541144;-0.715481;-0.101813;-0.555091;-0.206416;-0.2106;-0.146444;-0.338912;-0.0739191;-0.542538;-0.366806;-0.546722;-0.624826;-0.290098;-0.79219;-0.304045;-0.562064;-0.0878662;-0.359833;-0.51325;0.1841;-0.220363;-0.0529987;-0.917713;-0.79219;-0.387727;-0.615063;-0.741343;-0.308834;-0.920848;-0.522262;+1;0;+1;+1;-1

71.25;0.0433815;0.0122358;0.219132;-0.448276;0.446051;-0.110122;0.448276;-0.85317;-0.848721;-0.0878754;-0.694561;-0.387727;-0.730823;-0.560669;-0.37378;-0.122734;-0.37378;0.253835;-0.304045;-0.65272;-0.220363;-0.72106;0.241283;-0.277545;-0.682008;0.205021;-0.164575;-0.311018;-0.199442;1;-0.541144;-0.715481;-0.101813;-0.555091;-0.206416;-0.2106;-0.146444;-0.338912;-0.0739191;-0.542538;-0.366806;-0.546722;-0.624826;-0.290098;-0.79219;-0.304045;-0.562064;-0.0878662;-0.359833;-0.51325;0.1841;-0.220363;-0.0529987;-0.917713;-0.79219;-0.387727;-0.636749;-0.741343;-0.308834;-0.920848;-1;0;-1;+1;-1

69.5;-0.390434;0.0433815;0.0122358;0.219132;-0.448276;0.446051;-0.110122;0.448276;-0.85317;-0.848721;-0.428173;-0.694561;-0.387727;-0.730823;-0.560669;-0.37378;-0.122734;-0.37378;0.253835;-0.304045;-0.65272;-0.220363;-0.72106;0.241283;-0.277545;-0.682008;0.205021;-0.164575;-0.311018;-0.199442;1;-0.541144;-0.715481;-0.101813;-0.555091;-0.206416;-0.2106;-0.146444;-0.338912;-0.0739191;-0.542538;-0.366806;-0.546722;-0.624826;-0.290098;-0.79219;-0.304045;-0.562064;-0.0878662;-0.359833;-0.51325;0.1841;-0.220363;-0.0529987;-0.917713;-0.79219;-0.40636;-0.636749;-0.741343;-0.308834;+1;0;+1;+1;-1

70.61;0.245829;-0.390434;0.0433815;0.0122358;0.219132;-0.448276;0.446051;-0.110122;0.448276;-0.85317;-0.90516;-0.428173;-0.694561;-0.387727;-0.730823;-0.560669;-0.37378;-0.122734;-0.37378;0.253835;-0.304045;-0.65272;-0.220363;-0.72106;0.241283;-0.277545;-0.682008;0.205021;-0.164575;-0.311018;-0.199442;1;-0.541144;-0.715481;-0.101813;-0.555091;-0.206416;-0.2106;-0.146444;-0.338912;-0.0739191;-0.542538;-0.366806;-0.546722;-0.624826;-0.290098;-0.79219;-0.304045;-0.562064;-0.0878662;-0.359833;-0.51325;0.1841;-0.220363;-0.0529987;-0.917713;-0.816254;-0.40636;-0.636749;-0.741343;+1;0;+1;+1;-1

75;0.975528;0.245829;-0.390434;0.0433815;0.0122358;0.219132;-0.448276;0.446051;-0.110122;0.448276;-0.90795;-0.90516;-0.428173;-0.694561;-0.387727;-0.730823;-0.560669;-0.37378;-0.122734;-0.37378;0.253835;-0.304045;-0.65272;-0.220363;-0.72106;0.241283;-0.277545;-0.682008;0.205021;-0.164575;-0.311018;-0.199442;1;-0.541144;-0.715481;-0.101813;-0.555091;-0.206416;-0.2106;-0.146444;-0.338912;-0.0739191;-0.542538;-0.366806;-0.546722;-0.624826;-0.290098;-0.79219;-0.304045;-0.562064;-0.0878662;-0.359833;-0.51325;0.1841;-0.220363;-0.0529987;-0.943463;-0.816254;-0.40636;-0.636749;+1;0;+1;+1;-1

76;0.221357;0.975528;0.245829;-0.390434;0.0433815;0.0122358;0.219132;-0.448276;0.446051;-0.110122;-0.0920503;-0.90795;-0.90516;-0.428173;-0.694561;-0.387727;-0.730823;-0.560669;-0.37378;-0.122734;-0.37378;0.253835;-0.304045;-0.65272;-0.220363;-0.72106;0.241283;-0.277545;-0.682008;0.205021;-0.164575;-0.311018;-0.199442;1;-0.541144;-0.715481;-0.101813;-0.555091;-0.206416;-0.2106;-0.146444;-0.338912;-0.0739191;-0.542538;-0.366806;-0.546722;-0.624826;-0.290098;-0.79219;-0.304045;-0.562064;-0.0878662;-0.359833;-0.51325;0.1841;-0.220363;-0.0671378;-0.943463;-0.816254;-0.40636;-1;0;-1;+1;-1

73.8;-0.490545;0.221357;0.975528;0.245829;-0.390434;0.0433815;0.0122358;0.219132;-0.448276;0.446051;-0.44212;-0.0920503;-0.90795;-0.90516;-0.428173;-0.694561;-0.387727;-0.730823;-0.560669;-0.37378;-0.122734;-0.37378;0.253835;-0.304045;-0.65272;-0.220363;-0.72106;0.241283;-0.277545;-0.682008;0.205021;-0.164575;-0.311018;-0.199442;1;-0.541144;-0.715481;-0.101813;-0.555091;-0.206416;-0.2106;-0.146444;-0.338912;-0.0739191;-0.542538;-0.366806;-0.546722;-0.624826;-0.290098;-0.79219;-0.304045;-0.562064;-0.0878662;-0.359833;-0.51325;0.1841;-0.236749;-0.0671378;-0.943463;-0.816254;-1;0;-1;+1;-1

69.5;-0.957731;-0.490545;0.221357;0.975528;0.245829;-0.390434;0.0433815;0.0122358;0.219132;-0.448276;-0.093445;-0.44212;-0.0920503;-0.90795;-0.90516;-0.428173;-0.694561;-0.387727;-0.730823;-0.560669;-0.37378;-0.122734;-0.37378;0.253835;-0.304045;-0.65272;-0.220363;-0.72106;0.241283;-0.277545;-0.682008;0.205021;-0.164575;-0.311018;-0.199442;1;-0.541144;-0.715481;-0.101813;-0.555091;-0.206416;-0.2106;-0.146444;-0.338912;-0.0739191;-0.542538;-0.366806;-0.546722;-0.624826;-0.290098;-0.79219;-0.304045;-0.562064;-0.0878662;-0.359833;-0.51325;0.173145;-0.236749;-0.0671378;-0.943463;-1;0;-1;+1;-1

69.1;-0.0901001;-0.957731;-0.490545;0.221357;0.975528;0.245829;-0.390434;0.0433815;0.0122358;0.219132;-0.654114;-0.093445;-0.44212;-0.0920503;-0.90795;-0.90516;-0.428173;-0.694561;-0.387727;-0.730823;-0.560669;-0.37378;-0.122734;-0.37378;0.253835;-0.304045;-0.65272;-0.220363;-0.72106;0.241283;-0.277545;-0.682008;0.205021;-0.164575;-0.311018;-0.199442;1;-0.541144;-0.715481;-0.101813;-0.555091;-0.206416;-0.2106;-0.146444;-0.338912;-0.0739191;-0.542538;-0.366806;-0.546722;-0.624826;-0.290098;-0.79219;-0.304045;-0.562064;-0.0878662;-0.359833;-0.533569;0.173145;-0.236749;-0.0671378;+1;0;+1;+1;-1

72.5;0.755284;-0.0901001;-0.957731;-0.490545;0.221357;0.975528;0.245829;-0.390434;0.0433815;0.0122358;-0.235704;-0.654114;-0.093445;-0.44212;-0.0920503;-0.90795;-0.90516;-0.428173;-0.694561;-0.387727;-0.730823;-0.560669;-0.37378;-0.122734;-0.37378;0.253835;-0.304045;-0.65272;-0.220363;-0.72106;0.241283;-0.277545;-0.682008;0.205021;-0.164575;-0.311018;-0.199442;1;-0.541144;-0.715481;-0.101813;-0.555091;-0.206416;-0.2106;-0.146444;-0.338912;-0.0739191;-0.542538;-0.366806;-0.546722;-0.624826;-0.290098;-0.79219;-0.304045;-0.562064;-0.0878662;-0.378092;-0.533569;0.173145;-0.236749;-1;0;-1;+1;-1

72.5;-0.00111237;0.755284;-0.0901001;-0.957731;-0.490545;0.221357;0.975528;0.245829;-0.390434;0.0433815;-0.365411;-0.235704;-0.654114;-0.093445;-0.44212;-0.0920503;-0.90795;-0.90516;-0.428173;-0.694561;-0.387727;-0.730823;-0.560669;-0.37378;-0.122734;-0.37378;0.253835;-0.304045;-0.65272;-0.220363;-0.72106;0.241283;-0.277545;-0.682008;0.205021;-0.164575;-0.311018;-0.199442;1;-0.541144;-0.715481;-0.101813;-0.555091;-0.206416;-0.2106;-0.146444;-0.338912;-0.0739191;-0.542538;-0.366806;-0.546722;-0.624826;-0.290098;-0.79219;-0.304045;-0.562064;-0.102474;-0.378092;-0.533569;0.173145;-1;0;-1;+1;-1

68.65;-0.85762;-0.00111237;0.755284;-0.0901001;-0.957731;-0.490545;0.221357;0.975528;0.245829;-0.390434;-0.345886;-0.365411;-0.235704;-0.654114;-0.093445;-0.44212;-0.0920503;-0.90795;-0.90516;-0.428173;-0.694561;-0.387727;-0.730823;-0.560669;-0.37378;-0.122734;-0.37378;0.253835;-0.304045;-0.65272;-0.220363;-0.72106;0.241283;-0.277545;-0.682008;0.205021;-0.164575;-0.311018;-0.199442;1;-0.541144;-0.715481;-0.101813;-0.555091;-0.206416;-0.2106;-0.146444;-0.338912;-0.0739191;-0.542538;-0.366806;-0.546722;-0.624826;-0.290098;-0.79219;-0.304045;-0.583039;-0.102474;-0.378092;-0.533569;-1;0;-1;+1;-1

67.6;-0.234705;-0.85762;-0.00111237;0.755284;-0.0901001;-0.957731;-0.490545;0.221357;0.975528;0.245829;-0.617852;-0.345886;-0.365411;-0.235704;-0.654114;-0.093445;-0.44212;-0.0920503;-0.90795;-0.90516;-0.428173;-0.694561;-0.387727;-0.730823;-0.560669;-0.37378;-0.122734;-0.37378;0.253835;-0.304045;-0.65272;-0.220363;-0.72106;0.241283;-0.277545;-0.682008;0.205021;-0.164575;-0.311018;-0.199442;1;-0.541144;-0.715481;-0.101813;-0.555091;-0.206416;-0.2106;-0.146444;-0.338912;-0.0739191;-0.542538;-0.366806;-0.546722;-0.624826;-0.290098;-0.79219;-0.321555;-0.583039;-0.102474;-0.378092;-1;0;-1;+1;-1

66.5;-0.245829;-0.234705;-0.85762;-0.00111237;0.755284;-0.0901001;-0.957731;-0.490545;0.221357;0.975528;-0.218968;-0.617852;-0.345886;-0.365411;-0.235704;-0.654114;-0.093445;-0.44212;-0.0920503;-0.90795;-0.90516;-0.428173;-0.694561;-0.387727;-0.730823;-0.560669;-0.37378;-0.122734;-0.37378;0.253835;-0.304045;-0.65272;-0.220363;-0.72106;0.241283;-0.277545;-0.682008;0.205021;-0.164575;-0.311018;-0.199442;1;-0.541144;-0.715481;-0.101813;-0.555091;-0.206416;-0.2106;-0.146444;-0.338912;-0.0739191;-0.542538;-0.366806;-0.546722;-0.624826;-0.290098;-0.816254;-0.321555;-0.583039;-0.102474;+1;0;+1;+1;-1

70.8;0.955506;-0.245829;-0.234705;-0.85762;-0.00111237;0.755284;-0.0901001;-0.957731;-0.490545;0.221357;0.238494;-0.218968;-0.617852;-0.345886;-0.365411;-0.235704;-0.654114;-0.093445;-0.44212;-0.0920503;-0.90795;-0.90516;-0.428173;-0.694561;-0.387727;-0.730823;-0.560669;-0.37378;-0.122734;-0.37378;0.253835;-0.304045;-0.65272;-0.220363;-0.72106;0.241283;-0.277545;-0.682008;0.205021;-0.164575;-0.311018;-0.199442;1;-0.541144;-0.715481;-0.101813;-0.555091;-0.206416;-0.2106;-0.146444;-0.338912;-0.0739191;-0.542538;-0.366806;-0.546722;-0.624826;-0.30742;-0.816254;-0.321555;-0.583039;+1;0;+1;+1;-1

73;0.48832;0.955506;-0.245829;-0.234705;-0.85762;-0.00111237;0.755284;-0.0901001;-0.957731;-0.490545;-0.23431;0.238494;-0.218968;-0.617852;-0.345886;-0.365411;-0.235704;-0.654114;-0.093445;-0.44212;-0.0920503;-0.90795;-0.90516;-0.428173;-0.694561;-0.387727;-0.730823;-0.560669;-0.37378;-0.122734;-0.37378;0.253835;-0.304045;-0.65272;-0.220363;-0.72106;0.241283;-0.277545;-0.682008;0.205021;-0.164575;-0.311018;-0.199442;1;-0.541144;-0.715481;-0.101813;-0.555091;-0.206416;-0.2106;-0.146444;-0.338912;-0.0739191;-0.542538;-0.366806;-0.546722;-0.646643;-0.30742;-0.816254;-0.321555;+1;0;+1;+1;-1

74.85;0.410456;0.48832;0.955506;-0.245829;-0.234705;-0.85762;-0.00111237;0.755284;-0.0901001;-0.957731;-0.680614;-0.23431;0.238494;-0.218968;-0.617852;-0.345886;-0.365411;-0.235704;-0.654114;-0.093445;-0.44212;-0.0920503;-0.90795;-0.90516;-0.428173;-0.694561;-0.387727;-0.730823;-0.560669;-0.37378;-0.122734;-0.37378;0.253835;-0.304045;-0.65272;-0.220363;-0.72106;0.241283;-0.277545;-0.682008;0.205021;-0.164575;-0.311018;-0.199442;1;-0.541144;-0.715481;-0.101813;-0.555091;-0.206416;-0.2106;-0.146444;-0.338912;-0.0739191;-0.542538;-0.366806;-0.567491;-0.646643;-0.30742;-0.816254;+1;0;+1;+1;-1

78.3;0.766407;0.410456;0.48832;0.955506;-0.245829;-0.234705;-0.85762;-0.00111237;0.755284;-0.0901001;-0.973501;-0.680614;-0.23431;0.238494;-0.218968;-0.617852;-0.345886;-0.365411;-0.235704;-0.654114;-0.093445;-0.44212;-0.0920503;-0.90795;-0.90516;-0.428173;-0.694561;-0.387727;-0.730823;-0.560669;-0.37378;-0.122734;-0.37378;0.253835;-0.304045;-0.65272;-0.220363;-0.72106;0.241283;-0.277545;-0.682008;0.205021;-0.164575;-0.311018;-0.199442;1;-0.541144;-0.715481;-0.101813;-0.555091;-0.206416;-0.2106;-0.146444;-0.338912;-0.0739191;-0.542538;-0.385159;-0.567491;-0.646643;-0.30742;-1;0;-1;+1;-1

76.25;-0.457175;0.766407;0.410456;0.48832;0.955506;-0.245829;-0.234705;-0.85762;-0.00111237;0.755284;-0.429568;-0.973501;-0.680614;-0.23431;0.238494;-0.218968;-0.617852;-0.345886;-0.365411;-0.235704;-0.654114;-0.093445;-0.44212;-0.0920503;-0.90795;-0.90516;-0.428173;-0.694561;-0.387727;-0.730823;-0.560669;-0.37378;-0.122734;-0.37378;0.253835;-0.304045;-0.65272;-0.220363;-0.72106;0.241283;-0.277545;-0.682008;0.205021;-0.164575;-0.311018;-0.199442;1;-0.541144;-0.715481;-0.101813;-0.555091;-0.206416;-0.2106;-0.146444;-0.338912;-0.0739191;-0.563251;-0.385159;-0.567491;-0.646643;-1;0;-1;+1;-1

76.12;-0.0300334;-0.457175;0.766407;0.410456;0.48832;0.955506;-0.245829;-0.234705;-0.85762;-0.00111237;0.100418;-0.429568;-0.973501;-0.680614;-0.23431;0.238494;-0.218968;-0.617852;-0.345886;-0.365411;-0.235704;-0.654114;-0.093445;-0.44212;-0.0920503;-0.90795;-0.90516;-0.428173;-0.694561;-0.387727;-0.730823;-0.560669;-0.37378;-0.122734;-0.37378;0.253835;-0.304045;-0.65272;-0.220363;-0.72106;0.241283;-0.277545;-0.682008;0.205021;-0.164575;-0.311018;-0.199442;1;-0.541144;-0.715481;-0.101813;-0.555091;-0.206416;-0.2106;-0.146444;-0.338912;-0.0883392;-0.563251;-0.385159;-0.567491;-1;0;-1;+1;-1

73.95;-0.483871;-0.0300334;-0.457175;0.766407;0.410456;0.48832;0.955506;-0.245829;-0.234705;-0.85762;-0.37378;0.100418;-0.429568;-0.973501;-0.680614;-0.23431;0.238494;-0.218968;-0.617852;-0.345886;-0.365411;-0.235704;-0.654114;-0.093445;-0.44212;-0.0920503;-0.90795;-0.90516;-0.428173;-0.694561;-0.387727;-0.730823;-0.560669;-0.37378;-0.122734;-0.37378;0.253835;-0.304045;-0.65272;-0.220363;-0.72106;0.241283;-0.277545;-0.682008;0.205021;-0.164575;-0.311018;-0.199442;1;-0.541144;-0.715481;-0.101813;-0.555091;-0.206416;-0.2106;-0.146444;-0.35689;-0.0883392;-0.563251;-0.385159;+1;0;+1;+1;-1

74;0.0100111;-0.483871;-0.0300334;-0.457175;0.766407;0.410456;0.48832;0.955506;-0.245829;-0.234705;-0.910739;-0.37378;0.100418;-0.429568;-0.973501;-0.680614;-0.23431;0.238494;-0.218968;-0.617852;-0.345886;-0.365411;-0.235704;-0.654114;-0.093445;-0.44212;-0.0920503;-0.90795;-0.90516;-0.428173;-0.694561;-0.387727;-0.730823;-0.560669;-0.37378;-0.122734;-0.37378;0.253835;-0.304045;-0.65272;-0.220363;-0.72106;0.241283;-0.277545;-0.682008;0.205021;-0.164575;-0.311018;-0.199442;1;-0.541144;-0.715481;-0.101813;-0.555091;-0.206416;-0.2106;-0.161837;-0.35689;-0.0883392;-0.563251;-1;0;-1;+1;-1

72.86;-0.254728;0.0100111;-0.483871;-0.0300334;-0.457175;0.766407;0.410456;0.48832;0.955506;-0.245829;-0.520223;-0.910739;-0.37378;0.100418;-0.429568;-0.973501;-0.680614;-0.23431;0.238494;-0.218968;-0.617852;-0.345886;-0.365411;-0.235704;-0.654114;-0.093445;-0.44212;-0.0920503;-0.90795;-0.90516;-0.428173;-0.694561;-0.387727;-0.730823;-0.560669;-0.37378;-0.122734;-0.37378;0.253835;-0.304045;-0.65272;-0.220363;-0.72106;0.241283;-0.277545;-0.682008;0.205021;-0.164575;-0.311018;-0.199442;1;-0.541144;-0.715481;-0.101813;-0.555091;-0.206416;-0.226855;-0.161837;-0.35689;-0.0883392;+1;0;+1;+1;-1

75.5;0.586207;-0.254728;0.0100111;-0.483871;-0.0300334;-0.457175;0.766407;0.410456;0.48832;0.955506;-0.527197;-0.520223;-0.910739;-0.37378;0.100418;-0.429568;-0.973501;-0.680614;-0.23431;0.238494;-0.218968;-0.617852;-0.345886;-0.365411;-0.235704;-0.654114;-0.093445;-0.44212;-0.0920503;-0.90795;-0.90516;-0.428173;-0.694561;-0.387727;-0.730823;-0.560669;-0.37378;-0.122734;-0.37378;0.253835;-0.304045;-0.65272;-0.220363;-0.72106;0.241283;-0.277545;-0.682008;0.205021;-0.164575;-0.311018;-0.199442;1;-0.541144;-0.715481;-0.101813;-0.555091;-0.222615;-0.226855;-0.161837;-0.35689;+1;0;+1;+1;-1

77;0.332592;0.586207;-0.254728;0.0100111;-0.483871;-0.0300334;-0.457175;0.766407;0.410456;0.48832;0.225941;-0.527197;-0.520223;-0.910739;-0.37378;0.100418;-0.429568;-0.973501;-0.680614;-0.23431;0.238494;-0.218968;-0.617852;-0.345886;-0.365411;-0.235704;-0.654114;-0.093445;-0.44212;-0.0920503;-0.90795;-0.90516;-0.428173;-0.694561;-0.387727;-0.730823;-0.560669;-0.37378;-0.122734;-0.37378;0.253835;-0.304045;-0.65272;-0.220363;-0.72106;0.241283;-0.277545;-0.682008;0.205021;-0.164575;-0.311018;-0.199442;1;-0.541144;-0.715481;-0.101813;-0.575972;-0.222615;-0.226855;-0.161837;-1;0;-1;+1;-1

76.89;-0.025584;0.332592;0.586207;-0.254728;0.0100111;-0.483871;-0.0300334;-0.457175;0.766407;0.410456;-0.0669456;0.225941;-0.527197;-0.520223;-0.910739;-0.37378;0.100418;-0.429568;-0.973501;-0.680614;-0.23431;0.238494;-0.218968;-0.617852;-0.345886;-0.365411;-0.235704;-0.654114;-0.093445;-0.44212;-0.0920503;-0.90795;-0.90516;-0.428173;-0.694561;-0.387727;-0.730823;-0.560669;-0.37378;-0.122734;-0.37378;0.253835;-0.304045;-0.65272;-0.220363;-0.72106;0.241283;-0.277545;-0.682008;0.205021;-0.164575;-0.311018;-0.199442;1;-0.541144;-0.715481;-0.116608;-0.575972;-0.222615;-0.226855;+1;0;+1;+1;-1

77.1;0.0456062;-0.025584;0.332592;0.586207;-0.254728;0.0100111;-0.483871;-0.0300334;-0.457175;0.766407;-0.11576;-0.0669456;0.225941;-0.527197;-0.520223;-0.910739;-0.37378;0.100418;-0.429568;-0.973501;-0.680614;-0.23431;0.238494;-0.218968;-0.617852;-0.345886;-0.365411;-0.235704;-0.654114;-0.093445;-0.44212;-0.0920503;-0.90795;-0.90516;-0.428173;-0.694561;-0.387727;-0.730823;-0.560669;-0.37378;-0.122734;-0.37378;0.253835;-0.304045;-0.65272;-0.220363;-0.72106;0.241283;-0.277545;-0.682008;0.205021;-0.164575;-0.311018;-0.199442;1;-0.541144;-0.738516;-0.116608;-0.575972;-0.222615;+1;0;+1;+1;-1

78.35;0.276974;0.0456062;-0.025584;0.332592;0.586207;-0.254728;0.0100111;-0.483871;-0.0300334;-0.457175;0.107392;-0.11576;-0.0669456;0.225941;-0.527197;-0.520223;-0.910739;-0.37378;0.100418;-0.429568;-0.973501;-0.680614;-0.23431;0.238494;-0.218968;-0.617852;-0.345886;-0.365411;-0.235704;-0.654114;-0.093445;-0.44212;-0.0920503;-0.90795;-0.90516;-0.428173;-0.694561;-0.387727;-0.730823;-0.560669;-0.37378;-0.122734;-0.37378;0.253835;-0.304045;-0.65272;-0.220363;-0.72106;0.241283;-0.277545;-0.682008;0.205021;-0.164575;-0.311018;-0.199442;1;-0.561837;-0.738516;-0.116608;-0.575972;-1;0;-1;+1;-1

76.51;-0.410456;0.276974;0.0456062;-0.025584;0.332592;0.586207;-0.254728;0.0100111;-0.483871;-0.0300334;-0.659693;0.107392;-0.11576;-0.0669456;0.225941;-0.527197;-0.520223;-0.910739;-0.37378;0.100418;-0.429568;-0.973501;-0.680614;-0.23431;0.238494;-0.218968;-0.617852;-0.345886;-0.365411;-0.235704;-0.654114;-0.093445;-0.44212;-0.0920503;-0.90795;-0.90516;-0.428173;-0.694561;-0.387727;-0.730823;-0.560669;-0.37378;-0.122734;-0.37378;0.253835;-0.304045;-0.65272;-0.220363;-0.72106;0.241283;-0.277545;-0.682008;0.205021;-0.164575;-0.311018;-0.199442;1;-0.561837;-0.738516;-0.116608;-1;0;-1;+1;-1

72.8;-0.826474;-0.410456;0.276974;0.0456062;-0.025584;0.332592;0.586207;-0.254728;0.0100111;-0.483871;-0.391911;-0.659693;0.107392;-0.11576;-0.0669456;0.225941;-0.527197;-0.520223;-0.910739;-0.37378;0.100418;-0.429568;-0.973501;-0.680614;-0.23431;0.238494;-0.218968;-0.617852;-0.345886;-0.365411;-0.235704;-0.654114;-0.093445;-0.44212;-0.0920503;-0.90795;-0.90516;-0.428173;-0.694561;-0.387727;-0.730823;-0.560669;-0.37378;-0.122734;-0.37378;0.253835;-0.304045;-0.65272;-0.220363;-0.72106;0.241283;-0.277545;-0.682008;0.205021;-0.164575;-0.311018;-0.215548;1;-0.561837;-0.738516;-1;0;-1;+1;-1

72;-0.179088;-0.826474;-0.410456;0.276974;0.0456062;-0.025584;0.332592;0.586207;-0.254728;0.0100111;-0.67643;-0.391911;-0.659693;0.107392;-0.11576;-0.0669456;0.225941;-0.527197;-0.520223;-0.910739;-0.37378;0.100418;-0.429568;-0.973501;-0.680614;-0.23431;0.238494;-0.218968;-0.617852;-0.345886;-0.365411;-0.235704;-0.654114;-0.093445;-0.44212;-0.0920503;-0.90795;-0.90516;-0.428173;-0.694561;-0.387727;-0.730823;-0.560669;-0.37378;-0.122734;-0.37378;0.253835;-0.304045;-0.65272;-0.220363;-0.72106;0.241283;-0.277545;-0.682008;0.205021;-0.164575;-0.328622;-0.215548;1;-0.561837;-1;0;-1;+1;-1

70.6;-0.31257;-0.179088;-0.826474;-0.410456;0.276974;0.0456062;-0.025584;0.332592;0.586207;-0.254728;-0.366806;-0.67643;-0.391911;-0.659693;0.107392;-0.11576;-0.0669456;0.225941;-0.527197;-0.520223;-0.910739;-0.37378;0.100418;-0.429568;-0.973501;-0.680614;-0.23431;0.238494;-0.218968;-0.617852;-0.345886;-0.365411;-0.235704;-0.654114;-0.093445;-0.44212;-0.0920503;-0.90795;-0.90516;-0.428173;-0.694561;-0.387727;-0.730823;-0.560669;-0.37378;-0.122734;-0.37378;0.253835;-0.304045;-0.65272;-0.220363;-0.72106;0.241283;-0.277545;-0.682008;0.205021;-0.180212;-0.328622;-0.215548;1;-1;0;-1;+1;-1

70;-0.134594;-0.31257;-0.179088;-0.826474;-0.410456;0.276974;0.0456062;-0.025584;0.332592;0.586207;-0.532775;-0.366806;-0.67643;-0.391911;-0.659693;0.107392;-0.11576;-0.0669456;0.225941;-0.527197;-0.520223;-0.910739;-0.37378;0.100418;-0.429568;-0.973501;-0.680614;-0.23431;0.238494;-0.218968;-0.617852;-0.345886;-0.365411;-0.235704;-0.654114;-0.093445;-0.44212;-0.0920503;-0.90795;-0.90516;-0.428173;-0.694561;-0.387727;-0.730823;-0.560669;-0.37378;-0.122734;-0.37378;0.253835;-0.304045;-0.65272;-0.220363;-0.72106;0.241283;-0.277545;-0.682008;0.194346;-0.180212;-0.328622;-0.215548;-1;0;-1;+1;-1

65.51;-1;-0.134594;-0.31257;-0.179088;-0.826474;-0.410456;0.276974;0.0456062;-0.025584;0.332592;-0.00557883;-0.532775;-0.366806;-0.67643;-0.391911;-0.659693;0.107392;-0.11576;-0.0669456;0.225941;-0.527197;-0.520223;-0.910739;-0.37378;0.100418;-0.429568;-0.973501;-0.680614;-0.23431;0.238494;-0.218968;-0.617852;-0.345886;-0.365411;-0.235704;-0.654114;-0.093445;-0.44212;-0.0920503;-0.90795;-0.90516;-0.428173;-0.694561;-0.387727;-0.730823;-0.560669;-0.37378;-0.122734;-0.37378;0.253835;-0.304045;-0.65272;-0.220363;-0.72106;0.241283;-0.277545;-0.704594;0.194346;-0.180212;-0.328622;-1;0;-1;+1;-1

63.34;-0.483871;-1;-0.134594;-0.31257;-0.179088;-0.826474;-0.410456;0.276974;0.0456062;-0.025584;-0.164575;-0.00557883;-0.532775;-0.366806;-0.67643;-0.391911;-0.659693;0.107392;-0.11576;-0.0669456;0.225941;-0.527197;-0.520223;-0.910739;-0.37378;0.100418;-0.429568;-0.973501;-0.680614;-0.23431;0.238494;-0.218968;-0.617852;-0.345886;-0.365411;-0.235704;-0.654114;-0.093445;-0.44212;-0.0920503;-0.90795;-0.90516;-0.428173;-0.694561;-0.387727;-0.730823;-0.560669;-0.37378;-0.122734;-0.37378;0.253835;-0.304045;-0.65272;-0.220363;-0.72106;0.241283;-0.2947;-0.704594;0.194346;-0.180212;-1;0;-1;+1;-1

62.6;-0.16574;-0.483871;-1;-0.134594;-0.31257;-0.179088;-0.826474;-0.410456;0.276974;0.0456062;-0.389121;-0.164575;-0.00557883;-0.532775;-0.366806;-0.67643;-0.391911;-0.659693;0.107392;-0.11576;-0.0669456;0.225941;-0.527197;-0.520223;-0.910739;-0.37378;0.100418;-0.429568;-0.973501;-0.680614;-0.23431;0.238494;-0.218968;-0.617852;-0.345886;-0.365411;-0.235704;-0.654114;-0.093445;-0.44212;-0.0920503;-0.90795;-0.90516;-0.428173;-0.694561;-0.387727;-0.730823;-0.560669;-0.37378;-0.122734;-0.37378;0.253835;-0.304045;-0.65272;-0.220363;-0.72106;0.231095;-0.2947;-0.704594;0.194346;+1;0;+1;+1;-1

63.92;0.292547;-0.16574;-0.483871;-1;-0.134594;-0.31257;-0.179088;-0.826474;-0.410456;0.276974;-0.344491;-0.389121;-0.164575;-0.00557883;-0.532775;-0.366806;-0.67643;-0.391911;-0.659693;0.107392;-0.11576;-0.0669456;0.225941;-0.527197;-0.520223;-0.910739;-0.37378;0.100418;-0.429568;-0.973501;-0.680614;-0.23431;0.238494;-0.218968;-0.617852;-0.345886;-0.365411;-0.235704;-0.654114;-0.093445;-0.44212;-0.0920503;-0.90795;-0.90516;-0.428173;-0.694561;-0.387727;-0.730823;-0.560669;-0.37378;-0.122734;-0.37378;0.253835;-0.304045;-0.65272;-0.220363;-0.74417;0.231095;-0.2947;-0.704594;+1;0;+1;+1;-1

68.4;0.995551;0.292547;-0.16574;-0.483871;-1;-0.134594;-0.31257;-0.179088;-0.826474;-0.410456;-0.199442;-0.344491;-0.389121;-0.164575;-0.00557883;-0.532775;-0.366806;-0.67643;-0.391911;-0.659693;0.107392;-0.11576;-0.0669456;0.225941;-0.527197;-0.520223;-0.910739;-0.37378;0.100418;-0.429568;-0.973501;-0.680614;-0.23431;0.238494;-0.218968;-0.617852;-0.345886;-0.365411;-0.235704;-0.654114;-0.093445;-0.44212;-0.0920503;-0.90795;-0.90516;-0.428173;-0.694561;-0.387727;-0.730823;-0.560669;-0.37378;-0.122734;-0.37378;0.253835;-0.304045;-0.65272;-0.236749;-0.74417;0.231095;-0.2947;-1;0;-1;+1;-1

65.4;-0.668521;0.995551;0.292547;-0.16574;-0.483871;-1;-0.134594;-0.31257;-0.179088;-0.826474;-0.630405;-0.199442;-0.344491;-0.389121;-0.164575;-0.00557883;-0.532775;-0.366806;-0.67643;-0.391911;-0.659693;0.107392;-0.11576;-0.0669456;0.225941;-0.527197;-0.520223;-0.910739;-0.37378;0.100418;-0.429568;-0.973501;-0.680614;-0.23431;0.238494;-0.218968;-0.617852;-0.345886;-0.365411;-0.235704;-0.654114;-0.093445;-0.44212;-0.0920503;-0.90795;-0.90516;-0.428173;-0.694561;-0.387727;-0.730823;-0.560669;-0.37378;-0.122734;-0.37378;0.253835;-0.304045;-0.674912;-0.236749;-0.74417;0.231095;-1;0;-1;+1;-1

63.8;-0.357063;-0.668521;0.995551;0.292547;-0.16574;-0.483871;-1;-0.134594;-0.31257;-0.179088;-0.891213;-0.630405;-0.199442;-0.344491;-0.389121;-0.164575;-0.00557883;-0.532775;-0.366806;-0.67643;-0.391911;-0.659693;0.107392;-0.11576;-0.0669456;0.225941;-0.527197;-0.520223;-0.910739;-0.37378;0.100418;-0.429568;-0.973501;-0.680614;-0.23431;0.238494;-0.218968;-0.617852;-0.345886;-0.365411;-0.235704;-0.654114;-0.093445;-0.44212;-0.0920503;-0.90795;-0.90516;-0.428173;-0.694561;-0.387727;-0.730823;-0.560669;-0.37378;-0.122734;-0.37378;0.253835;-0.321555;-0.674912;-0.236749;-0.74417;+1;0;-1;+1;-1

66.49;0.59733;-0.357063;-0.668521;0.995551;0.292547;-0.16574;-0.483871;-1;-0.134594;-0.31257;-0.485356;-0.891213;-0.630405;-0.199442;-0.344491;-0.389121;-0.164575;-0.00557883;-0.532775;-0.366806;-0.67643;-0.391911;-0.659693;0.107392;-0.11576;-0.0669456;0.225941;-0.527197;-0.520223;-0.910739;-0.37378;0.100418;-0.429568;-0.973501;-0.680614;-0.23431;0.238494;-0.218968;-0.617852;-0.345886;-0.365411;-0.235704;-0.654114;-0.093445;-0.44212;-0.0920503;-0.90795;-0.90516;-0.428173;-0.694561;-0.387727;-0.730823;-0.560669;-0.37378;-0.122734;-0.37378;0.243816;-0.321555;-0.674912;-0.236749;+1;0;+1;+1;-1

68.48;0.441602;0.59733;-0.357063;-0.668521;0.995551;0.292547;-0.16574;-0.483871;-1;-0.134594;-0.569038;-0.485356;-0.891213;-0.630405;-0.199442;-0.344491;-0.389121;-0.164575;-0.00557883;-0.532775;-0.366806;-0.67643;-0.391911;-0.659693;0.107392;-0.11576;-0.0669456;0.225941;-0.527197;-0.520223;-0.910739;-0.37378;0.100418;-0.429568;-0.973501;-0.680614;-0.23431;0.238494;-0.218968;-0.617852;-0.345886;-0.365411;-0.235704;-0.654114;-0.093445;-0.44212;-0.0920503;-0.90795;-0.90516;-0.428173;-0.694561;-0.387727;-0.730823;-0.560669;-0.37378;-0.122734;-0.392226;0.243816;-0.321555;-0.674912;+1;0;+1;+1;-1

68.95;0.103448;0.441602;0.59733;-0.357063;-0.668521;0.995551;0.292547;-0.16574;-0.483871;-1;-0.457462;-0.569038;-0.485356;-0.891213;-0.630405;-0.199442;-0.344491;-0.389121;-0.164575;-0.00557883;-0.532775;-0.366806;-0.67643;-0.391911;-0.659693;0.107392;-0.11576;-0.0669456;0.225941;-0.527197;-0.520223;-0.910739;-0.37378;0.100418;-0.429568;-0.973501;-0.680614;-0.23431;0.238494;-0.218968;-0.617852;-0.345886;-0.365411;-0.235704;-0.654114;-0.093445;-0.44212;-0.0920503;-0.90795;-0.90516;-0.428173;-0.694561;-0.387727;-0.730823;-0.560669;-0.37378;-0.137809;-0.392226;0.243816;-0.321555;+1;0;-1;+1;-1

68.99;0.0077864;0.103448;0.441602;0.59733;-0.357063;-0.668521;0.995551;0.292547;-0.16574;-0.483871;-1;-0.457462;-0.569038;-0.485356;-0.891213;-0.630405;-0.199442;-0.344491;-0.389121;-0.164575;-0.00557883;-0.532775;-0.366806;-0.67643;-0.391911;-0.659693;0.107392;-0.11576;-0.0669456;0.225941;-0.527197;-0.520223;-0.910739;-0.37378;0.100418;-0.429568;-0.973501;-0.680614;-0.23431;0.238494;-0.218968;-0.617852;-0.345886;-0.365411;-0.235704;-0.654114;-0.093445;-0.44212;-0.0920503;-0.90795;-0.90516;-0.428173;-0.694561;-0.387727;-0.730823;-0.560669;-0.392226;-0.137809;-0.392226;0.243816;+1;0;+1;+1;-1

69.5;0.112347;0.0077864;0.103448;0.441602;0.59733;-0.357063;-0.668521;0.995551;0.292547;-0.16574;-0.67643;-1;-0.457462;-0.569038;-0.485356;-0.891213;-0.630405;-0.199442;-0.344491;-0.389121;-0.164575;-0.00557883;-0.532775;-0.366806;-0.67643;-0.391911;-0.659693;0.107392;-0.11576;-0.0669456;0.225941;-0.527197;-0.520223;-0.910739;-0.37378;0.100418;-0.429568;-0.973501;-0.680614;-0.23431;0.238494;-0.218968;-0.617852;-0.345886;-0.365411;-0.235704;-0.654114;-0.093445;-0.44212;-0.0920503;-0.90795;-0.90516;-0.428173;-0.694561;-0.387727;-0.730823;-0.581625;-0.392226;-0.137809;-0.392226;-1;0;-1;+1;-1

69.22;-0.0634038;0.112347;0.0077864;0.103448;0.441602;0.59733;-0.357063;-0.668521;0.995551;0.292547;-0.476987;-0.67643;-1;-0.457462;-0.569038;-0.485356;-0.891213;-0.630405;-0.199442;-0.344491;-0.389121;-0.164575;-0.00557883;-0.532775;-0.366806;-0.67643;-0.391911;-0.659693;0.107392;-0.11576;-0.0669456;0.225941;-0.527197;-0.520223;-0.910739;-0.37378;0.100418;-0.429568;-0.973501;-0.680614;-0.23431;0.238494;-0.218968;-0.617852;-0.345886;-0.365411;-0.235704;-0.654114;-0.093445;-0.44212;-0.0920503;-0.90795;-0.90516;-0.428173;-0.694561;-0.387727;-0.754064;-0.581625;-0.392226;-0.137809;-1;0;+1;+1;-1

67.9;-0.294772;-0.0634038;0.112347;0.0077864;0.103448;0.441602;0.59733;-0.357063;-0.668521;0.995551;-0.189679;-0.476987;-0.67643;-1;-0.457462;-0.569038;-0.485356;-0.891213;-0.630405;-0.199442;-0.344491;-0.389121;-0.164575;-0.00557883;-0.532775;-0.366806;-0.67643;-0.391911;-0.659693;0.107392;-0.11576;-0.0669456;0.225941;-0.527197;-0.520223;-0.910739;-0.37378;0.100418;-0.429568;-0.973501;-0.680614;-0.23431;0.238494;-0.218968;-0.617852;-0.345886;-0.365411;-0.235704;-0.654114;-0.093445;-0.44212;-0.0920503;-0.90795;-0.90516;-0.428173;-0.694561;-0.40636;-0.754064;-0.581625;-0.392226;-1;0;-1;+1;-1

67.6;-0.0678532;-0.294772;-0.0634038;0.112347;0.0077864;0.103448;0.441602;0.59733;-0.357063;-0.668521;0.251046;-0.189679;-0.476987;-0.67643;-1;-0.457462;-0.569038;-0.485356;-0.891213;-0.630405;-0.199442;-0.344491;-0.389121;-0.164575;-0.00557883;-0.532775;-0.366806;-0.67643;-0.391911;-0.659693;0.107392;-0.11576;-0.0669456;0.225941;-0.527197;-0.520223;-0.910739;-0.37378;0.100418;-0.429568;-0.973501;-0.680614;-0.23431;0.238494;-0.218968;-0.617852;-0.345886;-0.365411;-0.235704;-0.654114;-0.093445;-0.44212;-0.0920503;-0.90795;-0.90516;-0.428173;-0.717314;-0.40636;-0.754064;-0.581625;+1;0;+1;+1;-1

71.5;0.866518;-0.0678532;-0.294772;-0.0634038;0.112347;0.0077864;0.103448;0.441602;0.59733;-0.357063;-0.79219;0.251046;-0.189679;-0.476987;-0.67643;-1;-0.457462;-0.569038;-0.485356;-0.891213;-0.630405;-0.199442;-0.344491;-0.389121;-0.164575;-0.00557883;-0.532775;-0.366806;-0.67643;-0.391911;-0.659693;0.107392;-0.11576;-0.0669456;0.225941;-0.527197;-0.520223;-0.910739;-0.37378;0.100418;-0.429568;-0.973501;-0.680614;-0.23431;0.238494;-0.218968;-0.617852;-0.345886;-0.365411;-0.235704;-0.654114;-0.093445;-0.44212;-0.0920503;-0.90795;-0.90516;-0.44735;-0.717314;-0.40636;-0.754064;-1;0;+1;+1;-1

70;-0.334816;0.866518;-0.0678532;-0.294772;-0.0634038;0.112347;0.0077864;0.103448;0.441602;0.59733;-0.596932;-0.79219;0.251046;-0.189679;-0.476987;-0.67643;-1;-0.457462;-0.569038;-0.485356;-0.891213;-0.630405;-0.199442;-0.344491;-0.389121;-0.164575;-0.00557883;-0.532775;-0.366806;-0.67643;-0.391911;-0.659693;0.107392;-0.11576;-0.0669456;0.225941;-0.527197;-0.520223;-0.910739;-0.37378;0.100418;-0.429568;-0.973501;-0.680614;-0.23431;0.238494;-0.218968;-0.617852;-0.345886;-0.365411;-0.235704;-0.654114;-0.093445;-0.44212;-0.0920503;-0.90795;-0.930742;-0.44735;-0.717314;-0.40636;+1;0;-1;+1;-1

71;0.221357;-0.334816;0.866518;-0.0678532;-0.294772;-0.0634038;0.112347;0.0077864;0.103448;0.441602;0.00139467;-0.596932;-0.79219;0.251046;-0.189679;-0.476987;-0.67643;-1;-0.457462;-0.569038;-0.485356;-0.891213;-0.630405;-0.199442;-0.344491;-0.389121;-0.164575;-0.00557883;-0.532775;-0.366806;-0.67643;-0.391911;-0.659693;0.107392;-0.11576;-0.0669456;0.225941;-0.527197;-0.520223;-0.910739;-0.37378;0.100418;-0.429568;-0.973501;-0.680614;-0.23431;0.238494;-0.218968;-0.617852;-0.345886;-0.365411;-0.235704;-0.654114;-0.093445;-0.44212;-0.0920503;-0.933569;-0.930742;-0.44735;-0.717314;-1;0;-1;+1;-1

69.8;-0.268076;0.221357;-0.334816;0.866518;-0.0678532;-0.294772;-0.0634038;0.112347;0.0077864;0.103448;-0.0962344;0.00139467;-0.596932;-0.79219;0.251046;-0.189679;-0.476987;-0.67643;-1;-0.457462;-0.569038;-0.485356;-0.891213;-0.630405;-0.199442;-0.344491;-0.389121;-0.164575;-0.00557883;-0.532775;-0.366806;-0.67643;-0.391911;-0.659693;0.107392;-0.11576;-0.0669456;0.225941;-0.527197;-0.520223;-0.910739;-0.37378;0.100418;-0.429568;-0.973501;-0.680614;-0.23431;0.238494;-0.218968;-0.617852;-0.345886;-0.365411;-0.235704;-0.654114;-0.093445;-0.44212;-0.106714;-0.933569;-0.930742;-0.44735;-1;0;-1;+1;-1

68.2;-0.357063;-0.268076;0.221357;-0.334816;0.866518;-0.0678532;-0.294772;-0.0634038;0.112347;0.0077864;-0.308229;-0.0962344;0.00139467;-0.596932;-0.79219;0.251046;-0.189679;-0.476987;-0.67643;-1;-0.457462;-0.569038;-0.485356;-0.891213;-0.630405;-0.199442;-0.344491;-0.389121;-0.164575;-0.00557883;-0.532775;-0.366806;-0.67643;-0.391911;-0.659693;0.107392;-0.11576;-0.0669456;0.225941;-0.527197;-0.520223;-0.910739;-0.37378;0.100418;-0.429568;-0.973501;-0.680614;-0.23431;0.238494;-0.218968;-0.617852;-0.345886;-0.365411;-0.235704;-0.654114;-0.093445;-0.461484;-0.106714;-0.933569;-0.930742;+1;0;-1;+1;-1

68.5;0.0656285;-0.357063;-0.268076;0.221357;-0.334816;0.866518;-0.0678532;-0.294772;-0.0634038;0.112347;-0.368201;-0.308229;-0.0962344;0.00139467;-0.596932;-0.79219;0.251046;-0.189679;-0.476987;-0.67643;-1;-0.457462;-0.569038;-0.485356;-0.891213;-0.630405;-0.199442;-0.344491;-0.389121;-0.164575;-0.00557883;-0.532775;-0.366806;-0.67643;-0.391911;-0.659693;0.107392;-0.11576;-0.0669456;0.225941;-0.527197;-0.520223;-0.910739;-0.37378;0.100418;-0.429568;-0.973501;-0.680614;-0.23431;0.238494;-0.218968;-0.617852;-0.345886;-0.365411;-0.235704;-0.654114;-0.108127;-0.461484;-0.106714;-0.933569;-1;0;-1;+1;-1

66.5;-0.446051;0.0656285;-0.357063;-0.268076;0.221357;-0.334816;0.866518;-0.0678532;-0.294772;-0.0634038;-0.30265;-0.368201;-0.308229;-0.0962344;0.00139467;-0.596932;-0.79219;0.251046;-0.189679;-0.476987;-0.67643;-1;-0.457462;-0.569038;-0.485356;-0.891213;-0.630405;-0.199442;-0.344491;-0.389121;-0.164575;-0.00557883;-0.532775;-0.366806;-0.67643;-0.391911;-0.659693;0.107392;-0.11576;-0.0669456;0.225941;-0.527197;-0.520223;-0.910739;-0.37378;0.100418;-0.429568;-0.973501;-0.680614;-0.23431;0.238494;-0.218968;-0.617852;-0.345886;-0.365411;-0.235704;-0.676325;-0.108127;-0.461484;-0.106714;+1;0;-1;+1;-1

68;0.332592;-0.446051;0.0656285;-0.357063;-0.268076;0.221357;-0.334816;0.866518;-0.0678532;-0.294772;-0.412831;-0.30265;-0.368201;-0.308229;-0.0962344;0.00139467;-0.596932;-0.79219;0.251046;-0.189679;-0.476987;-0.67643;-1;-0.457462;-0.569038;-0.485356;-0.891213;-0.630405;-0.199442;-0.344491;-0.389121;-0.164575;-0.00557883;-0.532775;-0.366806;-0.67643;-0.391911;-0.659693;0.107392;-0.11576;-0.0669456;0.225941;-0.527197;-0.520223;-0.910739;-0.37378;0.100418;-0.429568;-0.973501;-0.680614;-0.23431;0.238494;-0.218968;-0.617852;-0.345886;-0.365411;-0.252297;-0.676325;-0.108127;-0.461484;+1;0;+1;+1;-1

69.9;0.42158;0.332592;-0.446051;0.0656285;-0.357063;-0.268076;0.221357;-0.334816;0.866518;-0.0678532;-0.55788;-0.412831;-0.30265;-0.368201;-0.308229;-0.0962344;0.00139467;-0.596932;-0.79219;0.251046;-0.189679;-0.476987;-0.67643;-1;-0.457462;-0.569038;-0.485356;-0.891213;-0.630405;-0.199442;-0.344491;-0.389121;-0.164575;-0.00557883;-0.532775;-0.366806;-0.67643;-0.391911;-0.659693;0.107392;-0.11576;-0.0669456;0.225941;-0.527197;-0.520223;-0.910739;-0.37378;0.100418;-0.429568;-0.973501;-0.680614;-0.23431;0.238494;-0.218968;-0.617852;-0.345886;-0.383746;-0.252297;-0.676325;-0.108127;+1;0;+1;+1;-1

72.9;0.666296;0.42158;0.332592;-0.446051;0.0656285;-0.357063;-0.268076;0.221357;-0.334816;0.866518;-0.415621;-0.55788;-0.412831;-0.30265;-0.368201;-0.308229;-0.0962344;0.00139467;-0.596932;-0.79219;0.251046;-0.189679;-0.476987;-0.67643;-1;-0.457462;-0.569038;-0.485356;-0.891213;-0.630405;-0.199442;-0.344491;-0.389121;-0.164575;-0.00557883;-0.532775;-0.366806;-0.67643;-0.391911;-0.659693;0.107392;-0.11576;-0.0669456;0.225941;-0.527197;-0.520223;-0.910739;-0.37378;0.100418;-0.429568;-0.973501;-0.680614;-0.23431;0.238494;-0.218968;-0.617852;-0.363958;-0.383746;-0.252297;-0.676325;-1;0;-1;+1;-1

72.81;-0.0211346;0.666296;0.42158;0.332592;-0.446051;0.0656285;-0.357063;-0.268076;0.221357;-0.334816;0.170153;-0.415621;-0.55788;-0.412831;-0.30265;-0.368201;-0.308229;-0.0962344;0.00139467;-0.596932;-0.79219;0.251046;-0.189679;-0.476987;-0.67643;-1;-0.457462;-0.569038;-0.485356;-0.891213;-0.630405;-0.199442;-0.344491;-0.389121;-0.164575;-0.00557883;-0.532775;-0.366806;-0.67643;-0.391911;-0.659693;0.107392;-0.11576;-0.0669456;0.225941;-0.527197;-0.520223;-0.910739;-0.37378;0.100418;-0.429568;-0.973501;-0.680614;-0.23431;0.238494;-0.218968;-0.639576;-0.363958;-0.383746;-0.252297;-1;0;-1;+1;-1

71.42;-0.310345;-0.0211346;0.666296;0.42158;0.332592;-0.446051;0.0656285;-0.357063;-0.268076;0.221357;-0.582985;0.170153;-0.415621;-0.55788;-0.412831;-0.30265;-0.368201;-0.308229;-0.0962344;0.00139467;-0.596932;-0.79219;0.251046;-0.189679;-0.476987;-0.67643;-1;-0.457462;-0.569038;-0.485356;-0.891213;-0.630405;-0.199442;-0.344491;-0.389121;-0.164575;-0.00557883;-0.532775;-0.366806;-0.67643;-0.391911;-0.659693;0.107392;-0.11576;-0.0669456;0.225941;-0.527197;-0.520223;-0.910739;-0.37378;0.100418;-0.429568;-0.973501;-0.680614;-0.23431;0.238494;-0.235336;-0.639576;-0.363958;-0.383746;-1;0;+1;+1;-1

68.52;-0.646274;-0.310345;-0.0211346;0.666296;0.42158;0.332592;-0.446051;0.0656285;-0.357063;-0.268076;-0.23431;-0.582985;0.170153;-0.415621;-0.55788;-0.412831;-0.30265;-0.368201;-0.308229;-0.0962344;0.00139467;-0.596932;-0.79219;0.251046;-0.189679;-0.476987;-0.67643;-1;-0.457462;-0.569038;-0.485356;-0.891213;-0.630405;-0.199442;-0.344491;-0.389121;-0.164575;-0.00557883;-0.532775;-0.366806;-0.67643;-0.391911;-0.659693;0.107392;-0.11576;-0.0669456;0.225941;-0.527197;-0.520223;-0.910739;-0.37378;0.100418;-0.429568;-0.973501;-0.680614;-0.23431;0.228269;-0.235336;-0.639576;-0.363958;+1;0;+1;+1;-1

70.45;0.428254;-0.646274;-0.310345;-0.0211346;0.666296;0.42158;0.332592;-0.446051;0.0656285;-0.357063;-0.541144;-0.23431;-0.582985;0.170153;-0.415621;-0.55788;-0.412831;-0.30265;-0.368201;-0.308229;-0.0962344;0.00139467;-0.596932;-0.79219;0.251046;-0.189679;-0.476987;-0.67643;-1;-0.457462;-0.569038;-0.485356;-0.891213;-0.630405;-0.199442;-0.344491;-0.389121;-0.164575;-0.00557883;-0.532775;-0.366806;-0.67643;-0.391911;-0.659693;0.107392;-0.11576;-0.0669456;0.225941;-0.527197;-0.520223;-0.910739;-0.37378;0.100418;-0.429568;-0.973501;-0.680614;-0.250883;0.228269;-0.235336;-0.639576;-1;0;+1;+1;-1

70.31;-0.0322581;0.428254;-0.646274;-0.310345;-0.0211346;0.666296;0.42158;0.332592;-0.446051;0.0656285;-0.596932;-0.541144;-0.23431;-0.582985;0.170153;-0.415621;-0.55788;-0.412831;-0.30265;-0.368201;-0.308229;-0.0962344;0.00139467;-0.596932;-0.79219;0.251046;-0.189679;-0.476987;-0.67643;-1;-0.457462;-0.569038;-0.485356;-0.891213;-0.630405;-0.199442;-0.344491;-0.389121;-0.164575;-0.00557883;-0.532775;-0.366806;-0.67643;-0.391911;-0.659693;0.107392;-0.11576;-0.0669456;0.225941;-0.527197;-0.520223;-0.910739;-0.37378;0.100418;-0.429568;-0.973501;-0.70318;-0.250883;0.228269;-0.235336;-1;0;-1;+1;-1

69.7;-0.136819;-0.0322581;0.428254;-0.646274;-0.310345;-0.0211346;0.666296;0.42158;0.332592;-0.446051;-0.331939;-0.596932;-0.541144;-0.23431;-0.582985;0.170153;-0.415621;-0.55788;-0.412831;-0.30265;-0.368201;-0.308229;-0.0962344;0.00139467;-0.596932;-0.79219;0.251046;-0.189679;-0.476987;-0.67643;-1;-0.457462;-0.569038;-0.485356;-0.891213;-0.630405;-0.199442;-0.344491;-0.389121;-0.164575;-0.00557883;-0.532775;-0.366806;-0.67643;-0.391911;-0.659693;0.107392;-0.11576;-0.0669456;0.225941;-0.527197;-0.520223;-0.910739;-0.37378;0.100418;-0.429568;-1;-0.70318;-0.250883;0.228269;+1;0;+1;+1;-1

70.7;0.221357;-0.136819;-0.0322581;0.428254;-0.646274;-0.310345;-0.0211346;0.666296;0.42158;0.332592;-0.65272;-0.331939;-0.596932;-0.541144;-0.23431;-0.582985;0.170153;-0.415621;-0.55788;-0.412831;-0.30265;-0.368201;-0.308229;-0.0962344;0.00139467;-0.596932;-0.79219;0.251046;-0.189679;-0.476987;-0.67643;-1;-0.457462;-0.569038;-0.485356;-0.891213;-0.630405;-0.199442;-0.344491;-0.389121;-0.164575;-0.00557883;-0.532775;-0.366806;-0.67643;-0.391911;-0.659693;0.107392;-0.11576;-0.0669456;0.225941;-0.527197;-0.520223;-0.910739;-0.37378;0.100418;-0.448763;-1;-0.70318;-0.250883;+1;0;+1;+1;-1

72.6;0.42158;0.221357;-0.136819;-0.0322581;0.428254;-0.646274;-0.310345;-0.0211346;0.666296;0.42158;-0.164575;-0.65272;-0.331939;-0.596932;-0.541144;-0.23431;-0.582985;0.170153;-0.415621;-0.55788;-0.412831;-0.30265;-0.368201;-0.308229;-0.0962344;0.00139467;-0.596932;-0.79219;0.251046;-0.189679;-0.476987;-0.67643;-1;-0.457462;-0.569038;-0.485356;-0.891213;-0.630405;-0.199442;-0.344491;-0.389121;-0.164575;-0.00557883;-0.532775;-0.366806;-0.67643;-0.391911;-0.659693;0.107392;-0.11576;-0.0669456;0.225941;-0.527197;-0.520223;-0.910739;-0.37378;0.0883392;-0.448763;-1;-0.70318;-1;0;+1;+1;-1

72.5;-0.0233593;0.42158;0.221357;-0.136819;-0.0322581;0.428254;-0.646274;-0.310345;-0.0211346;0.666296;-0.108787;-0.164575;-0.65272;-0.331939;-0.596932;-0.541144;-0.23431;-0.582985;0.170153;-0.415621;-0.55788;-0.412831;-0.30265;-0.368201;-0.308229;-0.0962344;0.00139467;-0.596932;-0.79219;0.251046;-0.189679;-0.476987;-0.67643;-1;-0.457462;-0.569038;-0.485356;-0.891213;-0.630405;-0.199442;-0.344491;-0.389121;-0.164575;-0.00557883;-0.532775;-0.366806;-0.67643;-0.391911;-0.659693;0.107392;-0.11576;-0.0669456;0.225941;-0.527197;-0.520223;-0.910739;-0.392226;0.0883392;-0.448763;-1;+1;0;-1;+1;-1

73.89;0.30812;-0.0233593;0.42158;0.221357;-0.136819;-0.0322581;0.428254;-0.646274;-0.310345;-0.0211346;0.0446304;-0.108787;-0.164575;-0.65272;-0.331939;-0.596932;-0.541144;-0.23431;-0.582985;0.170153;-0.415621;-0.55788;-0.412831;-0.30265;-0.368201;-0.308229;-0.0962344;0.00139467;-0.596932;-0.79219;0.251046;-0.189679;-0.476987;-0.67643;-1;-0.457462;-0.569038;-0.485356;-0.891213;-0.630405;-0.199442;-0.344491;-0.389121;-0.164575;-0.00557883;-0.532775;-0.366806;-0.67643;-0.391911;-0.659693;0.107392;-0.11576;-0.0669456;0.225941;-0.527197;-0.520223;-0.936396;-0.392226;0.0883392;-0.448763;+1;0;+1;+1;-1

74.01;0.025584;0.30812;-0.0233593;0.42158;0.221357;-0.136819;-0.0322581;0.428254;-0.646274;-0.310345;-0.386332;0.0446304;-0.108787;-0.164575;-0.65272;-0.331939;-0.596932;-0.541144;-0.23431;-0.582985;0.170153;-0.415621;-0.55788;-0.412831;-0.30265;-0.368201;-0.308229;-0.0962344;0.00139467;-0.596932;-0.79219;0.251046;-0.189679;-0.476987;-0.67643;-1;-0.457462;-0.569038;-0.485356;-0.891213;-0.630405;-0.199442;-0.344491;-0.389121;-0.164575;-0.00557883;-0.532775;-0.366806;-0.67643;-0.391911;-0.659693;0.107392;-0.11576;-0.0669456;0.225941;-0.527197;-0.540636;-0.936396;-0.392226;0.0883392;+1;0;+1;+1;-1

74.55;0.119021;0.025584;0.30812;-0.0233593;0.42158;0.221357;-0.136819;-0.0322581;0.428254;-0.646274;-0.567643;-0.386332;0.0446304;-0.108787;-0.164575;-0.65272;-0.331939;-0.596932;-0.541144;-0.23431;-0.582985;0.170153;-0.415621;-0.55788;-0.412831;-0.30265;-0.368201;-0.308229;-0.0962344;0.00139467;-0.596932;-0.79219;0.251046;-0.189679;-0.476987;-0.67643;-1;-0.457462;-0.569038;-0.485356;-0.891213;-0.630405;-0.199442;-0.344491;-0.389121;-0.164575;-0.00557883;-0.532775;-0.366806;-0.67643;-0.391911;-0.659693;0.107392;-0.11576;-0.0669456;0.225941;-0.547703;-0.540636;-0.936396;-0.392226;+1;0;-1;+1;-1

75.5;0.210234;0.119021;0.025584;0.30812;-0.0233593;0.42158;0.221357;-0.136819;-0.0322581;0.428254;-0.778243;-0.567643;-0.386332;0.0446304;-0.108787;-0.164575;-0.65272;-0.331939;-0.596932;-0.541144;-0.23431;-0.582985;0.170153;-0.415621;-0.55788;-0.412831;-0.30265;-0.368201;-0.308229;-0.0962344;0.00139467;-0.596932;-0.79219;0.251046;-0.189679;-0.476987;-0.67643;-1;-0.457462;-0.569038;-0.485356;-0.891213;-0.630405;-0.199442;-0.344491;-0.389121;-0.164575;-0.00557883;-0.532775;-0.366806;-0.67643;-0.391911;-0.659693;0.107392;-0.11576;-0.0669456;0.215548;-0.547703;-0.540636;-0.936396;-1;0;-1;+1;-1

74.65;-0.190211;0.210234;0.119021;0.025584;0.30812;-0.0233593;0.42158;0.221357;-0.136819;-0.0322581;-0.104603;-0.778243;-0.567643;-0.386332;0.0446304;-0.108787;-0.164575;-0.65272;-0.331939;-0.596932;-0.541144;-0.23431;-0.582985;0.170153;-0.415621;-0.55788;-0.412831;-0.30265;-0.368201;-0.308229;-0.0962344;0.00139467;-0.596932;-0.79219;0.251046;-0.189679;-0.476987;-0.67643;-1;-0.457462;-0.569038;-0.485356;-0.891213;-0.630405;-0.199442;-0.344491;-0.389121;-0.164575;-0.00557883;-0.532775;-0.366806;-0.67643;-0.391911;-0.659693;0.107392;-0.11576;-0.0812721;0.215548;-0.547703;-0.540636;-1;0;-1;+1;-1

72.8;-0.412681;-0.190211;0.210234;0.119021;0.025584;0.30812;-0.0233593;0.42158;0.221357;-0.136819;-0.393305;-0.104603;-0.778243;-0.567643;-0.386332;0.0446304;-0.108787;-0.164575;-0.65272;-0.331939;-0.596932;-0.541144;-0.23431;-0.582985;0.170153;-0.415621;-0.55788;-0.412831;-0.30265;-0.368201;-0.308229;-0.0962344;0.00139467;-0.596932;-0.79219;0.251046;-0.189679;-0.476987;-0.67643;-1;-0.457462;-0.569038;-0.485356;-0.891213;-0.630405;-0.199442;-0.344491;-0.389121;-0.164575;-0.00557883;-0.532775;-0.366806;-0.67643;-0.391911;-0.659693;0.107392;-0.130742;-0.0812721;0.215548;-0.547703;+1;0;-1;+1;-1

73.02;0.0478309;-0.412681;-0.190211;0.210234;0.119021;0.025584;0.30812;-0.0233593;0.42158;0.221357;-0.458856;-0.393305;-0.104603;-0.778243;-0.567643;-0.386332;0.0446304;-0.108787;-0.164575;-0.65272;-0.331939;-0.596932;-0.541144;-0.23431;-0.582985;0.170153;-0.415621;-0.55788;-0.412831;-0.30265;-0.368201;-0.308229;-0.0962344;0.00139467;-0.596932;-0.79219;0.251046;-0.189679;-0.476987;-0.67643;-1;-0.457462;-0.569038;-0.485356;-0.891213;-0.630405;-0.199442;-0.344491;-0.389121;-0.164575;-0.00557883;-0.532775;-0.366806;-0.67643;-0.391911;-0.659693;0.0954064;-0.130742;-0.0812721;0.215548;-1;0;-1;+1;-1

72.49;-0.119021;0.0478309;-0.412681;-0.190211;0.210234;0.119021;0.025584;0.30812;-0.0233593;0.42158;-0.23431;-0.458856;-0.393305;-0.104603;-0.778243;-0.567643;-0.386332;0.0446304;-0.108787;-0.164575;-0.65272;-0.331939;-0.596932;-0.541144;-0.23431;-0.582985;0.170153;-0.415621;-0.55788;-0.412831;-0.30265;-0.368201;-0.308229;-0.0962344;0.00139467;-0.596932;-0.79219;0.251046;-0.189679;-0.476987;-0.67643;-1;-0.457462;-0.569038;-0.485356;-0.891213;-0.630405;-0.199442;-0.344491;-0.389121;-0.164575;-0.00557883;-0.532775;-0.366806;-0.67643;-0.391911;-0.681979;0.0954064;-0.130742;-0.0812721;+1;0;+1;+1;-1

74.9;0.535039;-0.119021;0.0478309;-0.412681;-0.190211;0.210234;0.119021;0.025584;0.30812;-0.0233593;-0.108787;-0.23431;-0.458856;-0.393305;-0.104603;-0.778243;-0.567643;-0.386332;0.0446304;-0.108787;-0.164575;-0.65272;-0.331939;-0.596932;-0.541144;-0.23431;-0.582985;0.170153;-0.415621;-0.55788;-0.412831;-0.30265;-0.368201;-0.308229;-0.0962344;0.00139467;-0.596932;-0.79219;0.251046;-0.189679;-0.476987;-0.67643;-1;-0.457462;-0.569038;-0.485356;-0.891213;-0.630405;-0.199442;-0.344491;-0.389121;-0.164575;-0.00557883;-0.532775;-0.366806;-0.67643;-0.410601;-0.681979;0.0954064;-0.130742;+1;0;-1;+1;-1

77.5;0.577308;0.535039;-0.119021;0.0478309;-0.412681;-0.190211;0.210234;0.119021;0.025584;0.30812;-0.387727;-0.108787;-0.23431;-0.458856;-0.393305;-0.104603;-0.778243;-0.567643;-0.386332;0.0446304;-0.108787;-0.164575;-0.65272;-0.331939;-0.596932;-0.541144;-0.23431;-0.582985;0.170153;-0.415621;-0.55788;-0.412831;-0.30265;-0.368201;-0.308229;-0.0962344;0.00139467;-0.596932;-0.79219;0.251046;-0.189679;-0.476987;-0.67643;-1;-0.457462;-0.569038;-0.485356;-0.891213;-0.630405;-0.199442;-0.344491;-0.389121;-0.164575;-0.00557883;-0.532775;-0.366806;-0.69894;-0.410601;-0.681979;0.0954064;+1;0;+1;+1;-1

78.18;0.150167;0.577308;0.535039;-0.119021;0.0478309;-0.412681;-0.190211;0.210234;0.119021;0.025584;-0.179916;-0.387727;-0.108787;-0.23431;-0.458856;-0.393305;-0.104603;-0.778243;-0.567643;-0.386332;0.0446304;-0.108787;-0.164575;-0.65272;-0.331939;-0.596932;-0.541144;-0.23431;-0.582985;0.170153;-0.415621;-0.55788;-0.412831;-0.30265;-0.368201;-0.308229;-0.0962344;0.00139467;-0.596932;-0.79219;0.251046;-0.189679;-0.476987;-0.67643;-1;-0.457462;-0.569038;-0.485356;-0.891213;-0.630405;-0.199442;-0.344491;-0.389121;-0.164575;-0.00557883;-0.532775;-0.385159;-0.69894;-0.410601;-0.681979;+1;0;-1;+1;-1

79.88;0.377086;0.150167;0.577308;0.535039;-0.119021;0.0478309;-0.412681;-0.190211;0.210234;0.119021;-0.357043;-0.179916;-0.387727;-0.108787;-0.23431;-0.458856;-0.393305;-0.104603;-0.778243;-0.567643;-0.386332;0.0446304;-0.108787;-0.164575;-0.65272;-0.331939;-0.596932;-0.541144;-0.23431;-0.582985;0.170153;-0.415621;-0.55788;-0.412831;-0.30265;-0.368201;-0.308229;-0.0962344;0.00139467;-0.596932;-0.79219;0.251046;-0.189679;-0.476987;-0.67643;-1;-0.457462;-0.569038;-0.485356;-0.891213;-0.630405;-0.199442;-0.344491;-0.389121;-0.164575;-0.00557883;-0.553357;-0.385159;-0.69894;-0.410601;-1;0;-1;+1;-1

75.7;-0.931035;0.377086;0.150167;0.577308;0.535039;-0.119021;0.0478309;-0.412681;-0.190211;0.210234;-0.298466;-0.357043;-0.179916;-0.387727;-0.108787;-0.23431;-0.458856;-0.393305;-0.104603;-0.778243;-0.567643;-0.386332;0.0446304;-0.108787;-0.164575;-0.65272;-0.331939;-0.596932;-0.541144;-0.23431;-0.582985;0.170153;-0.415621;-0.55788;-0.412831;-0.30265;-0.368201;-0.308229;-0.0962344;0.00139467;-0.596932;-0.79219;0.251046;-0.189679;-0.476987;-0.67643;-1;-0.457462;-0.569038;-0.485356;-0.891213;-0.630405;-0.199442;-0.344491;-0.389121;-0.164575;-0.0190813;-0.553357;-0.385159;-0.69894;+1;0;-1;+1;-1

77.01;0.290323;-0.931035;0.377086;0.150167;0.577308;0.535039;-0.119021;0.0478309;-0.412681;-0.190211;-0.241283;-0.298466;-0.357043;-0.179916;-0.387727;-0.108787;-0.23431;-0.458856;-0.393305;-0.104603;-0.778243;-0.567643;-0.386332;0.0446304;-0.108787;-0.164575;-0.65272;-0.331939;-0.596932;-0.541144;-0.23431;-0.582985;0.170153;-0.415621;-0.55788;-0.412831;-0.30265;-0.368201;-0.308229;-0.0962344;0.00139467;-0.596932;-0.79219;0.251046;-0.189679;-0.476987;-0.67643;-1;-0.457462;-0.569038;-0.485356;-0.891213;-0.630405;-0.199442;-0.344491;-0.389121;-0.180212;-0.0190813;-0.553357;-0.385159;-1;0;-1;+1;-1

77;-0.00333707;0.290323;-0.931035;0.377086;0.150167;0.577308;0.535039;-0.119021;0.0478309;-0.412681;-0.492329;-0.241283;-0.298466;-0.357043;-0.179916;-0.387727;-0.108787;-0.23431;-0.458856;-0.393305;-0.104603;-0.778243;-0.567643;-0.386332;0.0446304;-0.108787;-0.164575;-0.65272;-0.331939;-0.596932;-0.541144;-0.23431;-0.582985;0.170153;-0.415621;-0.55788;-0.412831;-0.30265;-0.368201;-0.308229;-0.0962344;0.00139467;-0.596932;-0.79219;0.251046;-0.189679;-0.476987;-0.67643;-1;-0.457462;-0.569038;-0.485356;-0.891213;-0.630405;-0.199442;-0.344491;-0.407774;-0.180212;-0.0190813;-0.553357;-1;0;-1;+1;-1

74.1;-0.646274;-0.00333707;0.290323;-0.931035;0.377086;0.150167;0.577308;0.535039;-0.119021;0.0478309;-0.631799;-0.492329;-0.241283;-0.298466;-0.357043;-0.179916;-0.387727;-0.108787;-0.23431;-0.458856;-0.393305;-0.104603;-0.778243;-0.567643;-0.386332;0.0446304;-0.108787;-0.164575;-0.65272;-0.331939;-0.596932;-0.541144;-0.23431;-0.582985;0.170153;-0.415621;-0.55788;-0.412831;-0.30265;-0.368201;-0.308229;-0.0962344;0.00139467;-0.596932;-0.79219;0.251046;-0.189679;-0.476987;-0.67643;-1;-0.457462;-0.569038;-0.485356;-0.891213;-0.630405;-0.199442;-0.362544;-0.407774;-0.180212;-0.0190813;+1;0;+1;+1;-1

77.3;0.71079;-0.646274;-0.00333707;0.290323;-0.931035;0.377086;0.150167;0.577308;0.535039;-0.119021;-0.343096;-0.631799;-0.492329;-0.241283;-0.298466;-0.357043;-0.179916;-0.387727;-0.108787;-0.23431;-0.458856;-0.393305;-0.104603;-0.778243;-0.567643;-0.386332;0.0446304;-0.108787;-0.164575;-0.65272;-0.331939;-0.596932;-0.541144;-0.23431;-0.582985;0.170153;-0.415621;-0.55788;-0.412831;-0.30265;-0.368201;-0.308229;-0.0962344;0.00139467;-0.596932;-0.79219;0.251046;-0.189679;-0.476987;-0.67643;-1;-0.457462;-0.569038;-0.485356;-0.891213;-0.630405;-0.215548;-0.362544;-0.407774;-0.180212;+1;0;+1;+1;-1

79.28;0.439377;0.71079;-0.646274;-0.00333707;0.290323;-0.931035;0.377086;0.150167;0.577308;0.535039;-0.447699;-0.343096;-0.631799;-0.492329;-0.241283;-0.298466;-0.357043;-0.179916;-0.387727;-0.108787;-0.23431;-0.458856;-0.393305;-0.104603;-0.778243;-0.567643;-0.386332;0.0446304;-0.108787;-0.164575;-0.65272;-0.331939;-0.596932;-0.541144;-0.23431;-0.582985;0.170153;-0.415621;-0.55788;-0.412831;-0.30265;-0.368201;-0.308229;-0.0962344;0.00139467;-0.596932;-0.79219;0.251046;-0.189679;-0.476987;-0.67643;-1;-0.457462;-0.569038;-0.485356;-0.891213;-0.652297;-0.215548;-0.362544;-0.407774;-1;0;-1;+1;-1

79.27;-0.00333707;0.439377;0.71079;-0.646274;-0.00333707;0.290323;-0.931035;0.377086;0.150167;0.577308;-0.0376569;-0.447699;-0.343096;-0.631799;-0.492329;-0.241283;-0.298466;-0.357043;-0.179916;-0.387727;-0.108787;-0.23431;-0.458856;-0.393305;-0.104603;-0.778243;-0.567643;-0.386332;0.0446304;-0.108787;-0.164575;-0.65272;-0.331939;-0.596932;-0.541144;-0.23431;-0.582985;0.170153;-0.415621;-0.55788;-0.412831;-0.30265;-0.368201;-0.308229;-0.0962344;0.00139467;-0.596932;-0.79219;0.251046;-0.189679;-0.476987;-0.67643;-1;-0.457462;-0.569038;-0.485356;-0.916608;-0.652297;-0.215548;-0.362544;-1;0;-1;+1;-1

77.07;-0.490545;-0.00333707;0.439377;0.71079;-0.646274;-0.00333707;0.290323;-0.931035;0.377086;0.150167;-0.0111577;-0.0376569;-0.447699;-0.343096;-0.631799;-0.492329;-0.241283;-0.298466;-0.357043;-0.179916;-0.387727;-0.108787;-0.23431;-0.458856;-0.393305;-0.104603;-0.778243;-0.567643;-0.386332;0.0446304;-0.108787;-0.164575;-0.65272;-0.331939;-0.596932;-0.541144;-0.23431;-0.582985;0.170153;-0.415621;-0.55788;-0.412831;-0.30265;-0.368201;-0.308229;-0.0962344;0.00139467;-0.596932;-0.79219;0.251046;-0.189679;-0.476987;-0.67643;-1;-0.457462;-0.569038;-0.5053;-0.916608;-0.652297;-0.215548;-1;0;-1;+1;-1

75.5;-0.350389;-0.490545;-0.00333707;0.439377;0.71079;-0.646274;-0.00333707;0.290323;-0.931035;0.377086;-0.27894;-0.0111577;-0.0376569;-0.447699;-0.343096;-0.631799;-0.492329;-0.241283;-0.298466;-0.357043;-0.179916;-0.387727;-0.108787;-0.23431;-0.458856;-0.393305;-0.104603;-0.778243;-0.567643;-0.386332;0.0446304;-0.108787;-0.164575;-0.65272;-0.331939;-0.596932;-0.541144;-0.23431;-0.582985;0.170153;-0.415621;-0.55788;-0.412831;-0.30265;-0.368201;-0.308229;-0.0962344;0.00139467;-0.596932;-0.79219;0.251046;-0.189679;-0.476987;-0.67643;-1;-0.457462;-0.590106;-0.5053;-0.916608;-0.652297;-1;0;+1;+1;-1

75;-0.112347;-0.350389;-0.490545;-0.00333707;0.439377;0.71079;-0.646274;-0.00333707;0.290323;-0.931035;-0.136681;-0.27894;-0.0111577;-0.0376569;-0.447699;-0.343096;-0.631799;-0.492329;-0.241283;-0.298466;-0.357043;-0.179916;-0.387727;-0.108787;-0.23431;-0.458856;-0.393305;-0.104603;-0.778243;-0.567643;-0.386332;0.0446304;-0.108787;-0.164575;-0.65272;-0.331939;-0.596932;-0.541144;-0.23431;-0.582985;0.170153;-0.415621;-0.55788;-0.412831;-0.30265;-0.368201;-0.308229;-0.0962344;0.00139467;-0.596932;-0.79219;0.251046;-0.189679;-0.476987;-0.67643;-1;-0.477032;-0.590106;-0.5053;-0.916608;-1;0;+1;+1;-1

